1.393860262491314e-31
1.3829921636443566e-31
1.372166601387798e-31
1.3613835757216382e-31
1.3506430866458778e-31
1.3399451341605167e-31
1.329289718265554e-31
1.318676838960991e-31
1.3081064962468266e-31
1.2975786901230613e-31
1.2870934205896952e-31
1.2766506876467283e-31
1.26625049129416e-31
1.2558928315319909e-31
1.245577708360221e-31
1.2353051217788504e-31
1.2250750717878783e-31
1.2148875583873054e-31
1.2047425815771319e-31
1.1946401413573569e-31
1.1845802377279815e-31
1.1745628706890047e-31
1.1645880402404274e-31
1.1546557463822487e-31
1.1447659891144694e-31
1.134918768437089e-31
1.1251140843501073e-31
1.1153519368535253e-31
1.1056323259473423e-31
1.0959552516315579e-31
1.0863207139061728e-31
1.0767287127711867e-31
1.0671792482265995e-31
1.0576723202724118e-31
1.0482079289086232e-31
1.038786074135233e-31
1.029406755952242e-31
1.0200699743596504e-31
1.010775729357458e-31
1.001524020945664e-31
9.923148491242692e-32
9.83148213893274e-32
9.740241152526775e-32
9.649425532024799e-32
9.559035277426813e-32
9.469070388732821e-32
9.379530865942818e-32
9.290416709056806e-32
9.201727918074783e-32
9.11346449299675e-32
9.02562643382271e-32
8.938213740552661e-32
8.8512264131866e-32
8.764664451724528e-32
8.678527856166452e-32
8.592816626512365e-32
8.507530762762264e-32
8.422670264916156e-32
8.338235132974042e-32
8.254225366935916e-32
8.170640966801778e-32
8.087481932571631e-32
8.004748264245478e-32
7.922439961823311e-32
7.84055702530514e-32
7.759099454690958e-32
7.678067249980761e-32
7.597460411174561e-32
7.517278938272351e-32
7.437522831274127e-32
7.358192090179899e-32
7.279286714989657e-32
7.200806705703405e-32
7.122752062321152e-32
7.04512278484288e-32
6.967918873268602e-32
6.891140327598315e-32
6.814787147832016e-32
6.738859333969709e-32
6.663356886011396e-32
6.588279803957068e-32
6.513628087806732e-32
6.439401737560389e-32
6.365600753218033e-32
6.292225134779671e-32
6.219274882245298e-32
6.146749995614914e-32
6.074650474888522e-32
6.002976320066122e-32
5.93172753114771e-32
5.860904108133293e-32
5.79050605102286e-32
5.720533359816419e-32
5.650986034513972e-32
5.581864075115512e-32
5.513167481621046e-32
5.444896254030569e-32
5.37705039234408e-32
5.309629896561585e-32
5.242634766683079e-32
5.176065002708563e-32
5.109920604638038e-32
5.044201572471505e-32
4.978907906208959e-32
4.914039605850407e-32
4.849596671395844e-32
4.785579102845271e-32
4.72198690019869e-32
4.658820063456099e-32
4.5960785926174966e-32
4.5337624876828894e-32
4.4718717486522685e-32
4.4104063755256395e-32
4.349366368303002e-32
4.288751726984351e-32
4.228562451569695e-32
4.168798542059027e-32
4.1094599984523516e-32
4.0505468207496653e-32
3.99205900895097e-32
3.933996563056268e-32
3.876359483065553e-32
3.819147768978835e-32
3.7623614207961044e-32
3.70600043851737e-32
3.6500648221426317e-32
3.594554571671893e-32
3.53946968710516e-32
3.484810168442439e-32
3.430576015683746e-32
3.376767228829103e-32
3.323383807878543e-32
3.270425752832123e-32
3.217893063689925e-32
3.1657857404520845e-32
3.114103783118805e-32
3.0628471916904067e-32
3.012015966167377e-32
2.961610106550469e-32
2.911629612840825e-32
2.862074485040194e-32
2.81294472315121e-32
2.764240327177861e-32
2.7159612971261254e-32
2.668107633004957e-32
2.620679334827697e-32
2.5736764026141394e-32
2.527098836393543e-32
2.4809466362089766e-32
2.435219802123573e-32
2.389918334229495e-32
2.3450422326607517e-32
2.300591497611362e-32
2.256566129361101e-32
2.2129661283117166e-32
2.1697914950377392e-32
2.127042230357365e-32
2.084718335430974e-32
2.0428198118973863e-32
2.0013466620614732e-32
1.9602988891513176e-32
1.9196764976690715e-32
1.8794794938674488e-32
1.8397078863938565e-32
1.8003616871570912e-32
1.761440912488027e-32
1.7229455846866973e-32
1.684875734074645e-32
1.6472314017045212e-32
1.6100126429202108e-32
1.5732195320117911e-32
1.5368521682722332e-32
1.5009106838391228e-32
1.4653952537969308e-32
1.4303061091261286e-32
1.3956435532171567e-32
1.3614079828225584e-32
1.327599914502139e-32
1.2942200178258732e-32
1.261269156839538e-32
1.2287484415698334e-32
1.1966592916492264e-32
1.165003514474931e-32
1.1337834006784278e-32
1.1030018400667936e-32
1.0726624615971238e-32
1.042769801349731e-32
1.0133295028600708e-32
9.8434855453475e-33
9.558355691903074e-33
9.27801110986623e-33
9.00258075146496e-33
8.732221258211803e-33
8.467121972355552e-33
8.207510627796313e-33
7.953659759555907e-33
7.705893859908396e-33
7.464597294375814e-33
7.230222971513786e-33
7.003301736348541e-33
6.78445242817585e-33
6.57439250902992e-33
6.373949129492614e-33
6.184070453883897e-33
6.005837017766055e-33
5.840472837927431e-33
5.689355939752344e-33
5.554027910664549e-33
5.4362020330630925e-33
5.337769498137712e-33
5.260803155788579e-33
5.207558218517853e-33
5.18046931176911e-33
5.182143253057647e-33
5.215346950655064e-33
5.2829898427153854e-33
5.3881003523930955e-33
5.533795916039368e-33
5.7232462516095294e-33
5.959629673720419e-33
6.246082430034096e-33
6.585641229252705e-33
6.981179351061887e-33
7.435336968488316e-33
7.950446567504422e-33
8.528454610062792e-33
9.17084084651719e-33
9.878536931930285e-33
1.0651846227606782e-32
1.1490366863392304e-32
1.239292028687763e-32
1.3357487622126562e-32
1.4381156193346412e-32
1.5460078529977416e-32
1.6589446052929718e-32
1.7763479443561278e-32
1.897543741676774e-32
2.021764525973437e-32
2.1481544064340166e-32
2.27577610831762e-32
2.4036201089207584e-32
2.5306158032840793e-32
2.655644568569215e-32
2.777554535777786e-32
2.895176819548599e-32
3.0073429033253254e-32
3.1129028303545e-32
3.2107438127259077e-32
3.2998088427410064e-32
3.379114874703937e-32
3.4477701417922895e-32
3.50499018254447e-32
3.550112174766547e-32
3.5826072108702373e-32
3.602090196854358e-32
3.60832711590399e-32
3.6012394650463775e-32
3.580905747254275e-32
3.547559979342603e-32
3.501587255312546e-32
3.443516482752385e-32
3.374010483856051e-32
3.293853720085139e-32
3.20393795826206e-32
3.1052462440826714e-32
2.998835585245515e-32
2.885818769660808e-32
2.767345754082014e-32
2.644585055065462e-32
2.5187055579723447e-32
2.390859131801043e-32
2.2621643993899234e-32
2.133691965698335e-32
2.006451353429775e-32
1.8813798373251305e-32
1.7593333081965036e-32
1.6410792373253672e-32
1.5272917532221555e-32
1.4185487877510745e-32
1.315331198821109e-32
1.2180237334882345e-32
1.1269176593317208e-32
1.0422148639451882e-32
9.640332025695574e-33
8.92412862220267e-33
8.273235067668464e-33
7.686719707030284e-33
7.163102789934367e-33
6.700437854428163e-33
6.296392414539171e-33
5.948326297240748e-33
5.6533662228472616e-33
5.4084754826565635e-33
5.2105178290065825e-33
5.056314947280503e-33
4.942697119522985e-33
4.866546909382852e-33
4.82483589370562e-33
4.814654634337273e-33
4.833236223006208e-33
4.877973842197118e-33
4.946432866466441e-33
5.0363580833120144e-33
5.145676642833654e-33
5.2724973538416415e-33
5.415106933936918e-33
5.5719637956957334e-33
5.741689913733762e-33
5.92306127126267e-33
6.114997332720168e-33
6.31654993378628e-33
6.526891923879165e-33
6.745305840964601e-33
6.971172845746816e-33
7.20396209319959e-33
7.443220674767291e-33
7.688564224927889e-33
7.939668251407312e-33
8.196260219183757e-33
8.458112394357105e-33
8.725035434678556e-33
8.996872698635593e-33
9.273495234000212e-33
9.554797399173618e-33
9.840693065990401e-33
1.0131112350384523e-32
1.0425998817001408e-32
1.0725307105037932e-32
1.1029000924923162e-32
1.1337051378586306e-32
1.164943555971256e-32
1.1966135394329798e-32
1.2287136686113342e-32
1.2612428334796195e-32
1.294200169992057e-32
1.3275850085786745e-32
1.3613968326796663e-32
1.3956352455424857e-32
1.4302999437766976e-32
1.465390696401827e-32
1.5009073283334036e-32
1.536849707433842e-32
1.5732177344101718e-32
1.6100113349723147e-32
1.647230453776386e-32
1.6848750497697343e-32
1.722945092630818e-32
1.761440560059602e-32
1.800361435725213e-32
1.8397077077188558e-32
1.879479367393121e-32
1.9196764084952939e-32
1.9602988265232268e-32
2.001346618248834e-32
2.0428197813672433e-32
2.0847183142396367e-32
2.127042215705633e-32
2.1697914849470355e-32
2.2129661213893161e-32
2.256566124630725e-32
2.300591494391488e-32
2.3450422304775832e-32
2.3899183327550065e-32
2.435219801131593e-32
2.4809466355442066e-32
2.5270988359497844e-32
2.573676402319063e-32
2.6206793346322504e-32
2.668107632876004e-32
2.715961297041373e-32
2.764240327122376e-32
2.812944723115026e-32
2.862074485016688e-32
2.911629612825615e-32
2.9616101065406646e-32
3.012015966161082e-32
3.06284719168638e-32
3.11410378311624e-32
3.165785740450456e-32
3.217893063688896e-32
3.270425752831474e-32
3.3233838078781364e-32
3.376767228828849e-32
3.430576015683588e-32
3.484810168442341e-32
3.5394696871050984e-32
3.594554571671856e-32
3.6500648221426087e-32
3.7060004385173565e-32
3.762361420796096e-32
3.8191477689788293e-32
3.8763594830655504e-32
3.9339965630562656e-32
3.9920590089509687e-32
4.050546820749665e-32
4.109459998452351e-32
4.168798542059027e-32
4.228562451569695e-32
4.288751726984351e-32
4.3493663683029996e-32
4.4104063755256395e-32
4.4718717486522685e-32
4.533762487682887e-32
4.596078592617498e-32
4.658820063456099e-32
4.72198690019869e-32
4.785579102845273e-32
4.849596671395844e-32
4.914039605850407e-32
4.978907906208959e-32
5.044201572471505e-32
5.109920604638038e-32
5.176065002708563e-32
5.242634766683079e-32
5.309629896561585e-32
5.37705039234408e-32
5.444896254030569e-32
5.513167481621046e-32
5.581864075115512e-32
5.650986034513971e-32
5.720533359816421e-32
5.79050605102286e-32
5.860904108133289e-32
5.93172753114771e-32
6.002976320066122e-32
6.074650474888522e-32
6.146749995614914e-32
6.219274882245298e-32
6.292225134779671e-32
6.365600753218033e-32
6.439401737560389e-32
6.513628087806732e-32
6.588279803957068e-32
6.663356886011396e-32
6.738859333969709e-32
6.814787147832016e-32
6.891140327598312e-32
6.967918873268602e-32
7.04512278484288e-32
7.122752062321149e-32
7.200806705703407e-32
7.279286714989657e-32
7.358192090179899e-32
7.437522831274131e-32
7.517278938272351e-32
7.597460411174561e-32
7.678067249980761e-32
7.759099454690958e-32
7.84055702530514e-32
7.922439961823311e-32
8.004748264245478e-32
8.087481932571631e-32
8.170640966801778e-32
8.254225366935912e-32
8.338235132974042e-32
8.422670264916156e-32
8.507530762762264e-32
8.592816626512365e-32
8.678527856166452e-32
8.764664451724528e-32
8.8512264131866e-32
8.938213740552661e-32
9.02562643382271e-32
9.11346449299675e-32
9.201727918074783e-32
9.290416709056806e-32
9.379530865942818e-32
9.469070388732821e-32
9.559035277426813e-32
9.649425532024799e-32
9.740241152526775e-32
9.83148213893274e-32
9.923148491242692e-32
1.001524020945664e-31
1.010775729357458e-31
1.0200699743596504e-31
1.029406755952242e-31
1.038786074135233e-31
1.0482079289086232e-31
1.0576723202724118e-31
1.0671792482265995e-31
1.0767287127711867e-31
1.0863207139061728e-31
1.0959552516315579e-31
1.1056323259473423e-31
1.1153519368535253e-31
1.1251140843501073e-31
1.134918768437089e-31
1.1447659891144694e-31
1.1546557463822487e-31
1.164588040240427e-31
1.1745628706890047e-31
1.1845802377279815e-31
1.1946401413573569e-31
1.2047425815771319e-31
1.2148875583873054e-31
1.2250750717878783e-31
1.2353051217788504e-31
1.245577708360221e-31
1.2558928315319909e-31
1.26625049129416e-31
1.2766506876467283e-31
1.2870934205896952e-31
1.2975786901230613e-31
1.3081064962468266e-31
1.318676838960991e-31
1.329289718265554e-31
1.3399451341605167e-31
1.3506430866458778e-31
1.3613835757216382e-31
1.372166601387798e-31
1.3829921636443566e-31
