1.1146889639418436e-12
8.7750568996672377e-13
6.1298179127472917e-13
3.3133065661615494e-13
1.6060772559153179e-13
8.8680031205072352e-14
-1.6398739940717486e-14
-1.1325667077087876e-13
-1.3290838714932564e-13
-1.9859728565936648e-13
-3.1338765184539350e-13
-4.5630380274777500e-13
-5.2915644407871756e-13
-5.7637664513783640e-13
-6.5707879912331333e-13
-7.3748171383318420e-13
-7.4937162228277530e-13
-8.0103411547198363e-13
-9.0153076141351415e-13
-1.0406341104917767e-12
-1.1091184960202491e-12
-1.1580363301561676e-12
-1.2494728675115690e-12
-1.3853690430612090e-12
-1.4961289601071717e-12
-1.5981461349426326e-12
-1.7966681200530207e-12
-2.0521288377598815e-12
-2.2386353749878132e-12
-2.4159422519188336e-12
-2.6021203374901566e-12
-2.8314963468458579e-12
-2.9810354507012551e-12
-3.1358148749330736e-12
-3.4175057363502020e-12
-3.7181840942760545e-12
-3.9408023914131593e-12
-4.1661269299277027e-12
-4.3708218774543334e-12
-4.4782072564354532e-12
-4.4372181105867354e-12
-4.4306727410003873e-12
-4.4927997930606715e-12
-4.5669097611459734e-12
-4.6324539091414580e-12
-4.7020027489620248e-12
-4.7183785089931079e-12
-4.7921455259431319e-12
-4.8086754601287097e-12
-4.8177181753504147e-12
-4.9158198030460084e-12
-5.0474481316577376e-12
-5.2149231107457126e-12
-5.3936093153308965e-12
-5.5596643532347769e-12
-5.6832674383354803e-12
-5.6680614876209316e-12
-5.5980903610048204e-12
-5.5346793501420045e-12
-5.4410214191664761e-12
-5.2576875666928095e-12
-5.0613156137433554e-12
-4.7853235825635413e-12
-4.5266853818608070e-12
-4.1610151036224181e-12
-3.7383235253237077e-12
-3.3071714447605968e-12
-2.7824593272054698e-12
-2.1769833359147978e-12
-1.5885880175664979e-12
-9.1877515964048639e-13
-2.1364614945377151e-13
5.3077485614217919e-13
1.3102031508464780e-12
2.1199095596308850e-12
2.9280285834117466e-12
3.6778827841117770e-12
4.2828456427185052e-12
4.9012702847974417e-12
5.3888475916818247e-12
5.7878252133883698e-12
6.2281408847878305e-12
6.6447847626912344e-12
7.1067327116361350e-12
7.5431487962586531e-12
7.9009625376019744e-12
8.3483960720767465e-12
8.8198195488213282e-12
9.3052924440435900e-12
9.7905830197209065e-12
1.0324157417704255e-11
1.0871756456655721e-11
1.1358286753421894e-11
1.1811459927811982e-11
1.2366998915151919e-11
1.2924529460858185e-11
1.3478674875322020e-11
1.4070358186241183e-11
1.4726963028421285e-11
1.5485375002918237e-11
1.6197510938805880e-11
1.6786142586167718e-11
1.7430933306656413e-11
1.8073565431466919e-11
1.8614974984547543e-11
1.9175363108389725e-11
1.9738514539483673e-11
2.0271814409638152e-11
2.0597441777315197e-11
2.0798096525568099e-11
2.0995078106790049e-11
2.1051022651970601e-11
2.0865720361349472e-11
2.0686069063598118e-11
2.0489214238545121e-11
2.0255746742108220e-11
1.9858970352823153e-11
1.9316887320720442e-11
1.8787501805103345e-11
1.8281779864474183e-11
1.7661682525220390e-11
1.6865435913891362e-11
1.6060963099908546e-11
1.5193352177218080e-11
1.4117773862744489e-11
1.2925768511938586e-11
1.1713181463237558e-11
1.0507540087872432e-11
9.2073331980714590e-12
7.8847803670081255e-12
6.6388979653750447e-12
5.4600447175493141e-12
4.1896432136066151e-12
2.8679603112351423e-12
1.6427978739471142e-12
4.6405400280794801e-13
-7.7779814202241867e-13
-1.9573367742723892e-12
-3.0438738495254090e-12
-4.0519558821833872e-12
-5.0947626027640602e-12
-6.0177765111696499e-12
-6.8534816325929002e-12
-7.6373686657841508e-12
-8.4486507903145782e-12
-9.2357622146100871e-12
-9.9971075180724441e-12
-1.0754431920875468e-11
-1.1586785438263825e-11
-1.2396012595824484e-11
-1.3141179842001046e-11
-1.3799358055417280e-11
-1.4432391660069450e-11
-1.5049572226625016e-11
-1.5582079286062034e-11
-1.6064947626710208e-11
-1.6557007142858531e-11
-1.6983016615156814e-11
-1.7368156177308367e-11
-1.7611751236425138e-11
-1.7811020836604001e-11
-1.8008423641821805e-11
-1.8119587164570577e-11
-1.8278160435658902e-11
-1.8479453786073883e-11
-1.8619500525483879e-11
-1.8710489737416850e-11
-1.8775209634059242e-11
-1.8805223271493469e-11
-1.8791523528712933e-11
-1.8739920791942405e-11
-1.8664773856902138e-11
-1.8559742820024839e-11
-1.8401872276259962e-11
-1.8261877877524370e-11
-1.7980326751149608e-11
-1.7584690082931734e-11
-1.7181566537536582e-11
-1.6682768638872173e-11
-1.6146446640788490e-11
-1.5546499065224089e-11
-1.4858289201641490e-11
-1.4129027581860155e-11
-1.3399945943994408e-11
-1.2645736869812597e-11
-1.1822553273921039e-11
-1.0963302307879217e-11
-1.0059597364487180e-11
-9.1372719830179924e-12
-8.1734928250725384e-12
-7.2011508556957124e-12
-6.1609068017175101e-12
-5.0988997176293896e-12
-4.0935619082198861e-12
-3.1508228334516259e-12
-2.3561070158581417e-12
-1.6653690014696374e-12
-1.0059283579528252e-12
-4.9244166046158758e-13
-7.1537229787626235e-14
2.8918130634858649e-13
5.9963976394910747e-13
8.4089952920198927e-13
1.0379371554063328e-12
1.2619682100001405e-12
1.4974215326726244e-12
1.6752827413307155e-12
1.9354495466956755e-12
2.2491175694856944e-12
2.5472777718416774e-12
2.9070224253170768e-12
3.2623292354939463e-12
3.6560455979573738e-12
4.0990492370845477e-12
4.4469357400566145e-12
4.7406539470815742e-12
4.9844743846770185e-12
5.2210046745647640e-12
5.4347630038804721e-12
5.6554362884215590e-12
5.8931967418835266e-12
6.1118112040277523e-12
6.2196377817888489e-12
6.2441999579679129e-12
6.1588097262087281e-12
6.0541150929783474e-12
5.9361817810834001e-12
5.7921581211021864e-12
5.6658058811194795e-12
5.6077891880595944e-12
5.4283135243448882e-12
5.1330128213895757e-12
4.7649296854763456e-12
4.3696466213667034e-12
3.9984416342728879e-12
3.6400194299351935e-12
3.4433878396424453e-12
3.3065204548444307e-12
3.1233584697868251e-12
2.9874521178965556e-12
2.9087279522966911e-12
2.7930316343878485e-12
2.6672423168607318e-12
2.5616831374080733e-12
2.5770143762480288e-12
2.6424345967423555e-12
2.6228729570286977e-12
2.5239656924482079e-12
2.3604448890243448e-12
2.2321639282661819e-12
2.0699111881604434e-12
1.8836124134572088e-12
1.7824356863582835e-12
1.7233681156239389e-12
1.5784642049381064e-12
1.3656980833237289e-12
