2.6392420072311882e-20
3.3548350461827996e-20
4.9866030796254724e-20
7.299174394491022e-20
1.1109087253660212e-19
1.71476217045051e-19
3.1477577977691394e-19
7.313766488300634e-19
1.805965337019047e-18
4.6160661014652464e-18
1.2201482622366625e-17
3.221382044235267e-17
8.487023659751706e-17
2.2240809772409837e-16
5.786030218709356e-16
1.5026352406067762e-15
3.874530016157332e-15
9.904904501337002e-15
2.511730798432959e-14
6.317599299515451e-14
1.5760580672550831e-13
3.8993219083985667e-13
9.5665482128888e-13
2.3275589728224665e-12
5.615722955709579e-12
1.3435227264747049e-11
3.1873117334407484e-11
7.497999302055069e-11
1.74906705948475e-10
4.045817954447806e-10
9.279920152728201e-10
2.110682805973118e-9
4.760382143061453e-9
1.0646327636695651e-8
2.3610075490854586e-8
5.191997857471095e-8
1.1321695397786236e-7
2.448094484343174e-7
5.249095436014743e-7
1.1160418523773311e-6
2.3529689984650805e-6
4.919167606950441e-6
1.0197805982894961e-5
2.09633930870296e-5
4.273228615198845e-5
8.63754628976095e-5
0.000173126821730758
0.000344094742726093
0.0006781588415770459
0.0013253315177949297
0.0025683684867657433
0.004935485138285731
0.009404637806336484
0.017770269342547388
0.0332955087760392
0.06186101052469953
0.11396935073260311
0.20820868806158688
0.3771805856984458
0.6775471502384636
1.2068948245260156
2.131763570865903
3.7337768383010057
6.48481196498209
11.168275729833304
19.072805365694315
32.29852843456897
54.236368650312045
90.31048649193069
149.1164201550642
244.14760349651857
396.3867891752934
638.1541346941812
1018.7595959574019
1612.7147090007377
2531.5300735001206
3940.4728942095894
6082.096511608227
9308.891741308054
14128.054497091396
21262.114508241917
31730.01325040415
46954.126281672696
68899.6448477151
100253.58517083368
144651.3699055382
206959.27720550838
293620.8938575689
413074.8210297594
576249.0199297806
797134.0958278792
1.0934332620518063e6
1.4872805062428282e6
2.0060104907988086e6
2.682953981231763e6
3.5582213134556897e6
4.679424012760257e6
6.102271854006217e6
7.890970375002753e6
1.0118333366050672e7
1.2865517632010873e7
1.6221284982015552e7
2.028070059444203e7
2.514318914050918e7
3.090989150334276e7
3.7680296226905495e7
4.5548160839857265e7
5.4596787856599495e7
6.489377644061824e7
7.648543021872362e7
8.939106035242423e7
1.0359747570738867e8
1.1905399336683172e8
1.3566832736983678e8
1.5330371652977404e8
1.717776297364389e8
1.9086233718389338e8
2.102875585514991e8
2.2974529679769677e8
2.4889684393013006e8
2.6738181027063835e8
2.8482889063059527e8
3.008679499649513e8
3.1514289833205456e8
3.273247405331873e8
3.3712413813920474e8
3.4430281662740374e8
3.486831906315622e8
3.501556647093111e8
3.486831906315395e8
3.4430281662736076e8
3.3712413813914865e8
3.273247405331198e8
3.151428983319724e8
3.0086794996485287e8
2.848288906304808e8
2.6738181027050835e8
2.488968439299856e8
2.2974529679754642e8
2.102875585513512e8
1.9086233718375272e8
1.7177762973630854e8
1.533037165296547e8
1.356683273697279e8
1.190539933667314e8
1.035974757072961e8
8.939106035233918e7
7.648543021864752e7
6.489377644055114e7
5.459678785654076e7
4.554816083980659e7
3.768029622686272e7
3.0909891503306646e7
2.51431891404787e7
2.0280700594416093e7
1.622128498199394e7
1.286551763199281e7
1.0118333366035827e7
7.890970374991003e6
6.102271853997382e6
4.679424012753721e6
3.5582213134508533e6
2.682953981228041e6
2.0060104907960747e6
1.4872805062407819e6
1.0934332620502247e6
797134.095826663
576249.0199288607
413074.8210290797
293620.8938571191
206959.27720520968
144651.3699053352
100253.58517067843
68899.64484756494
46954.12628153463
31730.01325027967
21262.114508114522
14128.054496977848
9308.891741204798
6082.096511520068
3940.472894135983
2531.5300734346743
1612.71470894372
1018.7595959132792
638.15413466303
396.3867891542278
244.14760348289312
149.11642014702616
90.3104864866216
54.236368645350524
32.29852842984903
19.072805361526758
11.168275726528947
6.484811962218718
3.7337768361623116
2.1317635694045376
1.2068948234729433
0.6775471494183859
0.3771805850803795
0.20820868760711142
0.11396935041890985
0.06186101033019094
0.033295508655704055
0.017770269269780977
0.009404637760539273
0.004935485106668096
0.0025683684624918757
0.0013253315003075902
0.0006781588303373284
0.00034409473749161593
0.0001731268192353471
8.637546091280768e-5
4.2732284374295105e-5
2.0963391548092728e-5
1.01978046217342e-5
4.919166705814544e-6
2.352968512014018e-6
1.1160416017177243e-6
5.249094257646965e-7
2.44809384034583e-7
1.1321692478180599e-7
5.1919952644900336e-8
2.3610043521959167e-8
1.0646310950687707e-8
4.760375060001105e-9
2.1106800930629693e-9
9.279899397236803e-10
4.0457878966350546e-10
1.749047056542998e-10
7.497944242523644e-11
3.187280964738211e-11
1.3435044150577543e-11
5.6155335414881055e-12
2.3273968479702625e-12
9.565118033787088e-13
3.8981027204240995e-13
1.5752181251095874e-13
6.310889934678352e-14
2.5067242783512477e-14
9.875999962048178e-15
3.859280692091955e-15
1.4951817434458936e-15
5.755915928403666e-16
2.2027228326787682e-16
8.347100731060348e-17
3.127870255594672e-17
1.160540780342777e-17
4.3277916564044084e-18
1.653206462341303e-18
6.976521487576911e-19
3.4714982754756203e-19
1.9047484746954616e-19
1.2230531470599793e-19
7.893956021920068e-20
4.9270695742035515e-20
3.380938140657116e-20
