9.254517099690192e-19
1.2869375531501832e-18
2.8680299839274456e-18
7.84853039844137e-18
2.3463685404041803e-17
7.243745169853432e-17
2.2255326778397276e-16
6.819729381067062e-16
2.07298478221391e-15
6.241295538958969e-15
1.8625190412509258e-14
5.5056704845570596e-14
1.6119435871837251e-13
4.673928471476766e-13
1.3419857644274667e-12
3.8154515784344474e-12
1.0740516415757827e-11
2.9933016701135053e-11
8.258608290919307e-11
2.2556388619060403e-10
6.098380544028345e-10
1.6319842721209018e-9
4.322611704975789e-9
1.1331254761605911e-8
2.9395630180150106e-8
7.546243740111492e-8
1.916865131823125e-7
4.817628751832245e-7
1.1979079037186054e-6
2.946647168398889e-6
7.169892085760836e-6
1.7256035993927784e-5
4.107489577730886e-5
9.668986111478567e-5
0.000225068849234498
0.0005180118723191429
0.0011787255660589606
0.0026515026020942226
0.005895686139723953
0.01295671891331515
0.02814027723584331
0.060393113774400646
0.12806309667448548
0.2682801953829185
0.5551756527081751
1.1347419301741206
2.2905241639722878
4.565499619482852
8.984631090505113
17.45467177399803
33.47045485902919
63.34128377001485
118.28288352715174
217.92078529599019
396.04654966619376
709.8894108643346
1254.742935723752
2186.540239006249
3755.8990979935957
6358.209689592322
10605.383915556567
17425.682235511005
28198.186787084975
44927.43437665805
70460.7489475893
108745.15875712161
165111.8402287205
246563.6764000328
362026.5616221665
522509.7242150349
741108.4389808998
1.032779384189117e6
1.4138303431345366e6
1.9010962647802092e6
2.5108231420866298e6
3.2573436474873354e6
4.1516908777529486e6
5.200341053195123e6
6.404285392876514e6
7.758596082228805e6
9.252574757038921e6
1.0870471521898054e7
1.2592664071490796e7
1.4397115298039867e7
1.6260899677003238e7
1.8161605474992342e7
2.0078470424867313e7
2.1993175027694725e7
2.38902821870797e7
2.5757361791552138e7
2.7584868631919842e7
2.9365852434224915e7
3.1095574421551272e7
3.2771091605725534e7
3.439085331033072e7
3.5954338111788526e7
3.746174568123288e7
3.891374778134214e7
4.0311295870142914e7
4.165547884749226e7
4.294742273302431e7
4.41882237895649e7
4.537890722197009e7
4.652040465239192e7
4.761354480144595e7
4.865905300587165e7
4.9657556276235335e7
5.0609591499562204e7
5.151561511417249e7
5.237601314062224e7
5.319111086648448e7
5.39611817797954e7
5.468645555151845e7
5.536712500352908e7
5.600335208397579e7
5.659527292121295e7
5.7143002052148245e7
5.764663592934274e7
5.810625580960575e7
5.852193011940849e7
5.889371638212519e7
5.922166278074346e7
5.950580941840654e7
5.97461893286275e7
5.994282927752454e7
6.009575039209764e7
6.02049686413434e7
6.027049519073031e7
6.029233664515891e7
6.0270495190730184e7
6.0204968641343236e7
6.009575039209812e7
5.994282927752549e7
5.974618932862809e7
5.9505809418406345e7
5.922166278074213e7
5.8893716382122666e7
5.852193011940475e7
5.810625580960143e7
5.764663592933875e7
5.714300205214464e7
5.659527292120976e7
5.600335208397301e7
5.536712500352625e7
5.468645555151501e7
5.396118177979159e7
5.319111086648042e7
5.237601314061861e7
5.15156151141695e7
5.060959149955964e7
4.96575562762331e7
4.86590530058695e7
4.761354480144362e7
4.652040465238975e7
4.5378907221967764e7
4.418822378956271e7
4.294742273302212e7
4.16554788474902e7
4.031129587014081e7
3.891374778133984e7
3.746174568123028e7
3.595433811178563e7
3.439085331032751e7
3.2771091605722774e7
3.109557442154894e7
2.936585243422244e7
2.7584868631916936e7
2.575736179154904e7
2.3890282187076483e7
2.199317502769108e7
2.0078470424863335e7
1.8161605474988557e7
1.6260899676999414e7
1.4397115298035828e7
1.2592664071486454e7
1.0870471521893427e7
9.252574757033722e6
7.758596082223343e6
6.40428539287078e6
5.200341053189392e6
4.151690877747391e6
3.2573436474820324e6
2.5108231420817305e6
1.9010962647759563e6
1.413830343130983e6
1.0327793841862158e6
741108.4389785635
522509.7242132086
362026.5616207393
246563.67639888366
165111.84022780712
108745.15875644168
70460.74894709737
44927.43437629677
28198.18678681845
17425.682235320462
10605.383915422004
6358.209689496636
3755.899097925643
2186.5402389593896
1254.7429356927498
709.8894108459173
396.04654965521155
217.92078528986787
118.28288352364525
63.341283767579206
33.47045485735604
17.454671773025357
8.984631090000823
4.565499619396384
2.2905241640438545
1.1347419302530677
0.5551756527742353
0.2682801953975189
0.1280630966591918
0.060393113763898394
0.028140277233860467
0.012956718914246603
0.00589568614363341
0.0026515026066822205
0.001178725569305199
0.0005180118724019106
0.000225068847734226
9.668985987223477e-5
4.10748949092032e-5
1.725603548413765e-5
7.169891830183887e-6
2.946646993636894e-6
1.1979077793601418e-6
4.817627786558991e-7
1.9168645150036865e-7
7.546239320769772e-8
2.9395594651115107e-8
1.1331229123840837e-8
4.322594615752336e-9
1.631973698557778e-9
6.098312319712761e-10
2.2555940953300493e-10
8.258306867340628e-11
2.993132140408417e-11
1.0739587304801847e-11
3.8150078682080175e-12
1.341783673515021e-12
4.672686196874428e-13
1.6111265589149273e-13
5.50038481735036e-14
1.859334261413914e-14
6.224300281693347e-15
2.065052632113033e-15
6.791772719276436e-16
2.2187591593862537e-16
7.22513047226612e-17
2.351025057585603e-17
7.828039439925381e-18
2.7712808789684772e-18
1.2544156336372253e-18
