8.4765189060774193e-01
8.4890094933839844e-01
8.5014624765348301e-01
8.5138776361606383e-01
8.5262547533191191e-01
8.5385936095014170e-01
8.5508939866384948e-01
8.5631556671075293e-01
8.5753784337382888e-01
8.5875620698195065e-01
8.5997063591052592e-01
8.6118110858213226e-01
8.6238760346715304e-01
8.6359009908441298e-01
8.6478857400181208e-01
8.6598300683695906e-01
8.6717337625780477e-01
8.6835966098327388e-01
8.6954183978389610e-01
8.7071989148243700e-01
8.7189379495452701e-01
8.7306352912929086e-01
8.7422907298997443e-01
8.7539040557457226e-01
8.7654750597645359e-01
8.7770035334498608e-01
8.7884892688616134e-01
8.7999320586321605e-01
8.8113316959725496e-01
8.8226879746787112e-01
8.8340006891376499e-01
8.8452696343336357e-01
8.8564946058543681e-01
8.8676753998971447e-01
8.8788118132749994e-01
8.8899036434228484e-01
8.9009506884036016e-01
8.9119527469142812e-01
8.9229096182921119e-01
8.9338211025206049e-01
8.9446870002356316e-01
8.9555071127314689e-01
8.9662812419668469e-01
8.9770091905709770e-01
8.9876907618495516e-01
8.9983257597907507e-01
9.0089139890712200e-01
9.0194552550620333e-01
9.0299493638346429e-01
9.0403961221668128e-01
9.0507953375485373e-01
9.0611468181879373e-01
9.0714503730171459e-01
9.0817058116981753e-01
9.0919129446287639e-01
9.1020715829482057e-01
9.1121815385431681e-01
9.1222426240534848e-01
9.1322546528779303e-01
9.1422174391799804e-01
9.1521307978935562e-01
9.1619945447287299e-01
9.1718084961774426e-01
9.1815724695191769e-01
9.1912862828266151e-01
9.2009497549712893e-01
9.2105627056291939e-01
9.2201249552863918e-01
9.2296363252445901e-01
9.2390966376267025e-01
9.2485057153823824e-01
9.2578633822935397e-01
9.2671694629798351e-01
9.2764237829041529e-01
9.2856261683780472e-01
9.2947764465671723e-01
9.3038744454966860e-01
9.3129199940566287e-01
9.3219129220072838e-01
9.3308530599845119e-01
9.3397402395050588e-01
9.3485742929718485e-01
9.3573550536792383e-01
9.3660823558182649e-01
9.3747560344818526e-01
9.3833759256700033e-01
9.3919418662949627e-01
9.4004536941863570e-01
9.4089112480963055e-01
9.4173143677045101e-01
9.4256628936233133e-01
9.4339566674027375e-01
9.4421955315354889e-01
9.4503793294619443e-01
9.4585079055751031e-01
9.4665811052255155e-01
9.4745987747261873e-01
9.4825607613574447e-01
9.4904669133717923e-01
9.4983170799987171e-01
9.5061111114494878e-01
9.5138488589219128e-01
9.5215301746050718e-01
9.5291549116840180e-01
9.5367229243444596e-01
9.5442340677773951e-01
9.5516881981837387e-01
9.5590851727789017e-01
9.5664248497973503e-01
9.5737070884971298e-01
9.5809317491643675e-01
9.5880986931177292e-01
9.5952077827128612e-01
9.6022588813467957e-01
9.6092518534623172e-01
9.6161865645523092e-01
9.6230628811640662e-01
9.6298806709035678e-01
9.6366398024397337e-01
9.6433401455086287e-01
9.6499815709176562e-01
9.6565639505496981e-01
9.6630871573672450e-01
9.6695510654164718e-01
9.6759555498312910e-01
9.6823004868373819e-01
9.6885857537561604e-01
9.6948112290087474e-01
9.7009767921198764e-01
9.7070823237217840e-01
9.7131277055580589e-01
9.7191128204874611e-01
9.7250375524876997e-01
9.7309017866591863e-01
9.7367054092287453e-01
9.7424483075532897e-01
9.7481303701234723e-01
9.7537514865672847e-01
9.7593115476536363e-01
9.7648104452958895e-01
9.7702480725553598e-01
9.7756243236447860e-01
9.7809390939317531e-01
9.7861922799420942e-01
9.7913837793632386e-01
9.7965134910475427e-01
9.8015813150155628e-01
9.8065871524593151e-01
9.8115309057454747e-01
9.8164124784185558e-01
9.8212317752040479e-01
9.8259887020115111e-01
9.8306831659376392e-01
9.8353150752692875e-01
9.8398843394864510e-01
9.8443908692652204e-01
9.8488345764806873e-01
9.8532153742098161e-01
9.8575331767342822e-01
9.8617878995432640e-01
9.8659794593361960e-01
9.8701077740254972e-01
9.8741727627392395e-01
9.8781743458237936e-01
9.8821124448464281e-01
9.8859869825978752e-01
9.8897978830948496e-01
9.8935450715825324e-01
9.8972284745370176e-01
9.9008480196677140e-01
9.9044036359197107e-01
9.9078952534761011e-01
9.9113228037602707e-01
9.9146862194381358e-01
9.9179854344203533e-01
9.9212203838644852e-01
9.9243910041771188e-01
9.9274972330159528e-01
9.9305390092918400e-01
9.9335162731707882e-01
9.9364289660759253e-01
9.9392770306894151e-01
9.9420604109543420e-01
9.9447790520765467e-01
9.9474329005264250e-01
9.9500219040406856e-01
9.9525460116240627e-01
9.9550051735509937e-01
9.9573993413672468e-01
9.9597284678915199e-01
9.9619925072169802e-01
9.9641914147127819e-01
9.9663251470255276e-01
9.9683936620806912e-01
9.9703969190840047e-01
9.9723348785227983e-01
9.9742075021672982e-01
9.9760147530718801e-01
9.9777565955762937e-01
9.9794329953068239e-01
9.9810439191774314e-01
9.9825893353908313e-01
9.9840692134395503e-01
9.9854835241069206e-01
9.9868322394680453e-01
9.9881153328907191e-01
9.9893327790362996e-01
9.9904845538605491e-01
9.9915706346144173e-01
9.9925909998447959e-01
9.9935456293952252e-01
9.9944345044065508e-01
9.9952576073175559e-01
9.9960149218655281e-01
9.9967064330868027e-01
9.9973321273172522e-01
9.9978919921927356e-01
9.9983860166495098e-01
9.9988141909245887e-01
9.9991765065560667e-01
9.9994729563834017e-01
9.9997035345476426e-01
9.9998682364916303e-01
9.9999670589601408e-01
1.0000000000000000e+00
9.9999670589601408e-01
9.9998682364916303e-01
9.9997035345476426e-01
9.9994729563834017e-01
9.9991765065560667e-01
9.9988141909245887e-01
9.9983860166495098e-01
9.9978919921927356e-01
9.9973321273172522e-01
9.9967064330868027e-01
9.9960149218655281e-01
9.9952576073175559e-01
9.9944345044065508e-01
9.9935456293952252e-01
9.9925909998447959e-01
9.9915706346144173e-01
9.9904845538605491e-01
9.9893327790362996e-01
9.9881153328907191e-01
9.9868322394680453e-01
9.9854835241069206e-01
9.9840692134395503e-01
9.9825893353908313e-01
9.9810439191774314e-01
9.9794329953068239e-01
9.9777565955762937e-01
9.9760147530718801e-01
9.9742075021672982e-01
9.9723348785227983e-01
9.9703969190840047e-01
9.9683936620806912e-01
9.9663251470255276e-01
9.9641914147127819e-01
9.9619925072169802e-01
9.9597284678915199e-01
9.9573993413672468e-01
9.9550051735509937e-01
9.9525460116240627e-01
9.9500219040406856e-01
9.9474329005264250e-01
9.9447790520765467e-01
9.9420604109543420e-01
9.9392770306894151e-01
9.9364289660759253e-01
9.9335162731707882e-01
9.9305390092918400e-01
9.9274972330159528e-01
9.9243910041771188e-01
9.9212203838644852e-01
9.9179854344203533e-01
9.9146862194381358e-01
9.9113228037602707e-01
9.9078952534761011e-01
9.9044036359197107e-01
9.9008480196677140e-01
9.8972284745370176e-01
9.8935450715825324e-01
9.8897978830948496e-01
9.8859869825978752e-01
9.8821124448464281e-01
9.8781743458237936e-01
9.8741727627392395e-01
9.8701077740254972e-01
9.8659794593361971e-01
9.8617878995432640e-01
9.8575331767342822e-01
9.8532153742098161e-01
9.8488345764806873e-01
9.8443908692652204e-01
9.8398843394864510e-01
9.8353150752692875e-01
9.8306831659376392e-01
9.8259887020115111e-01
9.8212317752040479e-01
9.8164124784185558e-01
9.8115309057454747e-01
9.8065871524593151e-01
9.8015813150155628e-01
9.7965134910475427e-01
9.7913837793632386e-01
9.7861922799420942e-01
9.7809390939317531e-01
9.7756243236447860e-01
9.7702480725553598e-01
9.7648104452958895e-01
9.7593115476536363e-01
9.7537514865672847e-01
9.7481303701234723e-01
9.7424483075532897e-01
9.7367054092287453e-01
9.7309017866591863e-01
9.7250375524876997e-01
9.7191128204874611e-01
9.7131277055580589e-01
9.7070823237217840e-01
9.7009767921198764e-01
9.6948112290087474e-01
9.6885857537561604e-01
9.6823004868373819e-01
9.6759555498312921e-01
9.6695510654164718e-01
9.6630871573672450e-01
9.6565639505496981e-01
9.6499815709176562e-01
9.6433401455086287e-01
9.6366398024397337e-01
9.6298806709035689e-01
9.6230628811640662e-01
9.6161865645523092e-01
9.6092518534623172e-01
9.6022588813467957e-01
9.5952077827128612e-01
9.5880986931177292e-01
9.5809317491643675e-01
9.5737070884971298e-01
9.5664248497973503e-01
9.5590851727789017e-01
9.5516881981837387e-01
9.5442340677773951e-01
9.5367229243444596e-01
9.5291549116840180e-01
9.5215301746050718e-01
9.5138488589219128e-01
9.5061111114494889e-01
9.4983170799987171e-01
9.4904669133717923e-01
9.4825607613574447e-01
9.4745987747261873e-01
9.4665811052255155e-01
9.4585079055751031e-01
9.4503793294619443e-01
9.4421955315354889e-01
9.4339566674027375e-01
9.4256628936233133e-01
9.4173143677045101e-01
9.4089112480963055e-01
9.4004536941863570e-01
9.3919418662949627e-01
9.3833759256700033e-01
9.3747560344818526e-01
9.3660823558182660e-01
9.3573550536792383e-01
9.3485742929718485e-01
9.3397402395050588e-01
9.3308530599845119e-01
9.3219129220072838e-01
9.3129199940566287e-01
9.3038744454966860e-01
9.2947764465671734e-01
9.2856261683780472e-01
9.2764237829041529e-01
9.2671694629798351e-01
9.2578633822935397e-01
9.2485057153823824e-01
9.2390966376267025e-01
9.2296363252445901e-01
9.2201249552863918e-01
9.2105627056291939e-01
9.2009497549712893e-01
9.1912862828266151e-01
9.1815724695191769e-01
9.1718084961774438e-01
9.1619945447287299e-01
9.1521307978935551e-01
9.1422174391799815e-01
9.1322546528779303e-01
9.1222426240534848e-01
9.1121815385431681e-01
9.1020715829482057e-01
9.0919129446287639e-01
9.0817058116981753e-01
9.0714503730171459e-01
9.0611468181879373e-01
9.0507953375485373e-01
9.0403961221668128e-01
9.0299493638346429e-01
9.0194552550620333e-01
9.0089139890712200e-01
8.9983257597907518e-01
8.9876907618495516e-01
8.9770091905709770e-01
8.9662812419668481e-01
8.9555071127314689e-01
8.9446870002356316e-01
8.9338211025206049e-01
8.9229096182921119e-01
8.9119527469142812e-01
8.9009506884036016e-01
8.8899036434228484e-01
8.8788118132750005e-01
8.8676753998971447e-01
8.8564946058543681e-01
8.8452696343336357e-01
8.8340006891376510e-01
8.8226879746787112e-01
8.8113316959725496e-01
8.7999320586321605e-01
8.7884892688616123e-01
8.7770035334498608e-01
8.7654750597645359e-01
8.7539040557457226e-01
8.7422907298997443e-01
8.7306352912929086e-01
8.7189379495452701e-01
8.7071989148243700e-01
8.6954183978389610e-01
8.6835966098327388e-01
8.6717337625780477e-01
8.6598300683695906e-01
8.6478857400181208e-01
8.6359009908441298e-01
8.6238760346715304e-01
8.6118110858213226e-01
8.5997063591052592e-01
8.5875620698195065e-01
8.5753784337382888e-01
8.5631556671075293e-01
8.5508939866384948e-01
8.5385936095014170e-01
8.5262547533191191e-01
8.5138776361606383e-01
8.5014624765348301e-01
8.4890094933839844e-01
8.4765189060774193e-01
8.4639909344050879e-01
8.4514257985711627e-01
8.4388237191876314e-01
8.4261849172678804e-01
8.4135096142202737e-01
8.4007980318417330e-01
8.3880503923113137e-01
8.3752669181837747e-01
8.3624478323831486e-01
8.3495933581963111e-01
8.3367037192665427e-01
8.3237791395870897e-01
8.3108198434947333e-01
8.2978260556633443e-01
8.2847980010974431e-01
8.2717359051257544e-01
8.2586399933947729e-01
8.2455104918623134e-01
8.2323476267910711e-01
8.2191516247421803e-01
8.2059227125687673e-01
8.1926611174095143e-01
8.1793670666822138e-01
8.1660407880773378e-01
8.1526825095515887e-01
8.1392924593214699e-01
8.1258708658568524e-01
8.1124179578745392e-01
8.0989339643318392e-01
8.0854191144201359e-01
8.0718736375584677e-01
8.0582977633871067e-01
8.0446917217611369e-01
8.0310557427440499e-01
8.0173900566013245e-01
8.0036948937940300e-01
7.9899704849724207e-01
7.9762170609695393e-01
7.9624348527948308e-01
7.9486240916277473e-01
7.9347850088113792e-01
7.9209178358460686e-01
7.9070228043830471e-01
7.8931001462180694e-01
7.8791500932850622e-01
7.8651728776497654e-01
7.8511687315033951e-01
7.8371378871563080e-01
7.8230805770316680e-01
7.8089970336591308e-01
7.7948874896685261e-01
7.7807521777835542e-01
7.7665913308154899e-01
7.7524051816568895e-01
7.7381939632753205e-01
7.7239579087070798e-01
7.7096972510509387e-01
7.6954122234618905e-01
7.6811030591449059e-01
7.6667699913487031e-01
7.6524132533595224e-01
7.6380330784949158e-01
7.6236297000975473e-01
