1.7029506206625669e-12
4.5679046869578653e-13
1.3199261221709589e-12
-1.3533671486168378e-12
2.0821643881860343e-13
-5.1251517562082930e-13
-9.0668406649249179e-13
-1.0029534766702262e-12
1.9569332415040858e-12
1.1261870525067164e-13
9.6473142235093216e-13
-3.2873197109757814e-13
2.2267608581831329e-13
3.7940749055063004e-13
4.0009642888157216e-12
3.3903529499762752e-13
1.1084499348282530e-12
-9.3748492399438261e-13
1.0225147985060383e-12
8.2323180819660261e-14
9.3818090579370959e-13
3.2738791746632584e-13
3.6945007638388856e-13
-9.2049278181478345e-13
7.0003251012582376e-13
-1.9437848342454760e-12
1.1427145675217766e-12
-2.8768041027141087e-13
4.5676999715196725e-13
-1.8719610109043426e-12
3.8005299066817183e-12
3.0245891398946290e-12
5.2206317975861686e-12
9.6202316807711376e-12
1.3674227296979751e-11
2.2939082677759537e-11
3.1255604407716082e-11
4.7477122875494914e-11
6.8729589361632152e-11
1.0180325787725915e-10
1.4491916275655678e-10
2.1084767167300661e-10
3.0073351145788440e-10
4.3179750481496430e-10
6.1508111195572803e-10
8.7266234615262641e-10
1.2328098415740154e-09
1.7276520870181786e-09
2.4134505633300771e-09
3.3510392991468784e-09
4.6290685889417301e-09
6.3668389953568077e-09
8.7115738637677227e-09
1.1855735049507561e-08
1.6051772073240471e-08
2.1620393836002015e-08
2.8959163614056244e-08
3.8581398813624897e-08
5.1102255342150272e-08
6.7288022394790569e-08
8.8056885566840482e-08
1.1448822137616231e-07
1.4783381502067768e-07
1.8950173887085117e-07
2.4100857494223376e-07
3.0389865934245708e-07
3.7959922478699994e-07
4.6918319243170099e-07
5.7299307578206460e-07
6.9009341631697605e-07
8.1746667220716512e-07
9.4884406912355490e-07
1.0730885398073463e-06
1.1719361910181623e-06
1.2168972416988587e-06
1.1650429841503138e-06
9.5341524557313593e-07
4.9148912481445427e-07
-3.4866652348378816e-07
-1.7452879892020123e-06
-3.9436639956054007e-06
-7.2776662139265947e-06
-1.2197269760219139e-05
-1.9303497799212307e-05
-2.9392424785211593e-05
-4.3510261292699495e-05
-6.3021809368459561e-05
-8.9694956034806997e-05
-1.2580423129195499e-04
-1.7425685380864943e-04
-2.3874505800825063e-04
-3.2392877440096335e-04
-4.3565310281589532e-04
-5.8120514596782789e-04
-7.6961472060736388e-04
-1.0120034493166616e-03
-1.3219860746111485e-03
-1.7161270951214619e-03
-2.2144544507778645e-03
-2.8410301260795427e-03
-3.6245746794805133e-03
-4.5991394197452762e-03
-5.8048150334963989e-03
-7.2884597829548188e-03
-9.1044230201758874e-03
-1.1315230748272113e-02
-1.3992189288309828e-02
-1.7215850243639398e-02
-2.1076265122099914e-02
-2.5672940626918928e-02
-3.1114386265780218e-02
-3.7517124016055420e-02
-4.5004005685493273e-02
-5.3701657734369163e-02
-6.3736845604239520e-02
-7.5231521026722134e-02
-8.8296286625411405e-02
-1.0302198399267021e-01
-1.1946908450950451e-01
-1.3765453908472985e-01
-1.5753572430866505e-01
-1.7899111098130768e-01
-2.0179727828657271e-01
-2.2560190587941703e-01
-2.4989239879373679e-01
-2.7395983986035410e-01
-2.9685802342765244e-01
-3.1735740549776925e-01
-3.3389391150234771e-01
-3.4451267624736642e-01
-3.4680695252182214e-01
-3.3785261685678536e-01
-3.1413892353071432e-01
-2.7149640997935326e-01
-2.0502313702407557e-01
-1.0901075222726840e-01
2.3127810388498163e-02
1.9892684235387476e-01
4.2693008860341164e-01
7.1674385559148501e-01
1.0790778409700534e+00
1.5257702324664963e+00
2.0697933750114403e+00
2.7252361174555628e+00
3.5072588409416352e+00
4.4320171572648652e+00
5.5165503655596009e+00
6.7786309850284860e+00
8.2365720562580247e+00
9.9089894359021873e+00
1.1814517009067639e+01
1.3971473615788081e+01
1.6397481533280313e+01
1.9109037568712282e+01
2.2121039186611110e+01
2.5446269602338109e+01
2.9094847392111063e+01
3.3073647868196247e+01
3.7385705204060919e+01
4.2029606021768373e+01
4.6998886818681640e+01
5.2281449154946699e+01
5.7859007884444580e+01
6.3706588826943872e+01
6.9792093083515695e+01
7.6075945630309761e+01
8.2510845830378017e+01
8.9041637030762985e+01
9.5605311422879268e+01
1.0213116481152085e+02
1.0854111384922999e+02
1.1475018565237596e+02
1.2066718654535752e+02
1.2619555302096087e+02
1.3123438391919990e+02
1.3567964839323969e+02
1.3942555954805309e+02
1.4236609881941442e+02
1.4439667133615922e+02
1.4541586781686530e+02
1.4532730413862288e+02
1.4404150572923530e+02
1.4147780052025578e+02
1.3756618149558312e+02
1.3224909800351924e+02
1.2548313407759618e+02
1.1724053211717904e+02
1.0751052147156005e+02
9.6300413778017187e+01
8.3636430320191579e+01
6.9564231157823841e+01
5.4149121257653960e+01
3.7475915219062287e+01
1.9648449295222964e+01
7.8873709186362839e-01
-1.8964226613759102e+01
-3.9456001263567224e+01
-6.0518554280626859e+01
-8.1972404484450294e+01
-1.0362901908029079e+02
-1.2529342151804090e+02
-1.4676696182924388e+02
-1.6785019647894021e+02
-1.8834582145954801e+02
-2.0806160041738792e+02
-2.2681322911026106e+02
-2.4442707847440667e+02
-2.6074276101548236e+02
-2.7561546907092412e+02
-2.8891803861793267e+02
-3.0054269858115845e+02
-3.1040247285143261e+02
-3.1843221025725609e+02
-3.2458922630811611e+02
-3.2885354941253303e+02
-3.3122777321691427e+02
-3.3173652546869960e+02
-3.3042557214244948e+02
-3.2736058326192790e+02
-3.2262559370904637e+02
-3.1632119816580479e+02
-3.0856252405635161e+02
-2.9947702984779556e+02
-2.8920217827533287e+02
-2.7788303496402642e+02
-2.6566984254936176e+02
-2.5271561881163385e+02
-2.3917382462925610e+02
-2.2519614384536786e+02
-2.1093041257786990e+02
-1.9651873024958974e+02
-1.8209577884975886e+02
-1.6778737084297870e+02
-1.5370923989985405e+02
-1.3996608241063973e+02
-1.2665085172486005e+02
-1.1384430138509444e+02
-1.0161476842160003e+02
-9.0018183153456377e+01
-7.9098287984528255e+01
-6.8887044446379051e+01
-5.9405205257873654e+01
-5.0663026450734968e+01
-4.2661093636973376e+01
-3.5391236232611405e+01
-2.8837503849523436e+01
-2.2977180055678495e+01
-1.7781810204689602e+01
-1.3218221961551158e+01
-9.2495194116627761e+00
-5.8360341422284936e+00
-2.9362193387246882e+00
-5.0747565831616726e-01
1.4930996523967841e+00
3.1080463063830086e+00
4.3789606263145222e+00
5.3460024484657991e+00
6.0474883846651446e+00
6.5195687598178740e+00
6.7959840340175885e+00
6.9078952951199355e+00
6.8837824676969133e+00
6.7494032176195340e+00
6.5278051212512951e+00
6.2393834925020313e+00
5.9019772938757207e+00
5.5309957704284232e+00
5.1395688082929150e+00
4.7387145018947257e+00
4.3375179866411804e+00
3.9433162282365557e+00
3.5618841307419871e+00
3.1976180091160478e+00
2.8537131483460070e+00
2.5323328237569256e+00
2.2347667712094785e+00
1.9615776619519871e+00
1.7127346466901854e+00
1.4877334829731788e+00
1.2857031462958581e+00
1.1054991491844863e+00
9.4578405517991115e-01
8.0509587965246543e-01
6.8190522107017515e-01
5.7466206992158331e-01
4.8183330374076766e-01
4.0193190132608103e-01
3.3353890356427701e-01
2.7531911764205313e-01
2.2603151158315118e-01
1.8453518193377133e-01
1.4979170330941718e-01
1.2086458861249544e-01
9.6916506305888134e-02
7.7204818718935905e-02
6.1075925556935820e-02
4.7958821108367029e-02
3.7358203185802540e-02
2.8847407857122611e-02
2.2061386478612898e-02
1.6689891108438118e-02
1.2470990528217627e-02
9.1850020230838363e-03
6.6488930389055406e-03
4.7111814438493375e-03
3.2473429564722706e-03
2.1557186571992191e-03
1.3539035539279726e-03
7.7558902844956955e-04
3.6782620013541624e-04
8.8674052527681544e-05
-9.4805276144776951e-05
-2.0824163907182591e-04
-2.7137900218731362e-04
-2.9925914598874503e-04
-3.0319921518273766e-04
-2.9159262488934293e-04
-2.7055994510686915e-04
-2.4447349075294370e-04
-2.1637648060233476e-04
-1.8831496462046746e-04
-1.6159816768098202e-04
-1.3700056847389867e-04
-1.1491705201570655e-04
-9.5480530403559222e-05
-7.8649900739233443e-05
-6.4274736853400414e-05
-5.2141965958111026e-05
-4.2008742794784280e-05
-3.3624943544571266e-05
-2.6747838093846401e-05
-2.1151120438313241e-05
-1.6629861369821711e-05
-1.3002642764320400e-05
-1.0111733921535077e-05
-7.8220799008285468e-06
-6.0195263325488121e-06
-4.6086914569042178e-06
-3.5106836247702257e-06
-2.6608449379381346e-06
-2.0066381202514106e-06
-1.5057028179183387e-06
-1.1241496008409530e-06
-8.3504441050531191e-07
-6.1712176423648784e-07
-4.5370762199549136e-07
-3.3181001261213964e-07
-2.4135306287133259e-07
-1.7458647844735607e-07
-1.2557060390704274e-07
-8.9780278737175993e-08
-6.3795278113831050e-08
-4.5037339639594248e-08
-3.1576020462670291e-08
-2.1976059331330556e-08
-1.5175698004839443e-08
-1.0390491309265821e-08
-7.0460140282994090e-09
-4.7293544745088654e-09
-3.1343826059032113e-09
-2.0487112274727961e-09
-1.3191339914078841e-09
-8.3012283450046422e-10
-5.0849320145688432e-10
-3.0244882250420513e-10
-1.7166902374020805e-10
-8.7506229880710279e-11
-3.8569881682079231e-11
-1.2297408465603813e-11
5.1945368072070918e-12
1.1161111357140737e-11
1.5424771029933632e-11
1.4511182877313547e-11
1.2537457064873103e-11
1.2449430078380567e-11
1.1829854223127659e-11
7.0166857466045965e-12
4.6511838291983824e-12
6.2881750922232542e-12
4.9546066953042529e-12
3.3224081736257025e-13
1.9200656431797172e-12
2.1162741930830735e-12
1.3113871115641882e-12
4.9666887107599967e-13
1.6817508154462187e-12
-1.8672718286747703e-13
2.9428628844323679e-12
6.9493919472505662e-13
-9.8322980871281287e-13
-9.0267584320190588e-13
1.8437303841821383e-12
-2.0933791513463846e-13
1.1353593489276897e-12
2.5299757035439282e-13
-3.5461371035463157e-13
-2.0373457007669490e-13
4.9791205461046745e-14
-1.8748129344614977e-12
-2.2283677310398947e-12
4.7468211377826310e-13
3.0980071506721138e-13
2.2742854562532254e-13
7.2558227356735228e-13
-2.4807044163417380e-12
1.4275477476653589e-12
-2.7173824342524587e-12
-1.8965143216557784e-13
-5.6966137729260317e-13
1.7549237030020674e-13
-2.7541135187776048e-13
-8.3789111597215566e-13
-1.1434074247449933e-12
8.2672479872880614e-13
-1.6490823807865574e-12
-4.3575998601443304e-13
8.4445895633887074e-13
2.6467745738556796e-13
-1.3849124386615346e-12
-7.1446121412264630e-13
-2.3899036474472487e-13
-2.1921878598088245e-14
-1.2404594757748727e-13
-6.7632589634227656e-13
-1.2394824853846317e-12
2.8035959909128722e-13
-5.7530338099434618e-13
-1.2120283634595932e-12
1.0194506173615986e-12
-1.3151111756645038e-12
-1.5262893385498358e-12
8.2163617555512133e-13
1.4718232091954473e-13
-3.4086158645738264e-13
-5.4207415994072440e-13
1.4267626184431201e-13
3.8773568896027711e-13
-9.3894991493093226e-13
-1.4399498219399851e-12
2.0219591372669986e-13
4.2602091677246668e-13
-2.0234998922409424e-12
4.3976285878312720e-13
-3.1428974669163745e-13
9.6847818895206174e-13
-2.1485601776776951e-12
-1.6086873025949398e-12
9.2639376118975217e-13
-4.3840420193455174e-14
-2.0378945887225646e-12
-2.8196166669263263e-13
2.5517260180646850e-13
-3.0543939113268640e-13
-6.6281572593921871e-13
-4.6818497047553427e-13
1.5889639661074366e-12
-4.8810162210493878e-13
2.9650086927576284e-13
5.1893330981007629e-13
1.9917099248612693e-12
1.4691475099516830e-12
3.9149073877120353e-13
-3.1321229752383878e-12
1.7974594692781722e-12
-1.8455666353426313e-13
6.4097396030175632e-13
-1.0031885690409784e-12
6.6801025840292934e-13
-2.9110818023984306e-13
1.8490464395467387e-13
-3.1447885758368658e-14
-2.5128511093963282e-12
-1.0786930536955399e-12
1.3100453843659783e-12
-8.1962730034802601e-13
1.0112486123792217e-12
2.9840647771813344e-13
1.8641145093654156e-13
-1.7177381032592645e-12
3.4250009251547964e-13
2.3319036994528401e-13
8.5309102285845256e-13
1.4156759408096798e-12
-6.8640848129175852e-13
2.9997966079927022e-13
-4.3527654260586084e-13
1.2991157063988054e-12
1.4615198723689004e-12
-1.2028204813604232e-12
1.0083571467828304e-12
-4.5548478659752336e-13
1.4018151848675344e-13
4.0664601561978686e-13
-1.2710252724730206e-12
4.0975284263228121e-13
4.5244124766738703e-13
-8.3379203695971049e-13
6.2888536170116073e-13
6.9333421447149072e-13
5.0875801060467659e-13
2.1291216169744390e-13
8.8792900848153676e-13
-1.8042834151544313e-12
-8.3105090194672001e-14
-6.2340737510169926e-13
6.0981012768117446e-13
4.7801631462315767e-13
-1.2757762022074951e-12
8.2008503398812055e-13
-8.8467471380745650e-13
2.5675458799487000e-12
1.1492496049370900e-12
