-2.3390311647867314e-12
-1.4931695598740680e-12
-9.1463586074369067e-14
9.3876087413704850e-13
1.6363382241528013e-12
-8.9872809941987130e-13
-1.3925902599737579e-12
3.0951972008865974e-12
-9.5937134383636972e-14
-6.9599960047264449e-13
-1.5102017402963153e-12
1.9338522257872150e-12
-1.0468870577524234e-12
-5.7747782111041757e-13
-7.9946124160973986e-13
-2.6941617648780135e-13
-2.0664313921425829e-13
1.3995376866241615e-12
-1.6532437686727886e-12
9.7273839526967582e-13
1.2681202027312165e-12
-8.8121180034938432e-13
-7.8721228982038000e-13
7.8398419253146981e-13
2.0155807271299523e-12
-1.2637442785585729e-12
-2.6782388520497238e-13
1.2823337402237300e-12
-1.5101691874820342e-12
4.8752596538154681e-13
9.6879757478226943e-13
-1.9373451017817357e-12
5.6010269465487125e-14
2.3585911534121655e-12
-9.2690239995867065e-13
3.7829451015891284e-13
9.7979746524200505e-13
-1.4576801998410864e-12
-1.6264223451631268e-12
1.8212767364105250e-12
9.4732198843362658e-13
-1.4232273663653869e-13
-1.1549767695817694e-12
7.1371959547959950e-13
1.3855702445725742e-12
9.0037466546322237e-13
-8.2179727557463893e-13
-1.8185837021006763e-12
9.1993794455774070e-13
9.5387299120521940e-13
-2.8871110800823972e-12
8.3880711438089642e-13
-1.9462468312666702e-15
-5.0207564739534763e-13
-1.7409179127504225e-12
9.6626281463500054e-14
-1.8401672541720549e-12
-2.2949136058958070e-14
-2.6754420210958498e-14
-7.7986752057904585e-13
-2.1366134695627210e-12
1.6261646888652920e-12
-1.7682876178378120e-12
-8.9881161119176419e-13
1.8110513502687276e-13
-8.7018034739424257e-13
8.7933618631818901e-13
7.6733621224699873e-13
2.7403283884277608e-12
6.6340833146880214e-12
1.6436391236933076e-11
2.3560619868951158e-11
4.2859784484555933e-11
7.4633567628132577e-11
1.2013620851988350e-10
1.8866181557323342e-10
2.9568408251957424e-10
4.5436812025834500e-10
6.8497007654586593e-10
1.0279176130032231e-09
1.5249554436653707e-09
2.2416837962511695e-09
3.2659837174890924e-09
4.7176748911972054e-09
6.7636103652888058e-09
9.6388047465873763e-09
1.3633587906919633e-08
1.9156819551034980e-08
2.6757348497213708e-08
3.7140338404774588e-08
5.1246452321631142e-08
7.0290041834855597e-08
9.5850565511939142e-08
1.2994116838651946e-07
1.7513806460767910e-07
2.3467664480406777e-07
3.1260375595717311e-07
4.1392195614573873e-07
5.4474661120953069e-07
7.1244022178275485e-07
9.2576673680544228e-07
1.1949348967514880e-06
1.5316002986475034e-06
1.9486788624894765e-06
2.4599615749555268e-06
3.0793306768512035e-06
3.8195221676126454e-06
4.6901458299921554e-06
5.6946926808815440e-06
6.8262406582468303e-06
8.0612972380547104e-06
9.3512189329997970e-06
1.0610470231664086e-05
1.1700723337222371e-05
1.2409615834319538e-05
1.2422722747859383e-05
1.1286914297156722e-05
8.3629625533958662e-06
2.7647599341353973e-06
-6.7178979201992338e-06
-2.1716588473871791e-05
-4.4405802801350509e-05
-7.7653487568746902e-05
-1.2520609573547122e-04
-1.9191401690763483e-04
-2.8400406257897274e-04
-4.0940590491861671e-04
-5.7813984173966872e-04
-8.0277302684271079e-04
-1.0989513155863456e-03
-1.4860127257794679e-03
-1.9876873839954827e-03
-2.6328864905274573e-03
-3.4565796847342272e-03
-4.5007558756490979e-03
-5.8154568204912402e-03
-7.4598652759525841e-03
-9.5034200763178187e-03
-1.2026919085983497e-02
-1.5123556664084735e-02
-1.8899825633390214e-02
-2.3476194087939575e-02
-2.8987444562520788e-02
-3.5582537293529219e-02
-4.3423830533722584e-02
-5.2685459173394449e-02
-6.3550638779322474e-02
-7.6207626465550210e-02
-9.0844032871531255e-02
-1.0763914302644979e-01
-1.2675386865124738e-01
-1.4831792281322798e-01
-1.7241378159180590e-01
-1.9905697929740795e-01
-2.2817227649059243e-01
-2.5956524661500824e-01
-2.9288885130980635e-01
-3.2760461952099212e-01
-3.6293811529453290e-01
-3.9782847749262801e-01
-4.3087194454829914e-01
-4.6025944231546023e-01
-4.8370851524970143e-01
-4.9839012230970464e-01
-5.0085109942983486e-01
-4.8693340954841591e-01
-4.5169165632101621e-01
-3.8931072424219526e-01
-2.9302581985925358e-01
-1.5504761672666964e-01
3.3504360296890891e-02
2.8265655166847359e-01
6.0362042205523059e-01
1.0088114474904568e+00
1.5118434260616702e+00
2.1274933027463145e+00
2.8716316047274648e+00
3.7611136222933590e+00
4.8136266661799887e+00
6.0474891061363891e+00
7.4813974671532479e+00
9.1341186440578408e+00
1.1024125303301712e+01
1.3169173776199177e+01
1.5585825208165614e+01
1.8288912402022497e+01
2.1290956659441981e+01
2.4601540952315641e+01
2.8226647904647667e+01
3.2167973283784704e+01
3.6422227926735260e+01
4.0980443192674514e+01
4.5827297058918695e+01
5.0940479781157073e+01
5.6290119532820860e+01
6.1838289535242090e+01
6.7538618804966035e+01
7.3336028697497099e+01
7.9166616848728935e+01
8.4957708849060666e+01
9.0628095991549927e+01
9.6088474694500292e+01
1.0124209971394754e+02
1.0598565906162450e+02
1.1021037368489834e+02
1.1380331953043077e+02
1.1664896371411926e+02
1.1863090029340238e+02
1.1963376474498538e+02
1.1954529987235388e+02
1.1825853969944443e+02
1.1567407215462821e+02
1.1170233622203145e+02
1.0626590493952978e+02
9.9301702346860722e+01
9.0763100407428297e+01
8.0621841188840165e+01
6.8869730303293821e+01
5.5520049851009581e+01
4.0608642905482441e+01
2.4194626905735166e+01
6.3607001052186387e+00
-1.2786986654992424e+01
-3.3119411303658907e+01
-5.4485723265680903e+01
-7.6714744899732352e+01
-9.9616917709184577e+01
-1.2298666804104091e+02
-1.4660515590637453e+02
-1.7024336007631825e+02
-1.9366544305850056e+02
-2.1663233124705465e+02
-2.3890543874317814e+02
-2.6025045829787740e+02
-2.8044113971982034e+02
-2.9926297504664956e+02
-3.1651671086230544e+02
-3.3202161135331903e+02
-3.4561840096468416e+02
-3.5717182270513638e+02
-3.6657275706599438e+02
-3.7373985690455265e+02
-3.7862066520376544e+02
-3.8119219501812699e+02
-3.8146096379039744e+02
-3.7946248720055036e+02
-3.7526025041280866e+02
-3.6894418665619776e+02
-3.6062870417183206e+02
-3.5045031238336929e+02
-3.3856490643908262e+02
-3.2514477583100660e+02
-3.1037540747276074e+02
-2.9445215633009929e+02
-2.7757685742709185e+02
-2.5995445183787371e+02
-2.4178969622063036e+02
-2.2328402071097884e+02
-2.0463259376714799e+02
-1.8602164508764938e+02
-1.6762608927098574e+02
-1.4960748374090207e+02
-1.3211234491350075e+02
-1.1527083692455071e+02
-9.9195837746167783e+01
-8.3982378459915992e+01
-6.9707443049568681e+01
-5.6430108528051889e+01
-4.4191998677776908e+01
-3.3018019279528957e+01
-2.2917338506735806e+01
-1.3884573202178405e+01
-5.9011400258786590e+00
1.0632700786906935e+00
7.0491350850829919e+00
1.2105502164030433e+01
1.6288382006865227e+01
1.9659170973313213e+01
2.2283131081855711e+01
2.4227953675786598e+01
2.5562428147079217e+01
2.6355232533052590e+01
2.6673858256930057e+01
2.6583676887958053e+01
2.6147152657363236e+01
2.5423200672772342e+01
2.4466687395166037e+01
2.3328067028137852e+01
2.2053145049586981e+01
2.0682958202255410e+01
1.9253758846847884e+01
1.7797090650075649e+01
1.6339942097910217e+01
1.4904964249956089e+01
1.3510739434984893e+01
1.2172088176731478e+01
1.0900402476905006e+01
9.7039946124389544e+00
8.5884517716317053e+00
7.5569881075339538e+00
6.6107870790566237e+00
5.7493282397173644e+00
4.9706938843036124e+00
4.2718521458140790e+00
3.6489142257282441e+00
3.0973644230071349e+00
2.6122624901447167e+00
2.1884185822545486e+00
1.8205416769104525e+00
1.5033628306393727e+00
1.2317350093621631e+00
1.0007114931470635e+00
8.0560502135257728e-01
6.4202992394443958e-01
5.0592949172961488e-01
3.9359078413565235e-01
3.0164897100425042e-01
2.2708316581577240e-01
1.6720554258682993e-01
1.1964534689864148e-01
8.2329221484899601e-02
5.3459075585204061e-02
3.1488540269803411e-02
1.5098874289914691e-02
3.1750194654768709e-03
-5.2176460335696118e-03
-1.0855442846957773e-02
-1.4377118041822809e-02
-1.6302970372393016e-02
-1.7052263133068967e-02
-1.6958884055749194e-02
-1.6285267162909092e-02
-1.5234634282183622e-02
-1.3961645246343492e-02
-1.2581568040928736e-02
-1.1178093566496754e-02
-9.8099268739279787e-03
-8.5162881866005600e-03
-7.3214545730196662e-03
-6.2384671509383115e-03
-5.2721208699168702e-03
-4.4213443878779284e-03
-3.6810672873695337e-03
-3.0436613070147565e-03
-2.5000318048362222e-03
-2.0404255669808930e-03
-1.6550116264098939e-03
-1.3342831222181476e-03
-1.0693202124370845e-03
-8.5194720145353846e-04
-6.7481091228216200e-04
-5.3140191615139404e-04
-4.1603582966010823e-04
-3.2380809782119372e-04
-2.5053247331888195e-04
-1.9267084347544654e-04
-1.4726000295786369e-04
-1.1183933952928805e-04
-8.4381981242725871e-05
-6.3231160140319359e-05
-4.7042637705839979e-05
-3.4733548505249041e-05
-2.5437691743458434e-05
-1.8466947045139829e-05
-1.3278391646677421e-05
-9.4465481751734029e-06
-6.6402678089077278e-06
-4.6035673349677552e-06
-3.1399417371689398e-06
-2.0996218666176442e-06
-1.3692942591158726e-06
-8.6386290273256354e-07
-5.1993621022743952e-07
-2.9069307961947571e-07
-1.4183644830510901e-07
-4.8505565685393956e-08
7.1407520067443605e-09
3.7755382551062568e-08
5.2198054635421756e-08
5.6566206022623990e-08
5.4996609493072560e-08
5.0216973244720895e-08
4.3984646397328802e-08
3.7386005937510174e-08
3.1055151005144270e-08
2.5319140966084429e-08
2.0328360314807558e-08
1.6109750190905523e-08
1.2619685939201891e-08
9.7838213753011027e-09
7.5161819347214085e-09
5.7252919005261518e-09
4.3237962304523903e-09
3.2427240308195558e-09
2.4140333991144833e-09
1.7865701727300334e-09
1.3143709610387803e-09
9.6124104923943225e-10
6.9450570476215518e-10
5.0402242852006372e-10
3.6045490137616368e-10
2.5760566693137928e-10
1.8167177533075781e-10
1.3045385139910043e-10
8.9336489845394168e-11
6.2617446156070549e-11
4.5109236320086021e-11
2.9331483795798718e-11
1.9827467829763183e-11
1.4482195949888677e-11
9.4679080032985910e-12
6.2883243830980591e-12
3.7529485351497299e-12
4.4878084442816854e-12
-1.1051253187171855e-12
1.4150181251846619e-12
-7.2155089078431083e-13
-5.9258018549513724e-13
-4.2035616618272587e-13
1.1788999471580364e-12
-5.0961640845902768e-13
9.3365869841734453e-13
1.3059217055218843e-12
-1.7167551187976673e-12
7.3455535993334651e-13
2.7704619143718404e-12
-1.2242116164434976e-12
1.4227992484969525e-13
-5.3412537109565513e-13
1.0865148781078930e-12
-7.5696100154949610e-13
1.3561709858678919e-13
-1.5318067493462940e-13
5.5189181403877437e-13
1.0243529590828176e-12
8.4236479726549014e-13
8.2012775951152133e-13
-1.0025711690261732e-12
4.2839239362494505e-13
-1.3439228235103158e-12
3.2394323736447197e-12
5.7591015480493648e-13
-1.8099820897403407e-12
-7.8072712185706153e-13
6.9638819602825765e-13
-1.8233878202710606e-13
-1.3160246657413462e-12
-1.8114087477184835e-12
3.3303902304653221e-13
-9.2285516743014226e-13
9.3557256608101124e-14
-6.2966773327851625e-13
-9.4518336056735827e-13
4.4424643735160435e-13
-3.4997856562798694e-13
-1.4711451343982293e-12
1.0594255096331896e-12
1.0808426431228911e-12
1.1025609530892319e-12
-8.6916535946317972e-13
-1.2090085709854246e-12
-1.2940680440363488e-13
-8.5054233604855517e-14
-6.3421887887394293e-14
-1.0191723957624557e-12
3.7901317049437985e-13
6.0563394580662644e-13
-8.2907252690943301e-13
-8.6263426951510094e-13
-9.8118040292142042e-14
2.2734565420963808e-12
-1.3208669349958572e-12
4.8979603192928131e-13
-7.1267994921160400e-13
1.2538983278492834e-12
-8.1885818211025023e-13
-2.0980250686252560e-14
-2.1052186632438250e-12
2.6291410896049619e-12
-5.0720721807556682e-13
-1.6514146658741510e-13
-8.1086967909440461e-14
3.4702377179600266e-14
-1.8103774989107677e-12
1.6263389308743448e-12
-1.6720094858170202e-12
2.0341386639658930e-12
1.8445571511381387e-12
5.2935259269522531e-13
-1.4726657114059260e-12
6.3697625019893536e-13
2.8766679210133154e-13
-2.9444876564863666e-13
-1.1010932760364274e-12
-3.5577859859868705e-13
-1.3209840952758136e-12
-5.9626807407272482e-13
1.7325293886683344e-12
-7.6568506441495616e-13
-7.7712598847422151e-13
5.0053554898321071e-13
-9.3147001799270371e-13
-5.6839718280585168e-13
1.2110866395360063e-13
-2.6408697527462195e-12
5.8883682086578919e-13
-1.8682895645558311e-12
3.2419728651022485e-13
-7.0220905837013909e-13
7.3839041220022840e-13
-3.7431819942589479e-13
1.2663900866583256e-12
