-1.2620270433852426e-12
-5.9321097092840519e-13
1.2586999035348950e-12
-1.0213779107969563e-12
-5.5479084740277474e-13
-1.0854519549505543e-12
-6.3734786107587234e-13
-3.2430792919955732e-13
7.6853592205962621e-13
-2.1648581550380391e-13
-1.1336247306145678e-12
9.6952416342045944e-13
3.1944498245562564e-13
-1.6948691743967016e-13
7.6153365246938432e-14
1.2441093888917876e-12
-9.9136753927194369e-13
1.4067360814007475e-12
2.1496142226476162e-13
3.8439994152953172e-13
4.3078685936711836e-14
8.0087634281615088e-13
-1.6467502475436797e-13
4.7546214888563535e-13
2.4675235637817297e-12
4.4000807537308729e-13
-1.8030981190840499e-13
-5.6316039863710607e-13
-5.5191835057603758e-13
-4.6194075600291501e-13
-6.2205503197158052e-13
6.8037365939952951e-13
-1.0221404112495490e-13
8.5271356284565188e-13
4.8357762696227405e-13
8.5274413313098975e-13
-6.3945427249119565e-13
5.9644243567428720e-14
-1.8126499390673150e-13
-5.3435493565070411e-13
2.4642066090981606e-13
7.7146281477209170e-13
3.1690696520111424e-13
-4.5872365711358175e-14
-5.1561578167778179e-13
-3.4789472220497761e-13
-1.9724557987313474e-13
-8.9248126888786994e-13
-2.9565275231062789e-13
3.1341707668759624e-13
9.2590865409896637e-13
9.5827737690535670e-14
3.7980487929692615e-13
-1.1559217842496931e-12
5.2650850977900967e-13
-1.5448742125521942e-12
-4.8254716763815867e-13
-8.6030084328415288e-13
8.0281589681878187e-13
-1.1626803843288091e-12
-1.8604326409337688e-12
7.9582683501160610e-13
7.3873302615405933e-14
1.4626349241295829e-13
5.2057666641262628e-13
-5.3094950354690224e-14
4.5820170151157763e-13
-6.2476905443390177e-13
3.3130788255794473e-13
-2.9467859040936668e-14
5.4372128756910862e-13
-4.8523682356610416e-13
-6.4461604757300712e-13
-2.4456866209448705e-13
-1.9559932973775848e-13
-2.9812779723506112e-12
-2.7915749140488747e-12
-4.4458558973245969e-12
-6.3947118306909390e-12
-9.1032619641502060e-12
-1.3834166879596675e-11
-2.0108153804708741e-11
-2.7581743148236150e-11
-3.9663731015310936e-11
-5.6936372283133447e-11
-8.0553340509883175e-11
-1.1422610431084597e-10
-1.6014401762027117e-10
-2.2576282546056426e-10
-3.1660604386466981e-10
-4.4544792914172492e-10
-6.2010930460722864e-10
-8.6277221231736130e-10
-1.1955001669483591e-09
-1.6536795768382380e-09
-2.2763297646525835e-09
-3.1275289027247349e-09
-4.2811501665190238e-09
-5.8389246443214632e-09
-7.9401876902422207e-09
-1.0758630939831581e-08
-1.4527456798993530e-08
-1.9548296687921215e-08
-2.6211938640194983e-08
-3.5021597759728555e-08
-4.6620515338118577e-08
-6.1827980271911178e-08
-8.1682466744786289e-08
-1.0748927067805474e-07
-1.4088257643659443e-07
-1.8388457376780556e-07
-2.3898109295804522e-07
-3.0921171064059827e-07
-3.9822767579535274e-07
-5.1039692596728471e-07
-6.5084347528819590e-07
-8.2548971580938142e-07
-1.0410489260349639e-06
-1.3049119623146822e-06
-1.6249229392185447e-06
-2.0089783002569087e-06
-2.4643226131467820e-06
-2.9964865048068406e-06
-3.6076695080527652e-06
-4.2943860611322490e-06
-5.0441030942106394e-06
-5.8305236245829887e-06
-6.6070716428331239e-06
-7.2979732863830428e-06
-7.7862520623477056e-06
-7.8976390907142306e-06
-7.3792686477047222e-06
-5.8716403405198809e-06
-2.8720498121016101e-06
2.3128460958187557e-06
1.0628085998797336e-05
2.3348563984530390e-05
4.2178460137875876e-05
6.9377017271550709e-05
1.0791676829700975e-04
1.6168152033414114e-04
2.3571280310290908e-04
3.3651504002113437e-04
4.7243159702263797e-04
6.5410580099057225e-04
8.9504340057289147e-04
1.2122954501082128e-03
1.6272833549820205e-03
2.1667908770969095e-03
2.8641511111886122e-03
3.7606598865040611e-03
4.9072505256803024e-03
6.3664686004495721e-03
8.2147887938694240e-03
1.0545319488616003e-02
1.3470943754690592e-02
1.7127948156773438e-02
2.1680192717594797e-02
2.7323876523157882e-02
3.4292953278359586e-02
4.2865249553705846e-02
5.3369334992010159e-02
6.6192188046381203e-02
8.1787692553422567e-02
1.0068598904986950e-01
1.2350369004066651e-01
1.5095494960663766e-01
1.8386335489799099e-01
2.2317457932559456e-01
2.6996970477527488e-01
3.2547908228268640e-01
3.9109655765605578e-01
4.6839384001033135e-01
5.5913473786037027e-01
6.6528892904106474e-01
7.8904486850632960e-01
9.3282137231358275e-01
1.0992773484166909e+00
1.2913190762873357e+00
1.5121043699807757e+00
1.7650428948364831e+00
2.0537918490356906e+00
2.3822461705333287e+00
2.7545223901087881e+00
3.1749352259993060e+00
3.6479660077028968e+00
4.1782220300566584e+00
4.7703859765176500e+00
5.4291546164566311e+00
6.1591660782284352e+00
6.9649151304090502e+00
7.8506560703879646e+00
8.8202930238267587e+00
9.8772577011973954e+00
1.1024374938308249e+01
1.2263716665184253e+01
1.3596445298957452e+01
1.5022647937716652e+01
1.6541163137910964e+01
1.8149402480639587e+01
1.9843169563936133e+01
2.1616479488245819e+01
2.3461382319891044e+01
2.5367794409410241e+01
2.7323341794911521e+01
2.9313220220592211e+01
3.1320076532890663e+01
3.3323916366694114e+01
3.5302043087883739e+01
3.7229032902948838e+01
3.9076750870438914e+01
4.0814412242902264e+01
4.2408693125117217e+01
4.3823893851121923e+01
4.5022157758448159e+01
4.5963747176925033e+01
4.6607377459163480e+01
4.6910608772733923e+01
4.6830294166493680e+01
4.6323081136923591e+01
4.5345962579304370e+01
4.3856871642391617e+01
4.1815313645670187e+01
3.9183026900070239e+01
3.5924663032349457e+01
3.2008476287264507e+01
2.7407010307028450e+01
2.2097770099521295e+01
1.6063866338368776e+01
9.2946188183199308e+00
1.7861058427693544e+00
-6.4583534347705038e+00
-1.5427796144891333e+01
-2.5103303885795999e+01
-3.5457792369306929e+01
-4.6455911490498949e+01
-5.8054063058412851e+01
-7.0200541459217476e+01
-8.2835800351137763e+01
-9.5892846156430949e+01
-1.0929775666975058e+02
-1.2297032059907954e+02
-1.3682479135404864e+02
-1.5077074595709860e+02
-1.6471403763660985e+02
-1.7855782852749147e+02
-1.9220368700976806e+02
-2.0555273261118137e+02
-2.1850681013052559e+02
-2.3096967374153553e+02
-2.4284816134054310e+02
-2.5405333932274362e+02
-2.6450159831895320e+02
-2.7411568119324090e+02
-2.8282562577691971e+02
-2.9056960637033922e+02
-2.9729465994509320e+02
-3.0295728518078766e+02
-3.0752390491995271e+02
-3.1097118526307673e+02
-3.1328620728961198e+02
-3.1446649021411372e+02
-3.1451986760185667e+02
-3.1346422100973132e+02
-3.1132707802229032e+02
-3.0814508406090749e+02
-3.0396335950373441e+02
-2.9883475552029921e+02
-2.9281902356092382e+02
-2.8598191462035766e+02
-2.7839422520052130e+02
-2.7013080732126974e+02
-2.6126955997443895e+02
-2.5189041909683544e+02
-2.4207436247425082e+02
-2.3190244500998770e+02
-2.2145487853408355e+02
-2.1081016883484034e+02
-2.0004432090841962e+02
-1.8923012159324696e+02
-1.7843650683355233e+02
-1.6772801884976124e+02
-1.5716435653050354e+02
-1.4680002044656990e+02
-1.3668405206215206e+02
-1.2685986501963343e+02
-1.1736516483167597e+02
-1.0823195195305649e+02
-9.9486602043523405e+01
-9.1150016283711139e+01
-8.3237833875190489e+01
-7.5760698342891828e+01
-6.8724568958269572e+01
-6.2131068504062675e+01
-5.5977858692320034e+01
-5.0259034807846881e+01
-4.4965531559350318e+01
-4.0085532657137968e+01
-3.5604877275879460e+01
-3.1507457279328580e+01
-2.7775599857308897e+01
-2.4390431030820363e+01
-2.1332216297274503e+01
-1.8580675495155702e+01
-1.6115269748612892e+01
-1.3915459092513290e+01
-1.1960930065328606e+01
-1.0231793181212531e+01
-8.7087507467465901e+00
-7.3732359677507437e+00
-6.2075246950187433e+00
-5.1948214851404879e+00
-4.3193219052754976e+00
-3.5662531927620775e+00
-2.9218954963021186e+00
-2.3735859811270812e+00
-1.9097080827066353e+00
-1.5196681490664445e+00
-1.1938616279888448e+00
-9.2363083961361814e-01
-7.0121623409361999e-01
-5.1970287483896083e-01
-3.7296371663864608e-01
-2.5560107010474670e-01
-1.6288746459078562e-01
-9.0706944959232580e-02
-3.5497667252352517e-02
5.8035031599404496e-03
3.5813837310761633e-02
5.6754615798715546e-02
7.0497736184649523e-02
7.8608870278676260e-02
8.2387081361277162e-02
8.2900891501433802e-02
8.1020855828053295e-02
7.7448754352270416e-02
7.2743554087985107e-02
6.7344325552542536e-02
6.1590319820543610e-02
5.5738425862434576e-02
4.9978234711208665e-02
4.4444937619239469e-02
3.9230281346189326e-02
3.4391795825536274e-02
2.9960498623089093e-02
2.5947267700433277e-02
2.2348059696640901e-02
1.9148135834584291e-02
1.6325442139891760e-02
1.3853275437961068e-02
1.1702351709960661e-02
9.8423793016221943e-03
8.2432261657140529e-03
6.8757581004253512e-03
5.7124137197247984e-03
4.7275717618978424e-03
3.8977573631819524e-03
3.2017259147973935e-03
2.6204562108128942e-03
2.1370785410819537e-03
1.7367582265619907e-03
1.4065508020692521e-03
1.1352413334936890e-03
9.1317730659288437e-04
7.3210216513142458e-04
5.8499441718025240e-04
4.6591575010946322e-04
3.6987027091901141e-04
2.9267604504339026e-04
2.3084939213738272e-04
1.8150181513283131e-04
1.4224913713937389e-04
1.1113206881524809e-04
8.6547367323214241e-05
6.7188604506129162e-05
5.1995565584729115e-05
4.0111280501355903e-05
3.0845794502248422e-05
2.3645760529814576e-05
1.8069085519970628e-05
1.3763896304763879e-05
1.0451160647352187e-05
7.9104305181253749e-06
5.9681779448756359e-06
4.4882980379150330e-06
3.3644259891245093e-06
2.5137329837764781e-06
1.8719512790129058e-06
1.3893897962085969e-06
1.0277619603506026e-06
7.5767647764967615e-07
5.5664357357705864e-07
4.0752377461730905e-07
2.9729570089076623e-07
2.1610009266898908e-07
1.5650282166393393e-07
1.1291672241315790e-07
8.1158689924416530e-08
5.8102097491688366e-08
4.1429372989034917e-08
2.9416582158584854e-08
2.0797259087138330e-08
1.4636296444767430e-08
1.0255085330765179e-08
7.1492849168636574e-09
4.9571223051079357e-09
3.4207439232758284e-09
2.3461853347067369e-09
1.5986416935497948e-09
1.0833761300371087e-09
7.2704280394312631e-10
4.8453812303724701e-10
3.2040168812409652e-10
2.1037497419365785e-10
1.3592879261013332e-10
8.7793532003765014e-11
5.2840378760054809e-11
3.2606267944182571e-11
1.8639956468078212e-11
1.2601271983215033e-11
6.7514228679974589e-12
2.5471290351347382e-12
4.4129699530513512e-13
8.7644510513645492e-13
-8.2573246790068233e-14
-1.4064279660108261e-12
-1.0951008969269036e-12
-1.0774471110347973e-12
9.4412157077212855e-13
3.8685790585016261e-13
-2.8791409062791600e-14
8.9131543309059376e-13
-5.2665892333528416e-13
-4.1189459653631099e-13
-7.3585641463767624e-13
8.8750612795897940e-14
-1.1236187383227783e-13
-1.1044864520363857e-13
-5.8222487704844645e-13
-3.6022285685034999e-13
3.5593436355020271e-14
2.7538724641269240e-13
4.4854308341590233e-14
3.2636926067439490e-13
6.9159111102357159e-14
4.1122267949408203e-13
-8.2403360052893821e-13
-3.3890613684782742e-13
7.5415542084100664e-13
2.0583538026329602e-14
-1.7343204355674576e-13
-1.2661092654968646e-13
6.7567865272645337e-13
-1.8877726646859287e-13
6.3833662073105400e-13
-1.0466149382255012e-12
7.4083495389692967e-13
4.8187316803937669e-13
-1.6649207468926946e-12
3.7001988788272109e-13
6.8019304316653403e-13
1.2149488993199556e-13
-6.5967944143106686e-13
1.1483581122122214e-13
-5.0804876773675599e-13
8.0841732896571507e-13
-5.6272868605685873e-13
-6.5806054761502215e-13
-3.9063189424620735e-13
-5.8725405284316634e-13
5.4697947984897623e-13
-1.1672456026630161e-12
7.8846864662572328e-13
-8.7367566827947690e-13
-1.0099678424381491e-12
-5.6127604891915247e-13
4.4619509889567927e-14
-2.1669441029026196e-12
2.9055158831285653e-13
1.3156989389211136e-13
-1.4369834480005872e-13
-1.3412016901678551e-12
-4.2419579317779690e-13
-4.7030289697748162e-13
-8.0576836525863449e-13
-5.0276816997357132e-13
-5.7224991074608848e-13
-2.9182535909525649e-14
1.4951380174808835e-12
-7.9910855705188919e-13
-5.4288430818747295e-13
3.0500631826598400e-13
5.3219574741645924e-13
1.9556342724513089e-13
2.6072028611510496e-13
-8.6169391049391624e-13
-8.7707064074336789e-13
-1.4618728897303929e-13
1.5154526721064774e-13
-1.7001217816451268e-12
-3.1875160027555681e-13
1.2163591164705640e-12
-3.5008963839750280e-13
-3.6295914949643307e-13
1.6277894130313887e-13
-5.7779094633693279e-13
-7.6717166068113889e-13
-7.4484687080080411e-14
-7.4230210989610256e-13
-6.1738583874500989e-13
8.0528928628602701e-13
3.0424210754010391e-14
