9.0400107406247105e-13
-1.5257162044840147e-12
2.5213467899768741e-12
-1.3208488290637323e-12
-2.4802867564873472e-13
1.6594525081915999e-12
-8.3619605207517397e-13
-7.0986745378118205e-13
-2.9497807476293886e-13
4.7089793920119746e-13
9.3513528091356781e-13
-2.3806479278672075e-12
1.8033984181997266e-12
4.6042845749547107e-13
5.8838271478608135e-13
1.2830971173879470e-12
9.0262385081644528e-13
-2.2587704528207036e-12
-7.7729109222580495e-13
1.5795893201156436e-12
-1.3527809979993835e-12
1.8076706102069633e-12
1.7175886280581650e-12
-2.5451411676476032e-12
1.5099477184601388e-12
-2.5016945115131901e-13
-1.5912836001052946e-12
-1.0921683996548840e-12
1.8492606259625810e-12
-2.7040403906695857e-12
-1.0817739001448357e-12
4.9178343706577149e-13
-5.8215304023557023e-13
-1.0963007103375371e-12
-1.0731738937369841e-13
3.3170891973286206e-13
-1.3716724905700061e-12
1.5913232065545099e-12
-7.2710415420959966e-13
-1.6725028435190187e-12
1.4413751844499251e-12
-3.6508696245489354e-13
-9.5607966010906807e-13
-8.1394579196628505e-13
2.0355706789556221e-12
-8.3858017071166634e-13
-2.0900001479479700e-13
9.2402381052886810e-13
-1.3833679513133335e-13
-8.2483728430385146e-13
-8.3575803057769506e-13
-3.5972078829181716e-12
-4.9813649705624528e-13
9.5237637836485679e-13
4.1225781738433365e-13
-1.8573794385221634e-12
1.7856860568226988e-12
3.6138833220239940e-13
-2.1832699223157179e-12
-1.6482970766313566e-12
3.8103215754172353e-13
1.8732517935128947e-13
4.7949673105327415e-13
-4.4054802152190914e-13
-1.7591894718703177e-13
1.7997120471711461e-12
4.1932749080420699e-13
-7.5771279833608107e-13
1.6632629342423267e-12
1.9943029890222352e-13
-2.3782321154910053e-13
1.1686060653010286e-12
-3.4409633034567558e-13
-5.4756722243508374e-13
-1.3112511233046044e-12
-1.1513083049216575e-13
-2.2253027747596950e-12
1.7898237378464294e-13
-2.5989626853486089e-13
-2.9208848966093689e-12
-3.1004786786489528e-12
-2.1845730433130317e-13
-5.3077455210938824e-12
-8.1580452965327869e-12
-1.0405644884191301e-11
-1.6342478151350398e-11
-2.0600814058706504e-11
-2.7416244165109102e-11
-4.0107359579620944e-11
-5.6361073806893774e-11
-7.6305026584070541e-11
-1.0792578962077186e-10
-1.5507026593041547e-10
-2.1317965059853223e-10
-2.9691217008742938e-10
-4.1816808720319868e-10
-5.7816933594555214e-10
-8.0803973253651644e-10
-1.1176042640338237e-09
-1.5411676328253125e-09
-2.1299215677820333e-09
-2.9302957158627288e-09
-4.0256058819580122e-09
-5.5190658716146314e-09
-7.5489246820406510e-09
-1.0302113207270732e-08
-1.4027327643828751e-08
-1.9061462386335373e-08
-2.5847013568052390e-08
-3.4967208639861485e-08
-4.7207485102506458e-08
-6.3595290451258498e-08
-8.5482831115016666e-08
-1.1465993460600801e-07
-1.5344980752036072e-07
-2.0492440372841463e-07
-2.7307079590432929e-07
-3.6308126131338918e-07
-4.8170853879663156e-07
-6.3770386630498638e-07
-8.4236919832048364e-07
-1.1102942954975579e-06
-1.4602326466986455e-06
-1.9162697882708179e-06
-2.5092235627754080e-06
-3.2784620028486877e-06
-4.2741317150726833e-06
-5.5599696473515100e-06
-7.2167673243402046e-06
-9.3466957905817329e-06
-1.2078629900587875e-05
-1.5574742080703886e-05
-2.0038567558972208e-05
-2.5724944832224089e-05
-3.2952107223732293e-05
-4.2116479508403383e-05
-5.3710607453361225e-05
-6.8344935281796097e-05
-8.6774050774162821e-05
-1.0992833819221949e-04
-1.3895195217675753e-04
-1.7524829066538331e-04
-2.2053419569601193e-04
-2.7690447037721284e-04
-3.4690828838899687e-04
-4.3363950825180098e-04
-5.4084297659208263e-04
-6.7303929034531090e-04
-8.3567064428395285e-04
-1.0352708157437634e-03
-1.2796624679977482e-03
-1.5781853533624081e-03
-1.9419593330186010e-03
-2.3841861868748883e-03
-2.9204947084150554e-03
-3.5693336088977561e-03
-4.3524169487349842e-03
-5.2952269478278857e-03
-6.4275789643910928e-03
-7.7842534005941209e-03
-9.4056988420901707e-03
-1.1338810646722623e-02
-1.3637788204292621e-02
-1.6365073504910621e-02
-1.9592372488218286e-02
-2.3401759154306302e-02
-2.7886860805908589e-02
-3.3154120648186056e-02
-3.9324131488221559e-02
-4.6533031404492359e-02
-5.4933948981448620e-02
-6.4698481782759776e-02
-7.6018187683546623e-02
-8.9106063899200130e-02
-1.0419798346921878e-01
-1.2155405345057020e-01
-1.4145985328994026e-01
-1.6422750568911709e-01
-1.9019652602330148e-01
-2.1973439003254136e-01
-2.5323675336457291e-01
-2.9112725030914527e-01
-3.3385679385745642e-01
-3.8190229400113768e-01
-4.3576470743483936e-01
-4.9596632882863834e-01
-5.6304723254873967e-01
-6.3756077380802656e-01
-7.2006806082619101e-01
-8.1113131389895798e-01
-9.1130603458823634e-01
-1.0211319182370515e+00
-1.1411224561064939e+00
-1.2717531897032113e+00
-1.4134485996482118e+00
-1.5665676346439183e+00
-1.7313879126951675e+00
-1.9080886568014994e+00
-2.0967324606291031e+00
-2.2972460155212411e+00
-2.5093999690469366e+00
-2.7327881255068505e+00
-2.9668062407326383e+00
-3.2106307054945709e+00
-3.4631974539495127e+00
-3.7231814735226343e+00
-3.9889773307745959e+00
-4.2586811616231550e+00
-4.5300746036699771e+00
-4.8006111710300807e+00
-5.0674055877106712e+00
-5.3272266021390182e+00
-5.5764938022631139e+00
-5.8112789366332436e+00
-6.0273122209251504e+00
-6.2199940708368580e+00
-6.3844126511932107e+00
-6.5153675663031088e+00
-6.6073999391383351e+00
-6.6548290368348368e+00
-6.6517954978815022e+00
-6.5923111037421895e+00
-6.4703149160540265e+00
-6.2797354712161209e+00
-6.0145585902891563e+00
-5.6689002254810434e+00
-5.2370836280899491e+00
-4.7137199897387676e+00
-4.0937915822074160e+00
-3.3727363042712706e+00
-2.5465324399758655e+00
-1.6117823452115683e+00
-5.6579371082509011e-01
5.9334299615915886e-01
1.8666823336950999e+00
3.2543583448542632e+00
4.7555270614747371e+00
6.3683183753341810e+00
8.0897985111389819e+00
9.9159442176124308e+00
1.1841629647069997e+01
1.3860626722670089e+01
1.5965619598009255e+01
1.8148233598991830e+01
2.0399078807210078e+01
2.2707808201078816e+01
2.5063190020843820e+01
2.7453193771176544e+01
2.9865089025805759e+01
3.2285555957611223e+01
3.4700806290666598e+01
3.7096713162334446e+01
3.9458948199273607e+01
4.1773123954756180e+01
4.4024939730666617e+01
4.6200328718228128e+01
4.8285604340121196e+01
5.0267603664205957e+01
5.2133825786580552e+01
5.3872563148488510e+01
5.5473023857417424e+01
5.6925443224341528e+01
5.8221182904769329e+01
5.9352816236550566e+01
6.0314198598595141e+01
6.1100521866352878e+01
6.1708352307252973e+01
6.2135651536260504e+01
6.2381780432707146e+01
6.2447486198757694e+01
6.2334873011469448e+01
6.2047356978970207e+01
6.1589606351929987e+01
6.0967468159468226e+01
6.0187882630141097e+01
5.9258786920306683e+01
5.8189009801813867e+01
5.6988159056415419e+01
5.5666503385036108e+01
5.4234850666044373e+01
5.2704424388171269e+01
5.1086740042844092e+01
4.9393483188958243e+01
4.7636390803510423e+01
4.5827137407380320e+01
4.3977227310059313e+01
4.2097894154809758e+01
4.0200008770020141e+01
3.8293996148286041e+01
3.6389762185547767e+01
3.4496630622804787e+01
3.2623290446410678e+01
3.0777753822865797e+01
2.8967324473951415e+01
2.7198576240526158e+01
2.5477341440638174e+01
2.3808708501634282e+01
2.2197028238080602e+01
2.0645928058236912e+01
1.9158333312003808e+01
1.7736494942669395e+01
1.6382022572861622e+01
1.5095922140812789e+01
1.3878637205840361e+01
1.2730093059418151e+01
1.1649742809774994e+01
1.0636614650855446e+01
9.6893595796805396e+00
8.8062988869773715e+00
7.9854708129814655e+00
7.2246758315949693e+00
6.5215200994586633e+00
5.8734566809588431e+00
5.2778242335906276e+00
4.7318829094761590e+00
4.2328472969574173e+00
3.7779162900081076e+00
3.3642998321175299e+00
2.9892425343560771e+00
2.6500442148506975e+00
2.3440774477521651e+00
2.0688022445301470e+00
1.8217780191711364e+00
1.6006730111642586e+00
1.4032713571493076e+00
1.2274780135773711e+00
1.0713217392787742e+00
9.3295634911439163e-01
8.1066044832917261e-01
7.0283585204463439e-01
6.0800488678313847e-01
5.2480676071474841e-01
4.5199317765435049e-01
3.8842335644131254e-01
3.3305860370874923e-01
2.8495657318632106e-01
2.4326533022941849e-01
2.0721732577728058e-01
1.7612336974328444e-01
1.4936668034669345e-01
1.2639707329677563e-01
1.0672534270525723e-01
8.9917874848911603e-02
7.5591525930047157e-02
6.3408786358004204e-02
5.3073246003640204e-02
4.4325368419280552e-02
3.6938576026863769e-02
3.0715643489090297e-02
2.5485392484496831e-02
2.1099677899048250e-02
1.7430652842988167e-02
1.4368298219479310e-02
1.1818201104481970e-02
9.6995654669889495e-03
7.9434383026701499e-03
6.4911342784650062e-03
5.2928421206637089e-03
4.3063965256365114e-03
3.4961999536082763e-03
2.8322794902229855e-03
2.2894647925253710e-03
1.8466740887160527e-03
1.4862962007245826e-03
1.1936574006689773e-03
9.5656308063697291e-04
7.6490500499806378e-04
6.1032579023495277e-04
4.8593325724686674e-04
3.8605800322314240e-04
3.0604822465576595e-04
2.4209670414464664e-04
1.9109526236771367e-04
1.5051275644349383e-04
1.1829307978044542e-04
9.2770164211812518e-05
7.2597323570284400e-05
5.6688686853190280e-05
4.4170875547653305e-05
3.4343121304981942e-05
2.6644521178236023e-05
2.0627218867978978e-05
1.5934496819615596e-05
1.2282908800714623e-05
9.4477744783192564e-06
7.2514247874490155e-06
5.5537078166206823e-06
4.2443282885980267e-06
3.2366942470252694e-06
2.4629772126070938e-06
1.8701901450252332e-06
1.4170293437196635e-06
1.0713691680183507e-06
8.0828472424588595e-07
6.0849985544556684e-07
4.5711397068353346e-07
3.4265488665523759e-07
2.5630239412898204e-07
1.9130281267187570e-07
1.4248107683573885e-07
1.0589545285821052e-07
7.8531621007450442e-08
5.8113190868682070e-08
4.2911698968730780e-08
3.1622898072992580e-08
2.3250962070347385e-08
1.7058063993540421e-08
1.2490278951651433e-08
9.1249206586298771e-09
6.6510474309263943e-09
4.8388642618518861e-09
3.5122674854957291e-09
2.5408776984842661e-09
1.8386782396338182e-09
1.3281142865908367e-09
9.5603823900759725e-10
6.8754796797060927e-10
4.9352905215955233e-10
3.5045094251249159e-10
2.4990933165839795e-10
1.7917561507255698e-10
1.2641938863385594e-10
9.2404785531359657e-11
6.5461343054307657e-11
4.3666598015116652e-11
3.0983578687267280e-11
2.2809704960681156e-11
1.4751464920563377e-11
9.7166966082227287e-12
8.0191423056762824e-12
5.4365264328238878e-12
1.0325928924680772e-12
5.6927852933247007e-12
-1.1183259250190326e-13
-1.4367546556688228e-12
5.5086943261172965e-13
-3.4959299658026050e-13
-1.7328311974818327e-12
1.8452989195155244e-12
-3.4747469133886329e-14
1.6831451911288670e-12
1.0698755264882434e-12
1.2290860433600868e-12
-3.0143807584363900e-12
1.1010475535585775e-12
1.5998554066212514e-12
5.6495394309482680e-13
-2.0508510144078998e-12
2.9660138993249350e-12
6.3877523167416655e-13
1.2528435412792323e-12
6.0030559855116395e-13
2.4686121645131245e-13
-2.5611279720704482e-12
2.2667736812623935e-12
-1.3615396063283792e-12
6.8979187951404840e-13
-3.4912820471926080e-13
7.9004795701055610e-13
-1.9005234769247956e-12
-9.6715042829113397e-13
2.0264973309496641e-12
-1.7121588228675883e-12
-1.4161274559447775e-12
-1.4096464692567105e-12
-1.7761925863537862e-12
7.0481870891247193e-13
2.5752594645495032e-13
-3.1120378120542644e-12
2.8938169352877886e-13
1.2701182173555906e-12
-4.0780362008274085e-13
-3.6715375912143966e-13
1.4767811138966328e-12
5.8426702914849514e-13
-2.1057989414219650e-12
-4.9342028482838857e-13
1.2902171933132750e-12
-2.2032275288132241e-12
4.1244987699043228e-13
4.6948928514433617e-13
-2.0920874067143364e-12
5.2785309188068467e-14
1.0760788223109836e-12
-5.1442365890790199e-13
6.4313441301183762e-13
-2.0420927238304508e-14
-1.0691203006953531e-12
-1.4444790010814604e-12
1.7650436946377623e-12
-1.6768865650815321e-12
-1.5853202602381662e-12
1.9301905404462229e-12
1.7735718890166463e-12
-1.7553663713685888e-12
1.5613713631519058e-12
-4.1348854910469322e-13
-2.2525727756532981e-12
-2.4494540644573414e-13
1.7637987155909745e-12
3.5190724766281435e-13
3.6939677642358884e-12
2.2207712728639854e-12
1.1524818531592229e-12
-8.1457257665765501e-13
9.1491291090913726e-13
8.3677958983089627e-13
-2.9735486658513283e-12
1.7114946205583998e-12
3.8826058561792872e-13
-4.6763446159633189e-13
6.0928222292254708e-13
