-3.1903589915788353e-14
-6.9505797021755375e-14
-1.3124600431332539e-13
-2.0121911611951642e-13
-2.4537570712904516e-13
-2.8670991193058444e-13
-3.6700816056647160e-13
-4.2764393920203981e-13
-4.6834074923006896e-13
-5.0958224492595217e-13
-5.8776780404090722e-13
-6.6717459613852845e-13
-7.2203549569948835e-13
-7.9452616081428685e-13
-9.0732716476526552e-13
-9.9717659221960424e-13
-1.0686440301049097e-12
-1.1340970982979688e-12
-1.2057136882497930e-12
-1.2809645476858223e-12
-1.3583112344583002e-12
-1.4171285929178693e-12
-1.5122090225328431e-12
-1.6067107122827043e-12
-1.6384304510490930e-12
-1.6813959651868246e-12
-1.7109802352043924e-12
-1.7395861199174350e-12
-1.7751347350287216e-12
-1.7696610300206266e-12
-1.8129201297757192e-12
-1.7972426456827966e-12
-1.7633134951613192e-12
-1.6802740034372767e-12
-1.6111949371151324e-12
-1.5241725415623943e-12
-1.4125797359412428e-12
-1.2568833253372404e-12
-1.1322065464862128e-12
-9.5186568200735856e-13
-7.0733197362308083e-13
-4.6077317438572507e-13
-2.2227109653956369e-13
3.2430556235632956e-14
2.7094835554304909e-13
5.2650105907354379e-13
7.4527877021902867e-13
9.7283002643279983e-13
1.2197764029157737e-12
1.5174863201229362e-12
1.7933287057077412e-12
2.1382393454292871e-12
2.4652380183648824e-12
2.8394728466242956e-12
3.1906665886801107e-12
3.5761318187598834e-12
4.0094983437253460e-12
4.4526176728368245e-12
4.9109233288217826e-12
5.3880815492302288e-12
5.8642612150865148e-12
6.3459960861323437e-12
6.8006264160510066e-12
7.2809808330727848e-12
7.8067112226785667e-12
8.3552901760138909e-12
8.9294125936280196e-12
9.5432664571719907e-12
1.0129778626203629e-11
1.0735141517236773e-11
1.1319212186496547e-11
1.1955015632730648e-11
1.2614641617752325e-11
1.3344428894639230e-11
1.4087599704420270e-11
1.4863732740986431e-11
1.5575843679389164e-11
1.6313810378707649e-11
1.7043849872920226e-11
1.7761219012019866e-11
1.8490210984651494e-11
1.9236580110046279e-11
1.9971569886017137e-11
2.0735594785795869e-11
2.1473389817547554e-11
2.2207035427871099e-11
2.2953546981228016e-11
2.3702376254708767e-11
2.4434589603796859e-11
2.5181184057876948e-11
2.5900504649346551e-11
2.6628441606060686e-11
2.7314362881894996e-11
2.7955132867084346e-11
2.8590624311855198e-11
2.9224891817173934e-11
2.9834253094202076e-11
3.0449689608523312e-11
3.1051095645574412e-11
3.1631338856507224e-11
3.2136629980717565e-11
3.2595416615943150e-11
3.3037285164042491e-11
3.3453105627969000e-11
3.3779093987048490e-11
3.4091281721632177e-11
3.4377790705868623e-11
3.4617605394167737e-11
3.4793630095417021e-11
3.4912123099862236e-11
3.5011963507050664e-11
3.5041999315457618e-11
3.5003128650439411e-11
3.4903124200558377e-11
3.4768840963527690e-11
3.4569688357914089e-11
3.4310143256350013e-11
3.4003962428078515e-11
3.3681362647189618e-11
3.3313140463763453e-11
3.2874465076617828e-11
3.2397325593548334e-11
3.1887242721779078e-11
3.1333905342495750e-11
3.0728647371070555e-11
3.0055075774849947e-11
2.9398388468666715e-11
2.8730952853364903e-11
2.8024713212274149e-11
2.7297148374770459e-11
2.6559570644107701e-11
2.5795966966316216e-11
2.5008533175509644e-11
2.4199064965165832e-11
2.3442906580798068e-11
2.2656743395832635e-11
2.1862174328698357e-11
2.1074182482589685e-11
2.0298895523910524e-11
1.9515299875612468e-11
1.8763458463509875e-11
1.8015277838181359e-11
1.7340405013598493e-11
1.6667258208195405e-11
1.6012571522597356e-11
1.5335515358629329e-11
1.4666519480641964e-11
1.3979696960118591e-11
1.3305016682761825e-11
1.2634729290788029e-11
1.2013395629913584e-11
1.1406886647044492e-11
1.0792270966487299e-11
1.0223255552653878e-11
9.6534652127816487e-12
9.0988919769380363e-12
8.5800182953541161e-12
8.0596361874940575e-12
7.6183415199151076e-12
7.1650573894837688e-12
6.7442777095637999e-12
6.2874497111028419e-12
5.8592786337214128e-12
5.4348816323602487e-12
5.0350955707078193e-12
4.6368528705093799e-12
4.3070014535908485e-12
3.9618468088311756e-12
3.6525272713090410e-12
3.3310281841198031e-12
3.0156687728438482e-12
2.7023143821639965e-12
2.4011717655063150e-12
2.1312697592189957e-12
1.8813833641895198e-12
1.6544710292553480e-12
1.4469526944357658e-12
1.2333984092134332e-12
1.0547631502500023e-12
8.7418855435830035e-13
7.1828506480492024e-13
5.3860984079163163e-13
4.2106219391314808e-13
2.9516905714024365e-13
1.7454917279399801e-13
9.2041691363412275e-14
2.4685975769527381e-14
-9.6667522956248614e-15
-3.0833190535297041e-14
-1.8097909604260777e-14
5.2669960216528213e-14
9.2342343190292664e-14
1.4892266219369486e-13
1.8572324987378324e-13
2.3380901963110369e-13
2.7897119767619612e-13
3.5354067075681757e-13
4.3270708556835234e-13
5.3313308596041598e-13
6.0006081726878341e-13
6.4818359605794258e-13
6.3866147899097487e-13
6.5664435963367257e-13
6.6494653871481422e-13
6.9441680931409101e-13
7.2129704119967442e-13
7.4024300895844489e-13
7.6070273309880021e-13
7.5020795466712681e-13
7.4993676570197312e-13
7.7373182897544499e-13
8.0519830362739819e-13
8.6717730154528052e-13
9.2499791282802498e-13
9.7436976489580412e-13
1.0189498467167066e-12
1.0398714510701743e-12
1.0255331804749685e-12
1.0335904822867850e-12
1.0289813386109303e-12
1.0462436637041372e-12
1.0787118257734545e-12
1.0917585232507072e-12
1.0681884585281619e-12
1.0233617095723630e-12
9.5982217820860036e-13
8.9648533066269528e-13
8.3332918889166452e-13
7.9465302946051287e-13
7.5569900871730320e-13
6.8577343520762239e-13
5.9702411000867696e-13
4.8434536650606297e-13
3.7919272713851607e-13
2.8566193243139241e-13
2.0582918266939831e-13
1.7749638121836073e-13
1.4588177425277408e-13
1.2888819788075140e-13
1.3175946643579571e-13
1.4233834318120024e-13
1.5335975372619556e-13
1.6675563491065404e-13
1.5874580777541933e-13
1.8613135743007713e-13
2.1929184826114486e-13
2.1141329231808729e-13
2.0943684688159809e-13
2.0987680017453625e-13
1.8800423456053193e-13
1.6167138557122888e-13
1.1533528040288218e-13
1.0042155993980932e-13
1.0593008688663713e-13
6.1135981028301164e-14
2.6863448016114957e-14
