-2.0872568166541880e-01
-2.4707776943360821e-01
-2.8989861005237200e-01
-3.3804666067493033e-01
-3.9217790576406714e-01
-4.5314077140836301e-01
-5.2177442778361860e-01
-5.9905481897511981e-01
-6.8601203140541300e-01
-7.8379094727800347e-01
-8.9361059731478365e-01
-1.0168188698836058e+00
-1.1548657589904237e+00
-1.3093280733605615e+00
-1.4818979547903175e+00
-1.6744180401725257e+00
-1.8888679488334916e+00
-2.1273751854181064e+00
-2.3922098319883052e+00
-2.6858073989695495e+00
-3.0107613971410934e+00
-3.3698454479970255e+00
-3.7660069752917691e+00
-4.2023677496038694e+00
-4.6822233475777946e+00
-5.2090416670550468e+00
-5.7864559312446842e+00
-6.4182787060588984e+00
-7.1084923567574521e+00
-7.8612364077915089e+00
-8.6807998267333737e+00
-9.5716252993228981e+00
-1.0538288473358721e+01
-1.1585478444258436e+01
-1.2717982763578993e+01
-1.3940683277186292e+01
-1.5258526392171472e+01
-1.6676494765774077e+01
-1.8199584831804877e+01
-1.9832774668359122e+01
-2.1580998309365427e+01
-2.3449114046038893e+01
-2.5441862734743292e+01
-2.7563839523119942e+01
-2.9819445898162307e+01
-3.2212850678232442e+01
-3.4747948468666550e+01
-3.7428304990453540e+01
-4.0257115321009977e+01
-4.3237170508490792e+01
-4.6370803453134499e+01
-4.9659832857494507e+01
-5.3105522239555967e+01
-5.6708546305761402e+01
-6.0468936135090125e+01
-6.4386030844880977e+01
-6.8458441301957365e+01
-7.2684013888550410e+01
-7.7059797286162976e+01
-8.1582009791304728e+01
-8.6246007485861369e+01
-9.1046258395863831e+01
-9.5976324335836878e+01
-1.0102885854180018e+02
-1.0619559613899261e+02
-1.1146735390866691e+02
-1.1683404055135460e+02
-1.2228466585083547e+02
-1.2780736272414534e+02
-1.3338942470085141e+02
-1.3901733391776978e+02
-1.4467679556691087e+02
-1.5035279563505850e+02
-1.5602966335191920e+02
-1.6169113031692217e+02
-1.6732039930600024e+02
-1.7290022078521207e+02
-1.7841297721465116e+02
-1.8384077673582897e+02
-1.8916555406077930e+02
-1.9436915899949594e+02
-1.9943345605982307e+02
-2.0434042731302961e+02
-2.0907227015818131e+02
-2.1361151228125604e+02
-2.1794112531076212e+02
-2.2204462385935000e+02
-2.2590616848034369e+02
-2.2951067181260854e+02
-2.3284389377103329e+02
-2.3589253380440428e+02
-2.3864431998324119e+02
-2.4108809230704745e+02
-2.4321387681539591e+02
-2.4501294858727431e+02
-2.4647789095737122e+02
-2.4760265508828564e+02
-2.4838260566696331e+02
-2.4881454172633440e+02
-2.4889672150750388e+02
-2.4862887040023230e+02
-2.4801217788793949e+02
-2.4704930087762804e+02
-2.4574434191343082e+02
-2.4410282248586461e+02
-2.4213165039830790e+02
-2.3983905969738780e+02
-2.3723454981962678e+02
-2.3432883040074947e+02
-2.3113375150920083e+02
-2.2766220971992530e+02
-2.2392806275832871e+02
-2.1994604880658147e+02
-2.1573169027675249e+02
-2.1130118187086080e+02
-2.0667128778154853e+02
-2.0185924540524132e+02
-1.9688265711991306e+02
-1.9175938954181169e+02
-1.8650746879831661e+02
-1.8114496555774969e+02
-1.7568990181931647e+02
-1.7016014405089325e+02
-1.6457330963353283e+02
-1.5894668848712419e+02
-1.5329715649745862e+02
-1.4764109477374816e+02
-1.4199432049603570e+02
-1.3637201541134795e+02
-1.3078866480797504e+02
-1.2525801126422010e+02
-1.1979300969160047e+02
-1.1440578552592372e+02
-1.0910760345056549e+02
-1.0390884562698801e+02
-9.8818996733761907e+01
-9.3846644390187805e+01
-8.8999472054109589e+01
-8.4284254510488921e+01
-7.9706873976196746e+01
-7.5272327603000107e+01
-7.0984752026285605e+01
-6.6847456653188232e+01
-6.2862946347179061e+01
-5.9032962907060075e+01
-5.5358518757771634e+01
-5.1839923848846944e+01
-4.8476830128929592e+01
-4.5268285965675837e+01
-4.2212775608435990e+01
-3.9308253744434651e+01
-3.6552199439679718e+01
-3.3941671275787343e+01
-3.1473346770168657e+01
-2.9143558792294886e+01
-2.6948345311149062e+01
-2.4883497533518334e+01
-2.2944599321222380e+01
-2.1127074775528126e+01
-1.9426218254116698e+01
-1.7837224280511425e+01
-1.6355226664672742e+01
-1.4975319645556594e+01
-1.3692594459048818e+01
-1.2502174486981655e+01
-1.1399234270114148e+01
-1.0379016967254321e+01
-9.4368580022317818e+00
-8.5681994502404688e+00
-7.7686032847791608e+00
-7.0337643130585112e+00
-6.3595224337932450e+00
-5.7418723352755885e+00
-5.1769653729009066e+00
-4.6611125569437037e+00
-4.1907955791205893e+00
-3.7626744411116597e+00
-3.3735811322646914e+00
-3.0205148307250194e+00
-2.7006420955911010e+00
-2.4112871370750382e+00
-2.1499370813542127e+00
-1.9142445493342068e+00
-1.7020176346464211e+00
-1.5112162786768990e+00
-1.3399455929723207e+00
-1.1864425383281676e+00
-1.0490741439339444e+00
-9.2633819167895315e-01
-8.1684834208355572e-01
-7.1932072213753628e-01
-6.3257687369472171e-01
-5.5554022376956358e-01
-4.8722640036497433e-01
-4.2673791725503085e-01
-3.7325392067986690e-01
-3.2602731822592729e-01
-2.8438411018717158e-01
-2.4772009452582433e-01
-2.1549232430737053e-01
-1.8720750018132054e-01
-1.6242092111029571e-01
-1.4073087087972844e-01
-1.2177510640233784e-01
-1.0523480490009725e-01
-9.0824377673330056e-02
-7.8281466388878257e-02
-6.7376433741822728e-02
-5.7913895496793225e-02
-4.9717651595555759e-02
-4.2625389336909215e-02
-3.6497409557023269e-02
-3.1218492380140527e-02
-2.6684022681162926e-02
-2.2800118194103616e-02
-1.9482817209654436e-02
-1.6654672750372593e-02
-1.4253142508591042e-02
-1.2221901800842244e-02
-1.0512950209979307e-02
-9.0865718592103694e-03
-7.9052366877631793e-03
-6.9393929757312336e-03
-6.1623791070029759e-03
-5.5432068216467239e-03
-5.0618221226014859e-03
-4.7077261975335414e-03
-4.4722158210672271e-03
-4.3432300968267133e-03
-4.3195236868969972e-03
-4.4062178241190166e-03
-4.6076278252697054e-03
-4.9239120841541610e-03
-5.3660637547962090e-03
-5.9516029391816234e-03
-6.7034288180771277e-03
-7.6449872438131916e-03
-8.8034319384002659e-03
-1.0199732582950516e-02
-1.1870929322563348e-02
-1.3857226730982851e-02
-1.6218900489033492e-02
-1.9029005504949421e-02
-2.2379003376650334e-02
-2.6362122873188638e-02
-3.1106832093802883e-02
-3.6758174088064775e-02
-4.3501081428181293e-02
-5.1536274664271922e-02
-6.1137128510205585e-02
-7.2607126667757857e-02
-8.6349058345725621e-02
-1.0278870054907790e-01
-1.2253880637017486e-01
-1.4620072695233147e-01
-1.7481787647031499e-01
