1.1898981039278377e-13
-3.4969826108566764e-13
-3.7254953149039997e-13
9.2687782085635478e-13
5.2975736288783941e-13
5.9954233421778431e-13
3.1234617626437151e-13
-1.2162704309984393e-13
-7.6378349679784966e-13
-3.0883946455453117e-13
7.2044868059787317e-13
2.2792358369808752e-13
4.0775190673883824e-13
5.6947042480107830e-14
-2.2047618421106595e-13
-2.5489207914517781e-15
6.6095059457054536e-13
-2.3290068272730634e-13
1.3759851539981116e-12
7.4835770032853796e-13
1.4143608901756339e-13
5.4644726714567825e-13
4.4681874807582582e-13
-6.1884556522973504e-14
-1.0811522594076505e-12
3.2322715374384404e-13
3.6460700739458690e-14
4.0957928705696360e-13
2.2452008168782932e-13
6.7206095480164170e-13
-8.5401721442522676e-13
-3.0076709649649094e-13
-1.8145647781380420e-12
-9.1188294113440465e-13
-4.1899581171055257e-13
1.3416127634290898e-13
-5.6498824535478299e-15
4.2673126352496620e-13
-2.6422926468820292e-13
-7.8830723930300849e-13
-4.2330295565710008e-13
-3.3739377648400347e-13
-1.0354322866882758e-12
-4.1044640569860968e-13
-1.4408565531870607e-13
-5.0412772232144690e-13
-3.8009546344665527e-13
2.5668418485567197e-13
-1.4167213999665849e-12
-9.0169539290203441e-13
-5.3795554299881965e-13
1.1033575744218350e-12
2.0013966985005443e-14
-3.0919412312356014e-13
-2.1783779782334642e-13
9.4443874610776913e-13
-1.1549950992114795e-13
-4.0533563930238154e-13
2.8078565532396754e-13
9.4397183099047644e-13
5.8395821562002208e-15
-1.3225718228474281e-13
1.5609419278350484e-12
-1.5015624916374208e-13
1.8310363422501139e-12
2.0788315643703503e-12
3.6564524367346863e-12
4.8387673601086654e-12
6.7462084724457791e-12
9.8013311805919587e-12
1.4948342092230021e-11
2.0177349591042600e-11
2.5454081439980609e-11
3.5441740059153429e-11
4.7815803061770381e-11
6.2062672876626595e-11
7.8978398961421390e-11
1.0174736301878869e-10
1.2802072948853937e-10
1.5459164393819319e-10
1.8504747927989685e-10
2.1044612182266323e-10
2.2678009918412519e-10
2.2319162750400559e-10
1.7994388432921408e-10
6.5378792625059326e-11
-1.6504136601431793e-10
-5.7994413242057652e-10
-1.2847691048039226e-09
-2.4300238760642508e-09
-4.2356035673215525e-09
-7.0241051583365919e-09
-1.1239875525192001e-08
-1.7522292119313617e-08
-2.6767083607301700e-08
-4.0212976311676424e-08
-5.9566169806812358e-08
-8.7172835542260811e-08
-1.2621824452175746e-07
-1.8101153222699184e-07
-2.5734621461077035e-07
-3.6295147719492395e-07
-5.0808648453575538e-07
-7.0629018300242324e-07
-9.7530908977722880e-07
-1.3382745883587347e-06
-1.8251519833320603e-06
-2.4745258495397767e-06
-3.3357610103797911e-06
-4.4716244678008836e-06
-5.9613906617694304e-06
-7.9045190651054669e-06
-1.0424907278302043e-05
-1.3675775544800965e-05
-1.7845106973409900e-05
-2.3161654710149170e-05
-2.9901261750594080e-05
-3.8393339437994188e-05
-4.9027007998417504e-05
-6.2256350996336862e-05
-7.8603874750530630e-05
-9.8660993824744363e-05
-1.2308387026758596e-04
-1.5258242258054037e-04
-1.8789963569986116e-04
-2.2977744530896618e-04
-2.7890441666124621e-04
-3.3583927042102752e-04
-4.0090276722759582e-04
-4.7402870310865179e-04
-5.5456280540056057e-04
-6.4099589633005727e-04
-7.3061506463393926e-04
-8.1905358460508660e-04
-8.9971698801260408e-04
-9.6305911315784404e-04
-9.9567814456556032e-04
-9.7919858322360865e-04
-8.8890116235949878e-04
-6.9205865730272435e-04
-3.4593208674293837e-04
2.0462141158308347e-04
1.0299798449571762e-03
2.2190784901049559e-03
3.8832738825549432e-03
6.1607977031060464e-03
9.2218427274608460e-03
1.3274313975754577e-02
1.8570264700889121e-02
2.5413018797591509e-02
3.4164957333843872e-02
4.5255916752806269e-02
5.9192108963255392e-02
7.6565428618639839e-02
9.8062959494402746e-02
1.2447643017757443e-01
1.5671129868746503e-01
1.9579506673617889e-01
2.4288433752139590e-01
2.9927003737741414e-01
3.6638012273612275e-01
4.4577899199207582e-01
5.3916271971448648e-01
6.4834913181108955e-01
7.7526164877084958e-01
9.2190574520533308e-01
1.0903368129733104e+00
1.2826181784848958e+00
1.5007680193588628e+00
1.7466939581898804e+00
2.0221141894822661e+00
2.3284641268720123e+00
2.6667877484664331e+00
3.0376130747192933e+00
3.4408115408628848e+00
3.8754414279953315e+00
4.3395759952110993e+00
4.8301175089785646e+00
5.3425989917047776e+00
5.8709762024727921e+00
6.4074131089377859e+00
6.9420648964753138e+00
7.4628633706701617e+00
7.9553104204813376e+00
8.4022859958980476e+00
8.7838777864555944e+00
9.0772404333492638e+00
9.2564926332904154e+00
9.2926608607054462e+00
9.1536786100593233e+00
8.8044500063897679e+00
8.2069863166746195e+00
7.3206232882692026e+00
6.1023263198593609e+00
4.5070892188246390e+00
2.4884307093677465e+00
-1.0090691663192108e-03
-3.0087720799390798e+00
-6.5817884679468648e+00
-1.0765490539522458e+01
-1.5602842973437207e+01
-2.1133300720741008e+01
-2.7391709230102371e+01
-3.4407164778752445e+01
-4.2201855696886426e+01
-5.0789908040090481e+01
-6.0176261680706659e+01
-7.0355604745932737e+01
-8.1311395722643312e+01
-9.3015003278966716e+01
-1.0542499383528690e+02
-1.1848659608360309e+02
-1.3213136995496754e+02
-1.4627710494502688e+02
-1.6082796922830420e+02
-1.7567492665300887e+02
-1.9069643356947242e+02
-2.0575942159685755e+02
-2.2072056599393844e+02
-2.3542783241739861e+02
-2.4972228769599295e+02
-2.6344015301222737e+02
-2.7641507077070685e+02
-2.8848054965786849e+02
-2.9947254617798006e+02
-3.0923213549521500e+02
-3.1760821991903134e+02
-3.2446022001711202e+02
-3.2966069127670841e+02
-3.3309780857726628e+02
-3.3467766156212065e+02
-3.3432630633813579e+02
-3.3199152277752893e+02
-3.2764423198587184e+02
-3.2127953512807164e+02
-3.1291734261881868e+02
-3.0260257149351054e+02
-2.9040489835254340e+02
-2.7641806535999530e+02
-2.6075874710017473e+02
-2.4356499636378089e+02
-2.2499429685839377e+02
-2.0522126013203550e+02
-1.8443501239668572e+02
-1.6283632419975524e+02
-1.4063454180832426e+02
-1.1804438357724007e+02
-9.5282667347707644e+01
-7.2565035998188492e+01
-5.0102747626706105e+01
-2.8099594518014101e+01
-6.7490111262705348e+00
1.3768574082706836e+01
3.3288094760732157e+01
5.1661870361262388e+01
6.8761265551046804e+01
8.4477962690105429e+01
9.8724834196825597e+01
1.1143641112706169e+02
1.2256895358031940e+02
1.3210013735275544e+02
1.4002837936078785e+02
1.4637183156390029e+02
1.5116707926013129e+02
1.5446758459001092e+02
1.5634191978305830e+02
1.5687183707566118e+02
1.5615022332157909e+02
1.5427898714655660e+02
1.5136692514258817e+02
1.4752761116179158e+02
1.4287734938767738e+02
1.3753322768535267e+02
1.3161130292873426e+02
1.2522494474623778e+02
1.1848335859252610e+02
1.1149030341411816e+02
1.0434301359305798e+02
9.7131329473497388e+01
8.9937035731299048e+01
8.2833402246686987e+01
7.5884918072204826e+01
6.9147205617351474e+01
6.2667099338204892e+01
5.6482871043820978e+01
5.0624582408688617e+01
4.5114544390157072e+01
3.9967862953482559e+01
3.5193050752828782e+01
3.0792685141514248e+01
2.6764094018537229e+01
2.3100052486026772e+01
1.9789475016932066e+01
1.6818089738222092e+01
1.4169083449346058e+01
1.1823708051477247e+01
9.7618410990110274e+00
7.9624951483936188e+00
6.4042724259891441e+00
5.0657630310461705e+00
3.9258864056757310e+00
2.9641771230358884e+00
2.1610171582377644e+00
1.4978177114983529e+00
9.5715435384042769e-01
5.2285977194864430e-01
1.8007871446113755e-01
-8.4710095537943231e-02
-2.8370029823969689e-01
-4.2778780517220710e-01
-5.2661980274855114e-01
-5.8865866126914268e-01
-6.2125690401339873e-01
-6.3073977625227784e-01
-6.2249236311205436e-01
-6.0104862277654425e-01
-5.7018011474476471e-01
-5.3298260139944276e-01
-4.9195907616809853e-01
-4.4909811718911447e-01
-4.0594677703362136e-01
-3.6367749422448509e-01
-3.2314875002432963e-01
-2.8495939440140261e-01
-2.4949672964694086e-01
-2.1697857098314516e-01
-1.8748960319250207e-01
-1.6101242442816494e-01
-1.3745371579893167e-01
-1.1666600198927114e-01
-9.8465477164462592e-02
-8.2646365262447119e-02
-6.8992267310393679e-02
-5.7284923571727743e-02
-4.7310787511698281e-02
-3.8865773848750763e-02
-3.1758506319729519e-02
-2.5812353476157984e-02
-2.0866504201905622e-02
-1.6776299612787787e-02
-1.3413005035499574e-02
-1.0663175616008857e-02
-8.4277417790961703e-03
-6.6209164949417084e-03
-5.1690051098885609e-03
-4.0091802277579854e-03
-3.0882686103077253e-03
-2.3615841437879012e-03
-1.7918303052243104e-03
-1.3480870193441224e-03
-1.0048900130413059e-03
-7.4140565836035798e-04
-5.4070033365320497e-04
-3.8910056650516198e-04
-2.7563837489315692e-04
-1.9157495372238852e-04
-1.2999527336019959e-04
-8.5465951650931312e-05
-5.3748885804267116e-05
-3.1563396996134164e-05
-1.6390239090031197e-05
-6.3112968828926859e-06
1.2053389641083724e-07
3.9861773279875071e-06
6.0841906093033846e-06
6.9972670280287222e-06
7.1445978194339782e-06
6.8227499494941020e-06
6.2373330456443539e-06
5.5273056178786738e-06
4.7834545008847858e-06
4.0623118323964341e-06
3.3965295188885966e-06
2.8024863871074149e-06
2.2858423487291095e-06
1.8454814208411364e-06
1.4762893792022832e-06
1.1710501353608449e-06
9.2171417566602239e-07
7.2020459400249075e-07
5.5889998660918568e-07
4.3090154568765493e-07
3.3014989478033780e-07
2.5143636901832873e-07
1.9037653233438577e-07
1.4332878116564518e-07
1.0731020500383440e-07
7.9903283381198461e-08
5.9178873702875761e-08
4.3593564492925602e-08
3.1943018823547413e-08
2.3280668931099490e-08
1.6878060597107125e-08
1.2170094493157356e-08
8.7284437101002405e-09
6.2252077091640159e-09
4.4131343346423077e-09
3.1129667734397745e-09
2.1830756070135678e-09
1.5190658655312819e-09
1.0527790029597588e-09
7.2353765093999982e-10
4.9437227039164510e-10
3.3393262363419733e-10
2.2401345461969843e-10
1.4997291579896652e-10
9.7922082397923360e-11
6.4279650194642928e-11
4.2318223464208406e-11
2.6664393615374352e-11
1.7416663914578661e-11
9.2529592932524674e-12
4.4986041267195342e-12
4.9601294127253242e-12
1.8531905359273423e-12
1.0254434241557332e-12
1.2285851348775660e-12
-1.2942615648938519e-13
1.0698113420747866e-12
-2.9106229282065292e-13
-8.0506973373962451e-14
-8.5884680917203863e-13
6.7877572075080744e-13
1.4377816487961686e-12
3.7952710581286079e-13
-5.2948909571805410e-13
-3.4104398178985642e-13
5.3769324140809655e-13
2.9285541684336914e-13
7.5757778950615828e-13
-1.4767624275080198e-13
-8.9830271945486115e-13
7.2235827111127256e-13
8.8615286660925310e-13
2.2444743254773039e-13
-1.6212504872513819e-14
6.6659700310332619e-13
-6.1289706877404818e-13
5.9320682046222250e-13
8.9142671919083061e-13
-3.7666086320848128e-13
-3.2567428304980861e-13
7.4887539493211319e-13
-3.3576626474188696e-13
2.8332541121865209e-14
-1.3954837052382599e-12
-2.6066961812443105e-13
-6.3640903225232546e-13
3.6092956535914808e-13
-3.5878624121517421e-13
3.3346507046760765e-13
2.3224202303167278e-13
8.2822659742835440e-13
-1.5594601633802343e-12
-2.0631653514523823e-13
-5.4708458178962483e-13
-3.8329981155736689e-13
7.1268601208671472e-13
4.7058212466863340e-13
-4.1931649811903059e-13
7.9668575563122779e-13
1.2872935313156751e-12
1.7815362570817697e-13
3.3438242840607028e-13
1.9949078132854870e-13
-6.7648077169525372e-13
5.2273753964405876e-13
6.6402365730330942e-13
-7.9010797456379066e-13
-1.4377568729160807e-13
9.9998802513827339e-13
-7.6673293839819363e-13
-4.6426749356377336e-13
1.0369637178593415e-12
-1.0123969780677930e-12
-8.1873710956207111e-13
-1.3759086884093336e-12
3.6761554081289516e-13
-5.4390004623584007e-13
1.0126382405486862e-12
-3.0516480862688227e-13
-5.4189545843239452e-13
-4.1137979682310840e-13
1.1905791325191167e-12
-5.8797179098059168e-14
-4.5595375565500030e-13
3.2114503757117632e-13
-4.5567376782372571e-13
-2.0642975178291689e-13
1.5431630850670210e-13
2.7731124942391001e-14
-9.7607073550665439e-13
8.8265170353355649e-14
4.6924262169204993e-13
-2.9558270403793869e-13
-8.8662965407560604e-15
-1.6478039984198943e-13
-1.4034767295178593e-12
-2.6942490864522948e-13
-1.8520099472787668e-13
-4.6919968342302950e-13
-4.4754883627603889e-13
-3.2728144788133223e-13
2.1740068331859335e-13
-1.4517997610157711e-13
8.5719686253150196e-13
5.3037182474788463e-13
-3.5268857381014923e-13
-1.9259059374499040e-13
-1.0468028374219392e-13
-4.3986839000062722e-13
-1.3553344288087352e-13
