5.3557198623323234e-02
6.3609518356696801e-02
7.4984271496461516e-02
8.7882429937531995e-02
1.0253050916843384e-01
1.1918140906427736e-01
1.3811373703960156e-01
1.5963777575723620e-01
1.8409668582456551e-01
2.1187155220577003e-01
2.4338385802736903e-01
2.7910034657826532e-01
3.1953634830963940e-01
3.6526076595997192e-01
4.1690007485878572e-01
4.7514356015147274e-01
5.4074788469671531e-01
6.1454261844202229e-01
6.9743528279084865e-01
7.9041715299380333e-01
8.9456867607349277e-01
1.0110654774321319e+00
1.1411840232291817e+00
1.2863077147088364e+00
1.4479326305330329e+00
1.6276735438254031e+00
1.8272695383347539e+00
2.0485897333291003e+00
2.2936385219374693e+00
2.5645607385466960e+00
2.8636462206093252e+00
3.1933341037489673e+00
3.5562163623942387e+00
3.9550408717718102e+00
4.3927135410014095e+00
4.8722997415452003e+00
5.3970246123508074e+00
5.9702724246106360e+00
6.5955846159747562e+00
7.2766566454660984e+00
8.0173333066966919e+00
8.8216026284300977e+00
9.6935880291083674e+00
1.0637538841695662e+01
1.1657818907385495e+01
1.2758893351452892e+01
1.3945313275935318e+01
1.5221698489020207e+01
1.6592718047078627e+01
1.8063068745343099e+01
1.9637451380017058e+01
2.1320544943022224e+01
2.3116978624591010e+01
2.5031301818391039e+01
2.7067952061828681e+01
2.9231221146706797e+01
3.1525219394234099e+01
3.3953838375306397e+01
3.6520712133649852e+01
3.9229177241515359e+01
4.2082231809148539e+01
4.5082493826834508e+01
4.8232159021760474e+01
5.1532958654890955e+01
5.4986117495490788e+01
5.8592312438865939e+01
6.2351632051505668e+01
6.6263537540149358e+01
7.0326825463424143e+01
7.4539592700803937e+01
7.8899204016846653e+01
8.3402262737968599e+01
8.8044584881211705e+01
9.2821177236582528e+01
9.7726219724075023e+01
1.0275305249137028e+02
1.0789416803393756e+02
1.1314120874726243e+02
1.1848497013231211e+02
1.2391540998733197e+02
1.2942166372620383e+02
1.3499206606097474e+02
1.4061417908981835e+02
1.4627482691643533e+02
1.5196013672847516e+02
1.5765558633718246e+02
1.6334605798195469e+02
1.6901589827097254e+02
1.7464898393291844e+02
1.8022879311846035e+02
1.8573848179921100e+02
1.9116096487525499e+02
1.9647900141953681e+02
2.0167528355407060e+02
2.0673252828126925e+02
2.1163357166705310e+02
2.1636146461462326e+02
2.2089956955089517e+02
2.2523165720603780e+02
2.2934200276193550e+02
2.3321548052180998e+02
2.3683765636268004e+02
2.4019487712772806e+02
2.4327435624013421e+02
2.4606425473445123e+02
2.4855375704120956e+02
2.5073314079332434e+02
2.5259384007675678e+02
2.5412850149748226e+02
2.5533103260320817e+02
2.5619664216210890e+02
2.5672187197718858e+02
2.5690461988971589e+02
2.5674415380825656e+02
2.5624111658190628e+02
2.5539752172245738e+02
2.5421673996544408e+02
2.5270347684525677e+02
2.5086374144362733e+02
2.4870480665121380e+02
2.4623516126090590e+02
2.4346445438337193e+02
2.4040343264528084e+02
2.3706387079074520e+02
2.3345849626425982e+02
2.2960090849911779e+02
2.2550549357835357e+02
2.2118733506473663e+02
2.1666212172311384e+02
2.1194605297069754e+02
2.0705574280065397e+02
2.0200812301944742e+02
1.9682034653133451e+02
1.9150969148217490e+02
1.8609346695190752e+02
1.8058892094917513e+02
1.7501315132482944e+02
1.6938302027292934e+02
1.6371507293959661e+02
1.5802546070263585e+02
1.5232986952795224e+02
1.4664345384526615e+02
1.4098077622323916e+02
1.3535575315791982e+02
1.2978160712367807e+02
1.2427082507028166e+02
1.1883512338568191e+02
1.1348541938238176e+02
1.0823180920453180e+02
1.0308355209777829e+02
9.8049060828768162e+01
9.3135898094936252e+01
8.8350778617387135e+01
8.3699576673945643e+01
7.9187338690042466e+01
7.4818300580995825e+01
7.0595909408730350e+01
6.6522849003999568e+01
6.2601069083425152e+01
5.8831817490767072e+01
5.5215675078196057e+01
5.1752592854973692e+01
4.8441930924295129e+01
4.5282498851289112e+01
4.2272597004037138e+01
3.9410058541106459e+01
3.6692291621749852e+01
3.4116321554577176e+01
3.1678832505082759e+01
2.9376208528654388e+01
2.7204573600281858e+01
2.5159830463630914e+01
2.3237698024903203e+01
2.1433747172304084e+01
1.9743434801132842e+01
1.8162135982822011e+01
1.6685174110337581e+01
1.5307849012783468e+01
1.4025462919706753e+01
1.2833344317642156e+01
1.1726869621561359e+01
1.0701482747332381e+01
9.7527125430243231e+00
8.8761882018140490e+00
8.0676526419150534e+00
7.3229740057102068e+00
6.6381552833707502e+00
6.0093422354533326e+00
5.4328296321362037e+00
4.9050659992398078e+00
4.4226568941255806e+00
3.9823669113394593e+00
3.5811204403347170e+00
3.2160013798385045e+00
2.8842518251303408e+00
2.5832699334877165e+00
2.3106069736406094e+00
2.0639637622256526e+00
1.8411864792306558e+00
1.6402620612387318e+00
1.4593131480612871e+00
1.2965927764431913e+00
1.1504787782481083e+00
1.0194680716194411e+00
9.0217078320256050e-01
7.9730438544405458e-01
7.0368776708052361e-01
6.2023541771742641e-01
5.4595162431753985e-01
4.7992485929779316e-01
4.2132223761148269e-01
3.6938422368141027e-01
3.2341944498600150e-01
2.8279979707995356e-01
2.4695567601325966e-01
2.1537152993309114e-01
1.8758154445361488e-01
1.6316566399801027e-01
1.4174574135997559e-01
1.2298203188235908e-01
1.0656980063864749e-01
9.2236277417912418e-02
7.9737701784045753e-02
6.8856716189278244e-02
5.9399820125360547e-02
5.1195172020374650e-02
4.4090418236729954e-02
3.7950871227789416e-02
3.2657676743501722e-02
2.8106335620400488e-02
2.4205172779898341e-02
2.0874172717043581e-02
1.8043716392257242e-02
1.5653705896576716e-02
1.3652539983121515e-02
1.1996511754618090e-02
1.0649000416093969e-02
9.5801378376613820e-03
8.7662034823600479e-03
8.1895727264444107e-03
7.8383145162393940e-03
7.7064588860706607e-03
7.7938137957244639e-03
8.1066257931136539e-03
8.6576549471414840e-03
9.4673590296641321e-03
1.0564294053409043e-02
1.1987043952240872e-02
1.3785045271139350e-02
1.6021643640915982e-02
1.8775453158055927e-02
2.2145229392324748e-02
2.6251777523918635e-02
3.1245983579130544e-02
3.7311437625446343e-02
4.4668650370989264e-02
