1.4933336411256321e-14
1.0071112720555532e-14
2.3468019219533862e-14
1.2109109959674779e-14
3.5616782031011412e-14
2.1198627297827034e-14
2.1702490401219211e-14
2.9763859857647491e-14
2.9049530721153670e-14
1.8602232593509123e-14
2.2276638802255401e-14
2.5181257467605863e-14
2.2309540769605797e-14
1.2361591704182848e-14
3.1552387439037692e-14
2.5329568875993514e-14
5.0543398685054344e-15
2.0018520678279126e-14
3.1268607521261143e-14
2.4473274624074835e-14
4.4673842418350447e-14
3.9786087243492582e-14
4.5327486666095202e-14
3.8103177338298555e-14
5.0799729172685048e-14
6.5571180493288274e-14
6.1379556344750622e-14
6.9323504139954516e-14
6.6094554825798667e-14
5.5510253000807750e-14
6.9956830799979277e-14
5.2944335263886937e-14
5.4737104932455526e-14
4.5306555771105868e-14
3.6425681079377094e-14
4.0291529884140693e-14
4.6967931747675722e-14
4.6584119662812436e-14
4.3838494632065933e-14
2.8157244970546399e-14
2.1703389824689523e-15
2.2430908575317144e-15
-1.5959872353430717e-14
4.6964385129488643e-15
-1.1186040053810888e-14
-6.9226737948786655e-15
5.8269466141267164e-15
1.7723554358531191e-15
-1.0006900322972086e-14
-1.3951838751936496e-14
-2.0545509203318282e-14
-1.5454714342172513e-14
-2.9354155830118462e-14
-3.8066904661652646e-14
-2.8705024211719915e-14
-3.9314448675499011e-14
-5.7722289592475842e-14
-4.3811578337322323e-14
-3.9731227237979460e-14
-1.9973566751230458e-14
-3.1891627561144777e-14
-2.6307968258587620e-14
-2.6786822990235729e-14
-9.5972674062020855e-15
-5.1188438802360858e-15
-1.5413920735064499e-15
-1.0273629382909414e-17
2.6354259951611521e-14
1.9246378294315246e-14
1.2357644474355046e-14
2.7831670293674877e-14
2.3909875576697755e-14
1.4197104727085990e-14
2.4552570633988853e-14
3.7682621750530790e-14
4.5286028792963352e-14
4.7651450398563404e-14
4.1153320082136875e-14
3.2703223505626344e-14
5.0950203698244297e-14
2.5438258858800245e-14
2.7267841111386435e-14
2.3416909515202250e-14
2.8694647785233841e-14
-1.7610107770478908e-15
-5.9041585613048654e-15
7.1007575101130638e-15
1.2156102643934000e-14
-1.0034445588583526e-14
1.6468397575793639e-14
3.4106283298422754e-14
2.0921304355143475e-14
1.5031373768468957e-14
1.1808358208299492e-14
1.6722631687120902e-14
9.1993032732351127e-15
-1.4931581350439358e-14
-1.6511967743880719e-14
-7.2134408940774269e-15
-1.2523559984013795e-14
-2.5325894059605149e-14
-2.0745182781566431e-14
-1.1953258017887622e-14
2.1194862960688847e-14
2.7518176249514028e-14
3.6178870818404685e-14
5.2466271760791295e-14
4.2304750671930871e-14
5.4922843262319027e-14
4.9580960054452209e-14
2.7768988684498593e-14
3.7620332735382647e-14
-3.9620585701020760e-15
-9.2208823820021791e-15
-2.1255376968515373e-14
-4.9831917035634642e-14
-3.6326550989616562e-14
-6.0404518066580284e-14
-5.3956342842556989e-14
-4.4513007653512303e-14
-6.6458519128256486e-14
-6.5731473199613813e-14
-5.7380907825325185e-14
-8.0740362233895292e-14
-7.9153043257601314e-14
-6.0356948472412157e-14
-6.9474675253256451e-14
-7.8102541390696635e-14
-8.8031307399641847e-14
-9.1225538087311064e-14
-8.5783960643130271e-14
-1.1108915145179255e-13
-1.1377320233121603e-13
-1.1316637775014230e-13
-1.2987078599872508e-13
-1.4290753323992888e-13
-1.5859065100371850e-13
-1.8042698759816946e-13
-2.0836194080573870e-13
-2.3228996642716526e-13
-2.6033424031429027e-13
-2.8409106097167629e-13
-3.4636442631957212e-13
-3.9555676060354308e-13
-4.6311354840915726e-13
-4.9091977782162764e-13
-5.5262460135493664e-13
-6.1003402337741664e-13
-6.3709780045171152e-13
-6.6771561842478221e-13
-7.0147776875626260e-13
-7.3970854543479662e-13
-7.7542655433272851e-13
-8.6837029214624697e-13
-9.2315684343454174e-13
-9.7928391928307720e-13
-1.0529302012220046e-12
-1.1050432050177987e-12
-1.1888523199505909e-12
-1.3078412940828941e-12
-1.4258160835991185e-12
-1.5414534572256238e-12
-1.6615149807802712e-12
-1.8321976284102747e-12
-1.9899337605394874e-12
-2.1257352267139831e-12
-2.3140897874539955e-12
-2.5218765949699799e-12
-2.7361747763420339e-12
-2.9666435806232211e-12
-3.2473990558360524e-12
-3.5303386844998411e-12
-3.8837727899931039e-12
-4.2601580842558780e-12
-4.7074165694819183e-12
-5.1584542837754793e-12
-5.6882560132043786e-12
-6.2297360800661592e-12
-6.8544876600084444e-12
-7.4817661797237899e-12
-8.1952853676226779e-12
-8.9159766556645286e-12
-9.7249652836813728e-12
-1.0583747878831701e-11
-1.1476479797756583e-11
-1.2424579035355511e-11
-1.3484153632806415e-11
-1.4569756223500734e-11
-1.5785654946327533e-11
-1.7000541606037890e-11
-1.8332934518835052e-11
-1.9742046365108345e-11
-2.1243161597878164e-11
-2.2751965373096147e-11
-2.4334470715605050e-11
-2.5959463332836156e-11
-2.7651666416636694e-11
-2.9354854751569239e-11
-3.1123295409195154e-11
-3.2915629580459621e-11
-3.4743976558143804e-11
-3.6591379155385394e-11
-3.8476440933377361e-11
-4.0366371229984513e-11
-4.2290309983684355e-11
-4.4162284114968405e-11
-4.6051394771436752e-11
-4.7913445603555136e-11
-4.9773724567838796e-11
-5.1576695976189622e-11
-5.3311354383147941e-11
-5.5005352918223754e-11
-5.6614172971368336e-11
-5.8147811018702040e-11
-5.9620499503461600e-11
-6.0990684536979192e-11
-6.2226634370833906e-11
-6.3380288929092757e-11
-6.4399984150526989e-11
-6.5278850718761961e-11
-6.6065249008943000e-11
-6.6671291717898295e-11
-6.7181066496227552e-11
-6.7543221323701273e-11
-6.7757079225425039e-11
-6.7859211114397659e-11
-6.7793329807684762e-11
-6.7581972658699847e-11
-6.7234469007251257e-11
-6.6779821951859266e-11
-6.6131585051275633e-11
-6.5384122619340471e-11
-6.4440300913230432e-11
-6.3468042444714420e-11
-6.2370998770520235e-11
-6.1138713334123448e-11
-5.9811389321564943e-11
-5.8377398093828900e-11
-5.6828701550272389e-11
-5.5242394146311035e-11
-5.3551490652617068e-11
-5.1844633629574859e-11
-5.0088808991434612e-11
-4.8272234739452146e-11
-4.6461080339787103e-11
-4.4589078101828514e-11
-4.2737147895326517e-11
-4.0888563638181634e-11
-3.9054859195389306e-11
-3.7234537108566621e-11
-3.5434729907158545e-11
-3.3674245436406280e-11
-3.1884892019168629e-11
-3.0174881935726669e-11
-2.8475020402383578e-11
-2.6809670686028980e-11
-2.5163365423389205e-11
-2.3621941997092209e-11
-2.2104807557100914e-11
-2.0672429318501321e-11
-1.9285133085207562e-11
-1.7977784884667031e-11
-1.6728780387086709e-11
-1.5561778183519187e-11
-1.4415505488259010e-11
-1.3356193377325974e-11
-1.2331112939668620e-11
-1.1372541070819850e-11
-1.0471181562621455e-11
-9.6284705527958293e-12
-8.8127633413834345e-12
-8.0667144126216365e-12
-7.3371358979224519e-12
-6.6976542833679068e-12
-6.0728208425452016e-12
-5.5389000585331639e-12
-5.0245459367305218e-12
-4.5690050582924995e-12
-4.1618238225184738e-12
-3.8092798137553896e-12
-3.4444272808022287e-12
-3.1174106907275276e-12
-2.8120010642333872e-12
-2.5828470506695780e-12
-2.3365228066057103e-12
-2.1185175929750753e-12
-1.9124775457673198e-12
-1.7417374670954859e-12
-1.5501298174819772e-12
-1.4009818802655586e-12
-1.2711882549212458e-12
-1.1372781114626409e-12
-1.0301623195950208e-12
-9.4087558509106730e-13
-8.4434787304995393e-13
-7.4230816039332986e-13
-6.1200488334403004e-13
-5.4230217795854915e-13
-4.6298132193821436e-13
-4.1046005454764946e-13
-3.5836886077018007e-13
-2.8433093596274612e-13
-2.5054514525207472e-13
-2.2520169016007152e-13
-1.7863909629511046e-13
-1.7293755605775641e-13
-1.4051546843877423e-13
-1.4477557568679004e-13
-1.3994997948743158e-13
-1.3443983266877872e-13
-1.2426910394066031e-13
-1.3061697706922837e-13
-1.1088231222626385e-13
-1.4499602179133338e-13
-1.3069407147112540e-13
-1.4877589312830056e-13
-1.4172127736000493e-13
-1.2587823377054499e-13
-1.1648696916794205e-13
-1.1778077014154129e-13
-1.0220850252063626e-13
-1.1218840170742425e-13
-1.1740906419279146e-13
-1.1725280942472261e-13
-1.2465567650297119e-13
-1.1112694597252786e-13
-1.0178596130624334e-13
-9.8953969450686682e-14
-8.1512333596981081e-14
-8.4453166384431641e-14
-8.4531028722201526e-14
-9.7224476320046439e-14
-8.7895801633743337e-14
-2.6048563472979056e-14
-2.1082777903624209e-14
-2.9699074372027540e-14
3.9812538045905312e-14
4.1634830976511676e-14
5.1292709812240716e-14
5.6626418852535159e-14
6.6390292556973317e-14
7.5747269173876781e-14
8.8920266255132085e-14
9.3977001262305766e-14
1.3937556410109890e-13
1.2533862704780078e-13
1.1589394782890641e-13
1.0247354914866213e-13
1.0999349305094378e-13
1.3373159282917076e-13
1.3854175371990079e-13
1.4439392335972647e-13
1.7416024320765303e-13
1.7244766754833440e-13
1.6809791672689570e-13
1.4920403830276972e-13
1.6328951511565874e-13
1.8115834524195863e-13
1.4940866953800117e-13
1.2834528377467408e-13
6.7388126002647127e-14
3.5633850501579892e-14
2.4811347771206726e-14
-1.1978930046738041e-14
-1.2998708442293408e-14
-4.9017493404429996e-15
4.4215748780656040e-16
-2.9953984005448066e-14
3.6086356243930692e-14
3.0944682603873447e-14
4.5824671332402066e-14
4.4672105712852674e-14
5.7720605624443894e-14
6.0949371190020198e-14
6.0524854492526253e-14
7.6196984036916866e-14
7.4891974271168091e-14
5.5761033035087805e-14
6.3739143253510143e-14
5.4562229935880123e-14
5.6071752973096361e-14
4.7674187412586986e-14
4.5559209504397664e-14
3.7365688380808008e-14
4.6303796857661378e-14
4.3285960343221811e-14
2.0695807823086677e-14
6.1043118794173541e-15
1.2861063415436821e-14
2.2697234349368168e-14
2.0876633160289650e-14
2.2511739584528433e-14
1.7090094876424827e-14
1.9716754451630594e-14
1.2095617613374283e-14
1.2823443721144428e-14
1.4323195469632580e-14
6.1199377641099419e-15
2.1618208331518004e-14
8.2169161291998475e-15
1.8916672882546783e-14
2.0792784331531776e-14
1.8774193315526254e-14
3.8897273618113851e-14
4.1520986983393489e-14
4.0908829532472682e-14
2.8412473495851190e-14
4.8008021247427521e-14
2.4789085972088443e-14
2.1715407152823368e-14
1.7346029425980956e-14
2.9780577335275020e-14
2.6391305135919974e-14
6.6465835624560610e-15
-5.7634318353981408e-15
2.1792686465427499e-14
1.4563272165238113e-14
2.7359673859436401e-14
2.7336997559575247e-14
5.3327050651551586e-14
4.6495036338280748e-14
3.2692817276809583e-14
3.4319116151047010e-14
4.5357773591791232e-14
4.1887815154153084e-14
5.9549278558104500e-14
7.6969014088803473e-14
7.4972742913808704e-14
8.1431463954780487e-14
5.9128989353573903e-14
5.3832505799747615e-14
6.2978995010282011e-14
4.7208363860697147e-14
6.5198970736654076e-14
5.4465615828144198e-14
7.6674721352517028e-14
5.9024486147147623e-14
5.2881652183731905e-14
4.0031171553581214e-14
5.3800371342336796e-14
4.2924822099877419e-14
6.2455484463278243e-14
5.5457339169921375e-14
7.3871188710252676e-14
6.6978897712413100e-14
5.7083511471429916e-14
3.3016027264811042e-14
3.8190625784122736e-14
2.1635042451271512e-14
3.9300475901729328e-14
3.6055049261551915e-14
6.1759654876050059e-14
4.7138952645095765e-14
2.5946701439550097e-14
1.6833799215261038e-14
2.9615936447152214e-14
2.0624344935020914e-14
3.6214271775556582e-14
3.7437960199178970e-14
4.3383266021008861e-14
6.6603241494565520e-14
2.0978470144296642e-14
1.8276911626444810e-14
4.2611217968857219e-14
4.3844852937060432e-14
4.2726074500364954e-14
2.0217424899233313e-14
4.3325018929799335e-14
2.4776043871101667e-14
2.4257633648826535e-14
3.5529622698469253e-14
4.4005959838132093e-14
1.4613704379421865e-14
2.7977437371665557e-14
8.7102087035144387e-15
2.0440423798919613e-14
3.3687058856077237e-14
5.7967443994333876e-15
8.2718623657731159e-15
2.2693679013946451e-14
1.2800236334447315e-14
3.1459022410923974e-14
2.8250287697694335e-14
2.8922653099817896e-14
3.6385533139817069e-14
4.8121069121988647e-14
5.6218119968527116e-14
4.6504793925388253e-14
1.7663699967897918e-14
2.6097298119251508e-14
2.5657856287980170e-14
2.5096916906916349e-14
3.1353212879029445e-14
1.5014907720165355e-14
1.3658642590118449e-14
2.8236997380478002e-14
3.5622173811402781e-15
-3.6391125197951278e-16
2.3778525013201617e-14
1.0677798194964231e-15
2.8488840147065206e-14
1.2898975854269406e-14
1.0874130020186496e-14
3.6754019662501506e-15
7.4648695979544642e-15
5.1802593857496959e-15
4.3845941674770301e-15
9.6131787077701000e-15
2.4838443477026431e-14
-9.7801510274313663e-15
7.9227657319013835e-15
1.6198644472734775e-14
