2.3192539568069823e-14
4.1797269332913882e-14
3.9003096671783978e-14
5.1732868908646782e-14
5.0796271691932655e-14
3.4664217321581614e-14
3.0493820425393620e-14
3.9519867881807056e-14
3.2429808481135906e-14
3.3518253557932292e-14
3.4667997034339790e-14
5.0261445960131409e-14
5.5745458832291446e-14
4.5442473945699804e-14
5.4390333374216592e-14
6.4859434670294305e-14
4.9171682142311145e-14
5.8716151713430877e-14
3.8058199439924478e-14
6.0929922518597753e-14
6.3712181002001289e-14
6.7960012512706658e-14
7.6772339787954106e-14
7.9768984012311106e-14
6.5600780772516658e-14
8.7395114818787355e-14
7.2400486604455859e-14
7.6091492680748178e-14
1.0524443216217958e-13
7.5465083346431360e-14
9.6723056931616175e-14
9.3282358917852865e-14
7.5691941128291251e-14
8.5571692260659150e-14
7.4187667382109462e-14
9.0348569358921829e-14
8.8612736062573104e-14
6.4010757353908933e-14
7.1567526279013004e-14
5.5788438582548218e-14
1.5341943977825500e-14
1.5423171537589316e-14
1.6747816385564445e-14
2.2097114607697563e-14
2.7330859507405790e-14
4.5216671820634429e-16
2.4224463522626135e-14
1.0921040462442214e-14
-8.3668126808094670e-15
-4.6834880794565524e-15
-1.6144009575234979e-14
-1.0381756845187503e-14
-8.9360664902498850e-15
-1.6785839508267115e-14
-2.2369979757259612e-14
-4.3918264710126169e-14
-4.0163020111732178e-14
-4.4153209455210042e-14
-3.1062753315646888e-14
-4.6811826777661369e-14
-2.3690736727155963e-14
-3.3565665670082605e-14
-1.9370810472606757e-14
-2.7475862060848966e-14
-2.2766099512176935e-14
-1.9290935332965993e-14
-1.2159050442458764e-14
5.9659771417626116e-15
5.6751403963558177e-15
-5.4343581953189204e-15
3.7795429877665787e-15
2.5525505682653912e-14
-2.0165860340300878e-15
2.0053342206005451e-14
1.4000579590541824e-14
3.9143500271521378e-14
4.5256843666905415e-14
3.1112830022391824e-14
4.1571912371380766e-14
2.6955605473553339e-14
1.5712068284254639e-14
2.5763690479120389e-14
2.0608147067100795e-14
2.8010549162005588e-14
5.3602718166168449e-15
1.4371213649685857e-14
-1.0421868351585496e-14
2.0485979029814683e-14
-6.2620099640096105e-15
2.0122719986014168e-14
2.4021645744751140e-15
1.2174661906265782e-14
6.7106719675217417e-15
9.2638212244508949e-15
1.3309083240509683e-14
-2.3678553416349720e-15
-2.2032670005448351e-14
-3.4655230866818312e-14
-4.2641128855658063e-14
-1.9447424590228536e-14
-3.1089569213762592e-14
-4.5119498964251143e-14
-1.2142671836686402e-14
1.3547362670226269e-14
1.9224326832168592e-14
5.3498508576811020e-14
3.1165849000517408e-14
7.5339323841874440e-14
6.8733095167241988e-14
8.0901563289315246e-14
6.3393373455166785e-14
5.8218173571385747e-14
2.0198552981731531e-14
5.0528638591887953e-15
-7.1600613555759083e-15
-2.6750500355422579e-14
-5.0657157331401523e-14
-2.5037213340914214e-14
-2.9375938872339305e-14
-3.0661561575355470e-14
-4.6281305721731207e-14
-4.6299471389022599e-14
-5.9510854915838204e-14
-5.2162910540004984e-14
-5.3612032728788351e-14
-5.4965070236069064e-14
-5.6003465685542413e-14
-7.0777384643667869e-14
-8.1023729697621552e-14
-8.6748063427341084e-14
-9.0064552160064836e-14
-1.0259515448765475e-13
-1.0871327221218653e-13
-1.1253389011585298e-13
-1.1249920825238944e-13
-1.3671824193983846e-13
-1.5720466604993314e-13
-1.6840135560682824e-13
-1.8200272903228321e-13
-2.2353812859586406e-13
-2.3968872927779739e-13
-2.9098740796509223e-13
-3.3532329133150247e-13
-3.9034402423088089e-13
-4.6264951562458618e-13
-5.1145051983867299e-13
-5.5485146517399698e-13
-6.2828565596017140e-13
-6.6017966662508875e-13
-6.7067082723010951e-13
-7.1070206044441293e-13
-7.6722584627671373e-13
-7.9846489557059748e-13
-8.8852870816551898e-13
-9.6041139864380199e-13
-1.0312526458332443e-12
-1.1431960653887172e-12
-1.2218087961605028e-12
-1.3378433834599186e-12
-1.4865371626783893e-12
-1.6113198092764149e-12
-1.7553173450918725e-12
-1.9678871662182011e-12
-2.1400206090429395e-12
-2.3720368885927955e-12
-2.5598235310786037e-12
-2.8266723787496221e-12
-3.0846637237381396e-12
-3.3451378353994568e-12
-3.6506894369550771e-12
-4.0449190574248604e-12
-4.4699192044293999e-12
-4.9452815962979150e-12
-5.4163559673664201e-12
-5.9918390850496486e-12
-6.6235062433207211e-12
-7.3020959080964033e-12
-8.0383503384103981e-12
-8.8416832091978261e-12
-9.6941233948783495e-12
-1.0599323622714984e-11
-1.1557735630830957e-11
-1.2624356707178921e-11
-1.3749010865924608e-11
-1.4924216999996685e-11
-1.6203684251515623e-11
-1.7587973623691416e-11
-1.9014309103229090e-11
-2.0559482595201331e-11
-2.2156235527908769e-11
-2.3900634028234489e-11
-2.5692488502786341e-11
-2.7608535146917164e-11
-2.9571205753054378e-11
-3.1636186302849449e-11
-3.3720971364478867e-11
-3.5889763330999085e-11
-3.8081538380355451e-11
-4.0370683734436882e-11
-4.2628617857214819e-11
-4.4991173194201590e-11
-4.7358939130954659e-11
-4.9755348591674415e-11
-5.2189006510588876e-11
-5.4609982319092975e-11
-5.7001967500536341e-11
-5.9421980648486303e-11
-6.1780224987752246e-11
-6.4129227040502358e-11
-6.6410221712135944e-11
-6.8628800574680517e-11
-7.0745161922805670e-11
-7.2799438244702497e-11
-7.4703262414020421e-11
-7.6553578726244073e-11
-7.8220838434065128e-11
-7.9792985003454772e-11
-8.1247566434815949e-11
-8.2511523581144039e-11
-8.3624092639164218e-11
-8.4572359640505112e-11
-8.5322046389142907e-11
-8.5909182700921622e-11
-8.6331427235592157e-11
-8.6556513729018617e-11
-8.6625432646429385e-11
-8.6518054755409799e-11
-8.6203043566552367e-11
-8.5745085417109780e-11
-8.5035622596810066e-11
-8.4202954408579068e-11
-8.3193940672071335e-11
-8.2023177680382818e-11
-8.0748057021659868e-11
-7.9271327073370867e-11
-7.7682373029381808e-11
-7.5978291174336180e-11
-7.4113762123997583e-11
-7.2115349211462664e-11
-7.0090493435419222e-11
-6.7908332767974160e-11
-6.5732410722883798e-11
-6.3478400530139994e-11
-6.1169435203149158e-11
-5.8844546644647521e-11
-5.6467036957753575e-11
-5.4087826629942726e-11
-5.1751301862773616e-11
-4.9380268244792575e-11
-4.7051455197564969e-11
-4.4726782102226399e-11
-4.2481118376572808e-11
-4.0225189606025172e-11
-3.8029126195061870e-11
-3.5830427817484384e-11
-3.3759652022884735e-11
-3.1658600389933900e-11
-2.9696535920856589e-11
-2.7785371016513015e-11
-2.5952083666015545e-11
-2.4210751773576572e-11
-2.2537971497876762e-11
-2.0942170989061403e-11
-1.9462069698053036e-11
-1.8016364400136328e-11
-1.6667063724162350e-11
-1.5368422114975496e-11
-1.4153919704975086e-11
-1.3006797575369133e-11
-1.1953528601675688e-11
-1.0908695204768981e-11
-9.9927984468099658e-12
-9.0573497544243846e-12
-8.2535663839385269e-12
-7.5047196484016291e-12
-6.8066272886719086e-12
-6.1918097260048406e-12
-5.6256532198649805e-12
-5.1046143600485441e-12
-4.6503968138560187e-12
-4.2058897922678467e-12
-3.8108581703168979e-12
-3.4475910439951095e-12
-3.1532291967541043e-12
-2.8205674018409592e-12
-2.5741302458690166e-12
-2.3006006768151163e-12
-2.0747976144953150e-12
-1.8649198222519432e-12
-1.7041333570922555e-12
-1.5074880680449739e-12
-1.3797638249766499e-12
-1.2124224130862562e-12
-1.1002456831490855e-12
-9.5263233410779439e-13
-8.6060156961826397e-13
-7.1644281453800100e-13
-6.7641278160428900e-13
-5.4595479500786580e-13
-4.8048851248381460e-13
-4.1522350829636312e-13
-3.5537549632104069e-13
-2.9969016959365784e-13
-2.4489003609531727e-13
-1.8673061309412137e-13
-1.7770160860477109e-13
-1.4561826628499592e-13
-1.4915662881357807e-13
-1.4258052784764437e-13
-1.1647961323583391e-13
-1.3222539216665564e-13
-1.2571843993383234e-13
-1.3140277939446480e-13
-1.2571972471485224e-13
-1.2145184232574870e-13
-1.3810656589909240e-13
-1.4281005027542371e-13
-1.2378019811851589e-13
-1.1842428391867672e-13
-1.0732786790946148e-13
-7.9346260264747957e-14
-8.9428801676546384e-14
-8.8753619583252147e-14
-1.1795866553174659e-13
-9.0605837406501694e-14
-8.1501911645386011e-14
-7.8702361679287917e-14
-8.3502720670102314e-14
-6.4004475965176228e-14
-8.9130483742769545e-14
-1.0223928450619736e-13
-1.1731639225821196e-13
-1.0409082689043749e-13
-6.3832802815722318e-14
-3.9337754377593441e-14
-2.7014529288790500e-14
1.6141847260979882e-14
1.2755434501967429e-14
2.1100548268770857e-14
2.8631475524185891e-14
7.3657181289797894e-14
6.9148324767750520e-14
1.1194896061494704e-13
8.8828447064158329e-14
1.0241388664256589e-13
1.1545201977313768e-13
1.1101429120378066e-13
1.0721534875255726e-13
1.1516794766086364e-13
1.3117414639568143e-13
1.2158748898448406e-13
1.3280723703115299e-13
1.6705915147288024e-13
1.8132523374813916e-13
1.8672400955043818e-13
1.5578714784111889e-13
1.8448532344661454e-13
1.9733456875205767e-13
1.7609475807751309e-13
1.3421242771343049e-13
9.9444188899828398e-14
6.6093435954415653e-14
5.7422065589320064e-14
7.0718984773682818e-15
1.3899072191794380e-14
-9.6412321235238972e-16
-4.7830693197288156e-15
-9.8707274456003238e-15
1.9660759016510200e-14
3.1513314218257617e-14
5.9498495442306785e-14
5.3749600231993397e-14
7.0391745925718943e-14
4.8710225812973258e-14
5.7735658930777273e-14
6.9685556481076015e-14
8.7663332449919555e-14
1.0078560108433594e-13
8.1476872415810923e-14
9.5038492601021598e-14
6.7276804585736151e-14
7.9096915187751753e-14
4.5235969082778448e-14
5.0876109975348747e-14
3.4413203953998169e-14
3.8265833939837999e-14
4.4389857200479319e-14
3.2582350972504207e-14
2.6848433856498138e-14
3.2506989062937132e-14
3.2567043153495964e-14
7.2082493828028150e-16
2.7570913829573183e-14
2.1763847128742777e-14
9.1577560000901990e-15
1.6385768682150850e-14
1.4873805191569627e-15
8.8614358734668495e-15
-1.3781764976016287e-14
3.9194943052188814e-15
1.0242248508159927e-14
1.0982316238766624e-14
3.4889730297713930e-14
3.1220422221114674e-14
2.0377214658122609e-14
2.0103134033495159e-15
1.0952971721073524e-14
4.8738090348393220e-15
2.1859912778437350e-14
1.2410140591477523e-14
2.8535526058364930e-14
3.6634721149169949e-14
-1.3531094833328284e-15
8.8310502263232556e-15
-1.4661488489528570e-14
-4.8080252533991316e-15
-9.1194822161208822e-15
-1.2722755738756300e-14
2.0384180566423747e-14
1.8517928840915123e-14
1.6664595749992127e-14
9.9831478889177965e-15
-4.8118363296248386e-15
6.1485269598949627e-15
6.1987905403319517e-15
2.8312128291463364e-14
3.3954229063081646e-14
4.7892608441362232e-14
5.2880178791014474e-14
3.5545638751223209e-14
1.4616341185910623e-14
2.3644222810694929e-14
1.8188923676539296e-14
2.3883817718903498e-14
4.1236702019315944e-14
5.1041555361718575e-14
5.8875843358946638e-14
1.6635945192558644e-14
1.5682908708006874e-14
3.4308041253180831e-14
2.2712037065629524e-14
1.6817698372530203e-14
4.6335041463434316e-14
3.1590813725224954e-14
3.5943126922438263e-14
2.2447220670040858e-14
7.7538736686434338e-15
8.8249776501303109e-15
1.3434427962819380e-14
1.4209038982308702e-14
2.8719737653585320e-14
3.4931503294614150e-14
3.3561890257928181e-14
1.6924976348340670e-14
1.4437650649227075e-14
1.5393801869315035e-14
1.6929413847400195e-14
2.4333161635399121e-14
3.1967864086932183e-14
3.7816998957516073e-14
2.7611118290559256e-14
3.1884114636613732e-14
1.5326028274386287e-14
2.9522246548560964e-14
1.5501694667583198e-14
2.8117099539296373e-14
2.9494939179978252e-14
2.3452240954473510e-14
3.6534841948949544e-14
1.3817943893280114e-14
1.3282578885675413e-14
1.5008017376040055e-14
2.9282280001811645e-15
1.4871372385382962e-14
2.1944955999231955e-14
3.5013434703707852e-14
4.0844253406518992e-14
4.3368489002491781e-14
3.0637236245829475e-14
5.5766945648106265e-14
3.4775678621977482e-14
4.9170361183812995e-14
5.4364318026410653e-14
4.2839010169329093e-14
5.5508074624663611e-14
3.8477991553758980e-14
3.6212371295188110e-14
5.0881302097172251e-14
3.3163449672538598e-14
5.2903513626094805e-14
3.2623560056762083e-14
3.2480490056196764e-14
4.2237572081169382e-14
3.2084461319980221e-14
1.6572951822592053e-14
4.2893948707917652e-14
1.1204926751324870e-14
3.5726327468848424e-14
2.4847760590947621e-14
2.7234390244696780e-14
2.4476736288181129e-14
8.1744011893610505e-15
2.3119447848446269e-14
3.2848673767969021e-14
1.3018921385999107e-14
6.8126168618109916e-15
4.7870200721480503e-15
3.3302481275057580e-14
3.5327220346125926e-14
7.7373686056075791e-15
2.4862669952518689e-14
4.5872469308724977e-14
