1.6706473127974904e-14
1.9248135594454202e-14
2.3888248243938631e-14
4.1465026750387936e-14
4.5790111180856982e-14
3.8288569730030782e-14
4.0345737647532622e-14
3.2717246354617781e-14
3.8221527579702220e-14
4.0546699722879957e-14
3.9307058050062563e-14
5.3917089203222894e-14
5.3019464023804363e-14
4.3909226886277856e-14
6.4360400981892487e-14
4.6500270118904688e-14
3.8836876454486814e-14
5.3349081901667001e-14
4.8505360490141030e-14
6.9734799521040732e-14
5.2753514924874606e-14
7.0919671634681340e-14
7.7770498759538798e-14
7.0028272079893196e-14
9.7884865551266549e-14
9.7959672446188275e-14
8.2023524692050138e-14
8.0468044446689833e-14
1.0640908999972266e-13
9.3898967945263421e-14
9.1196617246982519e-14
7.0568111695303001e-14
8.0714779596165557e-14
8.2827335710131116e-14
6.9869131333865873e-14
8.2707646237469930e-14
7.5535784957357973e-14
6.4986269708360419e-14
8.0161599599624640e-14
4.6439992528655347e-14
4.1548356387568035e-14
6.2143556557293719e-14
4.0444265432258477e-14
5.6502580541987656e-14
4.7547732063903522e-14
4.7800951887933682e-14
3.8551120158860598e-14
2.4120319205630774e-14
2.2168027509998888e-14
3.5122934656076103e-14
1.7518073154219095e-14
2.7470990587784016e-14
2.3893350768889303e-14
1.9466560077539466e-14
1.9135383960156313e-14
2.0984690587994323e-14
2.3666784144606635e-14
2.4490794874669569e-14
2.2779955888325026e-14
2.8073771562835400e-14
3.4108345257690566e-14
3.1149663887725822e-14
2.7564804583231768e-14
3.5103729162443116e-14
3.0916749033081104e-14
5.2789626764203719e-14
5.7443349288685216e-14
5.0940875276457777e-14
5.8500485652583049e-14
5.1570311904386053e-14
6.9503063047191368e-14
8.7292523566831756e-14
8.3671542369671566e-14
8.7239462995649354e-14
8.3781319023199295e-14
8.3375324592739497e-14
8.9906718369421053e-14
8.4643018254438015e-14
7.0134646922472369e-14
7.1602250241276899e-14
3.8864354238002456e-14
5.4933474494687825e-14
5.7946843176281877e-14
2.8214686721658425e-14
3.9208961725125458e-14
2.5344732397740859e-14
4.5432125334765215e-14
5.6965737869451339e-14
3.8278947449082429e-14
3.7794580097280287e-14
6.7260701228347327e-14
6.9012227755615767e-14
6.9536306653379493e-14
3.4903431342852937e-14
3.3583841517324364e-14
5.7163369174822825e-15
-5.4472593740489006e-15
-1.9215105369761365e-14
-1.5299798006268649e-14
-4.0101551199342853e-14
-1.7800019067699160e-14
-2.5620696902391671e-15
-1.1064457959647391e-14
1.4199687333185182e-14
3.8298862075031263e-14
2.4483989749772461e-14
5.0045832061463900e-14
4.2580188271440813e-14
7.8252762047277257e-14
5.6089867048726502e-14
5.7142525484152390e-14
4.9521343327522569e-14
1.7787262041727482e-14
-1.1006645879712556e-14
-6.9699884632780663e-15
-2.8585534476617362e-14
-2.0845889141947088e-14
-4.5103129749844138e-14
-4.6076456307989995e-14
-4.2146508987495216e-14
-4.7783544559974370e-14
-4.6539216729232903e-14
-1.9848114890972213e-14
-3.9702676002986806e-14
-3.2243320035086153e-14
-6.5631134456582346e-14
-6.0641896626050005e-14
-6.2931121102892475e-14
-7.8667954697034135e-14
-7.5839255313275216e-14
-7.5512815901510157e-14
-8.7374626390390561e-14
-7.5211188335286221e-14
-9.6142270021148417e-14
-1.1109584554535194e-13
-1.0763053769657177e-13
-1.2114196966143942e-13
-1.3829651389453794e-13
-1.5706297536725606e-13
-1.9724603057538453e-13
-2.1323129227505448e-13
-2.6316094889914418e-13
-3.1172271671166578e-13
-3.7409860070050348e-13
-4.1509927075091567e-13
-4.8294268582277428e-13
-5.2331493030751134e-13
-5.8377075286074132e-13
-6.2800563178021598e-13
-6.6239552587001561e-13
-7.2443070042312235e-13
-7.7815949654155352e-13
-8.3657894124181779e-13
-9.3617542923102554e-13
-9.9923109654907277e-13
-1.1156666751642100e-12
-1.2312446188087738e-12
-1.3353068889939273e-12
-1.4781540233658225e-12
-1.6261818260468347e-12
-1.8245166234881094e-12
-2.0270019522695506e-12
-2.2265004502981773e-12
-2.4721261714722368e-12
-2.7401836389661140e-12
-3.0071783932140243e-12
-3.3504943269107935e-12
-3.6933895484027765e-12
-4.0544089023167920e-12
-4.4972594666903918e-12
-4.9821829790179201e-12
-5.5455355844941732e-12
-6.1468607858212187e-12
-6.7783640554593199e-12
-7.5256825989793748e-12
-8.3141207119773706e-12
-9.2043063500704597e-12
-1.0158675319752079e-11
-1.1194678626790091e-11
-1.2298608355830281e-11
-1.3510605118452678e-11
-1.4766715510419133e-11
-1.6136705663093450e-11
-1.7590171784228709e-11
-1.9156207383108729e-11
-2.0817749781677011e-11
-2.2600652203872792e-11
-2.4469487783244034e-11
-2.6476290562983751e-11
-2.8578996331231240e-11
-3.0818720546270246e-11
-3.3142582181924235e-11
-3.5599079856976560e-11
-3.8146545398289250e-11
-4.0792035593588537e-11
-4.3499335309124881e-11
-4.6300609193630471e-11
-4.9150041494017753e-11
-5.2071123612963449e-11
-5.5037227012481348e-11
-5.8059094257294424e-11
-6.1117350044599666e-11
-6.4222213057857035e-11
-6.7308826135635693e-11
-7.0421826190728923e-11
-7.3506203561999716e-11
-7.6559323311316269e-11
-7.9588227795322757e-11
-8.2618221330293033e-11
-8.5520134301017312e-11
-8.8346350428488770e-11
-9.1088228774599872e-11
-9.3726238894261052e-11
-9.6137270797852902e-11
-9.8476989458593047e-11
-1.0064144901182639e-10
-1.0260539220380752e-10
-1.0439309861949039e-10
-1.0601765606637630e-10
-1.0743466016934107e-10
-1.0860780058394148e-10
-1.0957986922738587e-10
-1.1029897368173253e-10
-1.1082690983377279e-10
-1.1109474190362468e-10
-1.1116644258742831e-10
-1.1098292984439516e-10
-1.1057871256843747e-10
-1.0992977763112464e-10
-1.0904448369063262e-10
-1.0793130415859927e-10
-1.0664963548650434e-10
-1.0514438451332788e-10
-1.0344157735799439e-10
-1.0154681278666070e-10
-9.9489038266395401e-11
-9.7274433525917967e-11
-9.4883978077960256e-11
-9.2325886212403964e-11
-8.9702254534879134e-11
-8.6930754464361411e-11
-8.4105669852554981e-11
-8.1169054522924919e-11
-7.8214493418034899e-11
-7.5201108425308744e-11
-7.2152053840998090e-11
-6.9101522903151296e-11
-6.6080943834035602e-11
-6.3034530143513140e-11
-6.0049604792833210e-11
-5.7074459943052672e-11
-5.4145212146903991e-11
-5.1241257424839702e-11
-4.8387876346885456e-11
-4.5594953333017077e-11
-4.2899621755191681e-11
-4.0255769276189776e-11
-3.7713083582603133e-11
-3.5269221499178556e-11
-3.2906478183833578e-11
-3.0670550979538444e-11
-2.8519526907881351e-11
-2.6478598856595624e-11
-2.4565120054763237e-11
-2.2727446054696699e-11
-2.1004558253926418e-11
-1.9351731198568687e-11
-1.7816648678351915e-11
-1.6345304100773747e-11
-1.4989284852320368e-11
-1.3720115960958580e-11
-1.2525629637067983e-11
-1.1390100469022439e-11
-1.0359862710645611e-11
-9.3923327270950815e-12
-8.5156030745766798e-12
-7.7128787110142647e-12
-6.9705867881021579e-12
-6.3115270501945609e-12
-5.6993594223723919e-12
-5.1571205691423521e-12
-4.6566178014247588e-12
-4.2342907562689714e-12
-3.8159853640244114e-12
-3.4567883093712940e-12
-3.1111049655992232e-12
-2.7944923553410857e-12
-2.5180125178235215e-12
-2.2471833117806562e-12
-2.0153524448857197e-12
-1.8203167616305954e-12
-1.6166740584154198e-12
-1.4552317325180621e-12
-1.2976348416862003e-12
-1.1415309625950913e-12
-1.0196061724346368e-12
-8.9574048717453437e-13
-7.6381816155707824e-13
-6.6849872849706255e-13
-5.7150267554536241e-13
-4.9205562680450493e-13
-4.3228166544789631e-13
-3.4338405722413484e-13
-3.2930434747048402e-13
-2.8192973736253458e-13
-2.3819036781530775e-13
-2.2262342990397545e-13
-2.0193234563880313e-13
-1.8108667007365724e-13
-1.8577469351713688e-13
-1.6145511067722251e-13
-1.7415228261091393e-13
-1.6138126909388516e-13
-1.5552478776291231e-13
-1.6710063379752613e-13
-1.7610619653120590e-13
-1.7942311454192140e-13
-1.4330317625437736e-13
-1.3725568073192581e-13
-1.3901578792684318e-13
-1.2640508317111142e-13
-1.2404314077846751e-13
-1.3293840749909344e-13
-1.3974222856557166e-13
-1.5247129882170325e-13
-1.1833300390393085e-13
-1.2023510858402091e-13
-1.2920325672501814e-13
-1.1922078617042823e-13
-1.1551638814219357e-13
-1.2598378017468388e-13
-1.1267359566615959e-13
-1.1278194207933269e-13
-6.3393007756589189e-14
-5.0990174351225373e-14
-3.5823426652189025e-14
1.2570399212024564e-14
1.6675160029960198e-15
-8.9593532079807687e-15
1.5444620917766566e-15
2.6373133714059366e-14
3.9446327443991008e-14
4.6204869183750597e-14
3.0625372436431936e-14
6.5989175403985295e-14
7.8996424615744185e-14
5.4371337724861288e-14
2.8909126496210365e-14
4.2904044396069204e-14
7.5701592486481937e-14
4.7226495801509032e-14
8.6833439768657294e-14
1.0260521004213900e-13
1.1576856548408450e-13
9.2620685529594117e-14
1.0829319708837519e-13
9.0002591381742656e-14
7.8151172255250755e-14
6.9667733677083397e-14
4.0882827455202253e-14
-2.4531708784691245e-15
-2.9488295591518546e-14
-5.7900963455470914e-14
-6.5214620070199970e-14
-9.7050031507486124e-14
-7.8645191287321013e-14
-1.0426398881410770e-13
-8.4984802318969067e-14
-6.2572148546401714e-14
-5.0600478671690634e-14
-4.6628261275911766e-14
-5.4236146533681660e-14
-3.3417660549537151e-14
-3.7830485377489595e-15
-2.4542238087421196e-14
-2.7318876420554311e-14
-1.2860857910288302e-14
-2.4821435226437016e-14
-2.5588607414454639e-14
-3.1349656535177336e-14
-3.0755553505617007e-14
-9.9234214598757145e-15
-3.1389367916223836e-14
-4.0051086930688576e-14
-9.6797674882927571e-15
-3.4712752639878889e-14
-3.4322992300163181e-14
-4.5424272004111996e-14
-5.2329409648731095e-14
-3.5032816159969456e-14
-6.7377101249972739e-14
-5.9399473629331248e-14
-5.3534744481094609e-14
-6.0243488884348322e-14
-5.9256261003561867e-14
-5.5284039554925501e-14
-5.6245278855935632e-14
-4.7550180631977211e-14
-6.9491670957953636e-14
-5.8532733620032123e-14
-3.6928927671881571e-14
-4.4597159268094077e-14
-2.6935737066950619e-14
-4.5849932640034339e-14
-2.2628424483661631e-14
-4.4716003527343005e-14
-5.5809684769065341e-14
-4.1200531305172592e-14
-4.8884753423609495e-14
-4.8880265053107017e-14
-2.4655512109324553e-14
-1.2833541565992797e-14
-2.7093598570656287e-14
-3.0842395410251597e-14
-1.5740954237382922e-14
-1.4171626399642192e-14
-1.3024161995026795e-14
-1.5460178182348629e-14
2.7301741393039959e-15
-1.1298823296124644e-14
8.1603061687622742e-15
-1.5665107975080289e-14
-1.8494648432645669e-14
5.8115661941383783e-15
5.3728360889091977e-15
3.3879214510164664e-15
3.5027710651768605e-14
3.2950243916686432e-14
4.1731515291651010e-14
1.5534837844360764e-14
1.9679303107395590e-14
2.3222147697284443e-14
3.4400541574230351e-14
2.4915117040381094e-14
3.1993393923991263e-14
4.1415780492603919e-14
4.4447067419888730e-14
9.7784721666180485e-15
1.5932288852077072e-14
1.1142067524639484e-14
4.9842668363107695e-15
2.0831838388203530e-14
3.6413847638683531e-14
6.4951978853613626e-14
5.3262393002320188e-14
2.8946145454781189e-14
2.5550157521826490e-14
1.9620237281789267e-14
2.5035760292399886e-14
2.8191143962348672e-14
4.5504385023293770e-14
4.6461353752625022e-14
5.7411857027204763e-14
2.5633826001725153e-14
4.0766859353496931e-14
3.6109003373154672e-14
2.8363888508935250e-14
3.9056407336413100e-14
5.2823763289244169e-14
4.9019288927612783e-14
2.3737017448531848e-14
1.9228230106673773e-14
1.9530503914353214e-14
3.9145350907316940e-14
4.7417237916515803e-14
5.2192825123471795e-14
3.9285223845501558e-14
8.3293513995129689e-14
7.5433891371552363e-14
3.2629605824016344e-14
5.1995676883830205e-14
4.8958593246250714e-14
8.9083974122638413e-15
9.3372378994889584e-15
1.6214102395244965e-14
5.3403612189401393e-14
3.3546551906242539e-14
4.1707668509903158e-14
3.4394215348397671e-14
4.9002772926962946e-14
2.3242479428409184e-14
4.1967713585710805e-14
4.3339005101517510e-14
4.6705962421601749e-14
3.9899847386775506e-14
3.4543494359119403e-14
2.9360675930560290e-14
5.0046962322021765e-14
3.1765383492679826e-14
3.1276417595882911e-14
2.1324122350048520e-14
2.2623792965110860e-14
3.5639831229718049e-14
2.0934690270757498e-14
1.3211291336388174e-14
3.8110855592583204e-14
1.6868363419171850e-14
3.2221465201404016e-14
2.3596758233583290e-14
3.7175395503228396e-14
2.2809396746196847e-14
2.0822749050567325e-14
1.3682457666204845e-14
4.0555966346221882e-14
1.4736017641665802e-14
2.3501193728557841e-14
1.8460809494582949e-14
1.4870668191937179e-14
2.2364986418977529e-14
6.3013605850435145e-15
2.3572033388202157e-14
3.5111047489838000e-14
