-1.7089038899733279e-14
-8.5571102394777708e-15
-8.5696631232641778e-15
0.0000000000000000e+00
8.5946542892766723e-15
0.0000000000000000e+00
0.0000000000000000e+00
1.2947776845759758e-14
8.6441720509240494e-15
-8.6564534268779716e-15
0.0000000000000000e+00
1.7361793947895283e-14
8.6930587105348528e-15
4.3525900668070965e-15
1.3075891540717984e-14
1.3093951763383485e-14
1.5297275636848447e-14
2.1883145944001442e-14
2.1912937506631871e-14
3.0719675089595385e-14
3.5155532934000156e-14
1.3201011620936568e-14
2.8640375904133982e-14
2.2060324614199188e-14
2.6507381024696424e-14
1.8800756094267643e-14
2.5469603463848341e-14
4.2135003703966662e-14
1.9429414776123071e-14
3.4462179063221059e-14
2.2262172580761107e-14
3.9008499160386171e-14
4.1289888226328562e-14
4.0224662501301186e-14
5.1462727937890220e-14
4.3125873428520887e-14
7.9349274432211288e-14
6.5972184786739040e-14
1.0146910395055096e-13
1.0581451017342601e-13
1.1383259658573227e-13
1.8957435436368715e-13
2.6154322414302363e-13
3.7836234861982831e-13
5.4245504847849554e-13
8.0160652943361333e-13
1.1737432292516488e-12
1.7013052000898699e-12
2.4326136343372949e-12
3.5528997692062923e-12
5.1387566587616763e-12
7.4143924922092229e-12
1.0662164707138234e-11
1.5283540092265844e-11
2.1908574685172820e-11
3.1309996164724906e-11
4.4645060784882345e-11
6.3563363623058023e-11
9.0266985148882972e-11
1.2795111625054629e-10
1.8092228561167282e-10
2.5531523518176102e-10
3.5955309302748686e-10
5.0528460574362325e-10
7.0855536962152799e-10
9.9154971748820853e-10
1.3846241072245119e-09
1.9294996792284988e-09
2.6831187096934423e-09
3.7232997723811831e-09
5.1559063693726244e-09
7.1247592090055115e-09
9.8248568765530388e-09
1.3519811478888423e-08
1.8565343234027019e-08
2.5440446453106082e-08
3.4788474230988637e-08
4.7471692881164078e-08
6.4643211549242027e-08
8.7841550192539346e-08
1.1911476794963261e-07
1.6118332855241876e-07
2.1765240513858357e-07
2.9328884195430414e-07
3.9438144184964451e-07
5.2920762383614018e-07
7.0863819305463027e-07
9.4691667340106313e-07
1.2626638945181295e-06
1.6801673965526243e-06
2.2310336586883441e-06
2.9562997214738075e-06
3.9091251973107563e-06
5.1582153234982339e-06
6.7921636406089008e-06
8.9249457986894596e-06
1.1702854668659886e-05
1.5313230283300276e-05
1.9995422806078764e-05
2.6054524253116279e-05
3.3878523841698727e-05
4.3959686615308775e-05
5.6921124688754113e-05
7.3549738789652349e-05
9.4836948900173685e-05
1.2202892597278809e-04
1.5668837661526565e-04
2.0077033789587452e-04
2.5671491131777006e-04
3.2756041878572389e-04
4.1708110612385029e-04
5.2995426579520671e-04
6.7196251152905351e-04
8.5023792666962168e-04
1.0735559405272051e-03
1.3526880765212480e-03
1.7008241784050523e-03
2.1340763691600441e-03
2.6720788490489584e-03
3.3386997037023144e-03
4.1628831870513293e-03
5.1796434710736873e-03
6.4312336262182341e-03
7.9685166127928652e-03
9.8525683207119994e-03
1.2156546186805660e-02
1.4967860624879755e-02
1.8390690400263209e-02
2.2548887130756031e-02
2.7589318248146314e-02
3.3685701951281698e-02
4.1042991838326687e-02
4.9902372933748093e-02
6.0546934604610379e-02
7.3308089264293358e-02
8.8572808629482719e-02
1.0679175145820705e-01
1.2848835795318103e-01
1.5426898614943543e-01
1.8483416438043138e-01
2.2099103107764528e-01
2.6366702843267015e-01
3.1392490955790053e-01
3.7297910943063944e-01
4.4221351780620249e-01
5.2320067715580731e-01
6.1772241025275909e-01
7.2779186005239793e-01
8.5567689877677855e-01
1.0039248334577728e+00
1.1753883015130022e+00
1.3732522121894855e+00
1.6010615479689490e+00
1.8627497944409399e+00
2.1626677179826350e+00
2.5056121582337885e+00
2.8968544473585371e+00
3.3421680111207079e+00
3.8478546487096543e+00
4.4207689300331570e+00
5.0683400920062525e+00
5.7985907605227052e+00
6.6201517737717639e+00
7.5422723369499201e+00
8.5748246999458804e+00
9.7283025200451707e+00
1.1013812052990493e+01
1.2443055309729186e+01
1.4028304324759317e+01
1.5782365706950308e+01
1.7718534686745620e+01
1.9850537936253627e+01
2.2192464522155863e+01
2.4758684456569920e+01
2.7563754438587445e+01
3.0622310529339337e+01
3.3948947675807865e+01
3.7558086192377047e+01
4.1463825522878800e+01
4.5679785837647643e+01
5.0218938267219407e+01
5.5093424833545171e+01
6.0314369407089970e+01
6.5891681289497740e+01
7.1833853291660404e+01
7.8147756440580707e+01
8.4838433699546201e+01
9.1908895318720411e+01
9.9359918641054350e+01
1.0718985536512743e+02
1.1539444940599530e+02
1.2396666859146451e+02
1.3289655347901535e+02
1.4217108657303922e+02
1.5177408515911799e+02
1.6168612084866018e+02
1.7188446874130855e+02
1.8234308886334668e+02
1.9303264222836512e+02
2.0392054349360595e+02
2.1497105175502062e+02
2.2614540054094581e+02
2.3740196753463317e+02
2.4869648398724877e+02
2.5998228318422946e+02
2.7121058670900777e+02
2.8233082662002482e+02
2.9329100103129281e+02
3.0403805997569987e+02
3.1451831784618389e+02
3.2467788816517555e+02
3.3446313593936827e+02
3.4382114242628813e+02
3.5270017678179823e+02
3.6105016878285960e+02
3.6882317663539209e+02
3.7597384378910198e+02
3.8245983869391222e+02
3.8824227154841515e+02
3.9328608230966972e+02
3.9756039455364220e+02
4.0103883019239953e+02
4.0369978056148705e+02
4.0552662998037817e+02
4.0650792855032904e+02
4.0663751167557126e+02
4.0591456456237245e+02
4.0434363075184791e+02
4.0193456456150682e+02
3.9870242813197672e+02
3.9466733458370402e+02
3.8985423956852384e+02
3.8429268423832207e+02
3.7801649333404464e+02
3.7106343271079680e+02
3.6347483114801832e+02
3.5529517173879549e+02
3.4657165850231331e+02
3.3735376411337631e+02
3.2769276479012791e+02
3.1764126842502196e+02
3.0725274198636788e+02
2.9658104406204620e+02
2.8567996816886784e+02
2.7460280211786181e+02
2.6340190831639262e+02
2.5212832941255627e+02
2.4083142315694715e+02
2.2955852978347090e+02
2.1835467460670165e+02
2.0726230791075321e+02
1.9632108357602002e+02
1.8556767726727477e+02
1.7503564440066071e+02
1.6475531752835550e+02
1.5475374223732277e+02
1.4505465016057431e+02
1.3567846725238556e+02
1.2664235508816309e+02
1.1796028261893565e+02
1.0964312554206293e+02
1.0169879024465594e+02
9.4132359133965068e+01
8.6946254087960284e+01
8.0140414736725788e+01
7.3712488317358094e+01
6.7658027927200891e+01
6.1970696127219803e+01
5.6642471013355141e+01
5.1663852072703861e+01
4.7024063367104347e+01
4.2711251832850643e+01
3.8712678745667645e+01
3.5014902668827276e+01
3.1603952473794006e+01
2.8465489291939626e+01
2.5584956518050632e+01
2.2947717237524678e+01
2.0539178685883396e+01
1.8344903568701131e+01
1.6350708270069930e+01
1.4542748156706343e+01
1.2907590341748605e+01
1.1432274406728562e+01
1.0104361692165050e+01
8.9119738571805431e+00
7.8438214773483788e+00
6.8892234988045900e+00
6.0381183969415693e+00
5.2810679013717641e+00
4.6092541470819244e+00
4.0144710966449413e+00
3.4891110519158621e+00
3.0261470376850146e+00
2.6191117961343258e+00
2.2620740813851032e+00
1.9496128895838758e+00
1.6767902033490707e+00
1.4391227713672203e+00
1.2325533856827857e+00
1.0534220618244219e+00
8.9843747123611295e-01
7.6464892226304382e-01
6.4941913576228694e-01
5.5039801469583383e-01
4.6549756413497623e-01
3.9286807913854760e-01
3.3087568305501436e-01
2.7808126792637772e-01
2.3322086176117557e-01
1.9518742434457137e-01
1.6301405376906017e-01
1.3585856976277910e-01
1.1298942690302534e-01
9.3772900646609203e-02
7.7661481499486110e-02
6.4183407294269579e-02
5.2933260161155515e-02
4.3563553089977468e-02
3.5777230729370661e-02
2.9321010007963819e-02
2.3979488071384291e-02
1.9569947702357076e-02
1.5937793647768376e-02
1.2952556957903779e-02
1.0504408407374233e-02
8.5011261962835184e-03
6.8654673233153121e-03
5.5328961959471958e-03
4.4496281293681843e-03
3.5709493344522874e-03
2.8597787607502713e-03
2.2854407205465878e-03
1.8226205495437539e-03
1.4504786498047409e-03
1.1519011064062470e-03
9.1286767103641701e-04
7.2192026845407540e-04
5.6971731652633961e-04
4.4866106363330494e-04
3.5258685728215743e-04
2.7650477454835889e-04
2.1638538603931156e-04
1.6898260270077254e-04
1.3168758705363494e-04
1.0240860775717149e-04
7.9472497334299517e-05
6.1544044799404060e-05
4.7560234563817431e-05
3.6676739140061201e-05
2.8224497751532963e-05
2.1674570699375889e-05
1.6609767900134986e-05
1.2701803810124265e-05
9.6929508934834786e-06
7.3813432730092764e-06
5.6092340812068479e-06
4.2536378465135998e-06
3.2188906583939936e-06
2.4307523703779684e-06
1.8317406758202138e-06
1.3774506044707618e-06
1.0336579808966041e-06
7.7404542409020768e-07
5.7842204279491931e-07
4.3133232623564584e-07
3.2097259896581158e-07
2.3834863949223364e-07
1.7662257875123483e-07
1.3060760094980081e-07
9.6378367886012423e-08
7.0970738246226982e-08
5.2151665730072287e-08
3.8242461311037060e-08
2.7984130405040623e-08
2.0434635571532242e-08
1.4890550569458755e-08
1.0827869485645233e-08
7.8571472112844701e-09
5.6895233797442364e-09
4.1112576729096916e-09
2.9645993063109737e-09
2.1332571472776713e-09
1.5318314309272381e-09
1.0976409178079680e-09
7.8488044959624551e-10
5.6004161734156015e-10
3.9876785660587021e-10
2.8332821090161061e-10
2.0091990739676061e-10
1.4214466863117957e-10
1.0035655113796015e-10
7.0706000752356360e-11
4.9706052519383783e-11
3.4853925759344175e-11
2.4385462665931801e-11
1.7010541935209176e-11
1.1878555511078651e-11
8.2384327791598651e-12
5.7194965505562015e-12
3.9709174854243021e-12
2.7320893126359706e-12
1.8888865894339883e-12
1.2619350314845991e-12
8.5501787390660588e-13
5.7800645783178557e-13
3.7734529962751575e-13
2.3471110540266034e-13
1.4369956499684019e-13
5.2907255086713005e-14
1.4616048214483796e-14
-4.2109905183024920e-14
-7.3461165728760984e-14
-7.0569611064852365e-14
-6.6845608571498710e-14
-7.0672497311313886e-14
-6.3608746727046716e-14
-8.0246055415651577e-14
-6.4560300484207230e-14
-9.6160596418342629e-14
-8.3268920469098876e-14
-6.0984873782057007e-14
-2.4362229400202752e-14
-3.7601512188535287e-14
-9.9402678842611605e-15
0.0000000000000000e+00
-4.4062116775590742e-15
-1.1000843017447139e-14
-1.6479156062812570e-14
-4.3885250127993412e-15
2.1912937506631870e-15
0.0000000000000000e+00
1.9667925818805148e-14
4.3646505877944951e-15
1.3075891540717984e-14
-4.3525900668070965e-15
-8.6930587105348528e-15
-4.3404484869738207e-15
1.7337390280775146e-14
-4.3282267134389858e-15
-1.7288344101848099e-14
-4.3159256152532519e-15
-1.2929236776112665e-14
-3.4428368522169142e-14
-1.7189308578553345e-14
-1.7164355760193417e-14
0.0000000000000000e+00
-2.5671330718433312e-14
-1.7089038899733279e-14
-2.5595672927951818e-14
-2.5557675119401112e-14
-4.2532609318488599e-14
-2.5481345011387182e-14
-5.0886028099673661e-14
-1.6936382251447189e-14
-1.6910682443515547e-14
-5.0654731174329751e-14
-5.0577199633965154e-14
-5.0499454059921675e-14
-6.7228661073098239e-14
-3.3562217482274793e-14
-6.7019928896674653e-14
-6.6915144681283449e-14
-6.6810084132852461e-14
-6.6704749068472577e-14
-6.6599141307797254e-14
-6.6493262672990487e-14
-8.2983893735843599e-14
-6.6280700081879694e-14
-6.6174019781988891e-14
-6.6067075920689173e-14
-6.5959870331918062e-14
-1.3170480970362401e-13
-1.3148936263730879e-13
-1.3127340314564736e-13
-1.3105693491348304e-13
-9.8129971222231312e-14
-1.3062248698682844e-13
-9.7803386011142382e-14
-1.3018604841387786e-13
-1.2996709188761238e-13
-1.2974764880991135e-13
-1.2952772289132053e-13
-1.2930731784564344e-13
-9.6814828042378625e-14
-1.6108135655489258e-13
-1.2864326513082849e-13
-6.4210490388191963e-14
-6.4099117954562401e-14
-3.1993758565058684e-14
-6.3875689781716768e-14
-9.5645456666156026e-14
-6.3651362986521282e-14
-7.9423584099156221e-14
-6.3426152527267838e-14
-7.9141525753476380e-14
-7.9000091724070996e-14
-7.8858390913745820e-14
-7.8716425666451425e-14
-7.8574198327148230e-14
-4.7059026745045692e-14
-6.2631173405619697e-14
-3.1258386888240937e-14
-3.1201085992336345e-14
-7.7859212386797825e-14
-6.2172369430528536e-14
-6.2057172428146816e-14
-4.6456335587174607e-14
-4.6369647281809220e-14
-4.6282815815960263e-14
-4.6195842600763376e-14
-4.6108729047506132e-14
