1.5244526110990179e-13
-6.2420574035195385e-13
8.2791909519033940e-13
4.4052844804529154e-13
-4.8056931912993344e-13
-9.6503264592798941e-14
1.1708025372324120e-13
-1.0691041654461773e-13
-5.8573810811568356e-13
3.7528656479446700e-15
-1.3586741309514470e-12
-1.2985180518964526e-12
-1.5457697772529573e-12
-1.7603891903877268e-12
-1.9812325196478008e-12
-2.2531151891982232e-12
-3.1115740390724043e-12
-5.2037531009166192e-12
-6.0693835022628650e-12
-9.5070037189539959e-12
-1.4146578147715695e-11
-1.9471096034707314e-11
-2.6889461365265577e-11
-3.9782981748175538e-11
-5.6187434926352809e-11
-8.0001775129523396e-11
-1.1323230715859253e-10
-1.6029820551555050e-10
-2.2673327848069784e-10
-3.1911896157160056e-10
-4.4889791358610570e-10
-6.2949515966506154e-10
-8.8284370922816719e-10
-1.2334316158702480e-09
-1.7186741039157650e-09
-2.3920072335754888e-09
-3.3226632061021477e-09
-4.6038079215237634e-09
-6.3666420109579032e-09
-8.7859225066121131e-09
-1.2098454223673189e-08
-1.6625571071945802e-08
-2.2799800448567415e-08
-3.1200149993529783e-08
-4.2605977121715227e-08
-5.8059890172391920e-08
-7.8953765429137214e-08
-1.0714138263299306e-07
-1.4508582978137201e-07
-1.9605839190394298e-07
-2.6438516557293889e-07
-3.5577561383841941e-07
-4.7775288192893581e-07
-6.4020546968251995e-07
-8.5610109505216971e-07
-1.1424016084208498e-06
-1.5212538189740052e-06
-2.0214977605561652e-06
-2.6806098880581112e-06
-3.5471765564012232e-06
-4.6840425905422528e-06
-6.1723060414583757e-06
-8.1163882905140571e-06
-1.0650427762061532e-05
-1.3946333096105579e-05
-1.8223919594290851e-05
-2.3763603805360450e-05
-3.0922286915067571e-05
-4.0153154386389767e-05
-5.2030321835686629e-05
-6.7279401964250043e-05
-8.6815346773218757e-05
-1.1178915163627199e-04
-1.4364535684253189e-04
-1.8419264698561695e-04
-2.3569032798261046e-04
-3.0095391867319304e-04
-3.8348379526473081e-04
-4.8762145144252685e-04
-6.1873881379104440e-04
-7.8346696618594356e-04
-9.8997172590437141e-04
-1.2482847484060102e-03
-1.5707002367469844e-03
-1.9722489138301979e-03
-2.4712626996470661e-03
-3.0900454981250955e-03
-3.8556677769416678e-03
-4.8009049703902681e-03
-5.9653425172676786e-03
-7.3966732160375059e-03
-9.1522157830532334e-03
-1.1300686880431480e-02
-1.3924262564657439e-02
-1.7120968892875496e-02
-2.1007445433218287e-02
-2.5722129584342800e-02
-3.1428913759747955e-02
-3.8321331673086240e-02
-4.6627334088697722e-02
-5.6614718228298520e-02
-6.8597278598910502e-02
-8.2941750100925610e-02
-1.0007561666369563e-01
-1.2049586027597570e-01
-1.4477872583371351e-01
-1.7359057649752468e-01
-2.0769991198569410e-01
-2.4799061823980537e-01
-2.9547651075636705e-01
-3.5131722540243177e-01
-4.1683549949236776e-01
-4.9353587177503677e-01
-5.8312481279487627e-01
-6.8753227633100100e-01
-8.0893463824933887e-01
-9.4977896078945767e-01
-1.1128084880618285e+00
-1.3010892422127323e+00
-1.5180375493189939e+00
-1.7674482798298050e+00
-2.0535235404262320e+00
-2.3809015028288214e+00
-2.7546850009720196e+00
-3.1804694716093951e+00
-3.6643697555539743e+00
-4.2130452185248997e+00
-4.8337225928401093e+00
-5.5342158853751879e+00
-6.3229426447075250e+00
-7.2089358326420001e+00
-8.2018505041765248e+00
-9.3119644670929240e+00
-1.0550172069663656e+01
-1.1927970254353749e+01
-1.3457436018605920e+01
-1.5151194442952320e+01
-1.7022376483182956e+01
-1.9084565778946139e+01
-2.1351733807213130e+01
-2.3838162806561311e+01
-2.6558356017966478e+01
-2.9526934930102545e+01
-3.2758523381837890e+01
-3.6267618561024086e+01
-4.0068449145744864e+01
-4.4174821059884415e+01
-4.8599951557024291e+01
-5.3356292602083343e+01
-5.8455344785235035e+01
-6.3907463273144991e+01
-6.9721657573742746e+01
-7.5905387157244988e+01
-8.2464355232272069e+01
-8.9402303215671196e+01
-9.6720808651836180e+01
-1.0441908952548874e+02
-1.1249381806511545e+02
-1.2093894724617363e+02
-1.2974555326854400e+02
-1.3890169729617514e+02
-1.4839230970439309e+02
-1.5819909997820218e+02
-1.6830049524100295e+02
-1.7867161016595480e+02
-1.8928425073201865e+02
-2.0010695393469899e+02
-2.1110506515078947e+02
-2.2224085439090067e+02
-2.3347367215941131e+02
-2.4476014508537327e+02
-2.5605441089867782e+02
-2.6730839171261272e+02
-2.7847210394786202e+02
-2.8949400260504603e+02
-3.0032135697537240e+02
-3.1090065428408047e+02
-3.2117802720151423e+02
-3.3109970064406610e+02
-3.4061245283361234e+02
-3.4966408519997140e+02
-3.5820389540649234e+02
-3.6618314756207087e+02
-3.7355553356077075e+02
-3.8027761946750684e+02
-3.8630927094805077e+02
-3.9161405192473148e+02
-3.9615959092433178e+02
-3.9991790996842650e+02
-4.0286571133301720e+02
-4.0498461806628018e+02
-4.0626136479087273e+02
-4.0668793601935374e+02
-4.0626164996505582e+02
-4.0498518662241355e+02
-4.0286655970540022e+02
-3.9991903285512819e+02
-3.9616098134238041e+02
-3.9161570128243579e+02
-3.8631116913341185e+02
-3.8027975495144227e+02
-3.7355789351368776e+02
-3.6618571798213264e+02
-3.5820666125778212e+02
-3.4966703055866054e+02
-3.4061556104013368e+02
-3.3110295445928597e+02
-3.2118140896484459e+02
-3.1090414607154310e+02
-3.0032494075562397e+02
-2.8949766039155338e+02
-2.7847581794541242e+02
-2.6731214445659072e+02
-2.5605818538564608e+02
-2.4476392489369317e+02
-2.3347744155881662e+02
-2.2224459844016894e+02
-2.1110876978283153e+02
-2.0011060602864393e+02
-1.8928783817200764e+02
-1.7867512188664426e+02
-1.6830392125988260e+02
-1.5820243141511580e+02
-1.4839553878869529e+02
-1.3890481736219866e+02
-1.2974855874013448e+02
-1.2094183361118809e+02
-1.1249658184080204e+02
-1.0442172821582749e+02
-9.6723320697873490e+01
-8.9404687939968568e+01
-8.2466612778551223e+01
-7.5907518426341213e+01
-6.9723664156885008e+01
-6.3909347383623775e+01
-5.8457109189374577e+01
-5.3357940550419485e+01
-4.8601486716501363e+01
-4.4176247447798367e+01
-4.0069771066058330e+01
-3.6268840543622879e+01
-3.2759650125165443e+01
-2.9527971247565084e+01
-2.6559306788360448e+01
-2.3839032928753635e+01
-2.1352528159160951e+01
-1.9085289181126555e+01
-1.7023033666406171e+01
-1.5151790020470941e+01
-1.3457974462404998e+01
-1.1928455875442923e+01
-1.0550609002158456e+01
-9.3123566558462390e+00
-8.2022016957105244e+00
-7.2092495690904288e+00
-6.3232222604927166e+00
-5.5344645063262909e+00
-4.8339431374704080e+00
-4.2132404011763072e+00
-3.6645420911499227e+00
-3.1806212817497852e+00
-2.7548184211151190e+00
-2.3810184903546641e+00
-2.0536258833557302e+00
-1.7675376060031847e+00
-1.5181153358850887e+00
-1.3011568252547485e+00
-1.1128670722363785e+00
-9.4982962886882483e-01
-8.0897836046453719e-01
-6.8756991942928236e-01
-5.8315714876796043e-01
-4.9356358618957408e-01
-4.1685919938534122e-01
-3.5133744672675943e-01
-2.9549372535906021e-01
-2.4800524035269189e-01
-2.0771230424274034e-01
-1.7360105548729490e-01
-1.4478756718194691e-01
-1.2050330329017199e-01
-1.0008186856261933e-01
-8.2946989831304552e-02
-6.8601660282827409e-02
-5.6618374257549113e-02
-4.6630377886085032e-02
-3.8323860156187335e-02
-3.1431009531948328e-02
-2.5723862866377196e-02
-2.1008875760477781e-02
-1.7122146618640591e-02
-1.3925230167185733e-02
-1.1301480099287166e-02
-9.1528646206233411e-03
-7.3972027880796097e-03
-5.9657737972817837e-03
-4.8012554345634485e-03
-3.8559519449804036e-03
-3.0902754075361107e-03
-2.4714483032509398e-03
-1.9723984238264702e-03
-1.5708204073244928e-03
-1.2483811284166825e-03
-9.9004885664839338e-04
-7.8352855770192601e-04
-6.1878788835487435e-04
-4.8766047062081717e-04
-3.8351474984180551e-04
-3.0097842215319519e-04
-2.3570968302270086e-04
-1.8420790304169652e-04
-1.4365735376360852e-04
-1.1179856853381093e-04
-8.6822720464719896e-05
-6.7285163574815819e-05
-5.2034813079732669e-05
-4.0156649392668410e-05
-3.0924999461885606e-05
-2.3765705128320869e-05
-1.8225544072359166e-05
-1.3947585628499672e-05
-1.0651391507824353e-05
-8.1171294741974482e-06
-6.1728731163225723e-06
-4.6844752222885476e-06
-3.5475083583355618e-06
-2.6808627618584644e-06
-2.0216902283749482e-06
-1.5213993712791455e-06
-1.1425119593079093e-06
-8.5618259284755166e-07
-6.4026774458339047e-07
-4.7779894427957856e-07
-3.5580933817777701e-07
-2.6441166321713374e-07
-1.9607787568503497e-07
-1.4510102518337189e-07
-1.0715139654088542e-07
-7.8961161364235473e-08
-5.8064282278741543e-08
-4.2610174101135454e-08
-3.1202910482155747e-08
-2.2801575998313010e-08
-1.6626836963878811e-08
-1.2099873411390826e-08
-8.7864459446880586e-09
-6.3662939974045860e-09
-4.6043825113839124e-09
-3.3220909360579638e-09
-2.3920145923838682e-09
-1.7197136816912751e-09
-1.2321831877032531e-09
-8.8276516899582479e-10
-6.2961483437174463e-10
-4.4851365549109173e-10
-3.1908814779788821e-10
-2.2642521302421094e-10
-1.6034185712776042e-10
-1.1283953689913925e-10
-7.9645627608943749e-11
-5.6574387814159062e-11
-3.8898648581002477e-11
-2.7472600587993488e-11
-1.8750915267462128e-11
-1.2133714934333349e-11
-9.0237921007198780e-12
-6.5711725495632297e-12
-4.4182324058360880e-12
-3.7022937035751110e-12
-2.0125794197758511e-12
-1.1262641114721504e-12
-1.8849450311681811e-12
-1.0075258822966794e-12
-5.0355017467411549e-13
-3.9724776728177185e-13
-5.2092007679291005e-13
3.9078291047586808e-13
-3.7087352087158885e-13
3.1425988985226619e-13
-1.1390243108887781e-13
-1.3500728136602760e-13
-2.7562189938973713e-13
2.1052138107689608e-13
7.4476058717090196e-13
-1.2217776863787857e-13
2.0047840840106204e-13
6.3146328663940127e-13
3.0832004668747468e-13
6.7817818745739026e-14
4.4157878247588498e-13
-3.9087602981398162e-13
3.4247496184404243e-13
6.0152914248448977e-13
-4.5854028537674990e-13
1.0091669627944368e-12
2.0025302720341501e-13
1.9090295747201144e-13
-1.8761587307487270e-14
6.1409492857705550e-13
-1.0493640890116986e-12
-5.2130628634817848e-14
-2.2765404265995529e-13
6.8408325183649558e-14
5.2156066080604470e-13
1.5895522494321966e-12
-4.4648526768664483e-13
-6.7831111353108578e-13
6.0855429757509138e-13
-9.3821558819634655e-14
9.3800106525614768e-13
3.6147112741026427e-13
5.8582146262193842e-13
7.3497386311291514e-13
-2.8697771083209995e-13
9.0362838620084685e-13
-8.9600634255341079e-13
3.0794692980681420e-13
5.8698237749738130e-13
-7.0398488409185966e-13
-5.7880378958240133e-13
2.0926017408507911e-13
-5.1234616167732954e-13
7.5457961734568500e-13
6.6666192295424826e-13
-3.7330095466860372e-13
1.7026842584826586e-13
7.1141807219693149e-13
-2.5834433732792010e-13
-2.1256114844301108e-13
-1.8077287010279804e-13
7.1129761705995164e-14
-7.1453513035209748e-13
-3.7619594612740506e-13
-7.7482014029952347e-14
3.6579469017829781e-13
3.0258100926098457e-13
-3.5586453766993266e-13
-9.5372471573769517e-13
5.0063778589682846e-14
8.2183457565781176e-14
-1.1068753627507347e-12
1.3415898141730344e-13
4.1070925440630836e-14
-5.8323829814835072e-13
-2.8817556581314014e-14
-1.4724489530983110e-14
1.0927013037759546e-12
-3.5371828402105121e-13
-2.1027120531621602e-13
-7.1193606380806138e-13
6.2913317113854612e-14
-4.1703708758952168e-14
-7.1212287425375510e-13
-4.7720465982743951e-13
3.8277495923621186e-13
6.2086221177474537e-13
-7.2830397813278361e-13
6.3688351866649608e-13
-5.3971481530438511e-14
-2.8798431460290725e-13
-4.2236837930286598e-13
7.3800287837366514e-13
-4.6516418552500481e-13
-4.0248519349988377e-14
1.1862784631330486e-12
-5.0951113592295266e-13
-1.0798355255838741e-13
2.2936701512787284e-13
-5.4774191794308847e-14
7.1344969538123145e-13
-2.2968372554061662e-13
6.6738900916126426e-13
9.3878642353917931e-14
2.6072756404867199e-13
6.1520962259116862e-13
3.2317955577233118e-14
4.7473314702895691e-13
4.7708688266271569e-13
-2.7723506535434722e-13
4.3901771418511275e-14
1.0511068545284014e-14
6.8692360184453918e-14
-4.5605731039523413e-13
2.7316581064562974e-13
-3.5918601178756578e-13
-1.4505579206947799e-13
1.1294096575912117e-12
-5.0805864917236448e-13
-2.3965940646840105e-13
-8.6109831970247894e-14
-3.5236919217669726e-13
-4.4069377271424134e-13
1.3896065227418753e-12
2.6482516858605106e-13
1.0763631832977506e-13
-9.7158741132872298e-13
-1.5984285040510606e-13
-6.4285285661106915e-13
-1.3724809121055234e-13
5.2343192899353644e-13
-7.6824747750771257e-13
-4.9731967958811858e-13
4.2806609186891599e-13
2.2019395085878364e-13
-6.5365994354686529e-13
4.4655128433962231e-14
-2.6803618199188378e-13
-4.8287770644574953e-13
-5.1622799791754182e-14
2.8025703432570108e-13
-8.9086382692424161e-13
-3.7102163966961315e-14
