-3.2491681425774070e-14
-3.2546420403111992e-14
0.0000000000000000e+00
0.0000000000000000e+00
0.0000000000000000e+00
-3.2764141414578866e-14
0.0000000000000000e+00
0.0000000000000000e+00
0.0000000000000000e+00
0.0000000000000000e+00
-3.3033444887783385e-14
-1.6543458333887581e-14
1.6570128333716888e-14
1.6596731985459225e-14
-1.6623268831769897e-14
0.0000000000000000e+00
0.0000000000000000e+00
0.0000000000000000e+00
0.0000000000000000e+00
0.0000000000000000e+00
0.0000000000000000e+00
0.0000000000000000e+00
0.0000000000000000e+00
-3.3718038087890357e-14
-5.0654588453753681e-14
-1.6910634797376990e-14
-3.3872669065797964e-14
-5.0885884727414517e-14
-3.3975030956345961e-14
-4.2532489482130514e-14
-5.1115206220424018e-14
-5.1191201623406480e-14
-4.2722476877680852e-14
-3.4228344518690142e-14
-3.4278555912363904e-14
-2.5746461098988895e-14
-3.4378520294761729e-14
-2.5821203639736636e-14
-3.8787601043297206e-14
-2.1579567275293104e-14
-3.4576590783282653e-14
-2.1641072592928997e-14
-1.7337341432379923e-14
-2.6042617546113458e-14
-2.1732585544231160e-14
-4.3525778033097418e-14
-3.2689636747921833e-14
-3.4917106322531323e-14
-3.9335740808171945e-14
-4.3766168575722952e-14
-3.9443176379796600e-14
-3.2913844860409937e-14
-3.9549863118016834e-14
-4.2903166887292858e-14
-4.1858892998328140e-14
-3.8605459302996724e-14
-6.0745910361800134e-14
-3.8707329958734864e-14
-6.7549627559607006e-14
-4.5461323276385223e-14
-3.7748470922059281e-14
-6.7256643835776079e-14
-5.3985616402514661e-14
-5.0153643325631646e-14
-3.6268042877544653e-14
-2.1229623171800996e-14
6.1531349168311203e-15
9.5212699045548910e-15
2.6356221841841068e-14
4.7303326877285654e-14
5.8604566663234966e-14
9.3713118641121387e-14
1.2115811539600656e-13
2.1129582046990830e-13
3.1683076140607177e-13
4.8793900828648188e-13
6.9625721258403649e-13
1.0035643285354320e-12
1.4747661848995150e-12
2.1507045345878064e-12
3.1317110033420294e-12
4.5241605695088176e-12
6.5249252960864472e-12
9.4128032071045790e-12
1.3527072568700040e-11
1.9360966481792896e-11
2.7687650803949272e-11
3.9522173167036449e-11
5.6250236387705169e-11
7.9939325234289643e-11
1.1335095712465138e-10
1.6044054270601376e-10
2.2655059314135145e-10
3.1921577488558485e-10
4.4893743539909004e-10
6.3003053209507574e-10
8.8227497662336638e-10
1.2329629754912561e-09
1.7193939770266473e-09
2.3927515036516692e-09
3.3227898841520957e-09
4.6046310391194718e-09
6.3676377679137400e-09
8.7872056158393115e-09
1.2100713620899714e-08
1.6628842909664931e-08
2.2803442567592034e-08
3.1205339664503977e-08
4.2613313907793218e-08
5.8069834313865911e-08
7.8966848869419511e-08
1.0715878480220873e-07
1.4511072179420642e-07
1.9609207146122969e-07
2.6442917643401420e-07
3.5583400936055171e-07
4.7783097477746171e-07
6.4030946587637476e-07
8.5623768848892603e-07
1.1425824464852187e-06
1.5214914768896759e-06
2.0218097016104035e-06
2.6810184875854015e-06
3.5477100325371920e-06
4.6847368941003052e-06
6.1732101335354229e-06
8.1175636569445682e-06
1.0651950007819599e-05
1.3948301081633723e-05
1.8226458209362700e-05
2.3766872299745141e-05
3.0926484667741923e-05
4.0158534797712013e-05
5.2037202018568943e-05
6.7288181586872489e-05
8.6826525744403848e-05
1.1180335395755402e-04
1.4366335925855724e-04
1.8421541940101757e-04
2.3571906934027233e-04
3.0099011509419373e-04
3.8352927987194405e-04
4.8767848224133743e-04
6.1881016497861120e-04
7.8355603725108333e-04
9.9008267250372392e-04
1.2484226385589302e-03
1.5708712365435377e-03
1.9724605071733069e-03
2.4715239427883073e-03
3.0903673320402413e-03
3.8560633770551673e-03
4.8013901684977722e-03
5.9659362892404925e-03
7.3973982496400225e-03
9.1530991305663542e-03
1.1301760722894995e-02
1.3925565084849415e-02
1.7122545274037820e-02
2.1009349010449173e-02
2.5724423152248214e-02
3.1431671053151110e-02
3.8324639052997503e-02
4.6631292435400401e-02
5.6619445068389146e-02
6.8602910493111513e-02
8.2948445298981432e-02
1.0008355805304642e-01
1.2050525864604066e-01
1.4478982346866978e-01
1.7360365110918405e-01
2.0771528101461254e-01
2.4800864352191010e-01
2.9549760355798993e-01
3.5134185184595540e-01
4.1686418634421379e-01
4.9356921260265285e-01
5.8316347446523420e-01
6.8757700583248560e-01
8.0898626978919730e-01
9.4983842312862665e-01
1.1128768120309847e+00
1.3011675683268533e+00
1.5181271354165238e+00
1.7675505086423997e+00
2.0536399269519237e+00
2.3810337013943204e+00
2.7548348118466470e+00
3.1806388470005418e+00
3.6645608048348897e+00
4.2132602125041423e+00
4.8339639668807646e+00
5.5344862411750348e+00
6.3232447505245926e+00
7.2092726217624596e+00
8.2022250714117977e+00
9.3123800631031042e+00
1.0550632092917118e+01
1.1928478240515224e+01
1.3457995627212735e+01
1.5151809441213762e+01
1.7023050726787734e+01
1.9085303189799440e+01
2.1352538348051798e+01
2.3839038452440150e+01
2.6559306724667522e+01
2.9527964599563397e+01
3.2759635824743043e+01
3.6268817456794260e+01
4.0069738000181715e+01
4.4176203160818908e+01
4.8601429928366244e+01
5.3357869956742356e+01
5.8457023477431015e+01
6.3909245250690006e+01
6.9723544330922039e+01
7.5907379688962109e+01
8.2466453990169128e+01
8.9404508066957305e+01
9.6723118841544050e+01
1.0442150364292996e+02
1.1249633401523990e+02
1.2094156222655175e+02
1.2974826375261875e+02
1.3890449902340788e+02
1.4839519767781695e+02
1.5820206846985570e+02
1.6830353780558394e+02
1.7867471966295162e+02
1.8928741935643143e+02
2.0011017325637573e+02
2.1110832616220753e+02
2.2224414756315275e+02
2.3347698750595796e+02
2.4476347223303804e+02
2.5605773916516955e+02
2.6731171018979080e+02
2.7847540158979695e+02
2.8949726831984958e+02
3.0032457971967875e+02
3.1090382315897227e+02
3.2118113154864767e+02
3.3110273014073368e+02
3.4061539758542295e+02
3.4966693582989950e+02
3.5820664313903848e+02
3.6618578430136608e+02
3.7355805196151516e+02
3.8028001299774905e+02
3.8631153394293261e+02
3.9161617963045188e+02
3.9616157953175104e+02
3.9991975663587272e+02
4.0286741419804525e+02
4.0498617624629981e+02
4.0626277837274222e+02
4.0668920603819561e+02
4.0626277837274154e+02
4.0498617624629867e+02
4.0286741419804355e+02
3.9991975663587050e+02
3.9616157953174832e+02
3.9161617963044864e+02
3.8631153394292897e+02
3.8028001299774502e+02
3.7355805196151078e+02
3.6618578430136142e+02
3.5820664313903359e+02
3.4966693582989433e+02
3.4061539758541750e+02
3.3110273014072806e+02
3.2118113154864176e+02
3.1090382315896625e+02
3.0032457971967244e+02
2.8949726831984316e+02
2.7847540158979041e+02
2.6731171018978432e+02
2.5605773916516313e+02
2.4476347223303168e+02
2.3347698750595177e+02
2.2224414756314670e+02
2.1110832616220156e+02
2.0011017325636990e+02
1.8928741935642577e+02
1.7867471966294605e+02
1.6830353780557846e+02
1.5820206846985033e+02
1.4839519767781169e+02
1.3890449902340279e+02
1.2974826375261384e+02
1.2094156222654696e+02
1.1249633401523526e+02
1.0442150364292552e+02
9.6723118841539787e+01
8.9404508066953213e+01
8.2466453990165206e+01
7.5907379688958372e+01
6.9723544330918472e+01
6.3909245250686631e+01
5.8457023477427796e+01
5.3357869956739307e+01
4.8601429928363373e+01
4.4176203160816172e+01
4.0069738000179164e+01
3.6268817456791844e+01
3.2759635824740791e+01
2.9527964599561283e+01
2.6559306724665536e+01
2.3839038452438309e+01
2.1352538348050086e+01
1.9085303189797816e+01
1.7023050726786227e+01
1.5151809441212334e+01
1.3457995627211409e+01
1.1928478240513979e+01
1.0550632092915903e+01
9.3123800631019780e+00
8.2022250714107425e+00
7.2092726217614853e+00
6.3232447505236742e+00
5.5344862411741698e+00
4.8339639668799430e+00
4.2132602125033358e+00
3.6645608048341338e+00
3.1806388469998215e+00
2.7548348118459831e+00
2.3810337013936436e+00
2.0536399269512793e+00
1.7675505086417760e+00
1.5181271354159616e+00
1.3011675683262989e+00
1.1128768120304324e+00
9.4983842312811395e-01
8.0898626978873867e-01
6.8757700583205672e-01
5.8316347446485972e-01
4.9356921260228831e-01
4.1686418634391575e-01
3.5134185184567257e-01
2.9549760355774563e-01
2.4800864352165597e-01
2.0771528101439690e-01
1.7360365110895704e-01
1.4478982346842825e-01
1.2050525864578793e-01
1.0008355805278954e-01
8.2948445298685433e-02
6.8602910492789826e-02
5.6619445068068770e-02
4.6631292435095568e-02
3.8324639052707388e-02
3.1431671052893094e-02
2.5724423152006570e-02
2.1009349010255661e-02
1.7122545273845394e-02
1.3925565084670919e-02
1.1301760722690426e-02
9.1530991303814535e-03
7.3973982494655267e-03
5.9659362890649142e-03
4.8013901682963395e-03
3.8560633768608653e-03
3.0903673318192597e-03
2.4715239425658598e-03
1.9724605069439457e-03
1.5708712363126504e-03
1.2484226383695286e-03
9.9008267234860906e-04
7.8355603715531607e-04
6.1881016490567789e-04
4.8767848215919952e-04
3.8352927983275855e-04
3.0099011505521590e-04
2.3571906931567555e-04
1.8421541937066617e-04
1.4366335924383058e-04
1.1180335399835999e-04
8.6826525752431200e-05
6.7288181592718330e-05
5.2037201986638248e-05
4.0158534754242207e-05
3.0926484603889482e-05
2.3766872284360884e-05
1.8226458196203474e-05
1.3948301039763998e-05
1.0651949918342570e-05
8.1175635653372384e-06
6.1732100700052507e-06
4.6847367367077719e-06
3.5477099247977326e-06
2.6810183793573786e-06
2.0218095956295141e-06
1.5214913653989390e-06
1.1425823561737199e-06
8.5623762077612088e-07
6.4030938497997263e-07
4.7783087988100976e-07
3.5583391437767551e-07
2.6442909621288553e-07
1.9609201919698238e-07
1.4511068506452922e-07
1.0715874693952141e-07
7.8966815478166615e-08
5.8069798460169235e-08
4.2613260967059451e-08
3.1205274866462092e-08
2.2803416837624591e-08
1.6628786911786532e-08
1.2100669643674178e-08
8.7871306086975624e-09
6.3675453400744689e-09
4.6045475017966663e-09
3.3226877870161756e-09
2.3926372928479562e-09
1.7193224568011505e-09
1.2328906185137772e-09
8.8221279982268046e-10
6.2994382557504084e-10
4.4885764224766218e-10
3.1915007138445031e-10
2.2645204939595483e-10
1.6035026378678907e-10
1.1328505786450378e-10
7.9868922972940696e-11
5.6183912383663238e-11
3.9429840119472647e-11
2.7595286557076794e-11
1.9265719976614789e-11
1.3428254508979523e-11
9.3507396705625169e-12
6.4753169328286015e-12
4.4858223374003527e-12
3.1004927392927288e-12
2.1172496042469479e-12
1.4484450103867077e-12
9.6373922243199219e-13
6.5230318909977435e-13
4.5584333894975884e-13
3.0108454794639853e-13
2.1101371657074951e-13
1.2510279822285329e-13
8.4426233010019268e-14
4.1599404633855033e-14
5.8953701152700217e-15
-6.4488627910887731e-15
-2.1842913310449457e-14
-1.2865645735192345e-14
-7.5421029689292999e-15
-3.4873118151485238e-14
-5.1268168732867912e-14
-4.4524219713414154e-14
-7.8929284501489291e-14
-7.5496941844118550e-14
-4.2134884987869235e-14
-5.8690660010806089e-14
-4.5342872237375125e-14
-5.9641439264312856e-14
-5.9562708638909231e-14
-4.6265092261310056e-14
-5.5004060111913911e-14
-7.0310867765363258e-14
-5.4856408100683228e-14
-4.6017039109762692e-14
-4.3766168575722952e-14
-5.6818292278470584e-14
-7.8563489225695483e-14
-7.6275819078484282e-14
-8.2698978262885080e-14
-8.6930342176924642e-14
-7.8127852638340375e-14
-6.0680695013329737e-14
-6.4923217778786985e-14
-7.3475255414475644e-14
-9.4950096011289657e-14
-9.4814135883615377e-14
-1.0328481455894654e-13
-1.1173019095797562e-13
-1.0298584439595558e-13
-1.0283566773709172e-13
-1.2835629194508802e-13
-1.0253394450643404e-13
-1.1944613712128177e-13
-1.1074961347758539e-13
-1.1909097054996544e-13
-1.2740636608629736e-13
-1.1873373103063386e-13
-1.1855434173029287e-13
-1.0146380878426196e-13
-8.4424314089589470e-14
-6.7436076175780715e-14
-8.4165519628069244e-14
-8.4035589568987126e-14
-6.7124245840299907e-14
-8.3774675083590747e-14
-8.3643695183390920e-14
-8.3512369867864553e-14
-6.6704561126695127e-14
-6.6598953663571486e-14
-8.3116344158849493e-14
-8.2983659927296131e-14
-8.2850641668584431e-14
-1.1580420833721307e-13
-9.9100334663350149e-14
-1.3191936897769850e-13
-1.3170443862305808e-13
-6.5744496081884334e-14
-9.8454774960432609e-14
-1.3105656565831546e-13
-1.3083959298580014e-13
-6.5311059477862673e-14
-9.7803110448420616e-14
-6.5092840806223983e-14
