1.2014655027946553e-12
-1.4980012944006856e-12
7.3493521777541823e-13
-1.2965998710592378e-13
-5.3978195581202439e-13
9.9400205866651444e-13
-1.2909636224705617e-12
7.1781827663150559e-13
1.2082920009043003e-12
1.7337591842699750e-12
3.3320804567834641e-13
-5.8759178801192185e-13
1.1311629611327317e-13
1.1265726734140955e-12
1.8764535967812220e-13
2.0380811339961506e-12
7.8327210335650380e-13
2.0705943071212116e-12
3.6048503955667806e-12
3.5590976209230452e-12
3.7107128559490164e-12
5.5812615371973449e-12
8.0884723748463649e-12
1.1138432347662453e-11
2.0531252265858816e-11
2.7995170528958676e-11
3.8540079414442623e-11
5.5722059607290372e-11
8.2896231083615612e-11
1.2093361707328730e-10
1.7338739247362793e-10
2.5086820076291279e-10
3.6037926793380380e-10
5.1752452600723931e-10
7.3803648061806770e-10
1.0495203637440435e-09
1.4902457631586155e-09
2.1091020569159942e-09
2.9740529703892525e-09
4.1841811331591192e-09
5.8723132027898173e-09
8.2151389713295733e-09
1.1460691142189958e-08
1.5946445449549491e-08
2.2125658870804291e-08
3.0614276237346428e-08
4.2252015623592387e-08
5.8154997593834718e-08
7.9828916842594951e-08
1.0929528603198895e-07
1.4924233637149524e-07
2.0325308076997632e-07
2.7609003420621536e-07
3.7404956214169081e-07
5.0544850011985635e-07
6.8123711883946016e-07
9.1578768320665855e-07
1.2279170618075672e-06
1.6421953821982933e-06
2.1905998919148358e-06
2.9146451879526140e-06
3.8680740576872305e-06
5.1202557428262625e-06
6.7604786756124478e-06
8.9033479660499738e-06
1.1695537908536756e-05
1.5324229591470758e-05
2.0027623863969816e-05
2.6107954598370026e-05
3.3947594732967273e-05
4.4028908847423304e-05
5.6958621781968021e-05
7.3497615492083493e-05
9.4597300659661693e-05
1.2144376966703874e-04
1.5551125909628663e-04
1.9862662643516338e-04
2.5304679707009709e-04
3.2155146811926660e-04
4.0755362523308471e-04
5.1523072885427585e-04
6.4967984043240326e-04
8.1710025750985965e-04
1.0250075850041051e-03
1.2824835287189129e-03
1.6004660034859371e-03
1.9920844225449186e-03
2.4730452494154571e-03
3.0620729585920906e-03
3.7814115887228792e-03
4.6573918211503711e-03
5.7210681091472790e-03
7.0089297446399926e-03
8.5636885954116209e-03
1.0435144985256110e-02
1.2681131129187643e-02
1.5368529133514568e-02
1.8574357457444703e-02
2.2386915835557776e-02
2.6906973979929649e-02
3.2248983777207044e-02
3.8542288045576259e-02
4.5932291170146092e-02
5.4581548088170492e-02
6.4670717907912970e-02
7.6399317157038821e-02
8.9986194930202573e-02
1.0566963852808506e-01
1.2370700303682865e-01
1.4437374246992291e-01
1.6796170323842374e-01
1.9477652341074986e-01
2.2513396368791705e-01
2.5935497865355001e-01
2.9775932022102569e-01
3.4065744991970126e-01
3.8834052319123319e-01
4.4106819836722339e-01
4.9905401592371590e-01
5.6244809120480899e-01
6.3131686687382216e-01
7.0561968097450756e-01
7.8518192382120333e-01
8.6966458299038152e-01
9.5853001117920467e-01
1.0510037983447802e+00
1.1460326871742408e+00
1.2422385409996861e+00
1.3378684558847604e+00
1.4307412039028988e+00
1.5181903027221284e+00
1.5970041267101358e+00
1.6633636061944090e+00
1.7127782028413396e+00
1.7400209983536687e+00
1.7390638887795220e+00
1.7030140343216447e+00
1.6240528717911737e+00
1.4933791492685851e+00
1.3011575862245259e+00
1.0364748920928109e+00
6.8730498740694879e-01
2.4048535825118225e-01
-3.1829346802778075e-01
-1.0044833159017916e+00
-1.8346566319474216e+00
-2.8264657041493431e+00
-3.9985810150521504e+00
-5.3706070794840359e+00
-6.9629743393008861e+00
-8.7968059662095524e+00
-1.0893758759809769e+01
-1.3275837720060863e+01
-1.5965184318421461e+01
-1.8983838985825781e+01
-2.2353478871488626e+01
-2.6095132496876101e+01
-3.0228873523874455e+01
-3.4773496463901630e+01
-3.9746177762930770e+01
-4.5162126291744286e+01
-5.1034227836440060e+01
-5.7372688705641508e+01
-6.4184684032112926e+01
-7.1474016731933020e+01
-7.9240793378980825e+01
-8.7481123442148970e+01
-9.6186848405210441e+01
-1.0534530723391826e+02
-1.1493914446404222e+02
-1.2494616685220049e+02
-1.3533925405686460e+02
-1.4608632820081712e+02
-1.5715038641433392e+02
-1.6848959957838403e+02
-1.8005747949239606e+02
-1.9180311559711322e+02
-2.0367148120915374e+02
-2.1560380799243137e+02
-2.2753802612724306e+02
-2.3940926636718481e+02
-2.5115041892537712e+02
-2.6269274293309201e+02
-2.7396651909461639e+02
-2.8490173714935230e+02
-2.9542880887219144e+02
-3.0547929661910604e+02
-3.1498664687778376e+02
-3.2388691792923856e+02
-3.3211949057848727e+02
-3.3962775097803865e+02
-3.4635973485024982e+02
-3.5226872291074733e+02
-3.5731377799758917e+02
-3.6146021530719594e+02
-3.6467999821031231e+02
-3.6695205334787528e+02
-3.6826250006175468e+02
-3.6860479066989865e+02
-3.6797975961819458e+02
-3.6639558109923888e+02
-3.6386763628743842e+02
-3.6041829286688358e+02
-3.5607660099052794e+02
-3.5087791117545066e+02
-3.4486342088160097e+02
-3.3807965761508171e+02
-3.3057790732115768e+02
-3.2241359757010201e+02
-3.1364564557888156e+02
-3.0433578144686788e+02
-2.9454785711202800e+02
-2.8434715145894677e+02
-2.7379968173874778e+02
-2.6297153100622450e+02
-2.5192820065667757e+02
-2.4073399637403222e+02
-2.2945145490434388e+02
-2.1814081806941303e+02
-2.0685955935924113e+02
-1.9566196731550309e+02
-1.8459878876759808e+02
-1.7371693383327352e+02
-1.6305924347146185e+02
-1.5266431929811159e+02
-1.4256641436643031e+02
-1.3279538268782267e+02
-1.2337668444386691e+02
-1.1433144312321271e+02
-1.0567655021866500e+02
-9.7424812643156798e+01
-8.9585137670634055e+01
-8.2162749977101143e+01
-7.5159435244578361e+01
-6.8573804789322310e+01
-6.2401575777310960e+01
-5.6635861783823309e+01
-5.1267468728735864e+01
-4.6285191562350334e+01
-4.1676107474958521e+01
-3.7425861844203858e+01
-3.3518943604287159e+01
-2.9938947208114808e+01
-2.6668818845822187e+01
-2.3691085070123705e+01
-2.0988062451001113e+01
-1.8542047331605616e+01
-1.6335485176349522e+01
-1.4351119386372860e+01
-1.2572119801992306e+01
-1.0982191414352481e+01
-9.5656640672465105e+00
-8.3075641449415496e+00
-7.1936694134912997e+00
-6.2105483127234358e+00
-5.3455850867750856e+00
-4.5869921950294517e+00
-3.9238114663988615e+00
-3.3459054516991893e+00
-2.8439403952580671e+00
-2.4093621918881274e+00
-2.0343666228680934e+00
-1.7118650785072689e+00
-1.4354468786325141e+00
-1.1993391995000620e+00
-9.9836550903020749e-01
-8.2790330470192897e-01
-6.8384184210913657e-01
-5.6254043934639186e-01
-4.6078784401876099e-01
-3.7576305789906927e-01
-3.0499792916181312e-01
-2.4634174487744984e-01
-1.9792798714579324e-01
-1.5814335529805468e-01
-1.2559910336011981e-01
-9.9104696997704994e-02
-7.7643756312119422e-02
-6.0352220180882689e-02
-4.6498643442408026e-02
-3.5466519754191017e-02
-2.6738509627387115e-02
-1.9882444263467417e-02
-1.4538971037397713e-02
-1.0410704854437181e-02
-7.2527507380355091e-03
-4.8644665588889252e-03
-3.0823397552183574e-03
-1.7738584462400795e-03
-8.3226473773588571e-04
-1.7208593327348539e-04
2.7465232775580873e-04
5.6161853180044174e-04
7.3085261250466498e-04
8.1499935574483090e-04
8.3916133246216083e-04
8.2242763323746987e-04
7.7912783605237133e-04
7.1985445555803088e-04
6.5229136485724017e-04
5.8188067184663844e-04
5.1235572472929083e-04
4.4616396628078609e-04
3.8479972058533583e-04
3.2906375071769926e-04
2.7926371459183018e-04
2.3536728846405212e-04
1.9711764263133483e-04
1.6411921810417822e-04
1.3590030267313642e-04
1.1195768427393824e-04
9.1787514825695076e-05
7.4905830910077439e-05
6.0861364795922865e-05
4.9242665418435231e-05
3.9681219257932755e-05
3.1851764208551811e-05
2.5470728750167909e-05
2.0293493952684484e-05
1.6111018414679634e-05
1.2746134586138842e-05
1.0049811535259566e-05
7.8975565036508507e-06
6.1860210395840118e-06
4.8299106516499283e-06
3.7592335787209220e-06
2.9168497895202199e-06
2.2563265294194442e-06
1.7401297264173396e-06
1.3380376135182845e-06
1.0258386411494288e-06
7.8419658329601582e-07
5.9775477617270248e-07
4.5434053632463752e-07
3.4435807274039938e-07
2.6027126182209345e-07
1.9616918260490401e-07
1.4744663564726124e-07
1.1052285933877691e-07
8.2620990381801543e-08
6.1594285019953426e-08
4.5793822911880290e-08
3.3958643636813083e-08
2.5112979534920978e-08
1.8523204274074668e-08
1.3624982478603531e-08
9.9969559735225336e-09
7.3152652570535244e-09
5.3421648107113640e-09
3.8874349697945561e-09
2.8227549377715854e-09
2.0428164066913381e-09
1.4763396171468680e-09
1.0622017203512800e-09
7.6712809083594789e-10
5.4757990237227227e-10
3.9289496476806726e-10
2.7861017055421578e-10
2.0143091388494886e-10
1.3890456881247697e-10
1.0014970769440489e-10
7.0252442156746542e-11
4.8789953105104708e-11
3.4614684655200083e-11
2.5966990758014002e-11
1.7500782741773022e-11
1.1962515677542566e-11
8.6749919588470362e-12
4.1104212319022221e-12
5.3068761077241054e-12
4.5863753706606980e-12
6.2885341189415749e-13
3.6496154612260923e-12
6.0588278763913581e-13
1.4153231301661739e-12
-3.8349417455498021e-13
1.1112795120231990e-12
3.5880128728076803e-14
-5.5575104705322776e-13
-2.7315355300495085e-13
1.0305673833069246e-12
-2.6221992978367956e-13
1.2383802929591301e-12
3.3734810809710530e-13
-1.4576128013755225e-12
8.0872341328341179e-13
4.8672130997295729e-13
-1.0943862433065567e-13
1.9103771426778462e-12
-2.9193414937314318e-13
7.2427391745897189e-14
1.0572757302161179e-13
1.9851828745444869e-13
-2.7181392826271375e-12
-1.2069388596409638e-12
4.0841483827820054e-13
3.3455388063737248e-13
-6.9135406038083799e-13
1.0155562471748424e-12
1.0680931748816071e-12
-7.5612071132907406e-13
-1.7650366290649024e-12
-3.5408862044595736e-13
-9.2161936745350900e-13
1.5463218782946322e-12
-2.5220499424685517e-12
9.4291302872568792e-13
-1.0164449466057299e-12
5.7956968524415149e-13
-9.0553236293864335e-13
-5.9613151517949657e-13
1.1944973745156370e-12
1.0384909141128811e-12
-4.0989589881164030e-13
-1.8520824059801156e-13
-1.4441469317221153e-12
2.3402611175071349e-12
-1.1254808680566054e-12
2.7353583160752212e-12
1.5742650695809573e-12
1.7452044710636594e-13
-1.2793048827943983e-12
-4.6393458725348124e-14
-2.2293784707013569e-13
1.1077652103930071e-12
-9.3295683915067414e-13
3.1306244049990840e-13
-6.2971262705185831e-13
1.7174820253790479e-14
6.8931423079947892e-13
-8.4006631648828698e-14
-6.5023391509191974e-13
-2.3230815211699857e-13
-4.5915761545564928e-13
2.3373300559961028e-13
6.8387202399191155e-13
1.8113524167399737e-13
3.5456238840172751e-13
7.1658665960443016e-15
-9.3745925799282664e-13
-1.3600050108811968e-12
1.6790100168449729e-12
1.1577303665312552e-12
-9.7303362416658182e-13
1.1934264854724049e-12
1.3580028019595705e-12
2.3799502597803965e-13
6.5547165148666134e-13
7.1008131224933700e-13
4.4531187857963330e-14
-3.3194587934984068e-13
2.9486628247571381e-13
-8.4238564141124549e-13
6.8561587281551486e-13
-7.0528556082661633e-13
1.9688438372326220e-13
2.5927904145242894e-13
1.4171832210195211e-12
-8.6458069919977560e-13
-1.2642629896619420e-12
7.6123830879865073e-13
3.5483253592926107e-13
-3.9369452537438743e-13
-2.0207955536747316e-13
8.7121750176211399e-13
1.0476288372382694e-13
7.0060280817814970e-13
-1.1063509590750215e-12
-1.8486805818107637e-12
2.4009240007327517e-13
-1.2971337412072401e-13
-1.1678591089554038e-12
-7.4016534643180866e-14
1.3355296532168968e-12
-2.3672217696788520e-12
-3.3530368914473692e-13
-1.2717528774672186e-12
-2.8687581023285358e-13
-7.9635946160229491e-13
2.7081769886199611e-12
7.7547532146684763e-13
7.5698683810471225e-14
-1.0928661482882427e-15
1.0118411623663069e-12
-7.4829696852359669e-13
-1.9235901908633585e-13
-1.5284920337731612e-12
-2.8760115676743618e-12
7.2722817882371708e-13
1.6359583691495802e-12
-4.0517599217481515e-14
-1.1263395400697921e-14
2.1768310041925499e-12
-6.7310221037367821e-13
-6.5541649200623859e-13
3.6049940497438742e-13
-1.3873244841098467e-12
-4.6346854985571031e-13
-2.2872384042354114e-13
9.9680003156316094e-13
1.6014625941164984e-13
1.6506265437355551e-12
7.1122714014086544e-13
2.0853855956075834e-14
4.9424174574434156e-13
7.9321258008220817e-13
-2.5718701805512899e-13
-7.2938682042028189e-13
1.4556217939107045e-12
-1.7914809605954755e-13
-1.1194982846863967e-13
1.1324974154641940e-12
