-1.6876456222090447e-14
-6.4774770485017459e-15
-6.5206164950373870e-15
1.6525335153385632e-14
6.9845750442727141e-15
-1.2190867856279274e-15
-4.9489789794756864e-15
1.8022215518688125e-14
-1.7033623358802571e-14
4.6141851425087558e-16
-1.3024182741981095e-14
1.9512797862607408e-14
9.5522655942205890e-15
3.3425307507985128e-15
2.3358522478590093e-15
1.9426250784169646e-14
-2.0838175885245493e-15
7.7734285080802116e-15
5.0268250118938907e-15
3.9361774528350741e-14
3.2778658173355537e-14
1.8079234129993491e-14
4.1914939724975240e-14
3.5484953534098259e-14
5.7118468629716988e-14
4.1879664981705865e-14
5.5632559858024082e-14
5.9483442426116838e-14
7.0682277202405750e-14
5.7516842281306932e-14
6.9098643981340784e-14
5.8668121959561161e-14
3.8149060636288200e-14
3.7098933363288689e-14
2.9719887956967410e-14
6.5067582610216727e-14
4.5118767719111347e-14
4.9016970581508304e-14
5.4820299261804346e-14
4.3491385597103728e-14
2.9193347234501567e-14
2.8515629288231990e-14
3.1720545610733752e-14
2.6805702140522537e-14
1.8040390691207395e-14
2.2730960130829437e-14
2.0417503084081959e-14
8.3094205655778445e-15
-1.0202876153126798e-14
-4.5125933537492472e-15
-9.4077925025941937e-15
7.9799374389847563e-15
4.5036422230799429e-15
-5.9055162560103688e-15
1.6026685695368307e-14
4.9894115763621818e-15
2.3486103934425118e-16
1.3300538726819977e-14
1.0930229099343302e-14
1.8719774931202955e-14
2.6910639339396462e-14
1.4746884414364390e-14
3.3173283382254518e-14
2.4861474663948546e-14
1.7170890695417837e-14
2.8088909301427871e-14
2.6722352777933558e-14
3.0971827854772397e-14
4.9524018180221114e-14
5.1364238975753561e-14
6.0968355473430597e-14
6.6807971102306867e-14
7.2287650758118586e-14
6.3422948782391042e-14
8.7868552338325546e-14
7.3016841597554722e-14
9.2945821771562359e-14
7.9058844041825809e-14
9.1373276202339941e-14
6.4660495480206850e-14
5.1890487917420230e-14
5.0316081734157168e-14
2.8084998750537671e-14
2.8464179417085267e-14
5.6404679495000700e-15
-1.2151481124520252e-15
-2.0355275639257906e-16
1.4991607710113517e-14
-9.0161996100022184e-15
2.9001428060962607e-14
1.5123002265144331e-14
-3.4697869002240780e-15
7.7119127099454982e-15
2.9890170919432144e-15
2.0980286535722826e-14
1.5976075252415571e-14
-3.5684383440279136e-14
-2.1032165324927747e-14
-2.6902201038884313e-14
-3.5760665555789266e-14
-2.5245847527901915e-14
-2.6582090598082280e-14
-1.1226449471507565e-14
-2.0058871814315941e-15
5.3122869721615617e-15
1.5257763101576164e-14
5.4345915756335192e-14
3.1614179440720636e-14
4.7053878151455868e-14
3.0782527232448867e-14
5.0440197009514022e-14
1.3355090230913098e-14
-1.9312702010496673e-14
-3.7321052766976085e-14
-3.7308205639444341e-14
-8.0685945644001619e-14
-7.4933165972015923e-14
-8.5937844388945138e-14
-8.4220766172064555e-14
-8.0014823951516590e-14
-9.0902185202753561e-14
-9.2383422596224097e-14
-9.8303866070729174e-14
-1.0391476032413415e-13
-1.2774208925572156e-13
-1.1866700867834598e-13
-1.2019895992743961e-13
-1.7017270047286528e-13
-1.6355120630851473e-13
-1.5907328958070407e-13
-1.6655405451065377e-13
-1.7707640028093036e-13
-1.7829090186705045e-13
-1.6568902245593869e-13
-1.8966255925666464e-13
-2.2009994834200692e-13
-2.1588919591498157e-13
-2.4035920004373878e-13
-2.7301674468324307e-13
-3.1254073476675986e-13
-3.6342473079061051e-13
-3.7559606319738816e-13
-4.2870581164218316e-13
-5.0087461667205597e-13
-5.5013257792450309e-13
-6.1829759919342451e-13
-6.5136593576275457e-13
-7.0694580590786664e-13
-7.4938572366659299e-13
-7.5644038357365644e-13
-8.0926138342212764e-13
-8.7636203423541941e-13
-9.2689223537214854e-13
-1.0238029097553109e-12
-1.0982108560156507e-12
-1.1986819483610238e-12
-1.3009615849102844e-12
-1.4305658779091596e-12
-1.5375903766304876e-12
-1.7438285597796241e-12
-1.8619889883518636e-12
-2.0729250197245923e-12
-2.2562205961872606e-12
-2.4867485458992251e-12
-2.7490501557821706e-12
-2.9850319950407750e-12
-3.2938441977664751e-12
-3.6218582730058637e-12
-3.9733019439140404e-12
-4.3697630777690137e-12
-4.8270862333244824e-12
-5.2986661171662776e-12
-5.8746809202237508e-12
-6.4761786293691728e-12
-7.1507439406165081e-12
-7.9064791292396245e-12
-8.6996688419721079e-12
-9.5792575615027998e-12
-1.0528514485623583e-11
-1.1558974476964228e-11
-1.2665449893550530e-11
-1.3817632499795286e-11
-1.5092828027462507e-11
-1.6439790219808758e-11
-1.7878250474901197e-11
-1.9425781380160220e-11
-2.1066074891261778e-11
-2.2801346707906926e-11
-2.4664869727970009e-11
-2.6619026223921593e-11
-2.8673708104411898e-11
-3.0858621049271727e-11
-3.3132866276163210e-11
-3.5500117994962836e-11
-3.7925320409660395e-11
-4.0450749737792942e-11
-4.3054419023784526e-11
-4.5706134459714609e-11
-4.8430280024867603e-11
-5.1184927038963275e-11
-5.3987756374269335e-11
-5.6828842167813630e-11
-5.9713490005232672e-11
-6.2621651401413383e-11
-6.5522888218253799e-11
-6.8409727840762418e-11
-7.1279730567195482e-11
-7.4122360397996973e-11
-7.6894925730404137e-11
-7.9598801260949725e-11
-8.2260696904851899e-11
-8.4803695362028017e-11
-8.7257397464556801e-11
-8.9564706100654117e-11
-9.1738412769656132e-11
-9.3778555151891102e-11
-9.5657320967115274e-11
-9.7340832347892105e-11
-9.8847461127015549e-11
-1.0019208241622792e-10
-1.0128687109841800e-10
-1.0222988997376723e-10
-1.0293196527230099e-10
-1.0342673447951942e-10
-1.0368809601455267e-10
-1.0373332472125619e-10
-1.0360488773132429e-10
-1.0320769376447969e-10
-1.0265113000829053e-10
-1.0183078078922213e-10
-1.0081114024990267e-10
-9.9617042240729953e-11
-9.8236896149524108e-11
-9.6655040972013603e-11
-9.4926225903936292e-11
-9.3011032485592784e-11
-9.0942216123363543e-11
-8.8723643574047921e-11
-8.6366039007659398e-11
-8.3902646403003200e-11
-8.1333305966655148e-11
-7.8694953525741843e-11
-7.5988469136871627e-11
-7.3217481309492179e-11
-7.0438822610391214e-11
-6.7603133840398051e-11
-6.4755727264031011e-11
-6.1938250765003132e-11
-5.9086008279233772e-11
-5.6303818404535925e-11
-5.3541428221443527e-11
-5.0808824657609572e-11
-4.8106486016945153e-11
-4.5461420683903666e-11
-4.2875757992262196e-11
-4.0328967504054871e-11
-3.7859039265816034e-11
-3.5483357603444906e-11
-3.3201080343823892e-11
-3.1003030326587637e-11
-2.8909164801803518e-11
-2.6909839929706568e-11
-2.4996367252898418e-11
-2.3188050774611383e-11
-2.1467950904751540e-11
-1.9858059715750463e-11
-1.8299812332203695e-11
-1.6849448328442819e-11
-1.5463888491221781e-11
-1.4184826986736194e-11
-1.2980515740659462e-11
-1.1846162094674449e-11
-1.0786673673062920e-11
-9.8118870551757531e-12
-8.9120556570177767e-12
-8.0904551246538264e-12
-7.3359530692710147e-12
-6.6710077405811252e-12
-6.0426501327586770e-12
-5.4789422208770913e-12
-4.9437589630381773e-12
-4.4705097370288859e-12
-4.0247302505026517e-12
-3.6402544772839278e-12
-3.2876681777451823e-12
-2.9526917766799685e-12
-2.6499852076794214e-12
-2.3621538547946856e-12
-2.1255340998754516e-12
-1.8872715180548809e-12
-1.6959697640055795e-12
-1.5269710497224257e-12
-1.3498985054705595e-12
-1.2160416053425375e-12
-1.0802073480464197e-12
-9.5345299959748642e-13
-8.0031458320208997e-13
-6.8185730193197134e-13
-5.7905435004774800e-13
-5.0502504646609610e-13
-4.0558514414885334e-13
-3.5086600292088633e-13
-2.8407172512442713e-13
-2.2797650534918371e-13
-1.8872149935232456e-13
-1.3805792965639943e-13
-1.2354956228416971e-13
-1.1456607438719810e-13
-1.0348402436091084e-13
-9.0016220228984324e-14
-9.1010191050525069e-14
-8.8057082606081986e-14
-9.8011791575337100e-14
-7.4180371151136115e-14
-9.1401586705809262e-14
-8.7973138010483576e-14
-8.9041120031546931e-14
-6.2732826973442755e-14
-7.2570063978461991e-14
-4.2210062004151843e-14
-3.7194153311945074e-14
-3.9505414808487953e-14
-4.7854647692579910e-14
-7.7897433011345085e-14
-6.5326728498404611e-14
-5.6518441777596229e-14
-6.0275866792302014e-14
-6.7974292309052677e-14
-5.5413631862991335e-14
-7.1539522234726687e-14
-8.0529452511312132e-14
-8.2221768192778874e-14
-6.8483894928086772e-14
-5.5450743958553530e-14
-4.2795369375864452e-14
-1.5590034998439683e-14
3.9631341569401274e-14
3.7936881052231655e-14
4.2414176411343989e-14
2.9095178820988428e-14
6.0305637686468824e-14
1.0777808441702347e-13
1.0872460694325578e-13
1.1046169618542557e-13
1.4040764816629185e-13
1.1085184074790600e-13
1.1029105179054733e-13
1.3212594773943713e-13
1.1617596458153661e-13
1.5194825470236709e-13
1.1575543349452376e-13
1.2414631446350279e-13
1.6691399671507321e-13
1.4094482567167781e-13
1.3499183514610771e-13
1.1261217486010303e-13
1.2298792326323588e-13
1.3502458716846015e-13
1.0981776687985946e-13
7.8567038905145026e-14
5.8892757248381708e-14
2.8428773319910289e-14
-2.6895342647532722e-14
-3.5849519116934630e-14
-4.7438456304139205e-14
-2.3292494372586408e-14
-4.4112807810533830e-14
-4.0286154650594108e-14
2.1144449245784896e-14
3.6387190163596880e-15
1.6963009795508392e-14
1.4791171065495618e-14
2.0394515274593649e-14
5.6179830875488504e-14
2.4744367358892518e-14
2.2210111619200647e-14
4.4812418018713933e-14
4.3406780894658456e-14
3.7755996070534985e-14
3.2419704380888966e-14
3.6038013464268032e-14
4.4722511435445395e-14
2.3598436823474155e-14
1.5568752188773096e-14
3.9606683800377831e-14
3.4642481459409985e-14
1.8389970611550978e-14
1.7783322358554554e-14
7.4972829480614182e-15
1.0214147095773919e-14
1.0824155408604312e-14
5.4057867612846959e-15
9.4558696706945656e-15
1.4251660538222677e-14
2.2688174038068768e-15
2.2684228450601212e-15
9.0382500395148203e-16
1.7207839873913860e-14
9.2872137099727186e-15
1.1167064866756620e-14
1.1483649211818300e-14
2.1711762858702760e-14
2.7910956793598996e-14
2.2536869316584466e-14
2.9259145286356019e-14
2.3113920174418538e-14
1.1355214357536588e-14
3.1788512248442389e-14
4.1877601293092426e-15
3.3622458599674149e-14
1.1511133097601397e-14
1.9815255032671489e-14
8.5948622443109968e-15
1.7629656057986362e-14
2.3240437976857581e-15
5.1840007158326653e-15
1.5830265019337635e-14
2.3630891395864939e-14
2.9569892482731031e-14
2.9001851123198393e-14
4.4664490570043949e-14
2.1789335021130199e-14
3.1847032757371720e-14
3.3880580855549584e-14
4.1862094928438571e-14
3.6697800993846477e-14
7.4990113704376089e-14
7.4473592895984840e-14
7.9022950436310699e-14
6.1492149076225619e-14
5.9150183480833811e-14
5.6142787009047841e-14
4.7020161408897285e-14
5.8964624753683170e-14
5.4210973733299045e-14
6.6365233853150398e-14
7.3825711729877215e-14
4.6485274972895734e-14
3.8997897545504937e-14
4.7989522095984193e-14
4.3441763738883222e-14
4.0538808464549405e-14
4.9022010160294605e-14
6.2670889889483531e-14
6.1597510793477285e-14
4.8032308771132865e-14
3.9318364708161774e-14
5.7214526367433634e-14
4.3434383074369828e-14
3.3459814915084493e-14
4.6934365494262906e-14
5.4251400703510531e-14
5.8266119577894646e-14
3.2820744050767552e-14
3.8625132269770229e-14
3.7311902142189009e-14
2.5654126344715115e-14
3.7336945552226574e-14
4.5391230243120944e-14
6.0506602233417522e-14
5.1036047749689677e-14
3.6233550017678870e-14
3.6576234353669072e-14
6.0838272090862758e-14
3.2209242559882504e-14
2.0180282847035401e-14
4.3771382891016319e-14
4.2469513614427162e-14
4.9951475892467218e-14
3.0528012047723758e-14
2.8921723417678155e-14
3.7477450850556385e-14
2.9114971258070692e-14
1.6823750814468897e-14
2.2894704997711167e-14
3.9259944088729597e-14
2.1537720693796832e-14
3.4083710657032352e-14
2.0829166183694374e-14
6.4404937854093211e-14
2.9200608697660042e-14
2.2206585077215798e-14
4.6421762992494295e-14
3.4258380452468065e-14
4.5053917748575151e-14
2.4259803129923198e-14
2.2009796516419412e-14
4.7081627312587879e-14
3.0873779689913741e-14
3.0027648068262949e-14
2.0035694912900310e-14
2.7114195805654005e-14
1.9985239740328867e-14
1.1146898145742848e-14
-2.1859064619755060e-15
2.6064231158466174e-14
3.4083765674774459e-15
4.7762203273401607e-15
5.0942256698972761e-15
1.4879961499390106e-14
2.3586941288582938e-14
-8.4249115683977190e-15
2.1849314332692699e-15
7.0989582464710528e-15
-1.4178272964205761e-14
-1.3515023915920278e-14
2.6856521996895645e-15
-1.2390200699399926e-14
3.8224402008197572e-15
-2.2063508243996413e-14
-5.1681273830646949e-15
-1.8198565034332483e-15
