-3.4477273182116566e+00
-3.7561619920917177e+00
-4.0565538819916540e+00
-4.3506556250957598e+00
-4.6362934307581449e+00
-4.9131595959527541e+00
-5.1798934812937860e+00
-5.4355594778483729e+00
-5.6785195970182594e+00
-5.9074193604727299e+00
-6.1205762179641576e+00
-6.3167435754866892e+00
-6.4942081042317978e+00
-6.6513048669966883e+00
-6.7862079888118947e+00
-6.8972863279523500e+00
-6.9827595776108256e+00
-7.0408400429799869e+00
-7.0698924549032967e+00
-7.0686609427585489e+00
-7.0358970749089336e+00
-6.9706577399467502e+00
-6.8718810582375021e+00
-6.7382819705365327e+00
-6.5687849045898039e+00
-6.3627333975456990e+00
-6.1196445773638235e+00
-5.8392204553260676e+00
-5.5210603843649686e+00
-5.1650670508908227e+00
-4.7716010629588848e+00
-4.3413418226352505e+00
-3.8751073388130859e+00
-3.3741063304710450e+00
-2.8398925497314202e+00
-2.2740116133170605e+00
-1.6781188638248501e+00
-1.0541010537660642e+00
-4.0404336088650722e-01
2.6928876459680678e-01
9.6275930859743886e-01
1.6731699865818652e+00
2.3972315428868010e+00
3.1312996567492219e+00
3.8713413318216343e+00
4.6133187480176270e+00
5.3532111160532603e+00
6.0866425487517191e+00
6.8091075891480051e+00
7.5161071478481629e+00
8.2028417610328415e+00
8.8641031032828863e+00
9.4949549145222836e+00
1.0090632104347742e+01
1.0646490430165484e+01
1.1157993472136560e+01
1.1620350573129734e+01
1.2028827588778652e+01
1.2379162157966999e+01
1.2667375296997012e+01
1.2889577392775738e+01
1.3042127506212152e+01
1.3122058073702471e+01
1.3126711638519593e+01
1.3053608907140676e+01
1.2900750340695891e+01
1.2666547593763147e+01
1.2349531070609864e+01
1.1948860996815059e+01
1.1464448196856335e+01
1.0896880997641697e+01
1.0247284909418132e+01
9.5171809084953161e+00
8.7087713358938341e+00
7.8250843067670113e+00
6.8697206212979820e+00
5.8468586859827267e+00
4.7612623042681435e+00
3.6183424999121243e+00
2.4237880264417999e+00
1.1836354183235460e+00
-9.5597994604421768e-02
-1.4070719557796887e+00
-2.7433666699227159e+00
-4.0963892775075097e+00
-5.4579391554665069e+00
-6.8197684564311158e+00
-8.1735246623687985e+00
-9.5105465651661287e+00
-1.0822097626162236e+01
-1.2099734678503719e+01
-1.3335095669838701e+01
-1.4519811500873796e+01
-1.5645793196980497e+01
-1.6705237624932057e+01
-1.7690289917068903e+01
-1.8593321108454276e+01
-1.9407427658002998e+01
-2.0126165783476726e+01
-2.0743714437857562e+01
-2.1254778519036439e+01
-2.1654296696690796e+01
-2.1937904953246491e+01
-2.2102089095333469e+01
-2.2144030001697377e+01
-2.2061536625860505e+01
-2.1853076906847946e+01
-2.1518114745050603e+01
-2.1056981624687310e+01
-2.0470734615159802e+01
-1.9761268108254381e+01
-1.8931111414389662e+01
-1.7983099857756059e+01
-1.6920874697267251e+01
-1.5748984354412547e+01
-1.4472639560644955e+01
-1.3097747894472196e+01
-1.1630470078239467e+01
-1.0077339836927861e+01
-8.4456646708722882e+00
-6.7433049969770122e+00
-4.9783168255063526e+00
-3.1590369075915574e+00
-1.2944069237205547e+00
6.0653295541199714e-01
2.5349643090000797e+00
4.4819805125973105e+00
6.4387572437227361e+00
8.3966408301120694e+00
1.0346816116754487e+01
1.2280603189446248e+01
1.4189556259931043e+01
1.6065569377405069e+01
1.7900945931997253e+01
1.9688000985229976e+01
2.1419404559116277e+01
2.3088591761528761e+01
2.4689457561810208e+01
2.6216251346395005e+01
2.7663916108982246e+01
2.9028222210488973e+01
3.0305114691664418e+01
3.1490929347688684e+01
3.2582526811146423e+01
3.3577286443895140e+01
3.4473471164468620e+01
3.5270066207883715e+01
3.5966301631458499e+01
3.6561879896688353e+01
3.7057035394133244e+01
3.7452666477275109e+01
3.7750011783318591e+01
3.7950548982676487e+01
3.8056159632550994e+01
3.8069147650552473e+01
3.7992091614470603e+01
3.7828195034224024e+01
3.7581209477002112e+01
3.7254932825768073e+01
3.6853327734407294e+01
3.6380521235039275e+01
3.5840765753104556e+01
3.5238850079964266e+01
3.4579623296888855e+01
3.3867778217947205e+01
3.3108036187028162e+01
3.2305297294232837e+01
3.1464387417326961e+01
3.0589831583715593e+01
2.9686155197229294e+01
2.8757948547702327e+01
2.7809588391317888e+01
2.6845515802119049e+01
2.5870324959767494e+01
2.4888225322675112e+01
2.3903018628675174e+01
2.2918237854070224e+01
2.1937315325113719e+01
2.0963626414190784e+01
2.0000141442868717e+01
1.9049446276528588e+01
1.8113937661449384e+01
1.7195813571262448e+01
1.6296993825658443e+01
1.5419196776997552e+01
1.4564201785338845e+01
1.3733580257407542e+01
1.2928674187972158e+01
1.2150653198740731e+01
1.1400153433587139e+01
1.0677520407073466e+01
9.9831613537798205e+00
9.3174326579940239e+00
8.6805074150127446e+00
8.0722010842567560e+00
7.4924023763243071e+00
6.9411032735546545e+00
6.4179795524842049e+00
5.9225173183363138e+00
5.4542705507584852e+00
5.0125942636046057e+00
4.5964249137516671e+00
4.2048654623188799e+00
3.8372536936319595e+00
3.4928913452361705e+00
3.1711321636274183e+00
2.8709782448265497e+00
2.5912146376819347e+00
2.3308779468942049e+00
2.0891312454622986e+00
1.8650074990428767e+00
1.6574025561567358e+00
1.4654662948649000e+00
1.2884668555732257e+00
1.1254732889874444e+00
9.7556230150926404e-01
8.3790369508524787e-01
7.1134114555698003e-01
5.9463994768924266e-01
4.8690829361181304e-01
3.8743349830923396e-01
2.9556917179340575e-01
2.1054498767873389e-01
1.3144234576401703e-01
5.7592323347383755e-02
-1.1512741789564475e-02
-7.6354144282081815e-02
-1.3752529453865267e-01
-1.9542448492004141e-01
-2.5040759307282384e-01
-3.0313693781770107e-01
-3.5440130387932506e-01
-4.0499195076459821e-01
-4.5576586080413872e-01
-5.0714367804377958e-01
-5.5947154844992464e-01
-6.1333825025042543e-01
-6.6949769997417552e-01
-7.2865476623917425e-01
-7.9141811668791440e-01
-8.5832006827786389e-01
-9.3026718245799822e-01
-1.0082158808107076e+00
-1.0932475011957690e+00
-1.1864395216518830e+00
-1.2891257851622626e+00
-1.4022979001731162e+00
-1.5271730935633139e+00
-1.6648707087815680e+00
-1.8168906607765216e+00
-1.9847701420946497e+00
-2.1708351870650797e+00
-2.3766987754830411e+00
-2.6052991788949740e+00
-2.8580356248919716e+00
-3.1408056538186968e+00
