8.1915113172704769e-13
-2.5389812386639862e-12
4.1750254226236120e-13
-1.1620862456122237e-12
4.0240722618283350e-14
-7.2849216743787152e-13
7.1105310922821973e-13
1.0443904683503656e-12
-6.8920692027929891e-13
4.6026500925634019e-14
1.3733548549715039e-12
-1.8895758160732855e-12
2.5781025223932860e-12
2.6342489093363429e-13
-7.5804563683687831e-13
-6.4912388473070714e-13
1.3644985422700106e-12
-1.2451553102314312e-12
2.1154213376938372e-12
-4.3285362387104037e-13
-3.7139162021920638e-13
-4.2612191531762087e-13
9.7311784638498724e-13
-6.8667672294270547e-13
6.7498005935848451e-13
1.2248659395603844e-12
-2.2039279913066617e-12
-1.3551942205850542e-12
4.1884361893917438e-13
1.7038001179299671e-12
3.3102312564213214e-13
-7.3212339403399715e-13
-4.5915254388705705e-12
-1.9211557658944918e-12
1.0468990301899018e-12
-1.9270871503379586e-12
-9.9476899809771122e-13
1.7227206430290042e-12
-3.6463562905879856e-13
-9.4500321880886973e-13
8.9999787624142128e-13
6.6415387493320857e-13
-1.0122807615569941e-12
1.0974336589818865e-12
3.0021480604430617e-12
-4.6211474588433333e-13
2.9056266962434737e-12
7.9514065737932293e-13
-1.2542426006703499e-12
7.2910201356979025e-13
7.5629053957345049e-13
-1.4387403657396474e-12
5.0295388038262187e-13
-7.0138325610607830e-13
-2.6854416060489408e-12
3.1998452946050072e-13
1.5314802110848480e-12
2.3466094396792895e-14
6.4681980246028197e-13
1.8145192551829715e-12
3.8561172581306452e-13
-5.4092141775545485e-13
2.1807604246972849e-12
2.1688778093784277e-13
-1.1834105571189724e-12
1.3659100688305116e-12
8.2343065381255302e-13
-4.4990586629619924e-13
2.3268392082673618e-12
-1.3771384278412218e-12
-1.8899987712865394e-12
-2.4644355815017371e-13
-7.0441573942709231e-14
-4.1897940803991313e-13
3.2414678646692321e-13
8.2817174394272378e-13
-1.4281165887644718e-12
-1.9285348627023568e-12
1.8385351752805406e-13
-2.2757506808733849e-12
-2.5186819661138590e-12
-2.0090248237960453e-12
-6.9123459688917395e-12
-1.2518676449957506e-11
-1.5816046206014995e-11
-2.5454319839123345e-11
-3.4509217830573784e-11
-4.3813899890366177e-11
-6.7355460788565822e-11
-9.2933509639703809e-11
-1.3028601596435412e-10
-1.8772282016709839e-10
-2.6958425347790097e-10
-3.7781360614243594e-10
-5.3673059421366870e-10
-7.5627992516976194e-10
-1.0593978376116076e-09
-1.4819848296070341e-09
-2.0747325268726057e-09
-2.8869184636626416e-09
-4.0197279806341434e-09
-5.5780663610910172e-09
-7.7176985260474277e-09
-1.0662993980594957e-08
-1.4697275673091566e-08
-2.0203688383735029e-08
-2.7715703277580793e-08
-3.7937892244928964e-08
-5.1807236779646035e-08
-7.0585773637086955e-08
-9.5953512138936515e-08
-1.3014026325385731e-07
-1.7610392301559865e-07
-2.3776265745459844e-07
-3.2027868466286644e-07
-4.3044877773374219e-07
-5.7720217212817144e-07
-7.7222042194258161e-07
-1.0307840420634153e-06
-1.3727882561849066e-06
-1.8241089582127926e-06
-2.4182879443222191e-06
-3.1987149016583201e-06
-4.2213635431047182e-06
-5.5582732341668307e-06
-7.3019129681115101e-06
-9.5706747527206620e-06
-1.2515764765176398e-05
-1.6329802640331646e-05
-2.1257523653009053e-05
-2.7609100296532448e-05
-3.5776617612103540e-05
-4.6254420962289124e-05
-5.9664185288622217e-05
-7.6785660977420289e-05
-9.8594329386713663e-05
-1.2630731685746760e-04
-1.6143929116689443e-04
-2.0587018499072636e-04
-2.6192709372270799e-04
-3.3248296877671954e-04
-4.2107514287683621e-04
-5.3204721677786444e-04
-6.7071843645397794e-04
-8.4358505936438309e-04
-1.0585590845755360e-03
-1.3252502484645647e-03
-1.6552979430612450e-03
-2.0627605377351514e-03
-2.5645704228463816e-03
-3.1810637880212273e-03
-3.9365951953532425e-03
-4.8602477163672050e-03
-5.9866502867428782e-03
-7.3569145783102556e-03
-9.0197044645908310e-03
-1.1032451557858678e-02
-1.3462730603250022e-02
-1.6389808616218977e-02
-1.9906381374509230e-02
-2.4120510098107877e-02
-2.9157770274715260e-02
-3.5163622563081719e-02
-4.2306013687028882e-02
-5.0778211907219081e-02
-6.0801877882895754e-02
-7.2630366719265829e-02
-8.6552251230028826e-02
-1.0289504928203592e-01
-1.2202912991778884e-01
-1.4437176335458815e-01
-1.7039126929311277e-01
-2.0061120564163815e-01
-2.3561452652391299e-01
-2.7604762360678337e-01
-3.2262414903785347e-01
-3.7612850157450861e-01
-4.3741883974264389e-01
-5.0742946807604250e-01
-5.8717242406934245e-01
-6.7773807583798085e-01
-7.8029452316298309e-01
-8.9608557899343710e-01
-1.0264270946712650e+00
-1.1727013810282207e+00
-1.3363494699393483e+00
-1.5188609575479901e+00
-1.7217611721386206e+00
-1.9465954172782001e+00
-2.1949100555300047e+00
-2.4682302199564190e+00
-2.7680339712697033e+00
-3.0957227580155160e+00
-3.4525880860252789e+00
-3.8397743624962688e+00
-4.2582379489351387e+00
-4.7087025360710371e+00
-5.1916110424439417e+00
-5.7070743358523828e+00
-6.2548171821592256e+00
-6.8341219381384066e+00
-7.4437706220154691e+00
-8.0819861151410084e+00
-8.7463733686657044e+00
-9.4338616071016776e+00
-1.0140648633258897e+01
-1.0862148443160685e+01
-1.1592943451272891e+01
-1.2326742702336361e+01
-1.3056347502450024e+01
-1.3773625935268589e+01
-1.4469497735522829e+01
-1.5133930968680598e+01
-1.5755951909194703e+01
-1.6323669418569249e+01
-1.6824314996081917e+01
-1.7244299509482495e+01
-1.7569287408952746e+01
-1.7784288987088210e+01
-1.7873770971955377e+01
-1.7821785431957743e+01
-1.7612116635194269e+01
-1.7228445146332305e+01
-1.6654528067446936e+01
-1.5874393942380825e+01
-1.4872550455338194e+01
-1.3634202671489033e+01
-1.2145479200256004e+01
-1.0393663319281574e+01
-8.3674257890835815e+00
-6.0570558238025791e+00
-3.4546864717215180e+00
-5.5451050833605242e-01
2.6470171380077456e+00
6.1509944160862942e+00
9.9559085548748598e+00
1.4057497604498961e+01
1.8448640643526193e+01
2.3119279862662083e+01
2.8056377336246257e+01
3.3243908819775044e+01
3.8662896370116414e+01
4.4291480984546737e+01
5.0105035805474259e+01
5.6076319752142027e+01
6.2175670732324100e+01
6.8371236870466916e+01
7.4629243479373372e+01
8.0914292815954909e+01
8.7189693013230595e+01
9.3417811985612076e+01
9.9560451577174376e+01
1.0557923677507098e+02
1.1143601445471930e+02
1.1709325586836626e+02
1.2251445694146628e+02
1.2766453040655729e+02
1.3251018388391404e+02
1.3702027821148619e+02
1.4116616063006433e+02
1.4492196783746775e+02
1.4826489442922883e+02
1.5117542283191892e+02
1.5363751149665370e+02
1.5563873883974489e+02
1.5717040117941966e+02
1.5822756370581092e+02
1.5880906431874189e+02
1.5891747095749702e+02
1.5855899381243523e+02
1.5774335453400155e+02
1.5648361522609486e+02
1.5479597061522483e+02
1.5269950731299679e+02
1.5021593452845755e+02
1.4736929093190849e+02
1.4418563261876653e+02
1.4069270726854540e+02
1.3691961964093241e+02
1.3289649350031033e+02
1.2865413491739542e+02
1.2422370166779695e+02
1.1963638314146864e+02
1.1492309480319526e+02
1.1011419081377323e+02
1.0523919794601765e+02
1.0032657342077843e+02
9.5403488758374721e+01
9.0495641202295147e+01
8.5627093735620875e+01
8.0820144187941253e+01
7.6095223430736723e+01
7.1470822191609784e+01
6.6963445589050622e+01
6.2587594106597308e+01
5.8355769391954958e+01
5.4278502986877115e+01
5.0364405868664527e+01
4.6620236514498579e+01
4.3050985084770950e+01
3.9659971259102697e+01
3.6448953245554520e+01
3.3418245516199036e+01
3.0566842895909808e+01
2.7892548741005147e+01
2.5392105084644825e+01
2.3061322791497421e+01
2.0895209948896390e+01
1.8888096920494661e+01
1.7033756695762495e+01
1.5325519379616424e+01
1.3756379876396101e+01
1.2319098027530114e+01
1.1006290658639573e+01
9.8105151768194556e+00
8.7243445298194100e+00
7.7404334944248241e+00
6.8515763992505727e+00
6.0507565080486163e+00
5.3311873917895678e+00
4.6863467023575289e+00
4.1100028276120923e+00
3.5962349581078281e+00
3.1394471303282381e+00
2.7343768320835493e+00
2.3760987632713171e+00
2.0600243416464799e+00
1.7818975297774247e+00
1.5377875378395669e+00
1.3240789286048185e+00
1.1374596174587845e+00
9.7490722301042310e-01
8.3367418401038274e-01
7.1127201677500651e-01
6.0545504589762567e-01
5.1420389932137434e-01
4.3570901899385084e-01
3.6835439975883627e-01
3.1070173312439370e-01
2.6147509871590902e-01
2.1954631577993286e-01
1.8392103907201443e-01
1.5372565873205268e-01
1.2819504200547552e-01
1.0666113585185605e-01
8.8542433339161689e-02
7.3334293390185254e-02
6.0600092550463197e-02
4.9963178562380417e-02
4.1099589008738231e-02
3.3731493357402567e-02
2.7621313262271529e-02
2.2566474182997662e-02
1.8394740524169853e-02
1.4960086437531561e-02
1.2139055637106934e-02
9.8275648072466779e-03
7.9381074141238253e-03
6.3973168541593536e-03
5.1438506895355703e-03
4.1265601976821038e-03
3.3029124420969258e-03
2.6376347602091875e-03
2.1015543276347690e-03
1.6706080334674533e-03
1.3250005785214807e-03
1.0484909438562536e-03
8.2778951916275575e-04
6.5205055786875970e-04
5.1244607737795111e-04
4.0180934743380058e-04
3.1433753106743301e-04
2.4534437819352650e-04
1.9105524239223577e-04
1.4843763509736602e-04
1.1506163622098569e-04
8.8985180000831151e-05
6.8660119770061432e-05
5.2855510788607863e-05
4.0595125878474880e-05
3.1106725934242030e-05
2.3781019201896185e-05
1.8138504295231555e-05
1.3802755605674159e-05
1.0479063220030154e-05
7.9372531095152724e-06
5.9980139947016124e-06
4.5220257183497937e-06
3.4013044890202386e-06
2.5523657989713284e-06
1.9108371064477392e-06
1.4272085657518937e-06
1.0634818595559115e-06
7.9058951659637216e-07
5.8634110535964630e-07
4.3383193750404490e-07
3.2023231492792674e-07
2.3581831326851116e-07
1.7324519021265457e-07
1.2697316032336177e-07
9.2836177260795388e-08
6.7717639626614975e-08
4.9273793232582567e-08
3.5766862657322873e-08
2.5902044553790743e-08
1.8709282499293665e-08
1.3483325602424845e-08
9.6946797400067646e-09
6.9530118608942192e-09
4.9712611755314797e-09
3.5524418810501855e-09
2.5264982904022843e-09
1.7929980623327947e-09
1.2712078982710835e-09
8.9821124764357536e-10
6.3045327414760882e-10
4.4614440410524090e-10
3.1347637638902957e-10
2.1831098834116821e-10
1.5263479741541136e-10
1.0710609750559958e-10
7.2260925406749796e-11
5.0175222321444941e-11
3.3800701190387179e-11
2.4413592423968207e-11
1.4377245594292789e-11
1.4289484743032880e-11
5.8829843535501919e-12
6.0702912495607080e-12
4.3976740898574907e-12
3.0236471779549165e-12
-1.3070631057617022e-12
1.3135063153565536e-12
-1.4889449938748534e-13
-1.9294883266109455e-12
-1.3084178539157718e-12
2.2818769485426510e-12
-1.3025422463108697e-12
1.3290069041215997e-12
-1.1552038080374060e-12
-6.9187160957672017e-13
7.8281165270927815e-13
1.0399753546664485e-12
-5.5634869267735425e-13
1.3711038910279620e-12
1.2770723629808576e-12
-5.0704049495830025e-13
-3.7849988033728029e-12
2.6676073885728548e-12
-4.2257635511772658e-13
3.3218061095089973e-13
2.6517357989879124e-12
-3.0261067998906105e-13
4.1819266512235059e-13
7.0728470163149095e-13
2.0431508547638789e-12
-1.4936673267120368e-12
1.7010269881042598e-12
2.5227529711372730e-12
-5.5456560131710227e-13
1.3780216260166498e-12
5.1766004780670727e-14
9.2665075917225838e-13
4.7624502448270341e-13
-2.7617403685661013e-13
-2.3843355581680793e-13
-2.3958045186055450e-12
2.2061879655638438e-12
-1.9780767528327040e-12
9.1383598916176079e-13
1.5857615756724534e-12
2.9149020001642499e-13
-4.5343010487215750e-13
7.6958687983865466e-13
-7.8166155051777468e-13
-1.9409637233376165e-12
-4.8504654722288232e-13
1.3644135857646273e-12
-1.4180922190490360e-12
3.8668130881250710e-12
1.2150123044085639e-12
-1.6191993374030319e-12
4.7728257284833968e-13
3.0585427156198570e-12
4.4020605536945730e-13
-1.4680105398290874e-12
-8.0263065251834063e-13
-1.4232813452066426e-13
-1.7684216615670501e-12
-1.8016228466929428e-12
1.4131024458389462e-12
-1.4064740685814907e-12
1.2458560498146926e-12
1.0606409914004425e-12
-2.2402070410171390e-12
1.4398616404750326e-12
2.1752543797435521e-13
-6.0143499147336838e-13
-1.6847629668617887e-13
2.4771166988073587e-13
-5.5113152981287917e-13
-2.5731111815371090e-13
6.5375780437679352e-14
-1.6350959365217164e-12
1.0188229297757595e-12
-6.2209664217850792e-13
1.8208963708455112e-12
1.7218603568935319e-12
1.1232780289689213e-12
-1.5112010639682955e-12
-1.6342332664418636e-12
1.3989378595604619e-12
