3.7700032701850267e-01
4.4213228238260338e-01
5.1399093648279182e-01
5.9385576578554755e-01
6.8259465362257810e-01
7.8138421938570135e-01
8.9135647167549736e-01
1.0138218439805671e+00
1.1501161498230832e+00
1.3017325435365099e+00
1.4702391494529139e+00
1.6573640236377296e+00
1.8649305628265689e+00
2.0949107697745553e+00
2.3493967879531592e+00
2.6306419302468456e+00
2.9410341307731351e+00
3.2831260115665173e+00
3.6596162342350498e+00
4.0733738767650634e+00
4.5274222219870133e+00
5.0249460497301639e+00
5.5692860783981661e+00
6.1639603361782926e+00
6.8126412383661279e+00
7.5191610531406781e+00
8.2874962175218432e+00
9.1217709899551700e+00
1.0026241059408777e+01
1.1005288598833809e+01
1.2063401074973006e+01
1.3205172440174897e+01
1.4435276165334296e+01
1.5758439700080290e+01
1.7179423959068281e+01
1.8703010808598325e+01
2.0333962141064799e+01
2.2076997930791496e+01
2.3936775107415020e+01
2.5917856631971372e+01
2.8024665487685375e+01
3.0261461140407974e+01
3.2632298909031924e+01
3.5140982784718190e+01
3.7791020718996769e+01
4.0585594095402321e+01
4.3527504063773321e+01
4.6619127772612110e+01
4.9862383358810952e+01
5.3258691526211919e+01
5.6808920602698635e+01
6.0513353727678052e+01
6.4371651801812916e+01
6.8382803000409453e+01
7.2545079903403447e+01
7.6856017377894261e+01
8.1312375054763137e+01
8.5910105370068749e+01
9.0644339150635531e+01
9.5509370755276279e+01
1.0049863522028312e+02
1.0560470072267834e+02
1.1081926037696684e+02
1.1613313680016697e+02
1.2153629402631651e+02
1.2701784956001845e+02
1.3256609520519015e+02
1.3816853579987239e+02
1.4381191422545459e+02
1.4948224387540205e+02
1.5516486471658180e+02
1.6084449935666174e+02
1.6650531849880718e+02
1.7213100799450433e+02
1.7770483112895778e+02
1.8320971328722081e+02
1.8862832579346494e+02
1.9394317179048159e+02
1.9913668014782522e+02
2.0419130156916626e+02
2.0908960361177611e+02
2.1381437044461495e+02
2.1834869707545778e+02
2.2267609151772047e+02
2.2678058171909939e+02
2.3064681032621252e+02
2.3426012770549744e+02
2.3760668092633776e+02
2.4067350095434500e+02
2.4344859646367095e+02
2.4592102879653768e+02
2.4808098090981221e+02
2.4991981997822251e+02
2.5143015521617937e+02
2.5260589198602759e+02
2.5344227235232884e+02
2.5393590391034607e+02
2.5408478333662629e+02
2.5388831398810495e+02
2.5334730532358904e+02
2.5246396518477047e+02
2.5124188770178196e+02
2.4968602946191365e+02
2.4780268563921294e+02
2.4559943476014683e+02
2.4308508240673751e+02
2.4026961177880403e+02
2.3716411903095502e+02
2.3378074134466530e+02
2.3013257510788421e+02
2.2623358980510059e+02
2.2209854261438636e+02
2.1774288603155736e+02
2.1318266247988009e+02
2.0843441367863761e+02
2.0351509232716558e+02
1.9844195265880251e+02
1.9323244659052457e+02
1.8790413193699277e+02
1.8247457253026229e+02
1.7696123637810905e+02
1.7138140790397941e+02
1.6575210479724549e+02
1.6008999342015312e+02
1.5441131153455484e+02
1.4873179696446553e+02
1.4306662319821618e+02
1.3743033823736030e+02
1.3183681049988954e+02
1.2629918240466154e+02
1.2082983213027062e+02
1.1544033749998533e+02
1.1014144890450851e+02
1.0494306940631708e+02
9.9854239911950870e+01
9.4883132728343668e+01
9.0037052380106999e+01
8.5322438566957302e+01
8.0744878316977861e+01
7.6309124937276280e+01
7.2019109248325549e+01
6.7877961728061635e+01
6.3888047506259767e+01
6.0050994554326131e+01
5.6367721129318788e+01
5.2838487780404257e+01
4.9462939222167130e+01
4.6240135099925915e+01
4.3168593202058432e+01
4.0246335321788884e+01
3.7470924939126974e+01
3.4839512809225802e+01
3.2348881346668428e+01
2.9995488776674527e+01
2.7775517989713610e+01
2.5684908470663597e+01
2.3719385047817553e+01
2.1874507725637638e+01
2.0145706944542159e+01
1.8528320224037202e+01
1.7017622936727339e+01
1.5608852487658275e+01
1.4297238959094820e+01
1.3078032015854602e+01
1.1946519883551717e+01
1.0898054693769540e+01
9.9280733700517541e+00
9.0321112994349289e+00
8.2058156337783323e+00
7.4449542213596409e+00
6.7454280523156260e+00
6.1032889761364633e+00
5.5147407325845492e+00
4.9761423472582322e+00
4.4840087159951088e+00
4.0350143949732304e+00
3.6260026362630446e+00
3.2539821927094175e+00
2.9161221577031178e+00
2.6097498641893724e+00
2.3323491245124854e+00
2.0815591116435019e+00
1.8551686962880063e+00
1.6511105826037378e+00
1.4674568714797993e+00
1.3024195506463212e+00
1.1543350428979464e+00
1.0216576100767374e+00
9.0295872113898246e-01
7.9692221971255384e-01
7.0234466283009234e-01
6.1811691450924988e-01
5.4321398779041963e-01
4.7670013310449172e-01
4.1772305617299937e-01
3.6550452758168700e-01
3.1933723287245308e-01
2.7858279733047892e-01
2.4266361236992698e-01
2.1105777602665574e-01
1.8328814592100129e-01
1.5892521589081279e-01
1.3758984351116435e-01
1.1894166712751524e-01
1.0267165838896074e-01
8.8509734641251198e-02
7.6215053695660520e-02
6.5563071691857017e-02
5.6349980510372981e-02
4.8398877415288893e-02
4.1546759708335414e-02
3.5647580783616836e-02
3.0579034187380984e-02
2.6239289104913171e-02
2.2534713660231017e-02
1.9389460986062052e-02
1.6740458162359945e-02
1.4528781542925995e-02
1.2696500418357315e-02
1.1198888058679683e-02
9.9918616062061490e-03
9.0337398611063536e-03
8.2933251410107697e-03
7.7542330973922186e-03
7.3983443483287368e-03
7.2174112445095090e-03
7.2109531759173440e-03
7.3790672659470287e-03
7.7149970514880572e-03
8.2221316199374960e-03
8.9039469909937968e-03
9.7721906804547429e-03
1.0841218120231236e-02
1.2136219144407722e-02
1.3682860655937124e-02
1.5518715175529515e-02
1.7673360977234542e-02
2.0193519047620592e-02
2.3137522522326051e-02
2.6583606292600818e-02
3.0613423238040584e-02
3.5336835904905099e-02
4.0868775122762352e-02
4.7362420757089567e-02
5.4982824964219953e-02
6.3948248206037533e-02
7.4502454779441174e-02
8.6968429310284812e-02
1.0168796520876026e-01
1.1911624861543361e-01
1.3974411789748739e-01
1.6424666556033193e-01
1.9333828277445081e-01
2.2802845343045908e-01
2.6927381434640107e-01
3.1879623068116586e-01
