1.8288836896775079e-03
8.5411825020625920e-04
-1.5687400660909642e-04
-1.2175615692422630e-03
-2.3502817642394118e-03
-3.5819630316616595e-03
-4.9370685021040963e-03
-6.4370448909710524e-03
-8.1056573641644820e-03
-9.9713106923428069e-03
-1.2072401468995887e-02
-1.4451038688298737e-02
-1.7144004236648396e-02
-2.0193038181306782e-02
-2.3645974154367980e-02
-2.7554659168820612e-02
-3.1975917205938106e-02
-3.6967893398427966e-02
-4.2601412502912848e-02
-4.8958277429038188e-02
-5.6123859581780074e-02
-6.4189319938829689e-02
-7.3255309480410091e-02
-8.3435759233407958e-02
-9.4854794708830167e-02
-1.0763663140619381e-01
-1.2191435740508440e-01
-1.3783626482415054e-01
-1.5555700134922790e-01
-1.7524447831821785e-01
-1.9707716804801625e-01
-2.2123742741359742e-01
-2.4792309333653870e-01
-2.7734898433867450e-01
-3.0974214748024381e-01
-3.4534024905110200e-01
-3.8439108873405453e-01
-4.2714706963158688e-01
-4.7385950656400561e-01
-5.2478984258435035e-01
-5.8020917269340888e-01
-6.4039005792175208e-01
-7.0560550991402848e-01
-7.7612924086580748e-01
-8.5223502460785128e-01
-9.3418433889967933e-01
-1.0222229451827820e+00
-1.1165857867766615e+00
-1.2174907907405126e+00
-1.3251319225972578e+00
-1.4396708782295020e+00
-1.5612377778426292e+00
-1.6899335617569873e+00
-1.8258143229207680e+00
-1.9688809385847650e+00
-2.1190807645316636e+00
-2.2762975445157285e+00
-2.4403397331895991e+00
-2.6109430290561932e+00
-2.7877640679412696e+00
-2.9703649376946113e+00
-3.1582046028385138e+00
-3.3506367674586826e+00
-3.5469057253679188e+00
-3.7461434051422469e+00
-3.9473530992099328e+00
-4.1494002525899623e+00
-4.3510184066052311e+00
-4.5508045539324744e+00
-4.7472087732732637e+00
-4.9385409688146451e+00
-5.1229664052449575e+00
-5.2984976472369203e+00
-5.4630005612674841e+00
-5.6142041720904583e+00
-5.7497012888244470e+00
-5.8669514539961947e+00
-5.9632842280488632e+00
-6.0359132168709611e+00
-6.0819563134701511e+00
-6.0984398449366601e+00
-6.0823075307609900e+00
-6.0304428595081134e+00
-5.9396870511030446e+00
-5.8068518535992197e+00
-5.6287444413161873e+00
-5.4021983283697272e+00
-5.1240930441514845e+00
-4.7913739020152581e+00
-4.4010818448417455e+00
-3.9503809022446452e+00
-3.4365847721596996e+00
-2.8571754305002837e+00
-2.2098437371597419e+00
-1.4925220352316506e+00
-7.0340626304041687e-01
1.5901363627325854e-01
1.0959298594727040e+00
2.1081865481387494e+00
3.1962515003463947e+00
4.3602068394154232e+00
5.5997270132428270e+00
6.9140583959997297e+00
8.3020007194686265e+00
9.7618925533043743e+00
1.1291601614948348e+01
1.2888532800312259e+01
1.4549624814752288e+01
1.6271343733278037e+01
1.8049692832074687e+01
1.9880226687975924e+01
2.1758057126422798e+01
2.3677873157133661e+01
2.5633971999991200e+01
2.7620283483187890e+01
2.9630393062489649e+01
3.1657576563853702e+01
3.3694835360722124e+01
3.5734932258392618e+01
3.7770430770773949e+01
3.9793754065338717e+01
4.1797229915472698e+01
4.3773130756504131e+01
4.5713730629724793e+01
4.7611352260928022e+01
4.9458412031345112e+01
5.1247481832439668e+01
5.2971338379226069e+01
5.4623005087322198e+01
5.6195798369922187e+01
5.7683374941121208e+01
5.9079772910657042e+01
6.0379445121099721e+01
6.1577299465280134e+01
6.2668744549007172e+01
6.3649709958954602e+01
6.4516670143416817e+01
6.5266671730708069e+01
6.5897341054524830e+01
6.6406898010750680e+01
6.6794172972764002e+01
6.7058604212047229e+01
6.7200230908950402e+01
6.7219686317182536e+01
6.7118186589108035e+01
6.6897509863202686e+01
6.6559976743012029e+01
6.6108439437622394e+01
6.5546251768503382e+01
6.4877231072825410e+01
6.4105629767440846e+01
6.3236101272055102e+01
6.2273653364133779e+01
6.1223610716544414e+01
6.0091582527307096e+01
5.8883418075994221e+01
5.7605158612185399e+01
5.6262992869601192e+01
5.4863211029922610e+01
5.3412165388750395e+01
5.1916241499470978e+01
5.0381812045688754e+01
4.8815192056661566e+01
4.7222608188684205e+01
4.5610160470731451e+01
4.3983797037241835e+01
4.2349278438060139e+01
4.0712144926500798e+01
3.9077701518990025e+01
3.7450998772475039e+01
3.5836812157812915e+01
3.4239625790627819e+01
3.2663624599723079e+01
3.1112689108696330e+01
2.9590375689972500e+01
2.8099912598116500e+01
2.6644205641314585e+01
2.5225838189407938e+01
2.3847069060606643e+01
2.2509845399174228e+01
2.1215813563791691e+01
1.9966320886266935e+01
1.8762422546869697e+01
1.7604900439046812e+01
1.6494277760854885e+01
1.5430836466795165e+01
1.4414622936086451e+01
1.3445461329786610e+01
1.2522980769646736e+01
1.1646632944182489e+01
1.0815699643304502e+01
1.0029317774766891e+01
9.2864934321659582e+00
8.5861102297840688e+00
7.9269498218639312e+00
7.3077145854306966e+00
6.7270375412256342e+00
6.1834928196837122e+00
5.6756056799661527e+00
5.2018672094082508e+00
4.7607557551617958e+00
4.3507430444452888e+00
3.9702939456947171e+00
3.6178822105718740e+00
3.2920003231904054e+00
2.9911591664086843e+00
2.7139002577318538e+00
2.4588071364007775e+00
2.2245030916809236e+00
2.0096504269851274e+00
1.8129587820883724e+00
1.6331894664338518e+00
1.4691588901611199e+00
1.3197301860012403e+00
1.1838162492473969e+00
1.0603911031699860e+00
9.4848598363811054e-01
8.4718569233402163e-01
7.5562861697635719e-01
6.7301003231881840e-01
5.9857922752179271e-01
5.3162777005032513e-01
4.7149339716606198e-01
4.1756192549598675e-01
3.6926487820993109e-01
3.2607839839250757e-01
2.8752563665959674e-01
2.5317118540529010e-01
2.2260614538499751e-01
1.9545546091303290e-01
1.7137783089304037e-01
1.5005772935415781e-01
1.3121197157632017e-01
1.1458167495229767e-01
9.9924499205212389e-02
8.7022261776001406e-02
7.5681441348900924e-02
6.5727943502923936e-02
5.7002406547366782e-02
4.9357887223419009e-02
4.2667338345398917e-02
3.6824158335910642e-02
3.1728011895758697e-02
2.7289071755303481e-02
2.3426796147179994e-02
2.0070719710494903e-02
1.7158720915147318e-02
1.4628208173885913e-02
1.2423412073320782e-02
1.0500087090426486e-02
8.8197330676843665e-03
7.3470610498744919e-03
6.0443993204573887e-03
4.8720895919827844e-03
3.7968194286428776e-03
2.7947219173386313e-03
