9.6441223119828601e-01
1.0047805881903764e+00
1.0325169490495836e+00
1.0475262376750523e+00
1.0486068910081585e+00
1.0347810447253285e+00
1.0048989968111350e+00
9.5798914511900313e-01
8.9273624959713027e-01
8.0816461871827328e-01
7.0341621404293853e-01
5.7778667591197530e-01
4.3045175780350203e-01
2.6075054079279897e-01
6.7823983897691245e-02
-1.4893053566341577e-01
-3.8968521254920269e-01
-6.5459463288420450e-01
-9.4383894181358419e-01
-1.2572705947403815e+00
-1.5946107072793729e+00
-1.9555442046135287e+00
-2.3397152675027701e+00
-2.7464301255497934e+00
-3.1745585468003470e+00
-3.6227756220478766e+00
-4.0899647609183614e+00
-4.5748184521464736e+00
-5.0756047845764449e+00
-5.5903043774700825e+00
-6.1165364512306830e+00
-6.6515931693911092e+00
-7.1928644157794652e+00
-7.7375305690372569e+00
-8.2824543087505980e+00
-8.8242375684401733e+00
-9.3590475516354221e+00
-9.8828652745614924e+00
-1.0391745559314078e+01
-1.0881526529443237e+01
-1.1347713437285586e+01
-1.1785675113158199e+01
-1.2190703208528710e+01
-1.2558322450873971e+01
-1.2884191577235280e+01
-1.3163853551157390e+01
-1.3392976598928968e+01
-1.3567051771610695e+01
-1.3681499229465198e+01
-1.3732077196800685e+01
-1.3714709902737589e+01
-1.3625369208831875e+01
-1.3460227748566350e+01
-1.3215715331952499e+01
-1.2888791315591551e+01
-1.2477080890307565e+01
-1.1978465624532758e+01
-1.1391206054773418e+01
-1.0713863309538262e+01
-9.9454616133686642e+00
-9.0859866224586234e+00
-8.1358722529922893e+00
-7.0960541471276404e+00
-5.9682118585621255e+00
-4.7544779256366532e+00
-3.4575407276817440e+00
-2.0808491607327162e+00
-6.2851885825327003e-01
8.9492499589158170e-01
2.4843856116414185e+00
4.1337876572177574e+00
5.8361979481540178e+00
7.5843088960927281e+00
9.3703549621800057e+00
1.1185987548235095e+01
1.3022387160960568e+01
1.4870363433547313e+01
1.6720546636637216e+01
1.8563183507342810e+01
2.0387899705980832e+01
2.2183924567684862e+01
2.3940250195233475e+01
2.5646155363403512e+01
2.7290898503976386e+01
2.8863485753050522e+01
3.0353126758732511e+01
3.1749272936278466e+01
3.3041524151874540e+01
3.4219630077939996e+01
3.5273713564603000e+01
3.6194632329684978e+01
3.6973895901175950e+01
3.7603655532595518e+01
3.8076332108941585e+01
3.8384861970453535e+01
3.8523174708304204e+01
3.8486012385790190e+01
3.8268860764441200e+01
3.7868061209060784e+01
3.7280963313402879e+01
3.6505937832813437e+01
3.5542123632600337e+01
3.4389385986339605e+01
3.3048731241529588e+01
3.1522539358227586e+01
2.9814137952403566e+01
2.7927610408124863e+01
2.5867974903836611e+01
2.3641025058091273e+01
2.1253543497571084e+01
1.8713433537082111e+01
1.6029395806731774e+01
1.3210852449163392e+01
1.0268018439994606e+01
7.2115320296586418e+00
4.0525410123631183e+00
8.0301490296291234e-01
-2.5246172330497081e+00
-5.9177745508801367e+00
-9.3634624133798319e+00
-1.2848303962165458e+01
-1.6358639969434808e+01
-1.9880736144972232e+01
-2.3400794698316393e+01
-2.6904841393047452e+01
-3.0379191791610186e+01
-3.3810798640325707e+01
-3.7186864998095793e+01
-4.0494748786690295e+01
-4.3722475522092779e+01
-4.6858581200190251e+01
-4.9891975383334078e+01
-5.2812143528853539e+01
-5.5609292672630950e+01
-5.8274387258131306e+01
-6.0798983661890219e+01
-6.3175565864644874e+01
-6.5397904474493089e+01
-6.7460656201791949e+01
-6.9359109734490715e+01
-7.1089497873414217e+01
-7.2649002705930258e+01
-7.4035433443017681e+01
-7.5247253432683038e+01
-7.6283537260558234e+01
-7.7144339974283938e+01
-7.7830436810638133e+01
-7.8343529695634942e+01
-7.8686338039072396e+01
-7.8862028286120037e+01
-7.8874351500480543e+01
-7.8727775341099985e+01
-7.8427239347497206e+01
-7.7978310899561265e+01
-7.7387008293272316e+01
-7.6659596276801125e+01
-7.5802726323733964e+01
-7.4823680979062416e+01
-7.3730078286052546e+01
-7.2529553499994137e+01
-7.1229551863045714e+01
-6.9837864674190087e+01
-6.8362539958663405e+01
-6.6811561986151759e+01
-6.5192906984651771e+01
-6.3514584613902095e+01
-6.1784678674265649e+01
-6.0011059920668210e+01
-5.8201116150149119e+01
-5.6361903371829989e+01
-5.4500200284682052e+01
-5.2622915731607854e+01
-5.0736775430555959e+01
-4.8847910142952010e+01
-4.6962242167290469e+01
-4.5085443387739481e+01
-4.3222781061656072e+01
-4.1379003131299967e+01
-3.9558501599201549e+01
-3.7765553582691794e+01
-3.6004224520220895e+01
-3.4278167890921182e+01
-3.2590321313600455e+01
-3.0943141952423421e+01
-2.9339026216845472e+01
-2.7780086166200782e+01
-2.6268106672378405e+01
-2.4804486481500376e+01
-2.3390370542990368e+01
-2.2026711650563101e+01
-2.0714085184964222e+01
-1.9452585102981740e+01
-1.8242319934209558e+01
-1.7083547375636623e+01
-1.5976136505114999e+01
-1.4919618587838201e+01
-1.3913418671245047e+01
-1.2956633361321375e+01
-1.2048206472691083e+01
-1.1187276818667101e+01
-1.0372853564318140e+01
-9.6037275400607989e+00
-8.8784663928076721e+00
-8.1954217642908791e+00
-7.5530505643320334e+00
-6.9500016626115038e+00
-6.3847250379731033e+00
-5.8555068749197385e+00
-5.3606076562441185e+00
-4.8983179638327510e+00
-4.4672445827906264e+00
-4.0660925671020491e+00
-3.6934586660459261e+00
-3.3480304003872106e+00
-3.0282679135116779e+00
-2.7325531914014380e+00
-2.4595217378380632e+00
-2.2078294553634730e+00
-1.9759935059109277e+00
-1.7625285572905205e+00
-1.5660223633028316e+00
-1.3853217500040735e+00
-1.2195465899167952e+00
-1.0676400338270262e+00
-9.2861213862188674e-01
-8.0127554138737667e-01
-6.8442609598008552e-01
-5.7722013550471651e-01
-4.7881603805970946e-01
-3.8832183323087555e-01
-3.0499388210414474e-01
-2.2799947136140655e-01
-1.5664461633718368e-01
-9.0504131657133405e-02
-2.9153072708398179e-02
2.8059975945837989e-02
8.1826386553209188e-02
1.3263739991620468e-01
1.8055117580055105e-01
2.2586825660892312e-01
2.6901007686464984e-01
3.1026115359280121e-01
3.4997980028680475e-01
3.8873511352648882e-01
4.2722931904617739e-01
4.6608923259049906e-01
5.0570517778387014e-01
5.4642272713028794e-01
5.8810377826584981e-01
6.3092319176140210e-01
6.7502728904862686e-01
7.2044656487684200e-01
7.6711862956858390e-01
8.1530298564081471e-01
8.6448475478630049e-01
9.1514916488598153e-01
