8.3288595843300980e-15
2.2191998386687191e-14
3.1197572398247786e-14
3.7907150344066829e-14
4.4959924170060046e-14
2.8295878444995809e-14
4.2367896971742012e-14
5.6136011615994224e-14
4.6980931607979273e-14
4.9924495529240535e-14
6.5946831175877468e-14
6.3779867422792841e-14
8.5287966005012645e-14
4.1355648710826748e-14
6.1402226805062151e-14
5.3789445348329903e-14
5.8698627361552907e-14
5.7390994648445096e-14
5.9628436037172967e-14
6.0732132942312052e-14
7.7925164285014803e-14
6.5687852776479958e-14
7.9191703828080877e-14
9.5105826236637249e-14
9.4544862460025123e-14
1.0964666932705752e-13
8.8100608448236398e-14
1.1739579572252592e-13
1.0592989353706689e-13
9.1513268345390010e-14
1.3116072102918216e-13
1.0865326761363523e-13
1.0539564446690500e-13
6.9980296852838451e-14
9.7920110499159065e-14
9.1314275195298545e-14
8.5323757309058532e-14
8.3752755976021625e-14
9.2952663307743643e-14
8.9446235582851889e-14
4.4824220410914821e-14
4.0689716366874363e-14
7.2066859115231367e-14
5.8374412765605850e-14
4.8469294734229859e-14
4.8894171318625925e-14
4.9297477879369879e-14
4.3307341031829925e-14
3.3747871916375878e-14
1.5399057646492154e-14
2.6483551702680220e-14
3.5912970195160651e-14
2.7146342439178075e-14
2.9646933776677278e-14
2.5458024292938400e-14
1.4805263764357658e-14
-7.0015621566495883e-15
1.1742352967950856e-14
1.3666251852691377e-14
1.0745591756419427e-14
1.0304619983088983e-14
1.4090165683154388e-14
2.9666890432942168e-14
2.6718298005974592e-14
4.2514522911131354e-14
2.9747437530203297e-14
5.1105543446461917e-14
5.1968609572270381e-14
5.1656153655905451e-14
6.1546867711136626e-14
8.8804687261933810e-14
7.6883962141112199e-14
6.7602943549355014e-14
9.0642831250202919e-14
9.2940498916095212e-14
9.4679976615525948e-14
7.9087341241029431e-14
8.0517163390300059e-14
8.1240431164299690e-14
7.3577541325094774e-14
6.5513288018333207e-14
4.0861896547137586e-14
3.5247827939441592e-14
4.2085735655208170e-14
1.9984611702329427e-14
2.4613315954418804e-14
1.6063627615557186e-14
1.3629830035012714e-14
-2.4218161294309421e-15
4.1536499902110266e-15
2.2119941051625376e-14
2.5973375929205543e-14
1.8396540851686277e-14
1.7360101324492921e-14
2.1178531402793082e-14
1.0691484084575146e-14
-2.5628920460935648e-14
-3.6389526628705834e-14
-8.4868996815233267e-15
-3.9695700159642408e-14
-5.0358453499159406e-14
-4.8877517705701594e-14
-4.5933934468533223e-14
-3.4112200486099549e-14
2.2193152651331250e-15
1.7928725493641981e-14
2.7874565111160486e-14
3.7538103185834978e-14
2.2966613160781527e-14
2.1921699658548805e-14
1.7995671159377739e-14
6.0850403843048178e-15
-2.2848062669138591e-14
-3.5922888381112408e-14
-3.6813172256273140e-14
-6.4713252364438091e-14
-8.2901795202522636e-14
-8.1226841518420762e-14
-8.9636188173213826e-14
-9.9627382770259671e-14
-1.1077727135723699e-13
-9.9678413408926964e-14
-1.0009064817310321e-13
-1.1114650199209323e-13
-1.1639660970242867e-13
-1.3042335698395872e-13
-1.2352541246250637e-13
-1.1188747646456072e-13
-1.1514736377607234e-13
-1.2384385046435552e-13
-1.3569888235222158e-13
-1.4531995794799720e-13
-1.5948382297772438e-13
-1.5167053546042273e-13
-1.6768198624340000e-13
-1.8410266478648341e-13
-1.8733850567491084e-13
-1.8172105323694124e-13
-2.2028799549276503e-13
-2.4512147556453276e-13
-2.9239438117932905e-13
-3.2271214385637078e-13
-3.4464660202187615e-13
-4.0285385908749542e-13
-4.6669735683380706e-13
-5.1294551317475096e-13
-5.5029760022547075e-13
-6.2356580386569837e-13
-6.6396604387301957e-13
-6.9796339713550942e-13
-7.5253407154967836e-13
-8.1934422109432612e-13
-8.7005338961690852e-13
-9.6273599330830202e-13
-1.0519397568012738e-12
-1.1537426852437033e-12
-1.2714915036409390e-12
-1.3975646410490536e-12
-1.5378937022434931e-12
-1.6682172621014498e-12
-1.8517206154645819e-12
-2.0413012643643574e-12
-2.2550249559214716e-12
-2.5023923277453070e-12
-2.7542201297427431e-12
-3.0262218849371120e-12
-3.3662245449324690e-12
-3.6806684183045321e-12
-4.0557724826464770e-12
-4.4860471048798306e-12
-4.9871871059792244e-12
-5.5185012732778922e-12
-6.1158721009778881e-12
-6.7521740163233251e-12
-7.5088530870610749e-12
-8.3030161541959877e-12
-9.1715715327810674e-12
-1.0135302635446745e-11
-1.1149806082031103e-11
-1.2244294321261448e-11
-1.3454457355024047e-11
-1.4702974154433062e-11
-1.6067155633472899e-11
-1.7521739352481993e-11
-1.9074374027218459e-11
-2.0766461257663480e-11
-2.2527817568670569e-11
-2.4400551688582403e-11
-2.6389269626597612e-11
-2.8487105605164573e-11
-3.0700955720270191e-11
-3.3008553972559753e-11
-3.5458066528303766e-11
-3.7977095953751535e-11
-4.0584822343589645e-11
-4.3283116329809868e-11
-4.6076679401715333e-11
-4.8895527238205705e-11
-5.1802873079917301e-11
-5.4759075847066657e-11
-5.7789812367966814e-11
-6.0804802314403821e-11
-6.3905696879710316e-11
-6.6993781539241366e-11
-7.0096529466851692e-11
-7.3148800876703301e-11
-7.6211205803759102e-11
-7.9236640424949462e-11
-8.2214073112097047e-11
-8.5110924536697562e-11
-8.7907081673894376e-11
-9.0619839357435235e-11
-9.3244500292098302e-11
-9.5654855838430868e-11
-9.7959029230618477e-11
-1.0012699603117290e-10
-1.0210626285638541e-10
-1.0391834003257281e-10
-1.0555370002601084e-10
-1.0696037179524573e-10
-1.0812812411279284e-10
-1.0908602877080546e-10
-1.0980173891998399e-10
-1.1035163880629637e-10
-1.1064531293234856e-10
-1.1063801954180357e-10
-1.1049869742409937e-10
-1.1010617626136605e-10
-1.0943721720017628e-10
-1.0855654460932862e-10
-1.0744958140964019e-10
-1.0615629497477937e-10
-1.0465438519071357e-10
-1.0296927285521816e-10
-1.0110561002176174e-10
-9.9059832412469449e-11
-9.6841338906643377e-11
-9.4449843655844612e-11
-9.1926240458119210e-11
-8.9293842592574863e-11
-8.6545070702959926e-11
-8.3693054015730005e-11
-8.0806235834610977e-11
-7.7861185821146959e-11
-7.4849499034270759e-11
-7.1822737286946525e-11
-6.8776446832012715e-11
-6.5749485580554411e-11
-6.2723653733554637e-11
-5.9728864066369858e-11
-5.6755955018056323e-11
-5.3841820616757506e-11
-5.0966935130846771e-11
-4.8130995032604796e-11
-4.5373242329065332e-11
-4.2676811718789000e-11
-4.0039578711384251e-11
-3.7503724137454138e-11
-3.5079902583273457e-11
-3.2750006679039292e-11
-3.0530998992819638e-11
-2.8410759163178059e-11
-2.6360873095327186e-11
-2.4452655020517764e-11
-2.2606985895083641e-11
-2.0903477578453655e-11
-1.9250780615711510e-11
-1.7710085256853726e-11
-1.6248027658437626e-11
-1.4892090357001618e-11
-1.3603390781227190e-11
-1.2427209450748350e-11
-1.1297341780627601e-11
-1.0285239249703708e-11
-9.3196606288958804e-12
-8.4459006357466289e-12
-7.6542922197001239e-12
-6.9265873256535663e-12
-6.2400301082634678e-12
-5.6510356922491962e-12
-5.1110088255849683e-12
-4.5935796503817686e-12
-4.1177919494363995e-12
-3.7147085277522213e-12
-3.3377894083733564e-12
-2.9942873793095507e-12
-2.6901024755350875e-12
-2.4456669273293546e-12
-2.1600186704544397e-12
-1.9501127165716063e-12
-1.7394907689795644e-12
-1.5574736529141019e-12
-1.3947623343149771e-12
-1.2471348485169107e-12
-1.0877502315002242e-12
-9.9208863214186537e-13
-8.2277350529304982e-13
-7.4773818174352225e-13
-6.2396087341347132e-13
-5.3977041376119443e-13
-4.4159852403415527e-13
-4.0143455933359557e-13
-3.1193179177356269e-13
-2.8871414427712575e-13
-2.2989382455110536e-13
-2.0035335584838909e-13
-1.8335656162259199e-13
-1.5340863499696545e-13
-1.4311299380220827e-13
-1.3053454396667177e-13
-1.2023683895976362e-13
-1.1686632835579650e-13
-1.0575325243512714e-13
-1.1021651392976201e-13
-1.2283622785334324e-13
-1.2588760654528698e-13
-1.0668664601928708e-13
-9.2820641537090830e-14
-7.6283403884842890e-14
-8.9171598637272879e-14
-7.9591383350851973e-14
-9.3040126836594919e-14
-7.0546583719559957e-14
-9.0354100991877107e-14
-8.3782177105041137e-14
-7.3430108417340452e-14
-7.2517846355947507e-14
-8.4996346319428744e-14
-7.4048655877035277e-14
-1.1197868609413849e-13
-9.5872016194204784e-14
-1.0782533080243271e-13
-8.2817863327013422e-14
-5.3944935762971503e-14
-3.9542005949297013e-14
-2.0102135284965278e-14
1.2591252929304534e-14
2.8240495062314859e-14
4.9748140800468744e-14
2.9370821522087568e-14
6.1305577611286839e-14
7.9582203410934194e-14
8.4419123126657836e-14
8.1867436712686808e-14
1.0630624666900667e-13
9.9293300530274091e-14
7.6638767912135218e-14
6.6880869558111646e-14
7.2726994937327123e-14
8.5150013461049390e-14
8.8895988142229521e-14
9.1816984681110780e-14
1.3644978366334620e-13
1.2561334401780694e-13
1.2637788204561898e-13
1.2216903370832385e-13
1.2496489688188157e-13
1.2636500257917973e-13
1.1577012428242424e-13
7.3687332790947663e-14
1.5602486987715885e-14
-9.1430855841174067e-15
-3.9535248886483539e-14
-5.6787505508162579e-14
-7.1043133524831574e-14
-5.8664875378303774e-14
-6.2460807351425498e-14
-6.0701492137675431e-14
-2.2239744315607960e-14
-2.1605903636323881e-14
-2.2423449367175701e-14
-3.6120194285959236e-14
-5.7292612634448584e-16
1.1009297481904118e-15
6.2888552125474917e-15
-3.2683539720482387e-15
1.9120399763993487e-14
2.3215637627940400e-14
1.6269597162764755e-14
1.8924134839766141e-14
1.3967219255830144e-14
2.6955488093471088e-14
7.4046282270820602e-16
-1.2562699980962290e-15
-7.1825649560314408e-15
-6.0769109162591437e-15
-1.7191962272068777e-14
-2.6164320636728714e-14
-1.1705673485053957e-14
-2.2693095654684485e-14
-5.1409224190030079e-14
-4.3647098622855251e-14
-1.8967564693764455e-14
-2.7366176522946305e-14
-2.6509340804940545e-14
-1.2842234580240521e-14
-2.4588109143343554e-14
-1.5977707489926711e-14
-2.6970782289168752e-14
-2.5862767332742035e-14
-1.1695537257608947e-14
5.1411984863439686e-16
-1.5411641697134244e-14
-9.8011710842375325e-15
-1.2107666848280269e-15
-3.1997462971291634e-14
-3.6275695701055130e-14
-4.2627413543157936e-14
-1.6227372005278357e-14
-2.7978993279921186e-14
-9.4910132095224297e-15
-2.9336237052372867e-14
-2.7577668882764226e-14
-1.5323880059471419e-14
-4.2699237756305173e-14
-1.6214546945416480e-14
-2.8517129234798321e-14
7.3900563299265254e-15
-1.3884638945321292e-14
6.1361723116219036e-15
1.3408731994227319e-14
-6.0050131564973230e-15
-1.4755244940493918e-14
-9.4451230429958012e-15
4.1651819054580766e-15
2.2125514585570840e-14
4.1735370958793008e-15
2.1569729302663802e-14
2.5047804158042182e-14
2.0981200507484211e-14
8.1388292470020776e-15
3.2941466145338519e-14
1.0555913805548852e-14
1.9115454585265132e-14
1.8766669713227372e-14
2.7698683197440132e-14
3.2326750553035637e-14
1.2921450797700646e-14
-1.9262024610412680e-15
1.3968371966515488e-14
6.3771248640120540e-15
4.5488136580667046e-15
4.1767893633797916e-15
1.6491404482406597e-14
2.0343217603185578e-14
1.3093431338989963e-14
-2.4951295873564558e-15
1.1709587633089704e-15
-5.7511785120180519e-16
9.6310570599420373e-15
-1.3377297673134878e-14
1.8062217084175140e-14
3.2223932275705643e-14
1.1796056061037181e-14
-7.5166156674417393e-15
8.8443521302342971e-15
1.5764414365539958e-16
6.7519972731104184e-15
-8.0246840467947752e-16
2.0161479211030356e-15
3.7838194671049855e-15
2.7839202396311464e-15
-2.6121427625464706e-14
7.1766920405778910e-15
-5.0657613183539323e-15
2.2062160841238201e-14
-5.8740850860607766e-15
2.4046798288185373e-14
2.8001041406834782e-14
1.1629324163481415e-14
-1.4352322664263403e-14
1.9715735154639994e-14
-1.0630896781687215e-14
-2.2630093085820010e-15
1.9594735268397896e-14
3.8583900155393282e-14
3.8867933251938951e-14
3.7596091535791230e-14
8.2202687704815830e-15
4.5467073854542838e-14
3.9146613556563829e-14
1.8403108410820017e-14
1.4967254918695111e-14
5.8534729182352170e-14
3.7651367546623105e-14
4.0228169207723003e-14
2.6743627153981444e-14
4.7853162118153628e-14
2.1992262317401321e-14
2.9064758351360332e-14
3.3129135942070269e-14
3.2758789104848690e-14
4.1874202768171485e-14
1.2862735915851509e-14
8.9001199607391934e-15
1.8613341232027188e-14
3.3508490976972998e-15
1.0820681086933985e-14
1.1500181367429668e-14
2.6263871855476205e-14
2.0280528976658665e-14
-2.0160544500064916e-15
5.9396360026525451e-15
1.4965557236740957e-14
1.1222654176981273e-14
1.8091391360011663e-14
2.2994306757335145e-14
2.9568032059919951e-14
2.9279337118339873e-14
4.5654421262154066e-15
1.5578299645857231e-14
1.2052488684715843e-14
