-3.4177981502144679e-14
-3.4228344518690142e-14
-1.7139277956181952e-14
-1.7164307399325931e-14
8.5946300736904323e-15
-2.5821203639736636e-14
-1.2929200347765736e-14
-1.2947740365175864e-14
-2.5932443087461988e-14
-1.7312858074343196e-14
-3.4674682864759846e-14
-4.3404362576855766e-15
1.7386068435384927e-14
-1.3057733409929224e-14
2.1793091165281226e-15
2.1823191451582080e-14
8.7412757351493194e-15
2.6259701145433769e-14
1.5339013036587563e-14
1.5359794268191304e-14
4.8338721588687238e-14
1.5401136831335893e-14
2.7538745393636935e-14
3.1987380565340143e-14
1.1044710974872751e-14
1.5482931983493944e-14
2.5469531702802643e-14
2.1067442493934617e-14
1.0547366875281267e-14
-1.6675200951018862e-15
1.1131054928353537e-14
1.3374304886835106e-14
2.4271690233433726e-14
3.7151840550651747e-14
6.0971973266781104e-14
5.9927992928669018e-14
9.1686005768957773e-14
8.5903964536791748e-14
1.0512281981798501e-13
1.4014754679663199e-13
1.6229552201883672e-13
2.4373776887316525e-13
3.4853502079348563e-13
5.0787508483484289e-13
7.3610602936606486e-13
1.0204297649279916e-12
1.4938508100853507e-12
2.1661179526004738e-12
3.1289376268091761e-12
4.5245521391960908e-12
6.5300571957338109e-12
9.4169598049816413e-12
1.3517410437792974e-11
1.9343533528432911e-11
2.7680061183663630e-11
3.9491771805524170e-11
5.6220653406189040e-11
7.9914899959944086e-11
1.1336100315469230e-10
1.6040555698119829e-10
2.2654430464854776e-10
3.1923780833146973e-10
4.4895934121602889e-10
6.3003637760539095e-10
8.8230463546397296e-10
1.2329850777117904e-09
1.7194322809496504e-09
2.3927718230728801e-09
3.3228160041105937e-09
4.6046511661567541e-09
6.3676623423524268e-09
8.7872208836063246e-09
1.2100757494926454e-08
1.6628870864800725e-08
2.2803496456957326e-08
3.1205361618117052e-08
4.2613355777689314e-08
5.8069846922728894e-08
7.8966890820565199e-08
1.0715880408617932e-07
1.4511074223882464e-07
1.9609211191552709e-07
2.6442917528968714e-07
3.5583399600867464e-07
4.7783097477747971e-07
6.4030946195848771e-07
8.5623768179455550e-07
1.1425824330843615e-06
1.5214914188328364e-06
2.0218096814730638e-06
2.6810184417093017e-06
3.5477099989156392e-06
4.6847368156475453e-06
6.1732100998553414e-06
8.1175636041667974e-06
1.0651949949406916e-05
1.3948301041597701e-05
1.8226458145610792e-05
2.3766872267548978e-05
3.0926484611821248e-05
4.0158534752116581e-05
5.2037201969784908e-05
6.7288181523886387e-05
8.6826525676751977e-05
1.1180335391582312e-04
1.4366335924616497e-04
1.8421541936055407e-04
2.3571906933446285e-04
3.0099011508765501e-04
3.8352927988852064e-04
4.8767848222749021e-04
6.1881016496035128e-04
7.8355603726523000e-04
9.9008267250250441e-04
1.2484226385332225e-03
1.5708712364793018e-03
1.9724605071312932e-03
2.4715239427590260e-03
3.0903673319713498e-03
3.8560633769873357e-03
4.8013901683753380e-03
5.9659362891084713e-03
7.3973982494758578e-03
9.1530991303654056e-03
1.1301760722658309e-02
1.3925565084577853e-02
1.7122545273682961e-02
2.1009349010023531e-02
2.5724423151710380e-02
3.1431671052524875e-02
3.8324639052263174e-02
4.6631292434508864e-02
5.6619445067379447e-02
6.8602910491966332e-02
8.2948445297624546e-02
1.0008355805149230e-01
1.2050525864423262e-01
1.4478982346656080e-01
1.7360365110672221e-01
2.0771528101171371e-01
2.4800864351849508e-01
2.9549760355397692e-01
3.5134185184119454e-01
4.1686418633863526e-01
4.9356921259609798e-01
5.8316347445757244e-01
6.8757700582355130e-01
8.0898626977875854e-01
9.4983842311654088e-01
1.1128768120169867e+00
1.3011675683106574e+00
1.5181271353978731e+00
1.7675505086209193e+00
2.0536399269272807e+00
2.3810337013661069e+00
2.7548348118144701e+00
3.1806388469638689e+00
3.6645608047932106e+00
4.2132602124568761e+00
4.8339639668273255e+00
5.5344862411147595e+00
6.3232447504567162e+00
7.2092726216862255e+00
8.2022250713263407e+00
9.3123800630075806e+00
1.0550632092810586e+01
1.1928478240396679e+01
1.3457995627081162e+01
1.5151809441068028e+01
1.7023050726626778e+01
1.9085303189622127e+01
2.1352538347856992e+01
2.3839038452226678e+01
2.6559306724434130e+01
2.9527964599308948e+01
3.2759635824466372e+01
3.6268817456494133e+01
4.0069737999857040e+01
4.4176203160468575e+01
4.8601429927989194e+01
5.3357869956337616e+01
5.8457023476997669e+01
6.3909245250227272e+01
6.9723544330429206e+01
7.5907379688438667e+01
8.2466453989614664e+01
8.9404508066371591e+01
9.6723118840927114e+01
1.0442150364228189e+02
1.1249633401456107e+02
1.2094156222584282e+02
1.2974826375188056e+02
1.3890449902264155e+02
1.4839519767702384e+02
1.5820206846903747e+02
1.6830353780474246e+02
1.7867471966208916e+02
1.8928741935555038e+02
2.0011017325547883e+02
2.1110832616129773e+02
2.2224414756223322e+02
2.3347698750503216e+02
2.4476347223210971e+02
2.5605773916424243e+02
2.6731171018886891e+02
2.7847540158888444e+02
2.8949726831895089e+02
3.0032457971879825e+02
3.1090382315811439e+02
3.2118113154781662e+02
3.3110273013993401e+02
3.4061539758465904e+02
3.4966693582917554e+02
3.5820664313835846e+02
3.6618578430073416e+02
3.7355805196093490e+02
3.8028001299722388e+02
3.8631153394246570e+02
3.9161617963004613e+02
3.9616157953140902e+02
3.9991975663559646e+02
4.0286741419783641e+02
4.0498617624615974e+02
4.0626277837267168e+02
4.0668920603819527e+02
4.0626277837281123e+02
4.0498617624643805e+02
4.0286741419825165e+02
3.9991975663614602e+02
3.9616157953208977e+02
3.9161617963085382e+02
3.8631153394339543e+02
3.8028001299826985e+02
3.7355805196209081e+02
3.6618578430199335e+02
3.5820664313971349e+02
3.4966693583061851e+02
3.4061539758618176e+02
3.3110273014152796e+02
3.2118113154947326e+02
3.1090382315982481e+02
3.0032457972055369e+02
2.8949726832074248e+02
2.7847540159070348e+02
2.6731171019070683e+02
2.5605773916609093e+02
2.4476347223396073e+02
2.3347698750687809e+02
2.2224414756406671e+02
2.1110832616311191e+02
2.0011017325726723e+02
1.8928741935730721e+02
1.7867471966380882e+02
1.6830353780642014e+02
1.5820206847066873e+02
1.4839519767860492e+02
1.3890449902416921e+02
1.2974826375335203e+02
1.2094156222725586e+02
1.1249633401591406e+02
1.0442150364357356e+02
9.6723118842156723e+01
8.9404508067538828e+01
8.2466453990719586e+01
7.5907379689481701e+01
6.9723544331411205e+01
6.3909245251149258e+01
5.8457023477861028e+01
5.3357869957143926e+01
4.8601429928740281e+01
4.4176203161166363e+01
4.0069738000503705e+01
3.6268817457091863e+01
3.2759635825017448e+01
2.9527964599815725e+01
2.6559306724899002e+01
2.3839038452651991e+01
2.1352538348245197e+01
1.9085303189975505e+01
1.7023050726947698e+01
1.5151809441358724e+01
1.3457995627343809e+01
1.1928478240633401e+01
1.0550632093023424e+01
9.3123800631985194e+00
8.2022250714972369e+00
7.2092726218387950e+00
6.3232447505926048e+00
5.5344862412354834e+00
4.8339639669343661e+00
4.2132602125515026e+00
3.6645608048766856e+00
3.1806388470373341e+00
2.7548348118789567e+00
2.3810337014225702e+00
2.0536399269766021e+00
1.7675505086638650e+00
1.5181271354352006e+00
1.3011675683430324e+00
1.1128768120449639e+00
9.4983842314067546e-01
8.0898626979956934e-01
6.8757700584140735e-01
5.8316347447290107e-01
4.9356921260919784e-01
4.1686418634983907e-01
3.5134185185072730e-01
2.9549760356203258e-01
2.4800864352530538e-01
2.0771528101748671e-01
1.7360365111154752e-01
1.4478982347063368e-01
1.2050525864762270e-01
1.0008355805433290e-01
8.2948445299975193e-02
6.8602910493876609e-02
5.6619445068957726e-02
4.6631292435826574e-02
3.8324639053330396e-02
3.1431671053405517e-02
2.5724423152425090e-02
2.1009349010603733e-02
1.7122545274127387e-02
1.3925565084913102e-02
1.1301760722897129e-02
9.1530991305748231e-03
7.3973982496151804e-03
5.9659362892047338e-03
4.8013901684452005e-03
3.8560633770067763e-03
3.0903673319576126e-03
2.4715239426984282e-03
1.9724605070558432e-03
1.5708712364353372e-03
1.2484226384812654e-03
9.9008267246427392e-04
7.8355603723103383e-04
6.1881016496083689e-04
4.8767848219900226e-04
3.8352927984640638e-04
3.0099011505521590e-04
2.3571906933893830e-04
1.8421541937747442e-04
1.4366335925743639e-04
1.1180335398029989e-04
8.6826525772807682e-05
6.7288181600669476e-05
5.2037202020544516e-05
4.0158534756567272e-05
3.0926484637740416e-05
2.3766872299050679e-05
1.8226458178245914e-05
1.3948301041597701e-05
1.0651949943817054e-05
8.1175635592875495e-06
6.1732100875390267e-06
4.6847367439249653e-06
3.5477099351336585e-06
2.6810183656992946e-06
2.0218095865447007e-06
1.5214913686331038e-06
1.1425823683792800e-06
8.5623758482481116e-07
6.4030939068269956e-07
4.7783088628863825e-07
3.5583391704291513e-07
2.6442910973690754e-07
1.9609201815362856e-07
1.4511070895301261e-07
1.0715874812477554e-07
7.8966821623796866e-08
5.8069823120105132e-08
4.2613282830253770e-08
3.1205340606210472e-08
2.2803483219775153e-08
1.6628852163170728e-08
1.2100749853654385e-08
8.7872011844560876e-09
6.3676278796439553e-09
4.6046091198163598e-09
3.3227460904341239e-09
2.3927285986379986e-09
1.7193905577013908e-09
1.2329328609044313e-09
8.8226838979116343e-10
6.2999935679325086e-10
4.4892235977298644e-10
3.1921471966120146e-10
2.2648895149699196e-10
1.6039403756569639e-10
1.1332418119581302e-10
7.9885014918391892e-11
5.6216060778373313e-11
3.9443602716372991e-11
2.7629654648936322e-11
1.9293183583138832e-11
1.3439684756263302e-11
9.3484562176515134e-12
6.4855807321233288e-12
4.4812658901302667e-12
3.0902525797868081e-12
2.0911107202438989e-12
1.4280124005223186e-12
9.5466873563263218e-13
6.3418365606922511e-13
4.2304071654394494e-13
2.8357306391949724e-13
1.3879511838610799e-13
7.4385447591966819e-14
6.7540986408015419e-15
-4.3848021100549896e-14
-8.8711283639301281e-14
-1.0486411668987830e-13
-1.0585411835063967e-13
-1.0068766227541836e-13
-1.1145552165195522e-13
-1.0015559533106561e-13
-1.1256706613086215e-13
-1.0073604710159952e-13
-1.1283552643522765e-13
-1.1324541276617782e-13
-8.4824176357157801e-14
-7.7515966052008023e-14
-6.6355422786402624e-14
-3.9760959509541910e-14
-2.6472314950626325e-14
-2.6437195577891459e-14
-3.1902354864910070e-14
-3.2958219265014026e-14
-3.0719588536382608e-14
-3.9443176379796600e-14
-2.4071392716647622e-14
-2.4038508271660631e-14
-2.4005510596740285e-14
-2.1793091165281222e-14
-3.9173200229787681e-14
-2.6079102653077391e-14
-2.6042617546113458e-14
-1.3003006074284941e-14
-3.4625716148686392e-14
-3.4576590783282653e-14
-4.3159134550586208e-14
-4.3097334492552450e-14
-6.0249475159385479e-14
-4.2973150368452158e-14
-6.0075075897640752e-14
-5.1417833868545862e-14
-6.8456689037380284e-14
-5.1266972253217019e-14
-5.9723068560640883e-14
-5.9634407257161349e-14
-8.5064978964261028e-14
-6.7950061912691922e-14
-6.7847846303219369e-14
-6.7745338131595929e-14
-6.7642539189507973e-14
-6.7539451271671578e-14
-6.7436076175780715e-14
-1.0099862355368309e-13
-1.0084270748278454e-13
-6.7124245840299907e-14
-1.0052961010030890e-13
-1.0037243422006910e-13
-1.0021484384143746e-13
-1.1673298197171645e-13
-6.6598953663571486e-14
-8.3116344158849493e-14
-1.1617712389821456e-13
-8.2850641668584431e-14
-1.1580420833721307e-13
-1.3213377955113357e-13
-9.8939526733273893e-14
-1.3170443862305808e-13
-1.6436124020471082e-13
-1.3127303328057680e-13
-1.3105656565831546e-13
-1.3083959298580014e-13
-9.7966589216794009e-14
-1.9560622089684123e-13
-1.6273210201555994e-13
-1.2996672570309628e-13
-1.6218410405459984e-13
-1.6190919743091763e-13
-1.2930695352005201e-13
-1.2908607368658124e-13
-1.2886472216432060e-13
-1.2864290267621701e-13
-1.2842061894806245e-13
-9.6148406031293098e-14
-6.3987336844187608e-14
-6.3875509810862497e-14
-9.5645187183437288e-14
-7.9563979559639510e-14
-7.9423360321842367e-14
-9.5138960734488772e-14
-9.4969563325040122e-14
-6.3199895311963361e-14
-7.8858168728873479e-14
-6.2972963105254895e-14
-7.8573976942993387e-14
-4.7058894155428678e-14
-7.8288746176514644e-14
-4.6887448225797615e-14
-6.2401996165480146e-14
-7.7858993017128171e-14
-6.2172194258808638e-14
-4.6542748185747347e-14
-4.6456204695650294e-14
-6.1826022179374269e-14
-4.6282685413330887e-14
-4.6195712443182533e-14
-3.0739066090246149e-14
