-3.5919280938513465e-01
-4.1992864121165718e-01
-4.8660758949944982e-01
-5.6035126125327628e-01
-6.4186568840044600e-01
-7.3213277591189552e-01
-8.3206643675846381e-01
-9.4273392655564781e-01
-1.0652044596461108e+00
-1.2006664198632764e+00
-1.3503416845360878e+00
-1.5155654955165221e+00
-1.6977276476543952e+00
-1.8983153336097318e+00
-2.1188799577343027e+00
-2.3610702261745424e+00
-2.6266008277041939e+00
-2.9172831264468551e+00
-3.2350027089109750e+00
-3.5817277987047436e+00
-3.9594858951989456e+00
-4.3703813385199242e+00
-4.8165752061986904e+00
-5.3002933827178138e+00
-5.8237997040052756e+00
-6.3893956250661450e+00
-6.9994096325092974e+00
-7.6561949194927816e+00
-8.3621013030578002e+00
-9.1194666341509301e+00
-9.9305943241120662e+00
-1.0797743811414797e+01
-1.1723098781038299e+01
-1.2708757087887276e+01
-1.3756705462458397e+01
-1.4868799685812096e+01
-1.6046738851994800e+01
-1.7292042453548927e+01
-1.8606029369378916e+01
-1.9989797414900668e+01
-2.1444179636957639e+01
-2.2969723533518785e+01
-2.4566668189844307e+01
-2.6234922334258108e+01
-2.7974034049864258e+01
-2.9783179913917564e+01
-3.1661139729184995e+01
-3.3606263523748403e+01
-3.5616452458215448e+01
-3.7689152063123124e+01
-3.9821333201517007e+01
-4.2009484844543820e+01
-4.4249607231206816e+01
-4.6537205234765224e+01
-4.8867281447214587e+01
-5.1234343528086093e+01
-5.3632410515903004e+01
-5.6055026973588944e+01
-5.8495277458233055e+01
-6.0945797660042111e+01
-6.3398798522803304e+01
-6.5846113985716997e+01
-6.8279225598847546e+01
-7.0689297271385769e+01
-7.3067217628341453e+01
-7.5403644883551095e+01
-7.7689067170894091e+01
-7.9913854248411823e+01
-8.2068297272178711e+01
-8.4142678485765600e+01
-8.6127335294501592e+01
-8.8012725218824116e+01
-8.9789490564898358e+01
-9.1448515754906410e+01
-9.2981001466320649e+01
-9.4378542118351476e+01
-9.5633182083287892e+01
-9.6737476403853762e+01
-9.7684551165210195e+01
-9.8468164658954663e+01
-9.9082750809504347e+01
-9.9523474995891249e+01
-9.9786287960728913e+01
-9.9867960245349963e+01
-9.9766114710222723e+01
-9.9479256629431191e+01
-9.9006795747384345e+01
-9.8349055563141818e+01
-9.7507282420001204e+01
-9.6483653025062750e+01
-9.5281262952857602e+01
-9.3904113324736230e+01
-9.2357091034842114e+01
-9.0645939122202734e+01
-8.8777211136184647e+01
-8.6758240999180941e+01
-8.4597102705148075e+01
-8.2302547160004465e+01
-7.9883943460672455e+01
-7.7351217323681453e+01
-7.4714777349501972e+01
-7.1985445623210524e+01
-6.9174388894275268e+01
-6.6293043236049726e+01
-6.3353031711174438e+01
-6.0366086890879011e+01
-5.7343970446504429e+01
-5.4298404003970049e+01
-5.1240994209672678e+01
-4.8183149338487326e+01
-4.5136007754266849e+01
-4.2110379880451781e+01
-3.9116684537664938e+01
-3.6164891788730813e+01
-3.3264463878946998e+01
-3.0424312285768597e+01
-2.7652756209807123e+01
-2.4957485216614501e+01
-2.2345525843568094e+01
-1.9823216068598789e+01
-1.7396189875658283e+01
-1.5069359557873149e+01
-1.2846905298126828e+01
-1.0732295278682962e+01
-8.7282870248224285e+00
-6.8369324968691396e+00
-5.0595940674024424e+00
-3.3969703037674628e+00
-1.8491141737541161e+00
-4.1546155678911206e-01
9.0512181117817025e-01
2.1143059548480414e+00
3.2142647823208415e+00
4.2076319184039583e+00
5.0974575239582842e+00
5.8871729911481951e+00
6.5805454957068275e+00
7.1816163037528931e+00
7.6946635763096882e+00
8.1241657221586916e+00
8.4747549488253746e+00
8.7511792331503955e+00
8.9582637221135002e+00
9.1008684088694398e+00
9.1838516820751188e+00
9.2120399978498284e+00
9.1901978575304870e+00
9.1230013915324264e+00
9.0150103453897277e+00
8.8706390501151819e+00
8.6941439028797483e+00
8.4896139496639247e+00
8.2609486290015379e+00
8.0118429056777956e+00
7.7457784745887848e+00
7.4660198411810770e+00
7.1756132299111579e+00
6.8773775790373550e+00
6.5739047910524322e+00
6.2675644575868024e+00
5.9605110864233479e+00
5.6546870730470902e+00
5.3518279081664408e+00
5.0534784229346963e+00
4.7609921933823403e+00
4.4755296369528050e+00
4.1980795943836080e+00
3.9294692420929498e+00
3.6703749884865395e+00
3.4213302717322027e+00
3.1827442028128319e+00
2.9549069671223434e+00
2.7379969807382327e+00
2.5320941825459116e+00
2.3371922071214462e+00
2.1532048736610325e+00
1.9799787350707547e+00
1.8173075107048651e+00
1.6649340348371917e+00
1.5225504743895664e+00
1.3898166853580691e+00
1.2663642106232613e+00
1.1518026979119647e+00
1.0457292590941210e+00
9.4773894682027593e-01
8.5741367742334540e-01
7.7432703980155604e-01
6.9805685364933956e-01
6.2818829129583131e-01
5.6431648688726554e-01
5.0604568932551042e-01
4.5298280432973392e-01
4.0475684832944714e-01
3.6101870801927588e-01
3.2143206054967227e-01
2.8567536719136383e-01
2.5344125910115251e-01
2.2444113673056662e-01
1.9841129871778990e-01
1.7509328272652680e-01
1.5423910358463647e-01
1.3561873978164846e-01
1.1902083181853551e-01
1.0424955952773055e-01
9.1122868459952919e-02
7.9472919207891554e-02
6.9151480246762431e-02
6.0023030279715957e-02
5.1964995216492074e-02
4.4862163483274098e-02
3.8612871725740530e-02
3.3116226262075672e-02
2.8278089287481496e-02
2.4020779972458998e-02
2.0280757313565614e-02
1.6996205619999698e-02
1.4112729360662386e-02
1.1579394381881295e-02
9.3452032948110816e-03
7.3584692429288934e-03
5.5834420312960605e-03
3.9882485983981711e-03
2.5437367562060023e-03
1.2200557489487659e-03
-1.0250661790854082e-05
-1.1763520242768263e-03
-2.2996084610801670e-03
-3.4067512494220104e-03
-4.5217755380109539e-03
-5.6727390964069159e-03
-6.8864957269092805e-03
-8.1955031542927520e-03
-9.6230022654676776e-03
-1.1200392681180516e-02
-1.2964254089291900e-02
-1.4962679545079745e-02
-1.7240246972603370e-02
-1.9853522487395830e-02
-2.2858944298809684e-02
-2.6337936188058339e-02
-3.0372333038783499e-02
-3.5063838582612993e-02
-4.0518541521161917e-02
-4.6881082358449878e-02
-5.4307726282907538e-02
-6.3004261307958234e-02
-7.3197287070484257e-02
-8.5189657411842409e-02
-9.9302325641283440e-02
-1.1596388630374103e-01
-1.3563258873322831e-01
-1.5893265679710347e-01
-1.8651175751098845e-01
-2.1929544461045974e-01
-2.5815385662182888e-01
-3.0468038585935736e-01
