1.0003289320281116e-02
1.0498681217457591e-02
1.1179826869896180e-02
1.2075949997702598e-02
1.3212290461289362e-02
1.4616753662381105e-02
1.6315322260743458e-02
1.8345506378733990e-02
2.0750302056897638e-02
2.3584610327540910e-02
2.6912819864672616e-02
3.0808256576215005e-02
3.5351851586325145e-02
4.0636760580198349e-02
4.6766657278243008e-02
5.3857157634749610e-02
6.2038273817897151e-02
7.1461705431489789e-02
8.2299508591824916e-02
9.4748228007106930e-02
1.0902322657075671e-01
1.2536026214402596e-01
1.4403350144397770e-01
1.6535332990383858e-01
1.8966359235584515e-01
2.1734898166016886e-01
2.4882740167665146e-01
2.8456182823509790e-01
3.2507405007120066e-01
3.7094036160345628e-01
4.2279471508119243e-01
4.8133318179889895e-01
5.4731261684892385e-01
6.2156385046673135e-01
7.0500229401347203e-01
7.9862881769822414e-01
9.0353356998278522e-01
1.0209078905127993e+00
1.1520526219652019e+00
1.2983721116103770e+00
1.4613795608668083e+00
1.6427092399367595e+00
1.8441196324269458e+00
2.0675045686975224e+00
2.3148954630955241e+00
2.5884603885674107e+00
2.8905164386896449e+00
3.2235319148634627e+00
3.5901297600149267e+00
3.9930920057000314e+00
4.4353585111177019e+00
4.9200283116040939e+00
5.4503647452742214e+00
6.0297889066210644e+00
6.6618856936644288e+00
7.3504031121556856e+00
8.0992322936211192e+00
8.9124013218126894e+00
9.7940761063831321e+00
1.0748548933074840e+01
1.1780219118658062e+01
1.2893581833238109e+01
1.4093225665338762e+01
1.5383805874427525e+01
1.6770021280668697e+01
1.8256595113799026e+01
1.9848257006430710e+01
2.1549709238626829e+01
2.3365589665233973e+01
2.5300448132708507e+01
2.7358714172265497e+01
2.9544666383975471e+01
3.1862403095053931e+01
3.4315787920753515e+01
3.6908410926629720e+01
3.9643555042525989e+01
4.2524155853827615e+01
4.5552758622774924e+01
4.8731478513965776e+01
5.2061952573746410e+01
5.5545297205769387e+01
5.9182066983631032e+01
6.2972214945525707e+01
6.6915046041761030e+01
7.1009186969981315e+01
7.5252557405223641e+01
7.9642334427099513e+01
8.4174920787684712e+01
8.8845920876111379e+01
9.3650114028724929e+01
9.8581447421412008e+01
1.0363301891801058e+02
1.0879706868824564e+02
1.1406497921040770e+02
1.1942728226278960e+02
1.2487366914216298e+02
1.3039300701189029e+02
1.3597335846285773e+02
1.4160201641042394e+02
1.4726554078108660e+02
1.5294979504217332e+02
1.5864000396176999e+02
1.6432081596437271e+02
1.6997635686637005e+02
1.7559029710143545e+02
1.8114592714215891e+02
1.8662623707158224e+02
1.9201399674383259e+02
1.9729184585255967e+02
2.0244238694988738e+02
2.0744827856244859e+02
2.1229232496626989e+02
2.1695757232775634e+02
2.2142742184522353e+02
2.2568571929329852e+02
2.2971684734745307e+02
2.3350582341795416e+02
2.3703838768431038e+02
2.4030109647291980e+02
2.4328141131195136e+02
2.4596777139592390e+02
2.4834967237111351e+02
2.5041773181424443e+02
2.5216374466842421e+02
2.5358075166798767e+02
2.5466308765692523e+02
2.5540640938380679e+02
2.5580772460286832e+02
2.5586541615360059e+02
2.5557925264518749e+02
2.5495038345204878e+02
2.5398133604420869e+02
2.5267600194250505e+02
2.5103960897144574e+02
2.4907867866893045e+02
2.4680098871951748e+02
2.4421553350566165e+02
2.4133245249637480e+02
2.3816296360477889e+02
2.3471929121154926e+02
2.3101458414948300e+02
2.2706283873929175e+02
2.2287881067887474e+02
2.1847791713257917e+02
2.1387614829456771e+02
2.0908996433091579e+02
2.0413619799658755e+02
1.9903197050789470e+02
1.9379458970212488e+02
1.8844144590973264e+02
1.8298992010871868e+02
1.7745729355080192e+02
1.7186065807054172e+02
1.6621683013955655e+02
1.6054227525211550e+02
1.5485303138434318e+02
1.4916463785179957e+02
1.4349206418832458e+02
1.3784966238969247e+02
1.3225111643940494e+02
1.2670938741646685e+02
1.2123667657380925e+02
1.1584439465834546e+02
1.1054313593324646e+02
1.0534265818686809e+02
1.0025186622765270e+02
9.5278808509289561e+01
9.0430678590821501e+01
8.5713816092795383e+01
8.1133719629844137e+01
7.6695066439583172e+01
7.2401725336432406e+01
6.8256781361756097e+01
6.4262563536063524e+01
6.0420671748835794e+01
5.6732016964425391e+01
5.3196864283888345e+01
4.9814864170019753e+01
4.6585091097337028e+01
4.3506086021587322e+01
4.0575898449484583e+01
3.7792127457273409e+01
3.5151961056234015e+01
3.2652221606399230e+01
3.0289408018903231e+01
2.8059743609498504e+01
2.5959213829494761e+01
2.3983590511712624e+01
2.2128477021512545e+01
2.0389349510969794e+01
1.8761588471917733e+01
1.7240516577221562e+01
1.5821419787570504e+01
1.4499567180737060e+01
1.3270242963269103e+01
1.2128773830238980e+01
1.1070544485215210e+01
1.0091012079108468e+01
9.1857361024071107e+00
8.3503910850809877e+00
7.5807695961459709e+00
6.8727936441303248e+00
6.2225306270562832e+00
5.6261992511036043e+00
5.0801601630537450e+00
4.5809279630901329e+00
4.1251807571746486e+00
3.7097571894334394e+00
3.3316601726574042e+00
2.9880522265530027e+00
2.6762532463605937e+00
2.3937424428844816e+00
2.1381510695914594e+00
1.9072593168869305e+00
1.6989947326242190e+00
1.5114195573313005e+00
1.3427269829463073e+00
1.1912411833149361e+00
1.0554079204964275e+00
9.3379368086129144e-01
8.2507982700101501e-01
7.2804493866461184e-01
6.4156041581546042e-01
5.6459241141962191e-01
4.9619375900901969e-01
4.3549498285972443e-01
3.8170097216048005e-01
3.3409537843860676e-01
2.9202962905852986e-01
2.5491616171541814e-01
2.2222260977112296e-01
1.9346037787359377e-01
1.6819224566735483e-01
1.4603277468675119e-01
1.2663225353941623e-01
1.0967840871055316e-01
9.4886874764017803e-02
8.1996613598239995e-02
7.0781858234703954e-02
6.1046698636448536e-02
5.2614096287433465e-02
4.5326815133978737e-02
3.9042936903271756e-02
3.3635362093943813e-02
2.8993530382756413e-02
2.5024080925743052e-02
2.1645277802910656e-02
1.8788862595595548e-02
1.6397324182288824e-02
1.4425625529874645e-02
1.2833002239477479e-02
1.1587623497304148e-02
1.0661016584750832e-02
1.0039985489803791e-02
9.7212489327692803e-03
9.7184708950400420e-03
