1.0102222388315171e-14
2.5220521533127778e-14
2.7305813322768948e-14
1.5919534544149319e-14
2.3627324084790852e-14
2.1368369953162969e-14
2.6726607864063563e-14
1.1523943507838233e-14
1.9068453942342338e-14
1.9855466394888755e-14
2.8352582125546001e-14
4.2017493959580967e-14
4.7289715338969114e-14
4.6774743805674034e-14
4.8653873555970937e-14
3.7104356136786347e-14
2.8337782163997923e-14
3.8705955636863283e-14
4.1439688801182411e-14
2.9976299512196044e-14
4.9353211869917678e-14
4.3285895537299510e-14
6.9156513290524227e-14
6.3033487992967981e-14
6.4312985786240049e-14
6.3387006647865351e-14
8.0124162600800958e-14
8.4805434778867687e-14
6.3315233190224374e-14
5.9135013779355633e-14
4.9168010107596732e-14
6.1702602216681780e-14
5.8335754655621946e-14
8.3543747896368766e-14
6.7691619454008654e-14
8.1216522932497306e-14
6.7511489169812746e-14
8.3224118732327953e-14
6.3658161361943545e-14
5.3546710974789566e-14
2.9160344028408876e-14
2.0549913344173918e-14
1.7325774489458781e-14
1.5708544704727546e-14
2.0773215573538681e-14
1.0039069348409517e-14
2.3765114712784032e-14
1.1165516811379438e-14
8.2908024437264110e-15
4.2735323045524913e-15
7.1302581018144820e-16
7.1343164064843635e-15
6.7526493758627510e-15
1.6800652649466320e-15
-5.5587587637458238e-15
-7.0141980897004141e-15
-7.3365318528641597e-15
-5.2622989411859283e-15
-4.6586338632317614e-16
-5.8217554913340168e-15
8.4200779841207054e-15
-2.1167972025517046e-14
7.3250454467528050e-15
1.5470645005381600e-14
8.5697536748993360e-15
2.1591747759061048e-15
1.8472667892652621e-14
4.6580150866614968e-14
5.5910469926281449e-14
4.5936563643043146e-14
5.2710723830475394e-14
5.5351145826194462e-14
5.0461582940576186e-14
5.1560609802279096e-14
5.6457153456724389e-14
5.4359011840028036e-14
6.9535630920786649e-14
2.9757271041548120e-14
5.9741206561158543e-14
6.0721789628322062e-14
4.3891808415769606e-14
3.4409889750792033e-14
4.6080518681632777e-14
4.6110463277068590e-14
4.7766946588343408e-14
1.8053433555105212e-14
4.8745429230717048e-14
1.5261438826644133e-14
3.5850533713624747e-14
3.3554983931315710e-14
5.4899643069424341e-14
2.4209140375383200e-14
4.1236055566574360e-14
-6.5731544820071413e-15
8.0888935816646422e-15
4.8472399124026781e-15
-4.9274577488541829e-16
-1.4837019009616899e-14
-3.3635032977207240e-14
-2.6691659711318319e-14
-2.2457549921327759e-14
-1.8260170997400614e-15
2.8816280258047848e-14
3.0177682177967795e-14
2.2622592564610674e-14
3.9279778721611617e-14
5.6239865513865642e-14
5.3846191628618804e-14
5.9618263500091485e-14
4.0419771280915517e-14
4.1048106916907482e-14
4.9246126055356037e-14
1.1228969897505908e-14
1.4258250557880869e-15
6.8079944084755756e-15
-2.7846484159702844e-14
-1.2146012567861929e-14
-3.8231300679259390e-14
-2.6492573252903783e-14
-3.0424990193180868e-14
-3.0642272310750767e-14
-4.1950459817920566e-14
-2.8789491803255225e-14
-2.4609700028183847e-14
-3.4499151741874103e-14
-4.5248711982752176e-14
-4.7723292136067889e-14
-3.9116160378722590e-14
-4.4666533601998513e-14
-5.6778908922788749e-14
-7.6503883347543215e-14
-8.7145411666867201e-14
-9.8039525898885312e-14
-9.5807521806634000e-14
-9.4705815492724223e-14
-1.2192220420934673e-13
-1.3800153654736511e-13
-1.4459198764048157e-13
-1.5719797632115576e-13
-1.9843539073126070e-13
-2.1726107023910298e-13
-2.4267329377685080e-13
-2.8758544010062104e-13
-3.3292781655406214e-13
-3.8994262765881885e-13
-4.2046281401972149e-13
-4.8187954322054776e-13
-5.2969802972254580e-13
-5.3787615593956112e-13
-5.8956827630665789e-13
-6.3015924407471613e-13
-6.5229769898179847e-13
-6.8595118199854231e-13
-7.3697783383288986e-13
-8.1290234105460384e-13
-8.5280955673667757e-13
-9.1704924263952051e-13
-9.7684415230121775e-13
-1.0729397684958327e-12
-1.1340543994528779e-12
-1.2626882162826007e-12
-1.3645815838763719e-12
-1.4824232668153416e-12
-1.6124720095206661e-12
-1.7728826644698502e-12
-1.8808064639948603e-12
-2.0379142411589577e-12
-2.1995638527714098e-12
-2.3820757218557236e-12
-2.5821302757203166e-12
-2.8412345388600568e-12
-3.0837408500061825e-12
-3.3889586766968251e-12
-3.7067866478993077e-12
-4.0928236476740695e-12
-4.4980797675629633e-12
-4.9828829001178203e-12
-5.4667049022615515e-12
-6.0078373215565901e-12
-6.5883718976750292e-12
-7.2142349178484223e-12
-7.8580693676870920e-12
-8.5496707028452665e-12
-9.3154577586914742e-12
-1.0138012651554237e-11
-1.0990915886093454e-11
-1.1951578839001185e-11
-1.2913674914162488e-11
-1.4002869329041885e-11
-1.5110048175231491e-11
-1.6325195807096139e-11
-1.7572971471250928e-11
-1.8945532661971534e-11
-2.0311230089424119e-11
-2.1762522306634935e-11
-2.3258428581023019e-11
-2.4798887812494042e-11
-2.6363068051941140e-11
-2.7987845876562699e-11
-2.9621382157655254e-11
-3.1315672519547765e-11
-3.3031644265725200e-11
-3.4782976393401975e-11
-3.6518631420235408e-11
-3.8301088589504527e-11
-4.0030188705916453e-11
-4.1826548898459797e-11
-4.3556830108623078e-11
-4.5284700842923672e-11
-4.7000193031299565e-11
-4.8654395993366831e-11
-5.0269289342845576e-11
-5.1803265048855409e-11
-5.3261155765284729e-11
-5.4637984418870986e-11
-5.5938162597502240e-11
-5.7191022758621163e-11
-5.8274403110051015e-11
-5.9292883769433570e-11
-6.0209762129039177e-11
-6.0997355812058976e-11
-6.1597363877195748e-11
-6.2122926265786699e-11
-6.2531827917352247e-11
-6.2829119678954829e-11
-6.2969373078869885e-11
-6.2983610415694397e-11
-6.2864067944326182e-11
-6.2626101161332479e-11
-6.2230617358323360e-11
-6.1670038428861096e-11
-6.1048345670029886e-11
-6.0297301107911062e-11
-5.9421931516192313e-11
-5.8429762771722124e-11
-5.7364506248009058e-11
-5.6167472564106662e-11
-5.4875176426247788e-11
-5.3508088950033283e-11
-5.2048037293236026e-11
-5.0475551015091167e-11
-4.8943583356216098e-11
-4.7313008694890619e-11
-4.5695365642039711e-11
-4.3996860514258096e-11
-4.2305186306892292e-11
-4.0608327966446995e-11
-3.8892613128131961e-11
-3.7199896246427447e-11
-3.5546484675823300e-11
-3.3865459916723073e-11
-3.2220465742316609e-11
-3.0568557788672064e-11
-2.8952863960385722e-11
-2.7347160670800140e-11
-2.5811271540038446e-11
-2.4264929748293067e-11
-2.2805697946508409e-11
-2.1367294087934693e-11
-2.0035515462625465e-11
-1.8737084859746104e-11
-1.7480896037824421e-11
-1.6296588738814878e-11
-1.5191838541680044e-11
-1.4101226425173570e-11
-1.3079092607265894e-11
-1.2108643374184639e-11
-1.1177798911011569e-11
-1.0312209806082240e-11
-9.5087994518954615e-12
-8.7330811542706722e-12
-8.0232101054574115e-12
-7.3004991702356737e-12
-6.6763163150291102e-12
-6.0612314252020296e-12
-5.5426387758794691e-12
-5.0492088278887540e-12
-4.5950042803608644e-12
-4.2147060792168053e-12
-3.8409720922777523e-12
-3.4990122951784185e-12
-3.2196078795779033e-12
-2.9205116984608865e-12
-2.6850429266651615e-12
-2.4292969219508378e-12
-2.2040800642981998e-12
-2.0053916288972456e-12
-1.8215114066809968e-12
-1.6256850149483244e-12
-1.4678107003941788e-12
-1.3358443884550646e-12
-1.2011755076558469e-12
-1.0769279503662895e-12
-9.6986741708216792e-13
-8.6216837609681849e-13
-7.6392921351873877e-13
-6.5170938914956859e-13
-5.8164580097033067e-13
-4.8592275145913911e-13
-4.2810450763324631e-13
-3.7293194454861912e-13
-3.0538715589194681e-13
-2.6066975309254533e-13
-2.1499970975056774e-13
-1.8840856508697809e-13
-1.4827662273163723e-13
-1.3233128926274972e-13
-1.2533264916706433e-13
-1.1091059816675850e-13
-9.6624936634193192e-14
-9.4505151737239667e-14
-8.1256314627364954e-14
-8.6459143210947213e-14
-9.4005435269174250e-14
-9.8644765924329569e-14
-1.1409515168678239e-13
-9.8886338987388530e-14
-8.1237582559286462e-14
-9.0153030541979258e-14
-8.1493349015679574e-14
-7.3931066219710653e-14
-6.6826450935899478e-14
-8.4155844073958722e-14
-6.1506311167052362e-14
-5.8632196586917607e-14
-4.8415016508110659e-14
-4.8241128509902622e-14
-3.1744091769794857e-14
-2.9993830315579209e-14
-4.9503555896012451e-14
-5.1309385482306504e-14
-5.3504738706946773e-14
-3.7824679172409912e-14
-1.0399014469949938e-14
6.7884367259017525e-15
7.7336902350203443e-15
3.1413848387769157e-14
4.8959881380594706e-14
3.3523365042999021e-14
4.7132629192249174e-14
4.8743549708425745e-14
1.0015364123788193e-13
7.6807496503537614e-14
9.7129983568995572e-14
1.0431326548688785e-13
1.1545962762088522e-13
8.2604995837392385e-14
1.1935192249327294e-13
1.0927272779649022e-13
1.4233786598936156e-13
1.4340828188296953e-13
1.4003477215890212e-13
1.7509285656419365e-13
1.7412015564123812e-13
1.5524928058615091e-13
1.4857981397085595e-13
1.5267854381883323e-13
1.5957308166246541e-13
1.2258391069292167e-13
9.6948108553012869e-14
7.5971174548356243e-14
3.8688043900210638e-14
1.5133025798869959e-14
-1.4026291289845011e-14
-2.1761740932039948e-14
-1.3864348439462163e-14
-1.3267550210463722e-14
-3.1945707256159767e-14
1.0929997760393385e-14
2.7988861050566384e-14
6.6044336206877361e-15
2.6136114703906700e-14
2.8046445655253576e-14
5.5850724077909802e-14
3.4039666025924288e-14
2.3628799210387024e-14
3.6627756282763611e-14
4.5566025064015795e-14
5.1551156484396699e-14
4.8925406441675787e-14
4.6036431735586147e-14
5.5490048415261274e-14
3.3412103617890399e-14
8.7835712166070136e-15
3.1800352795298137e-14
2.0336683871984914e-14
1.7227591269470383e-15
9.6930489349597407e-16
1.8442547988263905e-14
2.0575089168536134e-14
3.2285585864715029e-15
-8.4133443516709411e-15
-4.0476061560854567e-16
2.6949090032141475e-15
9.3544550746769925e-15
-6.0399067739695415e-15
-1.8837591177649153e-14
3.4088618607373996e-15
-1.5223928789188484e-14
2.2833005280811354e-15
9.0280125092241712e-15
1.2927590110571468e-14
1.1149591110352229e-14
2.1908058431898472e-14
2.3695124712295675e-14
2.1884858621292006e-14
1.2180088148862077e-14
1.2937583186670070e-15
1.6037483757134531e-14
2.3994863790562720e-14
1.8388282599982637e-14
1.8509195687885515e-14
3.2555986153383242e-14
3.2701896440530236e-14
3.5992370901095550e-14
1.7164869862502668e-14
1.8161844890191235e-14
-1.0287655475658749e-14
1.8373245318125049e-14
1.8348249072269256e-14
4.4626725665422460e-14
2.3433422030081108e-15
5.1157742155127217e-15
1.2793461697615936e-14
3.7411885649882303e-14
5.5383789472468044e-14
4.7736406356421642e-14
6.3681090362983294e-14
5.0913112325188056e-14
2.7268355385851972e-14
1.4172960026631690e-14
2.8256246258669569e-14
3.4185786492360275e-14
1.5005249778929728e-14
2.4653731026993294e-14
5.2501653325899186e-14
3.2498634924325015e-14
2.3295360581901626e-14
7.7452055585774932e-15
1.9351628261954445e-14
1.2545036764563775e-14
3.1745553818262032e-14
2.7577115113993912e-14
3.9749825312283793e-14
3.3628204038141576e-14
2.9676923502147009e-14
2.8213813874125493e-14
1.6442975034476511e-14
1.0188986294546335e-14
6.3453709356521993e-15
3.1669830113697397e-14
3.7818619735725632e-14
2.1361577548733779e-14
-1.2028653334552537e-14
-5.0439210527327348e-15
2.7845931802695616e-14
1.9978141783886971e-14
2.9639186803654195e-14
2.8402475803613993e-14
2.4034262923064102e-14
2.2282152930956197e-14
-1.0819585854646123e-16
1.5564993375475683e-14
1.5809371968084348e-14
3.2078985471839474e-15
1.0765206100884403e-14
1.6179992584132273e-14
4.3334641858918273e-14
-8.1347886436590608e-16
1.1751013943048026e-15
-1.4745553751716253e-16
6.1072649525240098e-15
3.4549770181659727e-15
-2.6179163416193122e-15
1.3339277591968352e-14
3.0079058011379232e-14
3.3236087981927950e-14
2.9309218618631857e-15
1.4749225932398124e-14
1.6718203397391315e-14
1.3342528201811069e-14
2.0064115739020625e-14
4.9944926038146880e-14
3.9160190782580529e-14
5.0830471914621262e-14
2.6295539351221881e-14
6.0071431949874534e-15
2.6285145119797055e-14
2.0016105032373407e-14
1.8171123662643870e-14
1.1617882536315207e-14
2.7313008418155511e-14
3.0435730693175611e-14
3.2579742532731301e-14
4.1637839794709865e-14
2.9046438171427260e-14
-2.4841833288343384e-15
1.3082934006656419e-14
1.0385724672813320e-14
2.7341843866891384e-14
1.3088520667441131e-14
-4.0866133254924265e-15
1.4504594529741348e-14
7.3228492631698470e-15
9.0898578633628881e-15
9.3490887218777012e-15
1.6764047035851528e-14
6.3547401327680620e-15
6.0577226461451496e-15
-3.4742167300814298e-15
-2.1421572962205877e-15
5.0024930244035044e-15
