-2.7021454263466707e-13
-8.9160125323861038e-13
4.3634765577062926e-13
-1.3407732977724669e-12
9.5035511890098478e-14
-9.2012208214246761e-13
-8.9959835734204823e-13
-5.9010183532201106e-13
2.1307922835421935e-13
-2.5987727095889069e-12
-7.0658888004466606e-13
5.5565720695478260e-13
-1.6969342291151950e-12
1.2220586059032402e-12
6.5358067146594456e-13
-4.3495486331738850e-13
-6.6878920580625513e-13
1.6230686610109688e-12
6.8124917474828242e-13
9.8954266033392961e-14
-3.0132847422656287e-13
1.2319520785870685e-12
-5.6212494545195254e-13
1.1626698345809237e-12
-6.8653285823602575e-13
-3.7656118515303929e-13
5.5520201454463230e-13
-1.5657045928692121e-12
9.7735966563713881e-13
3.1374645463278000e-12
2.9216123042312144e-12
3.8984974795144951e-12
7.6350528759250564e-12
1.4156081944724676e-11
2.0276638775332807e-11
3.4521912870840439e-11
5.4436366609717399e-11
8.2898022846508283e-11
1.2700882492482187e-10
1.9287837762737867e-10
2.8709798839826996e-10
4.2845995301569782e-10
6.3719216851198759e-10
9.3305356255678419e-10
1.3612952934948056e-09
1.9767016600035142e-09
2.8433656016949693e-09
4.0754259376009028e-09
5.8051907063185574e-09
8.2249829689016854e-09
1.1595776482680340e-08
1.6271382615761268e-08
2.2716840872475669e-08
3.1570630314790404e-08
4.3668312926203573e-08
6.0124959161573216e-08
8.2406872807892419e-08
1.1244633519049231e-07
1.5274542808440437e-07
2.0657071991247650e-07
2.7812416834060771e-07
3.7280225742286827e-07
4.9748330973631348e-07
6.6088683031608556e-07
8.7399501382735460e-07
1.1505238175241462e-06
1.5075227370087577e-06
1.9659648203578479e-06
2.5514475243074970e-06
3.2949476354584783e-06
4.2334850864583309e-06
5.4108161738320710e-06
6.8779387950211411e-06
8.6932599837595298e-06
1.0922327941441015e-05
1.3636804213680394e-05
1.6912263888269912e-05
2.0824421662525357e-05
2.5443073381177908e-05
3.0822900320066245e-05
3.6990038718303503e-05
4.3922984721350364e-05
5.1525996095383923e-05
5.9592745773725260e-05
6.7757352945937486e-05
7.5429239051524099e-05
8.1707443932700668e-05
8.5269186074532924e-05
8.4226140968808786e-05
7.5940798218827321e-05
5.6793740699210100e-05
2.1891032707044746e-05
-3.5300973985030531e-05
-1.2340802709546837e-04
-2.5370445490563079e-04
-4.4079298293966908e-04
-7.0342937018782797e-04
-1.0655161121530337e-03
-1.5572915353009096e-03
-2.2167430539011415e-03
-3.0912752077763847e-03
-4.2396644922593468e-03
-5.7343338396501258e-03
-7.6639792364259010e-03
-1.0136579686490373e-02
-1.3282818547458046e-02
-1.7259939309580929e-02
-2.2256051591933709e-02
-2.8494892830691156e-02
-3.6241037748086853e-02
-4.5805530406509497e-02
-5.7551892201143262e-02
-7.1902432847278083e-02
-8.9344760260468850e-02
-1.1043834829056255e-01
-1.3582097895555734e-01
-1.6621482764829562e-01
-2.0243190588925186e-01
-2.4537851711430952e-01
-2.9605831721143994e-01
-3.5557350395816939e-01
-4.2512358935626238e-01
-5.0600113815736991e-01
-5.9958378644173704e-01
-7.0732178837031046e-01
-8.3072028072807236e-01
-9.7131540674702321e-01
-1.1306434066114777e+00
-1.3102017670657042e+00
-1.5114015302196522e+00
-1.7355098977410390e+00
-1.9835823352360822e+00
-2.2563834877631646e+00
-2.5542963658269611e+00
-2.8772194549891768e+00
-3.2244516456716634e+00
-3.5945651739096474e+00
-3.9852671103164194e+00
-4.3932503324638743e+00
-4.8140353625910270e+00
-5.2418049434810658e+00
-5.6692337540766848e+00
-6.0873162227187061e+00
-6.4851959689060230e+00
-6.8500009792385077e+00
-7.1666891828393853e+00
-7.4179096173132644e+00
-7.5838848465895898e+00
-7.6423206842187126e+00
-7.5683495664050975e+00
-7.3345140835212117e+00
-6.9107971939113257e+00
-6.2647054867321987e+00
-5.3614115112240084e+00
-4.1639606313230813e+00
-2.6335470839824020e+00
-7.2986291009162874e-01
1.5884778132823216e+00
4.3634384751707058e+00
7.6369838783958830e+00
1.1450431207558559e+01
1.5843732614244541e+01
2.0854696157254761e+01
2.6518154048336886e+01
3.2865089383448392e+01
3.9921734724258300e+01
4.7708657968325731e+01
5.6239852838604563e+01
6.5521852962248488e+01
7.5552889823803937e+01
8.6322115801616988e+01
9.7808913965321452e+01
1.0998231627379420e+02
1.2280055122290571e+02
1.3621074082081392e+02
1.5014876500040404e+02
1.6453930921575352e+02
1.7929610803164030e+02
1.9432239404168007e+02
2.0951155749852828e+02
2.2474801768553220e+02
2.3990830239609221e+02
2.5486232702337955e+02
2.6947485982000711e+02
2.8360715499550867e+02
2.9711873061511943e+02
3.0986926388499904e+02
3.2172057249128397e+02
3.3253864733259081e+02
3.4219569936350149e+02
3.5057218145156764e+02
3.5755874522343572e+02
3.6305809289475735e+02
3.6698668507550155e+02
3.6927626752226416e+02
3.6987518274691649e+02
3.6874943623412798e+02
3.6588349168752831e+02
3.6128077510871009e+02
3.5496387348470290e+02
3.4697442026867810e+02
3.3737266652027688e+02
3.2623674335208835e+02
3.1366162802721806e+02
2.9975783249191176e+02
2.8464983913400300e+02
2.6847431397336464e+02
2.5137813217093233e+02
2.3351625456711551e+02
2.1504949683195574e+02
1.9614223466051058e+02
1.7696008923867663e+02
1.5766763693071690e+02
1.3842618582269631e+02
1.1939165944956376e+02
1.0071262481743160e+02
8.2528497812402009e+01
6.4967954387175666e+01
4.8147570679273848e+01
3.2170709592059069e+01
1.7126665521330700e+01
3.0900729964958553e+00
-9.8794208175677181e+00
-2.1737225395536655e+01
-3.2453628750443542e+01
-4.2013387519080453e+01
-5.0415104919737665e+01
-5.7670419719931097e+01
-6.3803032076996260e+01
-6.8847594081623384e+01
-7.2848494034624920e+01
-7.5858563933677530e+01
-7.7937739373954258e+01
-7.9151700126176891e+01
-7.9570518115373588e+01
-7.9267337464033247e+01
-7.8317108773147382e+01
-7.6795396989398199e+01
-7.4777279143946004e+01
-7.2336345045092528e+01
-6.9543810756666772e+01
-6.6467751484252119e+01
-6.3172457401044099e+01
-5.9717913043551825e+01
-5.6159398252243783e+01
-5.2547206269980038e+01
-4.8926472574392470e+01
-4.5337106331513183e+01
-4.1813815025679837e+01
-3.8386211844400350e+01
-3.5078994764671357e+01
-3.1912185980425800e+01
-2.8901420301755000e+01
-2.6058271414004409e+01
-2.3390605372394734e+01
-2.0902951386896614e+01
-1.8596880783441890e+01
-1.6471385972071396e+01
-1.4523252272287476e+01
-1.2747416505937720e+01
-1.1137307335514812e+01
-9.6851633736867999e+00
-8.3823260924547895e+00
-7.2195054992253773e+00
-6.1870174057496241e+00
-5.2749918836258285e+00
-4.4735531697230799e+00
-3.7729718529769110e+00
-3.1637906401789571e+00
-2.6369253658909448e+00
-2.1837431850074314e+00
-1.7961200729656899e+00
-1.4664798665011891e+00
-1.1878171164755471e+00
-9.5370600312467579e-01
-7.5829749363347954e-01
-5.9630681127457630e-01
-4.6299314430726057e-01
-3.5413335982719524e-01
-2.6599131060367792e-01
-1.9528413879824269e-01
-1.3914679492716803e-01
-9.5095809044678972e-02
-6.0993177200755838e-02
-3.5011063564340479e-02
-1.5597868970916006e-02
-1.4460817110634645e-03
8.5377931481778174e-03
1.5261033371153331e-02
1.9470123952240664e-02
2.1773775920975975e-02
2.2663568753556157e-02
2.2532292991146244e-02
2.1690105202870676e-02
2.0378633141518953e-02
1.8783186024896592e-02
1.7043234417410943e-02
1.5261327798319393e-02
1.3510616495034565e-02
1.1841139682770962e-02
1.0285032836469169e-02
8.8607982327297240e-03
7.5767705831731504e-03
6.4338977950037400e-03
5.4279445670371417e-03
4.5512143112647167e-03
3.7938731946892653e-03
3.1449489329913719e-03
2.5930668546732404e-03
2.1269761798406871e-03
1.7359111993396012e-03
1.4098244208451097e-03
1.1395222766650197e-03
9.1672813735375728e-04
7.3409268751360853e-04
5.8516741736943951e-04
4.6435357057351306e-04
3.6683602322464865e-04
2.8850924409949105e-04
2.2590050559924245e-04
1.7609405651664055e-04
1.3665885680615522e-04
1.0558132390874803e-04
8.1204156591184183e-05
6.2171527450937295e-05
4.7380698635210478e-05
3.5939850821145026e-05
2.7131722275075224e-05
2.0382542178027974e-05
1.5235744574947177e-05
1.1329947071973567e-05
8.3805714707855654e-06
6.1646514796537962e-06
4.5084133997998777e-06
3.2771024977181628e-06
2.3667458925607089e-06
1.6975415283907290e-06
1.2085651514389671e-06
8.5352716385593095e-07
5.9746902212870122e-07
4.1411545795841761e-07
2.8383168244209136e-07
1.9203282689536704e-07
1.2795606766160774e-07
8.3689155908950191e-08
5.3467777753462830e-08
3.3120915904303471e-08
1.9645065604154494e-08
1.0897072383428710e-08
5.3655339991097818e-09
1.9853311940765185e-09
2.0099956717368674e-11
-1.0299156829622861e-09
-1.5104627577232543e-09
-1.6502014220775862e-09
-1.5952745498583240e-09
-1.4380034697727685e-09
-1.2453656181121873e-09
-1.0449576390272818e-09
-8.5263644263364394e-10
-6.8522730770220830e-10
-5.4258900771458932e-10
-4.1897781370604377e-10
-3.2610117979343871e-10
-2.4934047330111768e-10
-1.8688233682459868e-10
-1.4290728076370454e-10
-1.0618323464292810e-10
-7.7368234146381437e-11
-5.4940592168670676e-11
-4.3193216045397155e-11
-2.7321605844779424e-11
-2.1488536726303584e-11
-1.6577790857295147e-11
-1.0197578245949924e-11
-8.5074666914014765e-12
-7.3966164052167906e-12
-5.7350142800032692e-12
-1.8185748106230508e-12
-2.1800876695516797e-12
-2.1529002533431571e-12
-3.5724624030713158e-13
-1.6032400732588573e-12
-2.0857372867123948e-12
-1.9239525809204697e-12
-1.6979689414976434e-12
-1.2464943557935247e-12
4.8098198181398437e-13
2.7854556872710998e-13
-4.4184213728703006e-13
2.6814456214902270e-12
-4.2617050296558621e-13
-1.3407863138936898e-12
1.5946487519895024e-12
-3.7884682761307681e-13
-4.8704698379331967e-13
1.3214687183250558e-12
-1.6426558149793497e-12
6.0486949553580907e-13
1.0027271612349834e-12
1.9096747853095940e-12
-5.1411442299478934e-13
1.8547938945613814e-12
1.1601991684899385e-12
-1.0341094743610107e-12
-2.2989061661211253e-13
1.6346327117718426e-12
-1.7385606135608716e-12
1.3450765247807087e-12
8.8687573775028607e-13
-1.0321841408044140e-12
5.0107508375858981e-13
2.0441668119779904e-12
-3.9289875712822969e-13
1.8729623119618732e-12
1.8301809533511719e-12
8.9501542724259846e-13
-4.4671202630427887e-13
1.5452428709636551e-12
-8.9990841972604803e-13
-1.7280248835996333e-12
1.5645069908390566e-12
1.0991244382757191e-12
-1.1889484362920641e-12
3.2306409466893160e-12
-3.2156954453381790e-13
-6.5406865853595764e-13
1.6069708645978670e-12
1.4227650318641733e-12
4.0261683358318125e-13
1.9415659340255602e-12
-3.3673446733907860e-13
-6.1834367542015299e-13
-2.2384921042940324e-12
2.6093970447753739e-12
-1.9420792593307562e-12
-1.1594221040298550e-12
1.0368523696284926e-12
-2.9341466701697067e-13
-1.7537741523509568e-12
2.5653860075350321e-12
-1.1031703258048420e-13
4.9555625504103674e-14
8.1132346019046831e-13
-7.0984002836594831e-13
8.8654024479550088e-13
5.4709998386566601e-13
1.5974728187488267e-12
7.7567170910608647e-13
6.3120306914069686e-13
5.1749602815758043e-13
-8.9300898995032654e-13
-4.1348122363854727e-13
1.0018635923122817e-12
3.0813939436673180e-12
-9.0839330973954857e-13
4.2697087461106461e-13
-1.6324116803651955e-12
-2.5143078292900785e-12
1.5391259387530542e-12
7.8468703461544931e-13
2.0943670146605691e-12
-8.6840676482563211e-13
1.6642449680377319e-12
-3.9084802432393834e-12
1.5808367490147737e-12
7.5759385028738620e-13
-1.0934733983772584e-12
-1.7708718387844020e-12
1.9783528952892298e-12
-1.0474719497144181e-13
7.1000040737284319e-13
-1.1777255752190088e-13
-1.4533110844335116e-12
-3.0258924227711378e-13
1.2458643538914342e-12
-6.0209403978243781e-14
-1.2688189479401832e-12
1.0851303461921183e-12
1.3337505954203202e-12
-5.5688872544398155e-13
9.7691419832685467e-13
4.1300086518699499e-13
5.7355281924133107e-13
-4.7034428058357388e-13
5.3892904121419055e-13
-3.3660120609975974e-12
5.0327181667716321e-13
1.5402785115976563e-12
-4.4236180827381801e-13
-1.3798855969946571e-13
6.2451218109269107e-13
-1.1766709586400425e-12
1.7635331035712138e-12
1.1764716454319337e-12
-1.9358666991909168e-12
-1.1167998078903960e-12
-4.1562264363706921e-13
1.2294403359775236e-12
-2.0349261204482176e-12
1.5343771341808580e-12
-4.7501322098791105e-13
5.1870028057296111e-13
1.1914172651903559e-12
5.5463733106118504e-13
-1.5007251444185136e-12
1.7014584027862636e-12
3.1873411736686531e-13
1.4339361722094331e-13
1.2830811915928692e-13
1.5741938711487438e-12
-4.8542396081814606e-13
