8.1913844347698616e-13
2.4549214329559158e-12
4.5173475068286254e-13
-4.6803026098149827e-13
1.0036818217941780e-12
-4.1362210206616753e-13
-3.7485235538998385e-13
-2.5818123813984680e-13
9.3597304274461088e-13
-4.6953659464336535e-13
-2.7142856803084695e-13
-6.9967514417059734e-13
-1.5377658736080819e-12
-7.3786178453891219e-13
-1.7678666363309059e-12
-1.7575569198405440e-12
-6.7363366225086144e-13
-9.1678840321793944e-13
3.2186573863384852e-14
-1.5862494481812714e-14
2.2878184843841861e-12
-7.9808789894848177e-13
4.4649070608149916e-13
1.1345024086499695e-12
-1.1365420288314070e-12
-3.7007668694432777e-13
7.1808725035155848e-13
1.2166985263155233e-12
-1.1903361021813293e-12
-5.7642763776356845e-13
3.5257536238865797e-13
-1.4787085603546502e-12
1.8604285543264417e-13
-3.7180298985737498e-13
-1.8723794628192124e-12
-8.1504255084860339e-13
9.6860897878391092e-13
-1.7851667793117562e-12
1.6429769219255498e-12
-1.9518112392450415e-13
-3.8915178364784003e-14
5.0048824397091752e-13
1.0977136215295684e-12
-1.7654370221496068e-12
1.9558113895115665e-13
2.5613362532508078e-13
1.7278075881597146e-12
1.4189211114872563e-12
1.8134131249507091e-12
1.1378777891782945e-12
-8.7893953049407104e-13
1.9479566118754572e-13
-2.8249252446746551e-12
-7.8504079717887131e-12
-9.4310401690581244e-12
-1.8901282155994189e-11
-2.9788181957562641e-11
-4.5845248642128198e-11
-7.1984504316564717e-11
-1.1312948800399337e-10
-1.6877390574645505e-10
-2.5604844896108672e-10
-3.7706766729673709e-10
-5.5592836598242413e-10
-8.1012993734590458e-10
-1.1761334778695444e-09
-1.6871718242103149e-09
-2.4074947970633428e-09
-3.4102778693809026e-09
-4.7964528047041703e-09
-6.6976146031898800e-09
-9.2945241518650751e-09
-1.2810188609255608e-08
-1.7542157522178229e-08
-2.3864088382041541e-08
-3.2244066572926953e-08
-4.3267875561978518e-08
-5.7662283965219710e-08
-7.6288829778264795e-08
-1.0017851902987144e-07
-1.3052389146583317e-07
-1.6865400878547980e-07
-2.1598517075667554e-07
-2.7395433966218283e-07
-3.4382431093936916e-07
-4.2645237136455724e-07
-5.2187999863327731e-07
-6.2876185862665492e-07
-7.4348823110401198e-07
-8.5899424104217411e-07
-9.6303452588014909e-07
-1.0358476560391509e-06
-1.0469632930157580e-06
-9.5090111436301946e-07
-6.8145289366417713e-07
-1.4416757029762337e-07
7.9347676603167946e-07
2.3147395843755715e-06
4.6698500471550542e-06
8.1965938441035054e-06
1.3346219880368328e-05
2.0715694981054162e-05
3.1087588445482942e-05
4.5478865370681262e-05
6.5200056948836000e-05
9.1926273941101967e-05
1.2778161597872068e-04
1.7543826928999475e-04
2.3823155867217652e-04
3.2029165415193217e-04
4.2669208112727357e-04
5.6361425500326085e-04
7.3852594195563629e-04
9.6036981829063445e-04
1.2397560101598357e-03
1.5891495231982892e-03
2.0230397420987088e-03
2.5580745708238574e-03
3.2131361680917017e-03
4.0093284372236318e-03
4.9698384399171815e-03
6.1196247101807794e-03
7.4848746743639656e-03
9.0921614662888665e-03
1.0967217152011235e-02
1.3133224976424104e-02
1.5608517906623461e-02
1.8403555041715588e-02
2.1517031517750782e-02
2.4930962557908446e-02
2.8604568630901904e-02
3.2466777709152524e-02
3.6407153518137531e-02
4.0265056915028956e-02
4.3816852749713045e-02
4.6760988825913473e-02
4.8700798779433063e-02
4.9124919012681047e-02
4.7385263563305031e-02
4.2672572092276526e-02
3.3989637124731166e-02
2.0122428880778982e-02
-3.9052863595872260e-04
-2.9290018062381441e-02
-6.8628530992626460e-02
-1.2080231230465209e-01
-1.8858192112303143e-01
-2.7513993963679273e-01
-3.8407420593716768e-01
-5.1942468556151833e-01
-6.8568183814414463e-01
-8.8778408970967992e-01
-1.1311018003609450e+00
-1.4214049350746842e+00
-1.7648115169975780e+00
-2.1677138851127919e+00
-2.6366798083735818e+00
-3.1783256441885057e+00
-3.7991589875014946e+00
-4.5053886541317576e+00
-5.3027003915901316e+00
-6.1959974240604954e+00
-7.1891058216347821e+00
-8.2844457391202564e+00
-9.4826707920502322e+00
-1.0782279215307000e+01
-1.2179201963007685e+01
-1.3666374529019654e+01
-1.5233300958232260e+01
-1.6865620233311340e+01
-1.8544686905345593e+01
-2.0247179426590620e+01
-2.1944751070215339e+01
-2.3603739510612520e+01
-2.5184952011610783e+01
-2.6643543650523277e+01
-2.7929006018793018e+01
-2.8985283315868262e+01
-2.9751031632421167e+01
-3.0160035455722589e+01
-3.0141792994683410e+01
-2.9622278805123386e+01
-2.8524888411195505e+01
-2.6771565206145802e+01
-2.4284104941225468e+01
-2.0985627670564714e+01
-1.6802201234911443e+01
-1.1664594387073290e+01
-5.5101316598396295e+00
1.7153837546724151e+00
1.0055718299250152e+01
1.9542271565180449e+01
3.0192203121468406e+01
4.2006673786280153e+01
5.4969254282923131e+01
6.9044554653271746e+01
8.4177126709067451e+01
1.0029068908925687e+02
1.1728772010939888e+02
1.3504945754181290e+02
1.5343633681352807e+02
1.7228888997491165e+02
1.9142911735537783e+02
2.1066233232236101e+02
2.2977946728562856e+02
2.4855981637661807e+02
2.6677417745296435e+02
2.8418834362703035e+02
3.0056688280061138e+02
3.1567713310973022e+02
3.2929333312943402e+02
3.4120079851167020e+02
3.5120005173617920e+02
3.5911080909049917e+02
3.6477572903552880e+02
3.6806382885139237e+02
3.6887348190193302e+02
3.6713491592222096e+02
3.6281214324933171e+02
3.5590426662408652e+02
3.4644611875255310e+02
3.3450820982467405e+02
3.2019597418166410e+02
3.0364832480144412e+02
2.8503554170771730e+02
2.6455653727376364e+02
2.4243555717149511e+02
2.1891838992721011e+02
1.9426817025520504e+02
1.6876087118111306e+02
1.4268058714976908e+02
1.1631471463574576e+02
8.9949138132642190e+01
6.3863527780570926e+01
3.8326850388585349e+01
1.3593188400922118e+01
-1.0102048291570680e+01
-3.2545444540615669e+01
-5.3548376422761152e+01
-7.2949237007991840e+01
-9.0615061888546037e+01
-1.0644254071742567e+02
-1.2035841659730417e+02
-1.3231929011096452e+02
-1.4231085867486607e+02
-1.5034663435988432e+02
-1.5646619405044396e+02
-1.6073302456813619e+02
-1.6323203200516548e+02
-1.6406678891034659e+02
-1.6335659513524624e+02
-1.6123342814160915e+02
-1.5783885652118252e+02
-1.5332098657006875e+02
-1.4783150622583710e+02
-1.4152288378603870e+02
-1.3454577087757647e+02
-1.2704665044622404e+02
-1.1916576139509390e+02
-1.1103532222206762e+02
-1.0277806687231863e+02
-9.4506097289405503e+01
-8.6320049039878612e+01
-7.8308559086558972e+01
-7.0548018437189569e+01
-6.3102587098496251e+01
-5.6024444578388326e+01
-4.9354246118139230e+01
-4.3121752881767776e+01
-3.7346603428198129e+01
-3.2039193861755564e+01
-2.7201634994143173e+01
-2.2828756536306557e+01
-1.8909130639857082e+01
-1.5426089888914552e+01
-1.2358717968286287e+01
-9.6827945707448109e+00
-7.3716795324950439e+00
-5.3971245900222140e+00
-3.7300044369467158e+00
-2.3409618445544496e+00
-1.2009644302039852e+00
-2.8177316547788744e-01
4.4367512096171258e-01
1.0009671888194245e+00
1.4139892851878733e+00
1.7047729198341193e+00
1.8934031931888635e+00
1.9979819164052279e+00
2.0346376025107018e+00
2.0175744869765979e+00
1.9591530161385931e+00
1.8699946837764980e+00
1.7591046609119418e+00
1.6340063155650151e+00
1.5008824243359291e+00
1.3647186066865773e+00
1.2294452399472586e+00
1.0980748173639279e+00
9.7283237577549453e-01
8.5527723095425967e-01
7.4641480849582964e-01
6.4679784095896298e-01
5.5661661541692886e-01
4.7577830002743976e-01
4.0397565643267735e-01
3.4074566042562693e-01
2.8551871228328096e-01
2.3765922637591919e-01
1.9649845380275319e-01
1.6136041877693336e-01
1.3158184579349663e-01
1.0652692676376288e-01
8.5597730846165787e-02
6.8241000337197613e-02
5.3952007765431111e-02
4.2276076688145529e-02
3.2808294514263162e-02
2.5191872732295683e-02
1.9115540149186046e-02
1.4310289705660492e-02
1.0545739950556857e-02
7.6263189972975640e-03
5.3874320394919368e-03
3.6917331699112279e-03
2.4255880344085292e-03
1.4957855652759783e-03
8.2653395011396933e-04
3.5675770692738417e-04
3.7698664809643578e-05
-1.6918694225787789e-04
-2.9405054659179328e-04
-3.6021269613057370e-04
-3.8548720740738576e-04
-3.8329260973506141e-04
-3.6357576574555690e-04
-3.3357170009525283e-04
-2.9842248104613273e-04
-2.6167608753992233e-04
-2.2568434109060590e-04
-1.9191674493802187e-04
-1.6120518251047620e-04
-1.3393217304095387e-04
-1.1017378247191390e-04
-8.9806292132903141e-05
-7.2584450202278487e-05
-5.8197541848939813e-05
-4.6308513286897887e-05
-3.6580267305329915e-05
-2.8692438748232541e-05
-2.2351255014385649e-05
-1.7294477072242504e-05
-1.3292946976231827e-05
-1.0149906356040717e-05
-7.6989357086894184e-06
-5.8010956535790669e-06
-4.3417505401704029e-06
-3.2273033000809206e-06
-2.3820903584121866e-06
-1.7454894227583903e-06
-1.2693619649663576e-06
-9.1579095392572780e-07
-6.5514523234086909e-07
-4.6445561377828239e-07
-3.2604173076545240e-07
-2.2640602818210924e-07
-1.5531862788020788e-07
-1.0508003604839027e-07
-6.9939897790309718e-08
-4.5646845232352200e-08
-2.9067538356517399e-08
-1.7919133169735916e-08
-1.0555101554782969e-08
-5.7971745910475276e-09
-2.8062944059986261e-09
-9.9386737372936992e-10
4.2933032540125255e-11
5.8921988635527398e-10
8.2920609485444315e-10
8.8629555191780301e-10
8.4300298809090113e-10
7.5397624078729481e-10
6.4144103828353797e-10
5.3133887738212393e-10
4.2911774024656990e-10
3.3869524308909511e-10
2.6395584123164067e-10
2.0360086705649568e-10
1.5500903353132708e-10
1.1627602613199698e-10
8.6562951831635756e-11
6.3284032968129747e-11
4.4636939362332371e-11
3.4851764968376794e-11
2.5082881321466256e-11
1.7445946385433561e-11
1.3413704475842985e-11
8.8543481386460461e-12
5.6478455059475456e-12
5.5600548518634205e-12
2.5318169145208808e-12
1.0439664692972513e-12
3.5114010335614823e-13
8.8382124923200761e-13
-8.3337804237759873e-13
1.6196830573401703e-12
4.3671394982344846e-13
-8.4847431970856449e-13
3.6244649630233119e-13
3.1509706018642860e-13
-1.9819318155860732e-12
5.9496168100459644e-13
1.6299805157272700e-12
-1.7160243025936719e-12
-8.8510579467785537e-13
1.7460842153637889e-12
-1.0194108051004539e-13
-1.5799608096585346e-12
-9.7732791409646115e-14
-1.5576448143858142e-13
-2.7126047968005661e-13
-5.9235108094221370e-13
-7.3304336921977803e-14
-5.0281198775264881e-14
-9.5884962405925622e-13
5.1004649159275994e-13
-3.2850252234989760e-12
-8.5173916469628884e-14
-4.2812911347198797e-14
-8.2909046411923353e-13
-9.8238132235764187e-13
1.3963543142321217e-12
-4.1618274104362213e-14
1.0377602519281269e-12
-3.0304506997649941e-13
1.0462135053413890e-13
8.1028393604889398e-13
1.3079451372692517e-12
-1.3138664997374662e-12
-3.6157451993936175e-13
1.6915003093140850e-13
9.5576905224564242e-13
-1.3393137232443748e-12
1.5159421848783172e-12
6.7132612323181835e-13
5.0899603024307167e-13
-1.3137827208564908e-12
2.1550286022617632e-13
-1.0812146585227440e-12
-4.2596625122498583e-13
-7.5565771709882858e-13
-1.4056267814676332e-12
-1.0655414577966865e-12
2.5473185930840767e-12
1.3650494233614641e-14
-6.6742878806420657e-13
5.4561110568288274e-13
4.9985905547265330e-13
-3.2703783358151579e-13
8.4721027565252791e-13
-1.0207735836270389e-12
5.3072209035299357e-13
2.1734517227412140e-13
3.2337266893782951e-13
-5.7902323798585556e-13
-1.5471529718960664e-12
1.7086687432842357e-13
-2.3637544310670354e-12
2.3567794628223365e-13
1.7524735183128457e-13
-5.2102654345205895e-13
9.1053015371727096e-13
1.4562651587598716e-12
-9.7658840007571355e-13
-1.5807635307186284e-12
9.2949315891126613e-13
-7.0827399824831455e-13
-1.5501724740771817e-12
1.6741621669810814e-12
5.3194521450056270e-13
-8.9216574202523703e-13
1.2966010910384119e-12
2.7014120104395008e-13
-1.3444599934199748e-12
5.3997282873859099e-13
-4.7643379418862291e-13
-5.4605240678370543e-13
1.7402721221202953e-12
4.0734971668576045e-13
-8.8195493834216901e-14
2.3016558590524434e-13
1.6834021309169416e-12
-3.2457217131422167e-13
-7.1098817279524362e-13
2.0078654676940638e-13
1.1728053021381616e-12
-1.0634545283240653e-12
-7.3378038902316104e-14
1.3630352565527694e-13
-1.9736368330748437e-12
3.8005765444489602e-13
5.7229105966973841e-13
-2.2890546514145375e-13
1.7420165143932455e-12
3.5195304846253254e-13
-7.4043389743946871e-13
-1.2786194344685649e-13
3.2564937885217196e-13
-1.0205695413619270e-12
-1.1935441762672675e-12
1.2734876219087854e-12
-3.5362434462774551e-13
