-1.0141775122726936e-12
7.1938796812564632e-13
-4.0929862373410180e-13
-1.1211810572665564e-12
-9.5512915562089533e-13
-5.7750728693118416e-13
-2.1062714575697419e-12
-7.5747299077995431e-13
-1.3567040524178669e-13
-2.8450245043381448e-13
9.5560384076765067e-13
5.1855550268134997e-13
-2.4534212637239545e-12
1.5408033523402147e-12
1.5694830099644344e-12
-9.1095168195821547e-13
-1.7592238109398359e-13
-1.6640615839586510e-12
1.4706794013789949e-12
-1.5231508553246383e-12
2.2963655484969891e-12
-1.4643791009634121e-12
4.4105768077039111e-13
8.3362624584753879e-13
3.2356966276762959e-13
-2.3640122859073161e-12
-7.6664939433240101e-13
1.2404372272727039e-12
-1.9873320930198778e-12
-2.1740082639330777e-13
4.9719920388928438e-13
-6.0140270671639869e-13
1.1519812634987498e-13
4.7222818857614760e-13
-1.1429313660413594e-12
-2.5464168372673993e-13
3.0808732304435001e-12
-1.8019184602861825e-12
9.6703704134571715e-13
1.7997409149374348e-12
3.2110699991994313e-13
2.6606609328812960e-13
1.5246962078726511e-12
-1.1606570036196845e-12
-3.6513107978072033e-13
2.2394286242075372e-13
7.2490905832994418e-13
5.3777160974149803e-14
2.2058541198295257e-12
9.9469309083176702e-13
-6.9458313331648836e-13
1.6758131772631340e-12
1.9744890996133556e-12
-4.5375681517217759e-13
1.3406463684883931e-12
1.6641224975909312e-12
-9.9066145198851349e-13
2.8244068672399987e-13
4.1927093016909695e-13
-1.6676465931810067e-12
1.4454978014272299e-12
-2.7146233681323321e-12
-1.3447028618811471e-12
8.3487695338912763e-13
2.4091949695512759e-12
-1.7823597381627477e-12
1.4634708756303663e-12
1.4685890422891487e-12
9.4931926078504438e-13
-2.9085094692905799e-12
1.7299788089250049e-12
-7.3306383125245539e-13
8.4136928631535606e-13
-2.8195950780791255e-13
2.9469212097819681e-13
2.9584115188843798e-13
3.1096576498856231e-12
-6.4815345028212503e-13
-1.8379065533856501e-12
1.4465336220171588e-12
4.4696924011712810e-13
-1.1159437176782388e-12
-1.9226852488796144e-12
-3.5903980201440098e-12
-6.8630855525682612e-12
-6.8691165647410800e-12
-8.4613789061657189e-12
-1.5794251200545990e-11
-2.1006022617532479e-11
-3.4960884655211160e-11
-5.4054878354264985e-11
-7.9796057084075042e-11
-1.1917963527991611e-10
-1.8078270791798301e-10
-2.6639283625312198e-10
-3.9223708024039213e-10
-5.7290668606032256e-10
-8.3794986453771637e-10
-1.2167032780389511e-09
-1.7576874072039699e-09
-2.5277524301135958e-09
-3.6232256544636903e-09
-5.1738011955945089e-09
-7.3605653255040678e-09
-1.0432967043292697e-08
-1.4739980492463594e-08
-2.0753350677676478e-08
-2.9116809654389164e-08
-4.0725059564085487e-08
-5.6775405332069431e-08
-7.8900654934238035e-08
-1.0930836912257937e-07
-1.5097994946822686e-07
-2.0790645159080710e-07
-2.8545447503195494e-07
-3.9077510317142394e-07
-5.3340904806852375e-07
-7.2602046535763958e-07
-9.8538230359644862e-07
-1.3336394552739863e-06
-1.7999537713431492e-06
-2.4226065689261577e-06
-3.2517138925472359e-06
-4.3526927939361741e-06
-5.8106942473904255e-06
-7.7362269106940157e-06
-1.0272321323762349e-05
-1.3603556787425644e-05
-1.7967469192088047e-05
-2.3668854083200472e-05
-3.1097734357345181e-05
-4.0751736135931824e-05
-5.3264018216801830e-05
-6.9437848387083709e-05
-9.0289456439270795e-05
-1.1710079191943945e-04
-1.5148445104432059e-04
-1.9546309730492526e-04
-2.5156654379670731e-04
-3.2294982469847872e-04
-4.1353638732113154e-04
-5.2819121822330782e-04
-6.7292932644145618e-04
-8.5516604281429354e-04
-1.0840164217871410e-03
-1.3706520815067260e-03
-1.7287250382747089e-03
-2.1748692083791827e-03
-2.7292916798985485e-03
-3.4164670698193767e-03
-4.2659499484979675e-03
-5.3133215740104730e-03
-6.6012887537609541e-03
-8.1809540257093364e-03
-1.0113277725758285e-02
-1.2470753620733547e-02
-1.5339320759954164e-02
-1.8820534866660837e-02
-2.3034022712979406e-02
-2.8120242728697682e-02
-3.4243574074207132e-02
-4.1595754598150993e-02
-5.0399685621190675e-02
-6.0913617453802256e-02
-7.3435724654479381e-02
-8.8309073513849881e-02
-1.0592697613072045e-01
-1.2673871554375227e-01
-1.5125561461684364e-01
-1.8005740745303495e-01
-2.1379885608456245e-01
-2.5321653684467516e-01
-2.9913570036696191e-01
-3.5247708622674501e-01
-4.1426354846756086e-01
-4.8562632137660239e-01
-5.6781072636036201e-01
-6.6218109110800871e-01
-7.7022462174670558e-01
-8.9355393802464644e-01
-1.0339079516427316e+00
-1.1931507393947280e+00
-1.3732680367354428e+00
-1.5763609551953766e+00
-1.8046365096200558e+00
-2.0603945300515223e+00
-2.3460105295414659e+00
-2.6639141049754302e+00
-3.0165624639555815e+00
-3.4064086993070846e+00
-3.8358644743292847e+00
-4.3072568382309591e+00
-4.8227789632163525e+00
-5.3844346831580481e+00
-5.9939768191544101e+00
-6.6528393997342192e+00
-7.3620640226259280e+00
-8.1222207599033833e+00
-8.9333241777646712e+00
-9.7947452240153972e+00
-1.0705119928042070e+01
-1.1662256056201938e+01
-1.2663039066597952e+01
-1.3703338906373098e+01
-1.4777919386815865e+01
-1.5880352051788464e+01
-1.7002936616340897e+01
-1.8136630189684602e+01
-1.9270987602918364e+01
-2.0394115230970055e+01
-2.1492640723934553e+01
-2.2551701040022859e+01
-2.3554951094903647e+01
-2.4484595206807832e+01
-2.5321443319783850e+01
-2.6044993727087899e+01
-2.6633543692294992e+01
-2.7064328978574782e+01
-2.7313692849427607e+01
-2.7357284601487606e+01
-2.7170287138651055e+01
-2.6727672504831425e+01
-2.6004483670320447e+01
-2.4976140226016909e+01
-2.3618764993848998e+01
-2.1909527925081679e+01
-1.9827003046635660e+01
-1.7351533644838725e+01
-1.4465600362634772e+01
-1.1154186446108930e+01
-7.4051340248049504e+00
-3.2094850614042185e+00
1.4381995272027912e+00
6.5395490832035774e+00
1.2092127135921837e+01
1.8089216160953502e+01
2.4519648882308960e+01
3.1367691286626240e+01
3.8612981841943956e+01
4.6230530612153480e+01
5.4190781044484446e+01
6.2459736196534372e+01
7.0999150080335809e+01
7.9766783655178457e+01
8.8716723821763210e+01
9.7799762583408267e+01
1.0696383237142607e+02
1.1615449240854771e+02
1.2531545993247492e+02
1.3438917914680593e+02
1.4331741993243315e+02
1.5204189765981829e+02
1.6050490490997421e+02
1.6864994555378965e+02
1.7642236146595496e+02
1.8376994216773778e+02
1.9064350790353166e+02
1.9699745705623661e+02
2.0279026938904235e+02
2.0798495735321174e+02
2.1254945860718544e+02
2.1645696393171011e+02
2.1968617587548860e+02
2.2222149470035907e+02
2.2405312948674614e+02
2.2517713358030622e+02
2.2559536488030309e+02
2.2531537276046402e+02
2.2435021464672604e+02
2.2271820642719084e+02
2.2044261191505186e+02
2.1755127750462782e+02
2.1407621893777278e+02
2.1005316771909810e+02
2.0552108517604722e+02
2.0052165244792144e+02
1.9509874480704781e+02
1.8929789866825496e+02
1.8316577943734632e+02
1.7674965799579755e+02
1.7009690313161218e+02
1.6325449662098086e+02
1.5626857696110270e+02
1.4918401697032135e+02
1.4204403962907836e+02
1.3488987565415013e+02
1.2776046540113232e+02
1.2069220679474390e+02
1.1371875011329068e+02
1.0687083961868518e+02
1.0017620124258058e+02
9.3659474824693788e+01
8.7342188762589757e+01
8.1242774380113957e+01
7.5376616860692238e+01
6.9756139223942455e+01
6.4390915550875775e+01
5.9287809482022645e+01
5.4451133920985420e+01
4.9882827867638525e+01
4.5582646373444433e+01
4.1548359748342946e+01
3.7775958345574693e+01
3.4259859497511187e+01
3.0993113463336478e+01
2.7967605567561083e+01
2.5174252047819273e+01
2.2603187481954755e+01
2.0243942019677572e+01
1.8085606995212803e+01
1.6116987837600352e+01
1.4326743519210952e+01
1.2703512084927688e+01
1.1236022081491628e+01
9.9131899550722693e+00
8.7242037040031200e+00
7.6585932611373062e+00
6.7062882371484314e+00
5.8576637820087756e+00
5.1035754185605189e+00
4.4353837711992963e+00
3.8449701559611729e+00
3.3247440186047892e+00
2.8676432069430007e+00
2.4671280454970494e+00
2.1171701472734874e+00
1.8122368519564360e+00
1.5472721245490495e+00
1.3176746857642943e+00
1.1192740783361592e+00
9.4830530277886516e-01
8.0138258494507408e-01
6.7547276675501677e-01
5.6786874271629728e-01
4.7616329866468576e-01
3.9822364723512937e-01
3.3216689688996864e-01
2.7633663855796076e-01
2.2928078654593331e-01
1.8973076817812043e-01
1.5658211960125917e-01
1.2887651352154594e-01
1.0578521768912921e-01
8.6593960814032922e-02
7.0689164272158614e-02
5.7545484354526714e-02
4.6714598634871027e-02
3.7815162841381450e-02
3.0523859545878031e-02
2.4567457486227368e-02
1.9715799456855230e-02
1.5775637912179213e-02
1.2585239227003981e-02
1.0009680970559452e-02
7.9367702575387153e-03
6.2735157758310048e-03
4.9430905856273459e-03
3.8822279753498892e-03
3.0389973172542323e-03
2.3709118972322953e-03
1.8433253441872842e-03
1.4280778827900102e-03
1.1023577137801272e-03
8.4774705149801488e-04
6.4942576874421143e-04
4.9550914893316462e-04
3.7649915511841462e-04
2.8483148407853717e-04
2.1450305393209011e-04
1.6076674227356850e-04
1.1988221571726782e-04
8.8913272284185224e-05
6.5563597174419556e-05
4.8044222261215484e-05
3.4966900149057564e-05
2.5258673085277470e-05
1.8093713542019051e-05
1.2839133976644876e-05
9.0120312728043495e-06
6.2456639495954453e-06
4.2628429188884199e-06
2.8551070432186537e-06
1.8665300686888989e-06
1.1811325779026810e-06
7.1316615145876441e-07
3.9964178287249783e-07
1.9462248114654311e-07
6.4858581075034282e-08
-1.3512844150769621e-08
-5.7443594102823789e-08
-7.8845829301510952e-08
-8.5996918398747529e-08
-8.4535576096285273e-08
-7.8246947828250646e-08
-6.9612876107451942e-08
-6.0191635340181283e-08
-5.0929962900786096e-08
-4.2362622861671687e-08
-3.4744520259053629e-08
-2.8160297502804936e-08
-2.2591187263290299e-08
-1.7960431870286677e-08
-1.4163790025524396e-08
-1.1092184651370102e-08
-8.6324774968679393e-09
-6.6741861934346035e-09
-5.1308455697487445e-09
-3.9268965497333950e-09
-2.9863064023000219e-09
-2.2635552797383728e-09
-1.7067018995040234e-09
-1.2813240089128247e-09
-9.5765830098031517e-10
-7.1449530781908068e-10
-5.3061192206745808e-10
-3.9223329482741166e-10
-2.8973241445356629e-10
-2.1318943843321585e-10
-1.5462915016418886e-10
-1.1245966903840416e-10
-8.2568822263774065e-11
-6.0710471728554159e-11
-4.1990046737997892e-11
-3.3042463734516858e-11
-2.0218247060822321e-11
-1.7009086259345566e-11
-1.2355424147029236e-11
-9.6342883398058992e-12
-4.3470420474527886e-12
-4.0279148466922278e-12
-3.7061473018990305e-13
-1.9716470977681103e-12
-1.1952498739533420e-12
-1.8628630451167511e-12
2.6842948332886291e-13
-2.1531619924143970e-13
-9.0656886342474730e-14
-9.7077494523062355e-13
-4.9642350002152661e-13
-1.1883594936759755e-12
-1.0198399038945042e-13
-2.3703670997811106e-12
-4.7066832484302066e-13
1.5490132270475145e-12
9.7383759181120036e-13
-2.1532600351144043e-12
2.9488113181324584e-12
5.6124577068531954e-13
-2.2734538814702750e-12
-8.6274814972304512e-13
9.4935963233616862e-13
1.4218152921032603e-12
3.8662394665317845e-13
1.6007700638821959e-12
-1.1218826174412274e-14
1.2970004142385073e-12
6.8721678173031177e-13
2.4009809053110331e-16
4.9021058327307428e-13
2.4730735303650035e-12
-1.5701507430249360e-12
2.1276076754182431e-12
-3.8623849295933849e-13
5.6959442747053326e-13
-1.2180375461253778e-13
5.2211378771864877e-13
-2.8287014849868761e-13
-1.7285671003602019e-12
-8.3162637685851488e-13
2.2543251650723509e-12
-1.1582493114904431e-12
1.0303525719414765e-12
2.0974284763863319e-12
-5.9239548490030502e-13
2.6344761538478252e-14
8.4715168016181719e-13
-2.3756196557351438e-12
9.8865398360434475e-13
2.3271539295055044e-13
-4.5426405460919794e-13
-1.5378655704636907e-12
3.6730347832059686e-12
4.3144366218254694e-13
-2.4365966455068555e-12
1.7818397273326482e-12
2.0565767173327016e-12
-7.1147305147134907e-13
-1.1709964160887844e-12
2.4862434880630355e-13
-1.3289771343447299e-12
1.1350351235492486e-12
1.8480414565220088e-12
-2.1626297082207619e-12
1.7173138368563691e-12
1.5487716734517235e-12
1.3395430534875497e-12
-1.3463047846647475e-12
3.0260313850135109e-13
-1.5724618780578709e-12
2.2098261539611187e-13
1.6960390426977315e-12
2.4946375797192114e-12
8.5468297553692721e-14
2.0184537212785309e-12
-8.2214073438620812e-13
-2.6971399450393484e-13
-6.1624465849362368e-13
6.4996125602615354e-13
-9.7449073980696638e-13
1.0327967554718324e-12
1.0602808656187289e-12
-1.2393076963933281e-12
