-5.1288935156942379e-14
0.0000000000000000e+00
-1.7146620467259348e-14
-3.4343321266163219e-14
0.0000000000000000e+00
-1.7221510340178826e-14
-1.7246319000918760e-14
-2.5906574421381373e-14
-2.5943552613261177e-14
-2.5980412421389331e-14
-1.7344768794363625e-14
-1.7369182847290764e-14
-8.6967583360714743e-15
-1.7417769835665825e-14
-2.1802427381993553e-14
4.3665081126670073e-15
-8.7450205203193839e-15
0.0000000000000000e+00
2.1922263299299491e-14
2.1951963491209774e-14
4.3963118202038180e-14
1.7608839678002952e-14
1.5428304115563007e-14
1.9862741819197711e-14
2.2098885115333570e-14
1.9915154886427352e-14
2.6588288260346527e-14
3.9934360119555061e-14
4.6650440691803573e-14
2.2243126200406680e-14
2.4498811702466035e-14
3.2335083311432156e-14
3.1259699865536615e-14
4.5830917783788060e-14
3.6934625614618716e-14
5.3790205221163925e-14
7.6858495094281626e-14
3.5949078595656736e-14
7.9860082183413263e-14
6.4191425084485909e-14
4.9893426774030223e-14
4.7413758537595513e-14
6.1599015262276364e-14
5.4317255394589150e-14
5.6647798391999956e-14
4.5371863097013747e-14
7.6087296531943715e-14
1.0744272808866984e-13
1.2179627406617894e-13
2.1196556577140218e-13
3.0975725604350279e-13
4.7401946324047319e-13
6.9754378591070881e-13
9.9140300648571630e-13
1.4601235538210509e-12
2.1111689009840916e-12
3.0737842619740205e-12
4.4501791444659862e-12
6.4304868544157565e-12
9.2517485407523841e-12
1.3336594984920804e-11
1.9081721667080046e-11
2.7315558711368603e-11
3.8981097229394197e-11
5.5520288127093694e-11
7.8914749812638658e-11
1.1191738097750606e-10
1.5838243016714639e-10
2.2367906684447041e-10
3.1520056062601749e-10
4.4327750116476437e-10
6.2209541874306020e-10
8.7122475795718238e-10
1.2175798525949105e-09
1.6981017272517369e-09
2.3632704659609297e-09
3.2820957207923410e-09
4.5485860715481868e-09
6.2906462047968605e-09
8.6816215179442455e-09
1.1956269282511621e-08
1.6431616022116131e-08
2.2534793750387811e-08
3.0840070334950159e-08
4.2117870574092924e-08
5.7399160788847251e-08
7.8060981505375720e-08
1.0593783723989505e-07
1.4346870704778729e-07
1.9388845161814333e-07
2.6147824307019263e-07
3.5189082573808528e-07
4.7257326160348935e-07
6.3331397586286338e-07
8.4695007683381199e-07
1.1302781397925603e-06
1.5052256982054623e-06
2.0003532758607345e-06
2.6527758279363034e-06
3.5106147958903005e-06
4.6361190871992008e-06
6.1096279036104804e-06
8.0345900174421806e-06
1.0543904293842209e-05
1.3807910633206550e-05
1.8044433711064765e-05
2.3531376020473380e-05
3.0622466342342434e-05
3.9766904416887077e-05
5.1533801611126310e-05
6.6642511286533107e-05
8.6000168815996382e-05
1.1074803522007958e-04
1.4231855748461650e-04
1.8250543951888951e-04
2.3354946110592809e-04
2.9824330458654876e-04
3.8005925499162241e-04
4.8330434477906618e-04
6.1330832903562851e-04
7.7665081569482845e-04
9.8143494960071381e-04
1.2376162780612480e-03
1.5573968180090491e-03
1.9556959205636174e-03
2.4507113005208182e-03
3.0645855789219693e-03
3.8241958907522110e-03
4.7620865470805384e-03
5.9175674166533319e-03
7.3380036150631558e-03
9.0803252535839336e-03
1.1212789404331517e-02
1.3817030061774411e-02
1.6990435710010889e-02
2.0848898099346508e-02
2.5529979956250393e-02
3.1196553538196309e-02
3.8040966127860412e-02
4.6289792650567173e-02
5.6209239489294516e-02
6.8111267136225784e-02
8.2360502414647888e-02
9.9382013460716484e-02
1.1967002228516777e-01
1.4379763032977691e-01
1.7242763176223591e-01
2.0632448706757381e-01
2.4636752553004312e-01
2.9356543917540345e-01
3.4907212237545626e-01
4.1420390031173510e-01
4.9045817556754701e-01
5.7953350498917455e-01
6.8335109837495989e-01
8.0407770628656972e-01
9.4414983614991521e-01
1.1062992036924579e+00
1.2935792905895367e+00
1.5093928389818669e+00
1.7575200693982924e+00
2.0421473607899907e+00
2.3678960802061897e+00
2.7398511955916844e+00
3.1635892488903394e+00
3.6452052088739624e+00
4.1913376648163618e+00
4.8091917643999036e+00
5.5065592433280415e+00
6.2918348414386642e+00
7.1740283522138091e+00
8.1627715111462678e+00
9.2683188952232189e+00
1.0501541982678136e+01
1.1873915511033225e+01
1.3397495274188795e+01
1.5084886517753636e+01
1.6949202127683716e+01
1.9004009862182592e+01
2.1263267952076191e+01
2.3741248491587019e+01
2.6452448160340250e+01
2.9411485958876757e+01
3.2632987803807083e+01
3.6131458014390127e+01
3.9921137928577465e+01
4.4015852111657210e+01
4.8428842862176175e+01
5.3172593974807036e+01
5.8258644984632731e+01
6.3697397387723193e+01
6.9497914604101382e+01
7.5667717715968877e+01
8.2212579270689503e+01
8.9136317678508220e+01
9.6440594953088876e+01
1.0412472073239377e+02
1.1218546567197757e+02
1.2061688741641652e+02
1.2941017242172825e+02
1.3855349691718823e+02
1.4803191025456795e+02
1.5782724379303468e+02
1.6791804830632265e+02
1.7827956267402354e+02
1.8888371633094960e+02
1.9969916759884438e+02
2.1069137961604525e+02
2.2182273511725609e+02
2.3305269080304902e+02
2.4433797148413956e+02
2.5563280359723805e+02
2.6688918707693637e+02
2.7805720394220225e+02
2.8908536132803999e+02
2.9992096607471638e+02
3.1051052739099669e+02
3.2080018354648450e+02
3.3073614803360266e+02
3.4026517018366098e+02
3.4933500483469572e+02
3.5789488534110058e+02
3.6589599399492306e+02
3.7329192380288333e+02
3.8003912553670051e+02
3.8609733405021990e+02
3.9142996803608935e+02
3.9600449767609297e+02
3.9979277501935525e+02
4.0277132239590543e+02
4.0492157473198711e+02
4.0623007226847517e+02
4.0668860088366068e+02
4.0629427797375820e+02
4.0504958263495593e+02
4.0296232970489189e+02
4.0004558804382202e+02
3.9631754425098450e+02
3.9180131380441037e+02
3.8652470236793351e+02
3.8051992071341965e+02
3.7382325734652801e+02
3.6647471348928747e+02
3.5851760555279185e+02
3.4999814062065178e+02
3.4096497075279683e+02
3.3146873210622147e+02
3.2156157495296748e+02
3.1129669065678661e+02
3.0072784155144785e+02
2.8990889945039191e+02
2.7889339821609229e+02
2.6773410543635288e+02
2.5648261780353459e+02
2.4518898428215547e+02
2.3390136059206222e+02
2.2266569794058819e+02
2.1152546832020121e+02
2.0052142806044063e+02
1.8969142069649837e+02
1.7907021960304888e+02
1.6868941025153279e+02
1.5857731139168101e+02
1.4875893394209564e+02
1.3925597590734816e+02
1.3008685122609018e+02
1.2126675010043770e+02
1.1280772806427544e+02
1.0471882081859493e+02
9.7006181695623766e+01
8.9673238509131210e+01
8.2720866503549033e+01
7.6147574126025646e+01
6.9949698408948763e+01
6.4121606860806608e+01
5.8655902914932369e+01
5.3543632172701102e+01
4.8774486893917661e+01
4.4337006426142729e+01
4.0218771520331529e+01
3.6406590746369687e+01
3.2886677493167461e+01
2.9644816308611514e+01
2.6666517600054071e+01
2.3937159971880693e+01
2.1442119719368506e+01
1.9166887224468681e+01
1.7097170206893235e+01
1.5218983971135520e+01
1.3518728955583143e+01
1.1983256033023556e+01
1.0599920132440047e+01
9.3566228503595763e+00
8.2418447968553004e+00
7.2446684776824082e+00
6.3547925512798900e+00
5.5625383190610487e+00
4.8588493112719355e+00
4.2352848205450924e+00
3.6840082130035943e+00
3.1977708142659784e+00
2.7698921268232946e+00
2.3942370877891239e+00
2.0651910236471047e+00
1.7776329029010551e+00
1.5269074298907883e+00
1.3087964647390833e+00
1.1194901965572213e+00
9.5555844059870521e-01
8.1392237581001803e-01
6.9182698781443108e-01
5.8681443427333424e-01
4.9669850515137998e-01
4.1954030990221786e-01
3.5362528711148078e-01
2.9744159970873529e-01
2.4965995043577355e-01
2.0911482771002154e-01
1.7478717116858269e-01
1.4578842879973969e-01
1.2134596340820780e-01
1.0078975494623901e-01
8.3540336685196476e-02
6.9097897012528428e-02
5.7032474529244655e-02
4.6975171812621674e-02
3.8610312432873987e-02
3.1668466320632284e-02
2.5920270140679488e-02
2.1170971729543218e-02
1.7255630706222078e-02
1.4034910900030903e-02
1.1391404110562329e-02
9.2264287925696974e-03
7.4572514381477679e-03
6.0146826183028676e-03
4.8410037732686730e-03
3.8881848476504349e-03
3.1163567075558831e-03
2.4925059184598120e-03
1.9893628825091709e-03
1.5844575188008378e-03
1.2593196080010278e-03
9.9880362067893504e-04
7.9052030073119414e-04
6.2435949843783799e-04
4.9209074330542062e-04
3.8702983509551612e-04
3.0376131962583393e-04
2.3790812460099898e-04
1.8594086752901775e-04
1.4502043679375320e-04
1.1286839299878559e-04
8.7660562107721966e-05
6.7939905300018721e-05
5.2545363417338702e-05
4.0553901292818525e-05
3.1233428248283925e-05
2.4004653906678635e-05
1.8410264094283841e-05
1.4090076893467097e-05
1.0761070740210709e-05
8.2013696274371393e-06
6.2374354152751426e-06
4.7338502735912087e-06
3.5851864385682021e-06
2.7095536456363180e-06
2.0434901115987068e-06
1.5379283648267093e-06
1.1550171799378026e-06
8.6562453447767298e-07
6.4738027571794974e-07
4.8314571937126811e-07
3.5982026366002851e-07
2.6741259049297535e-07
1.9832016049365826e-07
1.4677113956019039e-07
1.0839349784042081e-07
7.9883040462697505e-08
5.8748226996428460e-08
4.3114518363158518e-08
3.1574860505424803e-08
2.3075324057595554e-08
1.6828400612290794e-08
1.2246912835729252e-08
8.8940442723336285e-09
6.4455584853851506e-09
4.6613243614565478e-09
3.3639391922250643e-09
2.4225821102334703e-09
1.7409766112389608e-09
1.2485132828606691e-09
8.9347878764761434e-10
6.3805720009513880e-10
4.5468980966045962e-10
3.2332559851702993e-10
2.2944159093088537e-10
1.6249615642998238e-10
1.1481897139486569e-10
8.0959450126515882e-11
5.6980167170138185e-11
3.9998255811210636e-11
2.8002396386338331e-11
1.9575690333206586e-11
1.3622662557308150e-11
9.4851507232801306e-12
6.5667941041068941e-12
4.5336584354043712e-12
3.1074866483441195e-12
2.1284525159592694e-12
1.4307327399619953e-12
9.3355263478096090e-13
6.0813582979708976e-13
3.8997898785343840e-13
2.4399237527232979e-13
1.3749275335136418e-13
7.1450742549797977e-14
3.9025100548280188e-14
-1.3919779376401157e-15
-2.2243126200406680e-14
-5.3870151751249368e-14
-3.9657038174280372e-14
-2.9911824292889838e-14
-3.2085527317021838e-14
-4.6960130870083844e-15
-2.2069713132441899e-15
-2.0387401866993974e-14
-4.4022099195007387e-14
-4.6161274112140087e-14
-2.6342356189451727e-14
-1.6441697474474620e-14
-3.2838688586790977e-14
1.0931275650399230e-15
-1.0916270281667520e-14
-8.7209709527974223e-15
-1.6329159220936711e-14
-2.3916085424196552e-14
-2.1711478559113455e-15
2.1680960992954531e-15
-8.6601374737964436e-15
-4.3239254355435292e-15
-1.0794406008908905e-14
-1.9402108876033604e-14
-3.0137643095312945e-14
-3.0094092124177286e-14
-1.2878745474811209e-14
-2.5719930700889024e-14
-8.5607520075384516e-15
-2.5644467578471190e-14
-3.4142088044531826e-14
-2.1307126711328234e-14
-3.4040568408647371e-14
-5.0984378921434927e-14
-3.3938456248171058e-14
-2.5415385153732148e-14
-3.3835758714265667e-14
-3.3784192673781938e-14
-5.9031845219824868e-14
-4.2100788177358438e-14
-5.8850113443282584e-14
-5.8758876785971056e-14
-3.3524225748569205e-14
-5.0207717015456766e-14
-6.6838517426770296e-14
-5.0049853150114841e-14
-6.6627484827852029e-14
-3.3260780566403247e-14
-6.6415368273748981e-14
-6.6308908078486325e-14
-8.2752727971476281e-14
-8.2618991252874176e-14
-9.8981912682838891e-14
-9.8820645859318016e-14
-8.2215826492904158e-14
-1.1491311211459603e-13
-1.1472362180173846e-13
-8.1809778128992474e-14
-8.1673798631172058e-14
-9.7845009554305197e-14
-1.3024145349570941e-13
-9.7516802838809197e-14
-1.2980286731594443e-13
-1.2958284780043087e-13
-9.7021761715441701e-14
-1.2914137449495863e-13
-1.2891992814513242e-13
-1.2869801362898545e-13
-1.6059454334238237e-13
-1.2825279501002496e-13
-9.6022123777585628e-14
-1.2780574848948238e-13
-9.5686161829404844e-14
-9.5517677969521313e-14
-3.1782954198063280e-14
-6.3453145674489433e-14
-6.3340165687997642e-14
-9.4840455466260734e-14
-9.4670342127176031e-14
-3.1499970442893388e-14
-9.4329165885923152e-14
-6.2772072410127358e-14
-7.8322285278191281e-14
-7.8179224883473401e-14
-9.3643094013443822e-14
-9.3470817613725621e-14
-9.3298243481838334e-14
-6.2083582959524838e-14
-9.2952213308182457e-14
-7.7315635759302794e-14
-7.7170855059436256e-14
-9.2431005612135368e-14
-4.6128352178687630e-14
