-1.7088990751072343e-14
-8.5570861296725370e-15
-8.5696389780909775e-15
1.7164307399325934e-14
1.7189260147380865e-14
-8.6070678799122124e-15
1.2929200347765738e-14
0.0000000000000000e+00
-1.2966221543730996e-14
-4.3282145185857997e-15
-2.6006012148569885e-14
-4.3404362576855766e-15
-4.3465171088462326e-15
-8.7051556066194845e-15
0.0000000000000000e+00
1.3093914870949249e-14
1.9667870404085976e-14
2.8448009574219924e-14
3.2869313649830501e-14
3.5108101184437272e-14
4.3944292353352039e-14
3.0802273662671793e-14
3.9655793366837195e-14
3.5296419934168433e-14
2.8716248534669156e-14
2.8754016540774475e-14
1.7717935097601839e-14
2.8829131833805265e-14
3.2197225198227031e-14
2.0010241141222639e-14
3.1166953799389902e-14
3.3993024920705892e-14
4.4637591233901112e-14
2.7933714699738153e-14
3.0206298682625508e-14
8.0090682138314674e-14
1.0598565804485027e-13
1.0050202386984134e-13
1.3210621741832342e-13
1.5759563495203598e-13
1.7694720108998170e-13
2.5502192483951551e-13
3.3780217574473980e-13
4.9430158590829935e-13
7.0213190493378495e-13
1.0249650083276717e-12
1.5006616800401475e-12
2.1729367919056172e-12
3.1255242403072028e-12
4.5245521391960908e-12
6.5300571957338117e-12
9.4032590875156170e-12
1.3515124388336221e-11
1.9352688063940923e-11
2.7677769977539662e-11
3.9503240636274464e-11
5.6245912859175531e-11
7.9942486152146133e-11
1.1334719492011257e-10
1.6044011522770409e-10
2.2656506208038123e-10
3.1924704379957712e-10
4.4897552059736009e-10
6.3005257421070230e-10
8.8231610587128798e-10
1.2329869582459728e-09
1.7194291914300452e-09
2.3927886799104212e-09
3.3228336767343683e-09
4.6046715842311756e-09
6.3676855119034344e-09
8.7872242800508222e-09
1.2100766367171991e-08
1.6628867088861270e-08
2.2803494851048129e-08
3.1205366067455075e-08
4.2613355777832417e-08
5.8069878974027721e-08
7.8966904109404500e-08
1.0715879857647345e-07
1.4511076496778872e-07
1.9609211191552711e-07
2.6442920749391352e-07
3.5583404436006787e-07
4.7783103262354968e-07
6.4030952100529115e-07
8.5623775313541018e-07
1.1425824843885771e-06
1.5214914835961332e-06
2.0218097273085213e-06
2.6810184998695015e-06
3.5477100571270154e-06
4.6847368346833775e-06
6.1732101391157217e-06
8.1175636367191392e-06
1.0651949974081778e-05
1.3948301071888062e-05
1.8226458228838593e-05
2.3766872278756914e-05
3.0926484636578842e-05
4.0158534771281285e-05
5.2037202008145492e-05
6.7288181574686978e-05
8.6826525753596554e-05
1.1180335402555026e-04
1.4366335929261818e-04
1.8421541947045341e-04
2.3571906939344632e-04
3.0099011513986509e-04
3.8352927995724491e-04
4.8767848227977955e-04
6.1881016503200967e-04
7.8355603732443643e-04
9.9008267258394816e-04
1.2484226386215746e-03
1.5708712366116814e-03
1.9724605072500498e-03
2.4715239428584525e-03
3.0903673320937081e-03
3.8560633771166533e-03
4.8013901685614408e-03
5.9659362892952924e-03
7.3973982496753970e-03
9.1530991305955010e-03
1.1301760722893432e-02
1.3925565084870613e-02
1.7122545274010682e-02
2.1009349010414152e-02
2.5724423152167542e-02
3.1431671053070383e-02
3.8324639052882463e-02
4.6631292435246101e-02
5.6619445068215153e-02
6.8602910492947228e-02
8.2948445298802312e-02
1.0008355805287700e-01
1.2050525864588836e-01
1.4478982346853705e-01
1.7360365110901438e-01
2.0771528101441816e-01
2.4800864352165899e-01
2.9549760355771654e-01
3.5134185184557093e-01
4.1686418634373290e-01
4.9356921260204717e-01
5.8316347446450223e-01
6.8757700583157899e-01
8.0898626978808397e-01
9.4983842312729172e-01
1.1128768120293973e+00
1.3011675683249702e+00
1.5181271354143067e+00
1.7675505086398071e+00
2.0536399269489287e+00
2.3810337013908240e+00
2.7548348118426338e+00
3.1806388469958922e+00
3.6645608048295486e+00
4.2132602124979819e+00
4.8339639668737471e+00
5.5344862411670883e+00
6.3232447505155713e+00
7.2092726217522252e+00
8.2022250714002247e+00
9.3123800630900462e+00
1.0550632092902461e+01
1.1928478240498780e+01
1.3457995627194368e+01
1.5151809441193224e+01
1.7023050726764925e+01
1.9085303189774173e+01
2.1352538348023938e+01
2.3839038452409532e+01
2.6559306724633977e+01
2.9527964599526761e+01
3.2759635824703146e+01
3.6268817456750924e+01
4.0069738000134834e+01
4.4176203160768281e+01
4.8601429928311759e+01
5.3357869956683857e+01
5.8457023477368381e+01
6.3909245250623130e+01
6.9723544330850785e+01
7.5907379688886436e+01
8.2466453990088993e+01
8.9404508066872665e+01
9.6723118841454877e+01
1.0442150364283630e+02
1.1249633401514177e+02
1.2094156222644925e+02
1.2974826375251209e+02
1.3890449902329712e+02
1.4839519767770230e+02
1.5820206846973747e+02
1.6830353780546238e+02
1.7867471966282704e+02
1.8928741935630421e+02
2.0011017325624618e+02
2.1110832616207611e+02
2.2224414756301996e+02
2.3347698750582421e+02
2.4476347223290387e+02
2.5605773916503551e+02
2.6731171018965745e+02
2.7847540158966478e+02
2.8949726831971947e+02
3.0032457971955125e+02
3.1090382315884801e+02
3.2118113154852722e+02
3.3110273014061778e+02
3.4061539758531211e+02
3.4966693582979445e+02
3.5820664313893974e+02
3.6618578430127440e+02
3.7355805196143086e+02
3.8028001299767277e+02
3.8631153394286486e+02
3.9161617963039288e+02
3.9616157953170142e+02
3.9991975663583264e+02
4.0286741419801479e+02
4.0498617624627946e+02
4.0626277837273187e+02
4.0668920603819549e+02
4.0626277837275154e+02
4.0498617624631873e+02
4.0286741419807373e+02
3.9991975663591040e+02
3.9616157953179777e+02
3.9161617963050742e+02
3.8631153394299668e+02
3.8028001299782130e+02
3.7355805196159514e+02
3.6618578430145328e+02
3.5820664313913238e+02
3.4966693582999960e+02
3.4061539758552857e+02
3.3110273014084419e+02
3.2118113154876255e+02
3.1090382315909096e+02
3.0032457971980045e+02
2.8949726831997373e+02
2.7847540158992285e+02
2.6731171018991813e+02
2.5605773916529756e+02
2.4476347223316625e+02
2.3347698750608583e+02
2.2224414756327980e+02
2.1110832616233324e+02
2.0011017325649956e+02
1.8928741935655310e+02
1.7867471966307068e+02
1.6830353780569996e+02
1.5820206846996848e+02
1.4839519767792615e+02
1.3890449902351332e+02
1.2974826375272028e+02
1.2094156222664913e+02
1.1249633401533310e+02
1.0442150364301891e+02
9.6723118841628690e+01
8.9404508067037554e+01
8.2466453990245043e+01
7.5907379689033732e+01
6.9723544330989398e+01
6.3909245250753237e+01
5.8457023477490175e+01
5.3357869956797572e+01
4.8601429928417637e+01
4.4176203160866592e+01
4.0069738000225904e+01
3.6268817456835059e+01
3.2759635824780652e+01
2.9527964599597961e+01
2.6559306724699216e+01
2.3839038452469158e+01
2.1352538348078284e+01
1.9085303189823541e+01
1.7023050726809636e+01
1.5151809441233640e+01
1.3457995627230725e+01
1.1928478240531410e+01
1.0550632092931654e+01
9.3123800631161640e+00
8.2022250714234772e+00
7.2092726217728877e+00
6.3232447505338572e+00
5.5344862411832549e+00
4.8339639668880316e+00
4.2132602125105105e+00
3.6645608048404856e+00
3.1806388470054228e+00
2.7548348118509298e+00
2.3810337013979721e+00
2.0536399269551073e+00
1.7675505086451124e+00
1.5181271354188899e+00
1.3011675683288437e+00
1.1128768120326693e+00
9.4983842313004607e-01
8.0898626979043053e-01
6.8757700583354031e-01
5.8316347446612438e-01
4.9356921260342029e-01
4.1686418634487715e-01
3.5134185184650757e-01
2.9549760355846055e-01
2.4800864352226959e-01
2.0771528101489800e-01
1.7360365110938575e-01
1.4478982346878780e-01
1.2050525864610699e-01
1.0008355805303168e-01
8.2948445298910281e-02
6.8602910492976649e-02
5.6619445068210254e-02
4.6631292435209366e-02
3.8324639052813927e-02
3.1431671052977429e-02
2.5724423152070727e-02
2.1009349010308577e-02
1.7122545273896249e-02
1.3925565084709960e-02
1.1301760722722544e-02
9.1530991304169980e-03
7.3973982494740858e-03
5.9659362890843830e-03
4.8013901683581434e-03
3.8560633769134959e-03
3.0903673319009951e-03
2.4715239426549903e-03
1.9724605070558436e-03
1.5708712364410158e-03
1.2484226384675671e-03
9.9008267243122679e-04
7.8355603722702759e-04
6.1881016496083689e-04
4.8767848220465974e-04
3.8352927985488608e-04
3.0099011507333232e-04
2.3571906931732880e-04
1.8421541938194646e-04
1.4366335928231371e-04
1.1180335399156246e-04
8.6826525764850180e-05
6.7288181618700842e-05
5.2037202038561340e-05
4.0158534775731962e-05
3.0926484636578842e-05
2.3766872304654655e-05
1.8226458229998245e-05
1.3948301125914295e-05
1.0651950013409466e-05
8.1175636243922298e-06
6.1732101391157234e-06
4.6847367629607975e-06
3.5477099731721082e-06
2.6810184294252017e-06
2.0218096624873937e-06
1.5214914500638395e-06
1.1425823605292358e-06
8.5623766610868280e-07
6.4030940845242197e-07
4.7783091072415780e-07
3.5583394422109857e-07
2.6442913412705301e-07
1.9609206136797495e-07
1.4511072664015406e-07
1.0715880066288525e-07
7.8966867467184611e-08
5.8069845116715254e-08
4.2613318068551807e-08
3.1205357071420288e-08
2.2803515079733955e-08
1.6628877379380671e-08
1.2100776647425390e-08
8.7872087206555038e-09
6.3676606461312156e-09
4.6046314097370818e-09
3.3227730099252453e-09
2.3927379324112152e-09
1.7194132462901590e-09
1.2329887821716608e-09
8.8230776601883877e-10
6.3002943620311477e-10
4.4894778451507828e-10
3.1922164626228201e-10
2.2651432169145507e-10
1.6041246863049950e-10
1.1334259217525268e-10
7.9917198809294258e-11
5.6225246034004760e-11
3.9471127910173671e-11
2.7657149122423943e-11
1.9313781288031867e-11
1.3478547597028142e-11
9.3712907467615566e-12
6.5209338185829436e-12
4.5154392446559172e-12
3.1061817167960188e-12
2.1252049167696154e-12
1.4597964603113688e-12
9.7621114178111222e-13
6.5230318909977445e-13
4.4283540247848780e-13
3.0786318692455390e-13
1.7603283307506384e-13
9.2418283371837564e-14
2.9267760776806685e-14
-8.4323117501057504e-15
-6.9902245652487406e-14
-7.2900188073177440e-14
-8.2891055639654346e-14
-7.5795434657328817e-14
-6.9834286749345375e-14
-6.6956386850851659e-14
-9.0276557986136971e-14
-8.3482911962651558e-14
-8.8378565040399975e-14
-9.1595554443232065e-14
-5.4886231760513880e-14
-4.6509579631204821e-14
-3.9813253671841579e-14
-2.3193893047232781e-14
-1.5442183721198690e-14
-1.6523247236182163e-14
-2.7502030055956959e-14
-2.6366575412011225e-14
-8.7770252961093181e-15
-1.0956437883276833e-14
-4.3766168575722958e-15
-4.3706378675746605e-15
-8.7292765806328324e-15
-4.3586182330562453e-15
-4.3525778033097423e-15
-1.3039551326538697e-14
-8.6808725153711533e-15
-8.6686707161899615e-15
-1.2984643555757398e-14
-2.5932443087461992e-14
-3.0211394185410345e-14
-4.7407067941807695e-14
-5.1642407279473278e-14
-5.1567780442142594e-14
-3.4328614798651869e-14
-3.4278555912363910e-14
-2.5671258389017611e-14
-3.4177981502144685e-14
-5.1191201623406487e-14
-2.5557603110212012e-14
-4.2532489482130520e-14
-5.0962546434518951e-14
-5.0885884727414536e-14
-5.0809003598696950e-14
-6.7642539189507973e-14
-5.0654588453753687e-14
-5.0577057131835542e-14
-8.4165519628069256e-14
-6.7228471655189698e-14
-6.7124245840299907e-14
-6.7019740066872607e-14
-1.0037243422006912e-13
-8.3512369867864566e-14
-6.6704561126695127e-14
-4.9949215247678615e-14
-8.3116344158849493e-14
-9.9580391912755362e-14
-9.9420770002301335e-14
-9.9260750003325499e-14
-9.9100334663350174e-14
-9.8939526733273893e-14
-9.8778328967293575e-14
-9.8616744122826507e-14
-1.3127303328057683e-13
-1.3105656565831546e-13
-1.3083959298580014e-13
-1.6327764869465671e-13
-1.3040414726456082e-13
-1.3018568161244797e-13
-1.6245840712887035e-13
-1.6218410405459984e-13
-1.6190919743091763e-13
-9.6980215140039029e-14
-1.2908607368658127e-13
-1.6108090270540079e-13
-1.2864290267621701e-13
-1.2842061894806248e-13
-9.6148406031293111e-14
-6.3987336844187621e-14
-6.3875509810862497e-14
-9.5645187183437301e-14
-7.9563979559639510e-14
-6.3538688257473909e-14
-6.3425973822992519e-14
-6.3313042216693419e-14
-6.3199895311963374e-14
-7.8858168728873492e-14
-6.2972963105254907e-14
-6.2859181554394719e-14
-6.2745192207238258e-14
-7.8288746176514657e-14
-7.8145747042996027e-14
-6.2401996165480146e-14
-7.7858993017128184e-14
-6.2172194258808638e-14
-6.2056997580996455e-14
-4.6456204695650300e-14
-2.3184758317265351e-14
-3.8568904511109072e-14
-3.0797141628788358e-14
-1.5369533045123075e-14
