3.7003749720282502e-13
-2.0712827570849803e-13
7.6939543994091891e-14
3.6252162594068372e-13
-1.8600964415975581e-13
2.3710409095320734e-13
5.4844038477235259e-14
-1.8270824761045140e-13
-5.2465006759615628e-13
-1.9608865366642165e-14
-1.7299074469962488e-13
1.9060009910746687e-13
-5.6257568472488200e-13
-3.5400625377349277e-13
6.2160812641666783e-14
-2.8662259794350417e-13
9.3332972178362321e-14
3.8609625152263588e-15
1.4618173940144297e-13
1.4917519874450690e-13
6.0236917237030447e-14
-2.5249106832374222e-15
-5.3385921091963697e-13
1.8849290394026770e-13
-5.0227660819712714e-13
-4.2089545499203260e-14
-1.8771673467631325e-13
3.9657305014820986e-13
2.3413631831384554e-13
2.6410992753318537e-13
2.2050387017688944e-13
-2.3016848244329220e-13
4.4832426374740976e-13
-3.6390231699462749e-13
2.3736371027541799e-13
2.8013111498276229e-13
1.3130969923489073e-13
3.5496946230950273e-13
3.5114848220987141e-13
1.8475146179114050e-13
-9.2369982551011320e-14
-1.3201635879625101e-14
-8.7289705616727451e-14
4.4256186355749710e-13
-4.7084283239876925e-13
1.0493147479972013e-12
1.8310392421959093e-13
-9.4257755186565542e-14
-2.4250062225427183e-13
-2.2488647789539452e-13
-2.5177868335984200e-13
-2.2338559722700163e-13
-2.9296660701605994e-13
-1.4734743918021469e-13
-2.1655700758586559e-13
-2.6796830357365122e-13
-5.9472228760218813e-13
-1.1101059551987563e-12
-1.9804804840077230e-12
-3.4074819548019344e-12
-4.9420429463818251e-12
-7.4770110753345030e-12
-1.1296502026556038e-11
-1.6756195312695267e-11
-2.5411223740672346e-11
-3.7241314076377671e-11
-5.4555414368812557e-11
-7.8304446011999261e-11
-1.1428930167634688e-10
-1.6374164354446294e-10
-2.3295039520568964e-10
-3.2929212583594776e-10
-4.6318068630309593e-10
-6.4700371212034972e-10
-8.9909141095534793e-10
-1.2398943007875515e-09
-1.7004059011810787e-09
-2.3165373773688223e-09
-3.1341730074682898e-09
-4.2115928721764550e-09
-5.6180920838109916e-09
-7.4373110298204216e-09
-9.7647320028330413e-09
-1.2709273350806567e-08
-1.6385922559357391e-08
-2.0904129095934781e-08
-2.6357049788405805e-08
-3.2787918580997914e-08
-4.0153312605607212e-08
-4.8252276111672813e-08
-5.6632518792422741e-08
-6.4453631844469628e-08
-7.0285071106537015e-08
-7.1824492978494002e-08
-6.5511083988383509e-08
-4.5986622165356169e-08
-5.3705093667182058e-09
6.7725508801380369e-08
1.8950710814840004e-07
3.8272837193266661e-07
6.7896557649731511e-07
1.1215779998115633e-06
1.7695220680777690e-06
2.7022420029424845e-06
4.0258733453613392e-06
5.8810662397035222e-06
8.4527552196233985e-06
1.1982261272719131e-05
1.6782169645188237e-05
2.3254426688344465e-05
3.1912165114973061e-05
4.3405745282774861e-05
5.8553500124715804e-05
7.8377576621735235e-05
1.0414516835412402e-04
1.3741521819621988e-04
1.8009035284820800e-04
2.3447340043262276e-04
3.0332717055994111e-04
3.8993542765956721e-04
4.9816183566072942e-04
6.3250229923436467e-04
7.9812434202741821e-04
1.0008849542392259e-03
1.2473156515661824e-03
1.5445601698273386e-03
1.9002463553377674e-03
2.3222691366397556e-03
2.8184561479244132e-03
3.3960813893383294e-03
4.0611854185737713e-03
4.8176528396022917e-03
5.6659895217965996e-03
6.6017330109708174e-03
7.6134203241012338e-03
8.6800279321320208e-03
9.7677896367801397e-03
1.0826289740588821e-02
1.1783721954680127e-02
1.2541199631709287e-02
1.2966001080493596e-02
1.2883635778334464e-02
1.2068624573463336e-02
1.0233900580396797e-02
7.0187588573262343e-03
1.9753135656331903e-03
-5.4465374265055067e-03
-1.5915587120600063e-02
-3.0237112873844715e-02
-4.9371787000376303e-02
-7.4455405606686356e-02
-1.0681902363392476e-01
-1.4800895496760177e-01
-1.9980595193320871e-01
-2.6424272005752436e-01
-3.4361875402764003e-01
-4.4051130257731885e-01
-5.5778108836062190e-01
-6.9857122927341775e-01
-8.6629763745953214e-01
-1.0646290196406805e+00
-1.2974544770513605e+00
-1.5688366159774374e+00
-1.8829480423096026e+00
-2.2439891379349124e+00
-2.6560851160366985e+00
-3.1231605387344152e+00
-3.6487897660103541e+00
-4.2360222000057259e+00
-4.8871817021341748e+00
-5.6036401978796766e+00
-6.3855662481610027e+00
-7.2316502547665262e+00
-8.1388089740002307e+00
-9.1018731248031806e+00
-1.0113263076891537e+01
-1.1162658865684991e+01
-1.2236672072507737e+01
-1.3318528392284600e+01
-1.4387770942390533e+01
-1.5419995495303381e+01
-1.6386629789934133e+01
-1.7254769834120161e+01
-1.7987086595085810e+01
-1.8541816627059241e+01
-1.8872849950644643e+01
-1.8929927827063473e+01
-1.8658961920564099e+01
-1.8002484683624221e+01
-1.6900238615321456e+01
-1.5289909332653107e+01
-1.3108004175589775e+01
-1.0290874376892186e+01
-6.7758747264319323e+00
-2.5026502275026168e+00
2.5854654186034716e+00
8.5399594316820924e+00
1.5405582342958272e+01
2.3218752372993730e+01
3.2005955210733575e+01
4.1782176282875703e+01
5.2549405586696821e+01
6.4295257288528106e+01
7.6991747413801562e+01
9.0594272942697955e+01
1.0504083437407834e+02
1.2025154125839057e+02
1.3612843629461403e+02
1.5255566834657256e+02
1.6940003821531920e+02
1.8651193330930047e+02
2.0372665863224267e+02
2.2086616195513497e+02
2.3774114088956560e+02
2.5415350910697853e+02
2.6989918845246802e+02
2.8477118350206786e+02
2.9856288553761863e+02
3.1107154428960609e+02
3.2210183843816111e+02
3.3146947005223575e+02
3.3900470413610657e+02
3.4455577244223093e+02
3.4799206084447223e+02
3.4920700192564152e+02
3.4812059902835989e+02
3.4468151478559281e+02
3.3886866595166020e+02
3.3069227699001681e+02
3.2019435706991050e+02
3.0744857855198933e+02
2.9255954932784505e+02
2.7566148611037244e+02
2.5691631051933581e+02
2.3651120413203628e+02
2.1465567214328200e+02
1.9157817749668931e+02
1.6752241794312468e+02
1.4274332713521787e+02
1.1750288732457932e+02
9.2065845306652733e+01
6.6695424849819062e+01
4.1649127923464725e+01
1.7174713657688724e+01
-6.4935617436035855e+00
-2.9138368750740415e+01
-5.0562326225869860e+01
-7.0590566648382335e+01
-8.9072802789030504e+01
-1.0588486695695927e+02
-1.2092970750217923e+02
-1.3413784078302587e+02
-1.4546726991176379e+02
-1.5490289390615294e+02
-1.6245544207325679e+02
-1.6815997825473295e+02
-1.7207402774647943e+02
-1.7427538610673787e+02
-1.7485967358618888e+02
-1.7393770151548975e+02
-1.7163271769668907e+02
-1.6807759674913459e+02
-1.6341203859406210e+02
-1.5777983400541456e+02
-1.5132625062363670e+02
-1.4419558626639079e+02
-1.3652892903382383e+02
-1.2846215586116693e+02
-1.2012419308023927e+02
-1.1163555446456870e+02
-1.0310716438207834e+02
-9.4639466270877364e+01
-8.6321809863811183e+01
-7.8232104558309516e+01
-7.0436721166358410e+01
-6.2990620055445667e+01
-5.5937680440112587e+01
-4.9311203306729425e+01
-4.3134559122588918e+01
-3.7421951038978797e+01
-3.2179264669102395e+01
-2.7404976610800460e+01
-2.3091095583772479e+01
-1.9224112246683799e+01
-1.5785936333504525e+01
-1.2754802584331152e+01
-1.0106129932487610e+01
-7.8133214438063856e+00
-5.8484954931550286e+00
-4.1831415276258328e+00
-2.7886964389285001e+00
-1.6370399974119350e+00
-7.0090994869939593e-01
4.5760783112752293e-02
6.2758081616859007e-01
1.0675057779745987e+00
1.3867064416203798e+00
1.6044928442293620e+00
1.7382873573372326e+00
1.8036395725209686e+00
1.8142759640959016e+00
1.7821775604419265e+00
1.7176792624082173e+00
1.6295849583464079e+00
1.5252931694002234e+00
1.4109285871947914e+00
1.2914755137418743e+00
1.1709098582411956e+00
1.0523269694154342e+00
9.3806317052006716e-01
8.2980940626870803e-01
7.2871589899638922e-01
6.3548714081299784e-01
5.5046691724401220e-01
4.7371336631216610e-01
4.0506432713265811e-01
3.4419342756363430e-01
2.9065750578196975e-01
2.4393606121396808e-01
2.0346349176595493e-01
1.6865490257305210e-01
1.3892627232381680e-01
1.1370974210292309e-01
9.2464753728140447e-02
7.4685714288285382e-02
5.9906805203499364e-02
4.7704490922704797e-02
3.7698217423569880e-02
2.9549726220564003e-02
2.2961347501108526e-02
1.7673577633644244e-02
1.3462192598991077e-02
1.0135100413957182e-02
7.5290927234487040e-03
5.5066183337778721e-03
3.9526695795862408e-03
2.7718455646719682e-03
1.8856342789031176e-03
1.2299377877734306e-03
7.5285072667122233e-04
4.1269158376323732e-04
1.7627844135353793e-04
1.7435228367680870e-05
-8.4288978245857424e-05
-1.4470722053935189e-04
-1.7590887622591405e-04
-1.8702123397791340e-04
-1.8483802286548961e-04
-1.7433338911968560e-04
-1.5907824126449083e-04
-1.4157434843628847e-04
-1.2351974949005286e-04
-1.0601748230903901e-04
-8.9737894548074854e-05
-7.5043422453660873e-05
-6.2083248512809271e-05
-5.0864106635625134e-05
-4.1302341917595540e-05
-3.3261474574462795e-05
-2.6578639642467670e-05
-2.1082651685328801e-05
-1.6605826263917957e-05
-1.2991258708466154e-05
-1.0096852841910804e-05
-7.7970969281400782e-06
-5.9833122949338368e-06
-4.5629518678556271e-06
-3.4583069255785117e-06
-2.6049442111292142e-06
-1.9500214436716623e-06
-1.4506444741363775e-06
-1.0723116786483706e-06
-7.8751955550072784e-07
-5.7451753632608889e-07
-4.1624408740956868e-07
-2.9940988371457833e-07
-2.1374790055748855e-07
-1.5137529608248317e-07
-1.0628779583976598e-07
-7.3937423829761556e-08
-5.0910570050250203e-08
-3.4657598015854745e-08
-2.3289980478656134e-08
-1.5416665795613128e-08
-1.0023111236115166e-08
-6.3734525855482917e-09
-3.9391841640705231e-09
-2.3404023036317789e-09
-1.3129118720155850e-09
-6.6884547106393294e-10
-2.7839923777760642e-10
-5.2049554659573682e-11
6.9541271917599858e-11
1.2623264041752379e-10
1.4377557097530409e-10
1.4096305834636967e-10
1.2743408773216494e-10
1.0951528559617020e-10
9.0615987181631488e-11
7.3351520113280817e-11
5.7066277289978483e-11
4.5110987665376990e-11
3.4609273559321091e-11
2.6134513763099605e-11
1.9498244251212156e-11
1.4421670681805025e-11
1.0809689245827395e-11
7.6921429758805936e-12
5.3981822478106375e-12
4.1767381510859407e-12
3.6070948198994081e-12
2.1098788954343141e-12
1.7659377062833994e-12
1.0471403966461624e-12
8.8550512736055894e-13
2.7092681069934470e-13
3.5796984207326930e-13
2.6935770833964727e-13
3.3611915935016889e-13
1.5645258191973792e-13
3.6552751456534608e-13
4.9268158725989072e-13
1.9777664774538159e-13
2.9329531199553569e-13
1.6729806203628867e-13
1.1217812448269532e-13
1.3964297393743253e-13
-1.5694306646809396e-13
-1.3593370054300138e-13
-6.4853142663616386e-14
4.9869103991913490e-13
-1.4653823791181961e-13
6.8600272639804142e-13
-8.9605817675970453e-14
1.7846325771149548e-13
-3.8762680208976193e-15
-2.0408920606436135e-13
-2.4035637032354766e-13
4.4246125489217503e-14
-5.3053469332661412e-14
4.8509823008781236e-13
-3.3914146993266542e-13
1.0174106232717915e-13
2.1494187414803932e-13
-1.4265800751680591e-13
-4.8345380153973572e-13
-2.0123508191320207e-13
-4.4158711295052509e-13
-3.1465922802501636e-13
-6.4425712009256601e-13
2.4407462649094053e-13
8.1115817014839295e-13
4.3518756221270160e-13
-4.5360567084463436e-15
-5.1852840297248079e-14
-2.4096452167534201e-13
8.2800298720507706e-14
-4.3889075284302748e-13
-1.1316057284695765e-13
4.1950554899321634e-13
1.4682698692146155e-13
3.4437764906148519e-13
-1.9375517351842379e-13
-1.3144831819057822e-14
-3.6172710281181127e-13
-3.8176633445639823e-13
-3.1366333374394682e-13
5.4374944094597098e-13
-2.8144857952067610e-13
2.8567988237509618e-13
-5.3267300382691213e-13
9.8552392478072338e-15
-1.2025044042540688e-13
2.1783043360039485e-14
2.1150435401756438e-13
3.4190603849265141e-13
-1.0211226369038872e-13
4.3639477714943632e-14
2.0583008477134173e-13
4.7405659125857105e-14
-5.0540139378876159e-14
5.8971700961114840e-14
-2.6061986859255177e-14
-3.0052167837770436e-13
4.1432495031159822e-14
4.3340183525757541e-13
1.0243365499293716e-13
2.9735056414742365e-13
-6.8384781167138685e-14
2.7160379588427345e-13
4.6702939177688428e-13
1.3718651992434974e-13
-6.2628000313076326e-14
4.5509400294126111e-13
1.4700498698521970e-13
1.4785888037974518e-13
3.5032420960933745e-13
2.9224331898494173e-13
3.6651566277089161e-13
-2.5597582835357625e-13
1.5917879038321178e-13
2.2296909731719139e-13
2.0441789154490642e-13
1.1284953812331050e-13
-1.5141307969155055e-13
-2.2082904705182611e-14
6.7645426096881694e-13
5.5161461165749246e-13
-3.5922355661470283e-13
-4.6918272805817249e-14
1.7175745613925735e-13
-2.0985066449443673e-13
