-5.8511779723109358e-15
6.7579230695891721e-16
1.6427701078329461e-14
2.3406742283405921e-14
2.7342839703063018e-14
2.2581480991858291e-14
2.0025180356142976e-14
2.9535227807343481e-14
1.7771237815049709e-14
2.3477915785613718e-14
1.9102005946649334e-14
2.8936767956793680e-14
3.9726313938992924e-14
3.0354609751692595e-14
2.3387227501873976e-14
2.3605022947499000e-14
2.3102246074370468e-14
2.8471050068345234e-14
3.4360141483517964e-14
3.9123581615879493e-14
4.3105922053710542e-14
3.2604326030385646e-14
4.7934004299811619e-14
5.3199098198910338e-14
4.7714473499430327e-14
5.3352741578913565e-14
4.3685423936649387e-14
7.0736342442955987e-14
7.2286460290781407e-14
6.8960695262852238e-14
7.0105368632132310e-14
7.0432205176047220e-14
7.0073243288114433e-14
5.7420794533911618e-14
5.0889919250175138e-14
5.7130898692458538e-14
4.6183954944629727e-14
5.3084082189493070e-14
5.5021896176589885e-14
3.5803296553891985e-14
7.1185394716262636e-15
2.9125259501249630e-15
8.4682631484399292e-15
1.3880020600489596e-16
9.5882440285725994e-15
-1.3132561747601077e-15
6.7968252829595013e-15
6.7062757586645813e-15
-1.1103358660690621e-15
-2.4914941264646029e-15
1.8518415858859829e-15
-7.8677163298872196e-15
-7.4260193284591180e-15
-1.9572644082321131e-14
-1.6105959971279665e-14
-2.1275925674988146e-14
-1.6069017478219716e-14
-1.1239924213976847e-14
-1.1563613361730825e-14
-1.5137127561879390e-14
1.3262195785224117e-14
2.2339898806283067e-15
2.2309095136362957e-14
2.8127182443026192e-14
1.8271664504712687e-14
2.5374113646059756e-14
3.6064973142022321e-14
5.6778365856934638e-14
4.9431593404475928e-14
4.4521266121380817e-14
6.3108191307298884e-14
5.7291363875153341e-14
5.6176810520932680e-14
6.6344972835993324e-14
6.2174938781613819e-14
6.5902003439771591e-14
6.8425064766086034e-14
6.6512240620232357e-14
8.0732100200181988e-14
7.7040429451619344e-14
6.7171281299791361e-14
6.7646261770507967e-14
6.8087439690658530e-14
5.6469327454564379e-14
4.7084157283284724e-14
4.5192139679187518e-14
6.4360160487155296e-14
4.6508300087667336e-14
7.7539119509359690e-14
4.7168446450514176e-14
5.7270577396999270e-14
4.4048546748504721e-14
5.7071511592937104e-14
3.7190858390667151e-14
5.4533843681024646e-14
4.3589936612516521e-14
6.2789171945852481e-15
9.6614514368342150e-15
-1.3589654907724393e-15
1.1788079885781041e-14
-8.7600690395825969e-15
-5.8307068793000494e-15
2.6933220683488352e-14
1.1594576967029944e-14
3.0731683096398107e-14
3.5993978671404915e-14
3.6966278815155243e-14
5.8335439705288061e-14
5.8404020673687205e-14
5.3459794388536771e-14
5.9710945356920097e-14
2.6227253540564974e-14
-3.3530944001138668e-15
-5.4701264422936015e-15
-1.7123935611562690e-14
-5.4574187637914736e-14
-3.6833026732616710e-14
-5.9652664430479784e-14
-5.4940020093742866e-14
-6.7231708610423714e-14
-8.0302897208237341e-14
-7.5862521663780861e-14
-6.6276360184185764e-14
-7.3909889483600915e-14
-7.8716721675236152e-14
-9.6124042850830236e-14
-1.1028151727594445e-13
-1.2385745054634326e-13
-1.1181820380589776e-13
-1.1664636532180403e-13
-1.3299177762665729e-13
-1.6187306193977751e-13
-1.6732406874453034e-13
-1.7044404934111843e-13
-1.8821572751239969e-13
-2.1682197457788314e-13
-2.2545601209510337e-13
-2.4617097086816555e-13
-2.7836827777940922e-13
-2.9939424918588583e-13
-3.3416394523871307e-13
-3.6472710177292239e-13
-3.9503689106450909e-13
-4.4929513243257690e-13
-5.0688976124587811e-13
-5.6038454149671364e-13
-6.1830106487544180e-13
-6.5284530879808475e-13
-6.7842304319088244e-13
-7.3021375830883207e-13
-7.7774948822003992e-13
-8.0695451493416685e-13
-8.4825336077558840e-13
-9.1676164671211455e-13
-9.8760233898838034e-13
-1.0868600798875783e-12
-1.1750708128124396e-12
-1.2688018527885873e-12
-1.3774816574900906e-12
-1.5020724340670337e-12
-1.6424416863688660e-12
-1.7916251466201898e-12
-1.9689133191076030e-12
-2.1420801445483496e-12
-2.3543937958239542e-12
-2.5719444400988946e-12
-2.8151035726851173e-12
-3.0718906898073558e-12
-3.3791784656557018e-12
-3.6745009496374468e-12
-4.0940002056585546e-12
-4.5091355488876402e-12
-4.9798337636245051e-12
-5.4532808609026509e-12
-6.0360191152647056e-12
-6.6731459213147890e-12
-7.3691504959196895e-12
-8.1134983519201931e-12
-8.9145322750379918e-12
-9.7839891999509634e-12
-1.0727879059141044e-11
-1.1721089331718720e-11
-1.2832975441485986e-11
-1.3957342529416919e-11
-1.5203744223395236e-11
-1.6516320387323525e-11
-1.7930396027154684e-11
-1.9413825120595284e-11
-2.1023650175928620e-11
-2.2664476965477415e-11
-2.4457876143808546e-11
-2.6302589513915324e-11
-2.8269819104635096e-11
-3.0307611460477250e-11
-3.2414647900547489e-11
-3.4583679339077188e-11
-3.6827268073145510e-11
-3.9108214278075017e-11
-4.1462501248058691e-11
-4.3817111194843476e-11
-4.6267481383269967e-11
-4.8707618465426756e-11
-5.1228651305176587e-11
-5.3718676493527310e-11
-5.6222308024387251e-11
-5.8696315835560948e-11
-6.1168476163506652e-11
-6.3603157204083680e-11
-6.6067600711548345e-11
-6.8413676101638980e-11
-7.0682725914867946e-11
-7.2900965225719633e-11
-7.5014879499207584e-11
-7.7019422816971884e-11
-7.8916317651792845e-11
-8.0665113915329212e-11
-8.2298053506312106e-11
-8.3761197528390157e-11
-8.5107476243226986e-11
-8.6232170264300305e-11
-8.7230404681119263e-11
-8.7994950023589717e-11
-8.8654929833037369e-11
-8.9063807734148457e-11
-8.9338637512239756e-11
-8.9413104897226331e-11
-8.9306572997660454e-11
-8.8964190588375661e-11
-8.8470523349324955e-11
-8.7788764967469900e-11
-8.6943287291648701e-11
-8.5906867230810389e-11
-8.4693921868101950e-11
-8.3363283315780450e-11
-8.1887145757688808e-11
-8.0233923682457946e-11
-7.8471431872983109e-11
-7.6544078201396872e-11
-7.4546855015346660e-11
-7.2439140360505013e-11
-7.0219226548602438e-11
-6.7954306622698230e-11
-6.5649975950782262e-11
-6.3276765688925245e-11
-6.0852959482609349e-11
-5.8410272999320656e-11
-5.5967553204739226e-11
-5.3527672633519991e-11
-5.1105005358787029e-11
-4.8686619187295891e-11
-4.6305162775533082e-11
-4.3950600553261185e-11
-4.1632318140013233e-11
-3.9357349367106350e-11
-3.7133878623597972e-11
-3.4957011134053234e-11
-3.2812905497240242e-11
-3.0774323358916067e-11
-2.8800950142525258e-11
-2.6913883157107932e-11
-2.5096326907629076e-11
-2.3394984968750362e-11
-2.1736879661982426e-11
-2.0170743564075335e-11
-1.8680123066838223e-11
-1.7280162686036129e-11
-1.5927594488062680e-11
-1.4669461683444086e-11
-1.3485996031015795e-11
-1.2391436974342209e-11
-1.1354713896066400e-11
-1.0390340713755639e-11
-9.4273202661868494e-12
-8.5881456225049642e-12
-7.8088632969409373e-12
-7.1013009546832646e-12
-6.4450225834326405e-12
-5.8555360116981946e-12
-5.3070113008000573e-12
-4.8301516097268068e-12
-4.3857110588513347e-12
-3.9788786550885842e-12
-3.6095028701452143e-12
-3.2389673918953365e-12
-2.9272600565140346e-12
-2.6411571220757113e-12
-2.3900726483169311e-12
-2.1500415519953916e-12
-1.9308495442626039e-12
-1.7553218635098325e-12
-1.5631637066230297e-12
-1.4165809690576637e-12
-1.2692973544763123e-12
-1.1321622660970349e-12
-1.0105534746257417e-12
-8.9251756050795150e-13
-7.4529980856968490e-13
-6.7032989656201016e-13
-5.5502381806687289e-13
-4.7481465653718872e-13
-3.9503161458938094e-13
-3.4741426578052744e-13
-2.7913047757910741e-13
-2.2971776679845069e-13
-2.0847196075129491e-13
-1.8026111976836924e-13
-1.6067847454501008e-13
-1.5137136392692399e-13
-1.6065135668717273e-13
-1.3424071205183767e-13
-1.2550155736925353e-13
-1.1620293598966625e-13
-1.1545353509807187e-13
-1.1020987497303867e-13
-1.2029165803739537e-13
-1.3381908692388338e-13
-1.3295301046847312e-13
-9.5600707999140864e-14
-9.3866476532520427e-14
-7.7897149152454025e-14
-9.1350326632518306e-14
-8.3827849159428130e-14
-9.3273156895538038e-14
-9.9105929462369830e-14
-1.0680494666232243e-13
-6.3680294073419963e-14
-7.1815563919588007e-14
-7.1017695018008661e-14
-5.8433530937337495e-14
-6.8502032828918453e-14
-6.5981589350716992e-14
-6.9001216094687863e-14
-6.6409452468767544e-14
-2.7280672507404053e-14
-2.6367539586425711e-14
-2.8499860214724873e-15
6.1616143046802050e-16
2.8374395334784160e-14
1.5081708442283676e-14
3.0425435886986061e-14
2.0771872663860307e-14
7.3292378141924253e-14
6.5454859597423060e-14
7.4431303030270944e-14
7.8592418907508706e-14
1.0206595052476595e-13
9.8573453117168822e-14
7.1546598971644624e-14
8.4560799528325426e-14
1.1862173503518441e-13
1.2236400342455369e-13
1.2477096999898493e-13
1.5485106264184398e-13
1.4459646102941781e-13
1.6044905440951900e-13
1.0603281404476947e-13
1.1244212518486467e-13
1.2870446728298256e-13
9.3846032817584940e-14
7.8582982178154009e-14
4.3732733071023691e-14
8.6500206977988201e-15
-3.8181463527872686e-15
-3.6372462354968720e-14
-4.9679952531811676e-14
-5.4514479503950853e-14
-6.1737230667591013e-14
-5.4389359140430618e-14
-2.9892427297760065e-14
-3.1918815010099758e-14
-1.6611924008399619e-14
2.5120947269897931e-16
-2.2348069759518992e-14
2.1924357286344361e-14
6.6285176181599191e-15
1.4670707897452128e-14
2.8569675187334523e-14
1.3053794253730702e-14
2.2264639871496309e-14
8.4054548727902689e-15
3.8578421412190591e-15
-6.1010045804569148e-15
-1.2928859370953974e-14
-2.5733346210967800e-14
-2.2558308952883274e-14
-1.7779480271751721e-14
-2.3881087093591986e-14
-3.2533100702285685e-14
-2.8309571769456533e-14
-1.2684282671676667e-14
-2.9243535319174073e-14
-3.2904204066672041e-14
-1.7857337521497869e-14
-1.8697000749861022e-14
-7.2991589172783773e-15
-3.8138348424252809e-15
-1.7649198482955097e-14
-2.7520455521313806e-14
-1.4297502017381974e-14
-1.8643876613542264e-14
-3.2505287086156381e-15
-6.7949076653911940e-15
-5.2662933615020077e-15
-3.8550461943171216e-16
3.6656710060190072e-15
-7.1960939542095825e-15
3.9712183771917177e-15
-4.2533336651917738e-15
-5.4085016156205061e-15
-4.2295335500197910e-15
2.1867429847252609e-14
4.2611379537606025e-15
5.7291958655986461e-15
-1.5645281961490747e-14
-1.4564153714977758e-14
-9.8384828288713538e-15
-1.0274420932907564e-14
1.7152795981317502e-14
1.9466125398668161e-14
2.5571895929163766e-14
5.0159949564521537e-14
1.6934822100761705e-14
2.3186625140030417e-14
1.7480053033937754e-14
3.7901106175186485e-14
4.2555432671330569e-14
6.1131104995457029e-14
6.6139862970471601e-14
6.6429113339194124e-14
3.8225846020233539e-14
3.7238332863098887e-14
4.1469488144088464e-14
4.7010727394884264e-14
3.6895132847172915e-14
3.8817659088141724e-14
5.9966476938404787e-14
6.9004420846381937e-14
3.5695513405594641e-14
5.1948162349950655e-14
3.6193519633392544e-14
4.1064576282867232e-14
3.6923999902957778e-14
4.9508796244926548e-14
4.6111791219364873e-14
6.3923029984603408e-14
3.4259034440642468e-14
5.4957131491680839e-14
3.2423372966876104e-14
3.9287832285628795e-14
3.7033956442316527e-14
3.8835859907540872e-14
5.3822055533407436e-14
6.1484629471695932e-14
2.7848960484598214e-14
3.6671161690708208e-14
3.0895464048632154e-14
3.5149728241467861e-14
2.9399286211107498e-14
4.2662938247646409e-14
2.7765802841609105e-14
3.1938192730062727e-14
2.6259612594520636e-14
1.0739083375097005e-14
1.7719427573762128e-14
3.6915398910961033e-14
3.6104257332258232e-14
3.6148758683206333e-14
4.5729776313674352e-14
4.5374226717113523e-14
4.4246099937888982e-14
3.0142258757156600e-14
3.4980640622301948e-14
2.3910700006504454e-14
3.0149701402964892e-14
3.4060895119851264e-14
3.0501269101102030e-14
2.0305014017438852e-14
-1.6655641033698094e-16
2.4413529977711665e-14
1.5562481895104068e-15
2.5431021450363648e-14
3.2269548690173065e-14
3.7487083086280931e-14
3.1196325731584442e-14
3.7059689248254427e-14
3.3656139858623201e-14
3.7117809700022414e-14
4.5779478605635812e-14
4.7480236009802878e-15
1.2949452218277425e-14
2.8392867430328462e-14
1.1504761547410844e-14
1.5574595257459735e-14
-1.9337437048237632e-15
-7.5881469437855492e-15
6.3685694700584058e-15
3.2727109290600120e-15
2.6113448707282482e-15
1.3289051736312492e-14
1.7303105607577295e-14
2.4811968868428297e-14
9.2157536058459374e-15
1.2827375365341669e-14
4.6561881063868253e-15
2.1427195594382241e-15
-7.8624841518054596e-15
-1.1615803011002262e-14
1.4691669607227232e-14
1.0439853986311215e-15
-1.9269777386922757e-15
-6.9387271359753582e-15
3.3634522945372422e-15
