5.3812012765081782e-02
6.3910873754708636e-02
7.5337623623027233e-02
8.8294008145934133e-02
1.0300740292986961e-01
1.1973165278692721e-01
1.3874638553864246e-01
1.6036300135521031e-01
1.8492587353377837e-01
2.1281741046537136e-01
2.4446053177217036e-01
2.8032354302116952e-01
3.2092346702412666e-01
3.6683104001669575e-01
4.1867471708696141e-01
4.7714591913133791e-01
5.4300360592784025e-01
6.1707981385698563e-01
7.0028470482833538e-01
7.9361237533274576e-01
8.9814627764506694e-01
1.0150652309485155e+00
1.1456490850078562e+00
1.2912848162847281e+00
1.4534722688375135e+00
1.6338301697493991e+00
1.8341017403422817e+00
2.0561604153166839e+00
2.3020150718203887e+00
2.5738151861934941e+00
2.8738553813835255e+00
3.2045797057598486e+00
3.5685851534914721e+00
3.9686247039358693e+00
4.4076094279732967e+00
4.8886098869884176e+00
5.4148564042657146e+00
5.9897383930550037e+00
6.6168023497889559e+00
7.2997486649661099e+00
8.0424268881509704e+00
8.8488295773691910e+00
9.7230843985743540e+00
1.0669444592769798e+01
1.1692277508593278e+01
1.2796051314902117e+01
1.3985319627502397e+01
1.5264704171199048e+01
1.6638875252760052e+01
1.8112530182146138e+01
1.9690369464629359e+01
2.1377070926418117e+01
2.3177261648997089e+01
2.5095487908333276e+01
2.7136183051738044e+01
2.9303633549060841e+01
3.1601943212466470e+01
3.4034995867229235e+01
3.6606416531459807e+01
3.9319531435946587e+01
4.2177327005687168e+01
4.5182408183339810e+01
4.8336956277164219e+01
5.1642686759965812e+01
5.5100807256926082e+01
5.8711976189045913e+01
6.2476262356497188e+01
6.6393105959349356e+01
7.0461281374236918e+01
7.4678862202400680e+01
7.9043188926737884e+01
8.3550839695498581e+01
8.8197604571478280e+01
9.2978463748331180e+01
9.7887570054195905e+01
1.0291823620831947e+02
1.0806292711115798e+02
1.1331325757701666e+02
1.1865999572877293e+02
1.2409307238677164e+02
1.2960159659026192e+02
1.3517387748767578e+02
1.4079745263489463e+02
1.4645912282595583e+02
1.5214499338147456e+02
1.5784052189525724e+02
1.6353057224037477e+02
1.6919947470404639e+02
1.7483109192391620e+02
1.8040889036260313e+02
1.8591601686588791e+02
1.9133537991395801e+02
1.9664973499184734e+02
2.0184177357259074e+02
2.0689421503453073e+02
2.1178990090832673e+02
2.1651189069108057e+02
2.2104355854888237e+02
2.2536869008722078e+02
2.2947157846486996e+02
2.3333711900301432e+02
2.3695090155161975e+02
2.4029929977020055e+02
2.4336955660542560e+02
2.4614986516227859e+02
2.4862944430588661e+02
2.5079860826376262e+02
2.5264882965284190e+02
2.5417279530501443e+02
2.5536445443195706e+02
2.5621905863357824e+02
2.5673319343138149e+02
2.5690480098253261e+02
2.5673319381407134e+02
2.5621905939838069e+02
2.5536445557766402e+02
2.5417279682991528e+02
2.5264883155456124e+02
2.5079861053951879e+02
2.4862944695221870e+02
2.4614986817543601e+02
2.4336955998098273e+02
2.4029930350357736e+02
2.3695090563758197e+02
2.3333712343632718e+02
2.2947158323967955e+02
2.2536869519784321e+02
2.2104356398906194e+02
2.1651189645491735e+02
2.1178990698940632e+02
2.0689422142699402e+02
2.0184178027012931e+02
1.9664974198891980e+02
1.9133538720464418e+02
1.8591602444525782e+02
1.8040889822542292e+02
1.7483110006617616e+02
1.6919948312151055e+02
1.6353058093027622e+02
1.5784053085468275e+02
1.5214500260923691e+02
1.4645913232080403e+02
1.4079746239757466e+02
1.3517388751895632e+02
1.2960160689319696e+02
1.2409308296453055e+02
1.1866000658712107e+02
1.1331326872193713e+02
1.0806293855156895e+02
1.0291824795347480e+02
9.7887582116660326e+01
9.2978476141145535e+01
8.8197617311417744e+01
8.3550852799987226e+01
7.9043202417418541e+01
7.4678876101782095e+01
7.0461295709609217e+01
6.6393120759145930e+01
6.2476277654594647e+01
5.8711992020821270e+01
5.5100823663987732e+01
5.1642703785884805e+01
4.8336973972690487e+01
4.5182426601785480e+01
4.2177346208692100e+01
3.9319551488490688e+01
3.6606437508253777e+01
3.4035017847332192e+01
3.1601966286393228e+01
2.9303657812981029e+01
2.7136208615409085e+01
2.5095514888858620e+01
2.3177290179718131e+01
2.1377101150210965e+01
1.9690401543918412e+01
1.8112564291723377e+01
1.6638911591120664e+01
1.5264742952875343e+01
1.3985361095969447e+01
1.2796095734430192e+01
1.1692325179034327e+01
1.0669495840950260e+01
9.7231395953537643e+00
8.8488891286223534e+00
8.0424912545953067e+00
7.2998183528213181e+00
6.6168779340085395e+00
5.9898205078073925e+00
5.4149457703900445e+00
4.8887073025199763e+00
4.4077158008891599e+00
3.9687410430603278e+00
3.5687126079267459e+00
3.2047195566640925e+00
2.8740090899295532e+00
2.5739843869303725e+00
2.3022016316124705e+00
2.0563664293043047e+00
1.8343296051503508e+00
1.6340825834819814e+00
1.4537523230060871e+00
1.2915960018448787e+00
1.1459954090823146e+00
1.0154512316890238e+00
8.9857717412367033e-01
7.9409409504255080e-01
7.0082407841099803e-01
6.1768462038495919e-01
5.4368282893416131e-01
4.7790981643538527e-01
4.1953516173500099e-01
3.6780162314665471e-01
3.2201995827479490e-01
2.8156403612701852e-01
2.4586607652550560e-01
2.1441220937256808e-01
1.8673816735359364e-01
1.6242531514872871e-01
1.4109680633721927e-01
1.2241408536832898e-01
1.0607350184378954e-01
9.1803273010279698e-02
7.9360535496688131e-02
6.8528745510992362e-02
5.9115139127195765e-02
5.0948540761430218e-02
4.3877197696285841e-02
3.7766964283836101e-02
3.2499474044308661e-02
2.7970666986019875e-02
2.4089262876067014e-02
2.0775601796353200e-02
1.7960384731004024e-02
1.5583802928696194e-02
1.3594516623256510e-02
1.1949057179060991e-02
1.0611021623961015e-02
9.5507436088858068e-03
8.7446908339842179e-03
8.1754179460588848e-03
7.8311665768023529e-03
7.7061379504667522e-03
7.8003122025028654e-03
8.1201151160318411e-03
8.6784959202483025e-03
9.4961192291853208e-03
1.0601769198699056e-02
1.2034289719928608e-02
1.3843413929673483e-02
1.6092835703971159e-02
1.8861575460009765e-02
2.2248875781985186e-02
2.6376117365927983e-02
3.1394886481660299e-02
3.7489607618803496e-02
4.4881776062233217e-02
