7.3651686949534927e-15
1.2039056778729654e-14
2.9144631581446126e-14
2.2361766770967204e-14
2.6286445175780926e-14
2.2800061212080344e-14
4.3491234389171166e-15
1.8750343446237457e-14
6.8727500284836361e-15
1.7563667391161857e-14
7.8036918090048940e-16
2.1210007984181064e-14
1.3331384445560990e-14
1.2970039129629814e-14
1.1708421894675496e-14
1.8395640569539646e-14
2.1205161739010812e-14
1.4862918478771662e-14
1.1298712906423263e-14
3.9346456548408337e-14
3.4517176089573930e-14
4.5839136698185914e-14
5.3703271675585072e-14
4.7244326566473897e-14
6.0330753003241868e-14
6.4447657607545876e-14
5.4158918720577855e-14
7.3714313249702530e-14
6.1086313683754526e-14
4.9687073587093886e-14
5.7946383684582199e-14
5.9410834701980344e-14
4.1993783709850452e-14
4.1915894487111998e-14
5.8297860025755824e-14
4.3998162145184995e-14
6.3025794539359660e-14
5.5558071486400431e-14
5.0469067771195996e-14
3.6371244122694052e-14
1.1274045616718529e-14
1.4335613313433894e-14
2.1651514142322694e-14
5.9487314665419403e-15
1.0732269679586628e-14
3.8672638044521911e-15
1.4570942830684249e-14
-6.5476956237476100e-16
-1.5855185747935159e-14
-1.0535376513888898e-14
-1.3195337034288223e-14
2.8761721740390419e-15
3.7911260823566159e-15
-1.1557844008365458e-14
-9.7319164256737405e-15
-1.5374921145992168e-14
-1.8438843988208995e-14
-1.3153987283858369e-14
-1.5276764673216002e-14
-1.3475290825887476e-14
-1.6064891944116427e-14
-9.7650709436085383e-15
-2.3507622435676439e-15
-2.2370611002496768e-15
-9.4201488326709166e-15
8.3430842395079960e-15
1.7311319137483170e-15
1.8538722695691991e-14
2.2372442755081581e-14
1.8016543897164634e-14
4.7152760888208913e-14
3.2834331260338399e-14
3.8525453864092997e-14
4.5572384258317263e-14
5.5118132290235424e-14
6.2785418066943716e-14
4.6089360646694707e-14
5.7274274452501677e-14
4.3784486573382247e-14
5.3214076638509185e-14
2.9781262514730125e-14
2.1011904009402005e-14
1.4768355088788446e-14
3.2487110423525030e-14
1.4506945263964777e-14
-7.1955819850843037e-15
7.7600798188772550e-15
2.7513862273782634e-14
4.3708195637677744e-15
1.4391328993924875e-14
2.6453101307641213e-14
3.8991555705053904e-14
9.5358973588281344e-15
4.2576980051744998e-14
1.5258213811799153e-14
2.0656149238004996e-14
-8.0012457352143142e-15
-1.6369480042675686e-14
-4.7481227840052478e-14
-1.9004577291229300e-14
-2.3154636326789129e-14
-2.3310068837896973e-14
1.3185792802356200e-14
2.0828938530430896e-14
1.0496950022308910e-14
4.1244176390958810e-14
5.3024351765729191e-14
5.0428404683420971e-14
5.9357635619714652e-14
7.0038487555502999e-14
6.9020610733153602e-14
5.3306069915834104e-14
3.4411120640690180e-14
8.8654086079074385e-15
4.9224366777825145e-15
-8.8268310911969431e-15
-3.0644812520260274e-14
-2.7626239173681615e-14
-2.3456345365113163e-14
-2.0905503584065812e-14
-3.9981765930420437e-14
-3.3643895759358209e-14
-4.7574464108186023e-14
-3.8441376610225691e-14
-5.6300295238980319e-14
-4.0865559276397088e-14
-6.5210469849048207e-14
-4.8404154393070082e-14
-8.2024558312777190e-14
-6.9405361256733179e-14
-8.9089312093954772e-14
-9.4486586591374607e-14
-1.1706310281208809e-13
-1.0888908689549338e-13
-1.1037151027395922e-13
-1.1370034468719107e-13
-1.3221218359464074e-13
-1.3736271888553934e-13
-1.6881257658950372e-13
-1.9988121229888060e-13
-2.4342220999475977e-13
-2.6369427116401227e-13
-3.1704663377391199e-13
-3.7379854593359617e-13
-4.1033274086492812e-13
-4.6711090320203113e-13
-5.1585379587739467e-13
-5.5374199371967892e-13
-5.9907614725752045e-13
-6.1638167224586631e-13
-6.7721827515425932e-13
-7.0963829893901517e-13
-7.7464679609408032e-13
-8.4484380088750950e-13
-9.0148491032616028e-13
-9.9918029239872631e-13
-1.1032032992585926e-12
-1.1612076979380107e-12
-1.2718104026966258e-12
-1.4000403613982554e-12
-1.5195726837322578e-12
-1.6646185040743532e-12
-1.8561646553248325e-12
-2.0023332539756868e-12
-2.2111784500237158e-12
-2.3997905246575861e-12
-2.6357212488368434e-12
-2.8817769107756169e-12
-3.1501069709282625e-12
-3.4423066161421895e-12
-3.7998903557880870e-12
-4.1681469059190169e-12
-4.6288939775121370e-12
-5.0827846229006909e-12
-5.6175621423620216e-12
-6.2112061478116843e-12
-6.8351370457925214e-12
-7.5269085265998225e-12
-8.2678679015356232e-12
-9.0737918412837254e-12
-9.9643838631389621e-12
-1.0833151867603563e-11
-1.1833848214697000e-11
-1.2870752070946699e-11
-1.3990532645707788e-11
-1.5189457655740721e-11
-1.6482258696580270e-11
-1.7849089489787579e-11
-1.9311585207380225e-11
-2.0810155301215199e-11
-2.2453689990022966e-11
-2.4155972656749668e-11
-2.5951879944517931e-11
-2.7829012464630840e-11
-2.9761987183295313e-11
-3.1737309004933476e-11
-3.3776685870085112e-11
-3.5855261511719845e-11
-3.8003150133895855e-11
-4.0152761396141696e-11
-4.2388895476878461e-11
-4.4589816347496528e-11
-4.6878936877678493e-11
-4.9137239910442164e-11
-5.1448949506577435e-11
-5.3726888531341798e-11
-5.6006678155828346e-11
-5.8234202155479683e-11
-6.0462582403703334e-11
-6.2597150805818782e-11
-6.4675125246419405e-11
-6.6743039760870891e-11
-6.8644417426923584e-11
-7.0480340869887561e-11
-7.2229508962039363e-11
-7.3810056009038326e-11
-7.5311516356167421e-11
-7.6660769427791054e-11
-7.7876010807507198e-11
-7.8896073207057843e-11
-7.9806751633522896e-11
-8.0530963054569349e-11
-8.1150016815170152e-11
-8.1539228093432019e-11
-8.1762954783194556e-11
-8.1853044326076439e-11
-8.1742475595519332e-11
-8.1497674219226338e-11
-8.1024612132966047e-11
-8.0400929325547064e-11
-7.9613611673481169e-11
-7.8684700613832734e-11
-7.7573499126216524e-11
-7.6364880933980895e-11
-7.5020115065331731e-11
-7.3502348448537669e-11
-7.1871614242348223e-11
-7.0129065128329787e-11
-6.8265860779594568e-11
-6.6339713173774306e-11
-6.4276335807940605e-11
-6.2210446078708352e-11
-6.0079865909126029e-11
-5.7906152114980728e-11
-5.5699348713809736e-11
-5.3475829668906583e-11
-5.1218755386467969e-11
-4.9002336443061074e-11
-4.6778033773275541e-11
-4.4590489827146300e-11
-4.2391115793579895e-11
-4.0249463337995450e-11
-3.8122626925055722e-11
-3.6043132196955786e-11
-3.3981194427131246e-11
-3.2006173860243489e-11
-3.0044694075816812e-11
-2.8169608126854352e-11
-2.6355913137214093e-11
-2.4636116537238171e-11
-2.2974681914333642e-11
-2.1392779910029124e-11
-1.9869041768425784e-11
-1.8473191689092398e-11
-1.7083398871020591e-11
-1.5838467054476920e-11
-1.4615877984519004e-11
-1.3461072936945035e-11
-1.2364555268814090e-11
-1.1370063315522781e-11
-1.0407148021289703e-11
-9.5156870205657712e-12
-8.6591850440361768e-12
-7.9036384709504169e-12
-7.1653331932646749e-12
-6.5213838095745433e-12
-5.8953008004299346e-12
-5.3711111145637586e-12
-4.8611865666124434e-12
-4.4077359710989016e-12
-4.0023316977488903e-12
-3.6372671186314790e-12
-3.2886745668828082e-12
-2.9864902280106061e-12
-2.7007486183287421e-12
-2.4735460753653112e-12
-2.2245028743546680e-12
-2.0131009903127014e-12
-1.8228981894480915e-12
-1.6731562096890439e-12
-1.4655099194615395e-12
-1.3417466826295457e-12
-1.2109507217245869e-12
-1.0897360813884115e-12
-9.6598020971440508e-13
-8.6214973772542334e-13
-7.3082316876433422e-13
-6.5779647707376378e-13
-5.5048351314412520e-13
-4.7835659651882710e-13
-4.1356315063221934e-13
-3.4176841320446810e-13
-2.9043270668184806e-13
-2.3771299242533625e-13
-2.0472033455467657e-13
-1.7910391843172492e-13
-1.6215047150850117e-13
-1.3485330319685446e-13
-1.1902432667702989e-13
-1.1085838016311944e-13
-1.1865962243667064e-13
-1.2462739382654493e-13
-1.1798875431821732e-13
-1.3189522542416202e-13
-1.2425057747559237e-13
-1.2224130380083939e-13
-1.1510078872083852e-13
-1.1812645622657330e-13
-9.0608693148157462e-14
-8.0644517155559418e-14
-5.1429473076872572e-14
-7.4131963892751276e-14
-6.7237154842713682e-14
-5.6446251924378028e-14
-6.6204648169842908e-14
-5.0066281716133662e-14
-5.4047733846826864e-14
-5.5230346024620086e-14
-5.6179148988361678e-14
-6.2601870618751543e-14
-5.9567573506642149e-14
-5.8502341149399443e-14
-4.8356927420494530e-14
-2.3111059512318733e-14
1.7737101173708938e-14
2.7384855098240634e-14
4.4274388239056108e-14
7.6223702745160957e-14
6.9753775764497348e-14
7.4150814397710861e-14
8.2990855571330023e-14
1.2893965855377612e-13
1.3044014653242748e-13
1.0956964999213476e-13
1.5397651782397285e-13
1.3682122416739429e-13
1.2173638487057535e-13
1.0713431709818541e-13
1.3156377773051031e-13
1.2403517725906482e-13
1.3707238532042074e-13
1.5587010619901448e-13
1.8109057574311176e-13
1.9958017024617534e-13
1.9538382967059325e-13
1.8317182543345800e-13
1.6544617125954792e-13
1.7861499431570994e-13
1.4742101092375256e-13
1.1455875677903641e-13
1.0424669107440346e-13
5.4023709257756995e-14
2.5360096176135286e-14
9.3719179121095204e-15
-8.6527586962802432e-15
-1.1591598559980927e-14
-1.2626549947655640e-14
-1.3332157417211513e-15
2.0180606726309657e-14
4.8519768662410758e-14
4.4641900935064717e-14
4.4555861011048390e-14
4.9950707822383155e-14
5.9461418320330479e-14
4.3583932673857248e-14
5.2622067817706047e-14
7.3896522751748938e-14
6.0128556241845720e-14
7.3125170104387741e-14
6.8636528194595481e-14
6.4712606824375102e-14
5.3092080706927144e-14
4.9613482898897769e-14
2.6202440586205591e-14
5.1994948491194637e-14
4.5414455605839664e-14
4.5310746474803258e-14
3.0990652024315897e-14
2.8216021151226310e-14
3.5931294876943194e-14
1.1548930197502266e-14
1.7675700786519094e-14
2.3377169044562859e-14
1.8615965340767364e-14
2.6028301191687912e-14
1.0924141144267348e-14
3.4597720945850914e-14
2.5025969531586065e-14
1.6815612075371364e-14
1.0091163317390260e-14
2.2081113419499771e-14
2.4529562758427952e-14
2.5327804885888410e-14
1.7985795777400836e-14
2.1991484817175932e-14
-2.6368032303077713e-15
-3.6689749785852490e-15
-5.8315817416163457e-15
-1.5506975723863993e-15
-1.9418509686799580e-15
-7.9739791826904208e-15
1.1768728064865104e-14
2.5818291856877716e-14
1.8701431457150571e-14
2.6915270530799509e-14
1.0397989160159299e-14
1.9674988092899420e-14
3.2893783236099448e-14
1.3479412582606664e-14
2.5878615444979523e-14
2.6863248320087167e-14
1.0507211959536092e-14
5.4139320957479889e-15
1.8038031278742792e-14
2.8719701198545751e-14
3.6073157758516283e-14
2.9923026919904451e-14
3.2187417463327769e-14
5.8750071497532423e-14
2.1296195086690915e-14
1.8446472812617237e-14
4.3135780753924101e-14
2.4109525906793917e-14
2.4825228811449881e-14
3.5336873556349428e-14
2.4504080460193527e-14
4.4895989062232492e-14
6.4019131199550343e-15
1.4633782335531618e-14
1.3627565839736460e-14
1.0740877408986757e-14
3.0811333094635430e-14
2.2328490717849671e-14
2.3994466893069722e-14
3.0155526883592162e-14
1.4526630093302047e-14
1.2817917679354550e-14
1.2906580405942627e-14
8.2431685865351530e-15
2.4135629256852044e-14
2.2060222368851156e-14
2.9157837487263481e-14
4.3140574453439795e-14
2.9788769423508317e-15
8.4263221883291544e-15
3.2649090377105752e-15
1.2680013959625643e-14
1.3186052899147015e-15
1.9154233246511928e-14
-8.9587859910705711e-16
1.7814573365695073e-14
8.4175819673366149e-15
1.4931253383455278e-14
1.3201404372409862e-14
1.0071102892494053e-14
1.5700858904789306e-14
-6.8378710380591120e-17
2.2967316765525976e-14
1.6855826820341468e-15
2.0344834089878339e-15
1.1075608472351085e-14
-1.4166241359025281e-14
-1.7160896332808901e-14
5.7642792421226133e-15
6.9140473604692248e-15
-2.4004011112104136e-14
4.2580659239236278e-15
-7.6308331130231339e-15
2.2223837255023880e-14
1.4405060590916697e-14
1.5757879002127328e-15
1.7299986382436623e-14
3.5997185769659109e-14
3.9463339219200617e-14
3.8957885540946820e-14
3.1315026669824570e-14
2.5429637001382770e-14
4.5093035578606196e-14
3.7384988241811810e-15
1.5958447962799750e-14
3.5662130107078141e-14
2.2043871456185697e-14
1.8745650518296202e-14
1.8018055103825901e-14
7.5991691963450198e-15
1.1457364389771395e-14
-3.3275430025082395e-15
2.0119073846310727e-15
1.4272803745700507e-14
9.5737124671380863e-15
1.6276792951736443e-14
9.8054489551548370e-15
1.1543782099221231e-14
1.3298242717589874e-14
5.4695429928855289e-15
9.1565554563262644e-15
1.7233806846072912e-14
1.5110834125375765e-14
3.0117084821717224e-14
8.3593429356207713e-15
5.8600895774777027e-15
1.6091830658546441e-14
