3.2505932601233946e-13
1.6722844728085629e-13
-7.3544917072048739e-13
1.8790094166690797e-13
2.8247782746376728e-13
-3.2122021796473261e-13
-1.9589118167423726e-13
5.9713601266189621e-13
-1.2667499052490156e-13
4.2191073679366070e-13
3.9193764817542183e-13
3.2267052185999678e-13
2.4288948059442149e-13
-2.7904196637916263e-14
5.2875107478190727e-14
-2.9398426790007779e-13
4.3858915877557236e-13
4.2546453066123231e-13
-3.0014697007388238e-13
1.5709788266278003e-13
3.0638954350792760e-13
8.9277873370413798e-13
4.5325420239366174e-13
-2.4023657305167551e-13
-3.6143439470600250e-13
6.8762150614093359e-14
9.7419085543851876e-14
-2.8247914591199398e-13
-2.3115278949710755e-13
8.1622504996529731e-13
6.6315782965578172e-14
-2.9684145145986499e-13
1.5811655969241507e-15
-1.0925358441171104e-12
-5.4775237016003226e-13
1.6566792918308018e-13
1.2637804889729405e-13
2.3666070377615772e-13
4.7726398923110203e-13
-3.9982386222638135e-13
2.1529077167011982e-13
-4.9054463294075707e-13
-2.5280448166114911e-13
-4.8377379845255140e-13
2.9090418890330989e-13
5.0567037379271386e-13
4.9014002785647375e-13
4.1702873609451454e-13
1.5961919688136372e-13
-6.1609486776956614e-13
-1.0622510805314655e-12
-1.6059521373673046e-12
-3.0072489463879696e-12
-5.2342728334960840e-12
-1.0125455023410853e-11
-1.6550480915421157e-11
-2.7057807246400434e-11
-4.2661601465326626e-11
-6.6402440277473650e-11
-1.0306235104384340e-10
-1.5629535746802018e-10
-2.3519736496694651e-10
-3.4958696850627583e-10
-5.1531386579851819e-10
-7.5425485314671039e-10
-1.0927122772270897e-09
-1.5721779262364340e-09
-2.2443575757046300e-09
-3.1814303820072049e-09
-4.4798991139113609e-09
-6.2649337724300211e-09
-8.7021289138395775e-09
-1.2009406488555785e-08
-1.6461942802481364e-08
-2.2417971662520435e-08
-3.0324216384613015e-08
-4.0741089835274190e-08
-5.4357341674401751e-08
-7.2004621290364896e-08
-9.4674575712080124e-08
-1.2351492026308015e-07
-1.5981773257718126e-07
-2.0497940174576611e-07
-2.6041441219610348e-07
-3.2741237692329242e-07
-4.0690216253053584e-07
-4.9908287462865350e-07
-6.0288385260121632e-07
-7.1516005399450169e-07
-8.2955516176992515e-07
-9.3490559754391460e-07
-1.0130319259425894e-06
-1.0357259551002744e-06
-9.6069036317506546e-07
-7.2613298221958198e-07
-2.4363545643164673e-07
6.1117005104287634e-07
2.0106511618287403e-06
4.1906315925635992e-06
7.4700319114043056e-06
1.2275603719596300e-05
1.9172806861972305e-05
2.8904016357116958e-05
4.2435349655070688e-05
6.1013548779838473e-05
8.6234377594715425e-05
1.2012402721294994e-04
1.6523493380245967e-04
2.2475721657319993e-04
3.0264657142560725e-04
4.0376887492973943e-04
5.3406088411967411e-04
7.0070522159540862e-04
9.1231613619849230e-04
1.1791304146849780e-03
1.5131949101048028e-03
1.9285386718336892e-03
2.4413131637886806e-03
3.0698786583854719e-03
3.8348083660998049e-03
4.7587741361279079e-03
5.8662685400963661e-03
7.1831077859886312e-03
8.7356482179730584e-03
1.0549636141790240e-02
1.2648596563523795e-02
1.5051651330025910e-02
1.7770641472504140e-02
2.0806412768900519e-02
2.4144108310500862e-02
2.7747297967729484e-02
3.1550763158929900e-02
3.5451747491443406e-02
3.9299480950562529e-02
4.2882789314128901e-02
4.5915612806962949e-02
4.8020281144810349e-02
4.8708427780190640e-02
4.7359476938138904e-02
4.3196704772233231e-02
3.5260963083812005e-02
2.2382262076196525e-02
3.1495393160738063e-03
-2.4120903932994649e-02
-6.1417640077412350e-02
-1.1106616675492553e-01
-1.7575969133928290e-01
-2.5858732754136432e-01
-3.6305813021624489e-01
-4.9311913452330225e-01
-6.5316530650168825e-01
-8.4803906393941908e-01
-1.0830168007235033e+00
-1.3637796582159474e+00
-1.6963656484855272e+00
-2.0871001629342705e+00
-2.5425019130250313e+00
-3.0691614651710895e+00
-3.6735897665952137e+00
-4.3620344294207491e+00
-5.1402620607039449e+00
-6.0133056080749414e+00
-6.9851765415528329e+00
-8.0585427146716189e+00
-9.2343739386692612e+00
-1.0511558651994122e+01
-1.1886496555376722e+01
-1.3352673683671217e+01
-1.4900228064013261e+01
-1.6515515820996075e+01
-1.8180689280369737e+01
-1.9873300231814458e+01
-2.1565942970367214e+01
-2.3225952971506228e+01
-2.4815177989687040e+01
-2.6289838926561174e+01
-2.7600497917546051e+01
-2.8692150663579824e+01
-2.9504459027340285e+01
-2.9972138271126536e+01
-3.0025511004093115e+01
-2.9591236916472880e+01
-2.8593223717048311e+01
-2.6953720392268199e+01
-2.4594589032310669e+01
-2.1438746110966814e+01
-1.7411758379773051e+01
-1.2443572586666493e+01
-6.4703522240529141e+00
5.6361136020482039e-01
8.7039516880566428e+00
1.7984286891370985e+01
2.8424333854646800e+01
4.0028127375393069e+01
5.2782397004810122e+01
6.6655154923837330e+01
8.1594547402709182e+01
9.7528019980777643e+01
1.1436184242884029e+02
1.3198103381250468e+02
1.5024972061286869e+02
1.6901195199016041e+02
1.8809298606683805e+02
2.0730104978669314e+02
2.2642956275663147e+02
2.4525980282585994e+02
2.6356397836809737e+02
2.8110865969807872e+02
2.9765851017915639e+02
3.1298024676949109e+02
3.2684675040008284e+02
3.3904123903884579e+02
3.4936141088682757e+02
3.5762346213324668e+02
3.6366588325377683e+02
3.6735294008063420e+02
3.6857775082699294e+02
3.6726487784590745e+02
3.6337236298907067e+02
3.5689314776020939e+02
3.4785583370796945e+02
3.3632475427933014e+02
3.2239934620402693e+02
3.0621282590734575e+02
2.8793019393089298e+02
2.6774560734863218e+02
2.4587917617931569e+02
2.2257325432670993e+02
1.9808830818246466e+02
1.7269845632266419e+02
1.4668678141347343e+02
1.2034052029591611e+02
9.3946240120467664e+01
6.7785107322247725e+01
4.2128352237728720e+01
1.7233025428563593e+01
-6.6618674517083365e+00
-2.9338776809510904e+01
-5.0604504017295120e+01
-7.0292532322018346e+01
-8.8264761385067629e+01
-1.0441262884703958e+02
-1.1865761797711950e+02
-1.3095116557301273e+02
-1.4127399839626190e+02
-1.4963493918081630e+02
-1.5606923432078591e+02
-1.6063646447574797e+02
-1.6341810635176802e+02
-1.6451481872292439e+02
-1.6404352832724373e+02
-1.6213439165113024e+02
-1.5892770692354938e+02
-1.5457084705083543e+02
-1.4921527896039271e+02
-1.4301372815117000e+02
-1.3611753946246597e+02
-1.2867427647801026e+02
-1.2082559289064146e+02
-1.1270539986897265e+02
-1.0443834427860259e+02
-9.6138603778887358e+01
-8.7908996571566192e+01
-7.9840396111659985e+01
-7.2011434554796864e+01
-6.4488473216571208e+01
-5.7325813924114932e+01
-5.0566121872122082e+01
-4.4241028441425264e+01
-3.8371881350180658e+01
-3.2970609409040613e+01
-2.8040669942207231e+01
-2.3578048497896908e+01
-1.9572282674881954e+01
-1.6007484600239508e+01
-1.2863339670726173e+01
-1.0116062483122008e+01
-7.7392943027136969e+00
-5.7049298400864084e+00
-3.9838644248027295e+00
-2.5466557959938863e+00
-1.3640976067622463e+00
-4.0770431028008869e-01
3.4989067385542910e-01
9.3461974374981538e-01
1.3707435749474359e+00
1.6806848335889768e+00
1.8849259143564645e+00
2.0019629834584385e+00
2.0483083989986803e+00
2.0385336203568607e+00
1.9853449657143023e+00
1.8996849934283970e+00
1.7908528296231987e+00
1.6666374043606011e+00
1.5334582581591076e+00
1.3965093089238221e+00
1.2599017001973674e+00
1.1268025630445775e+00
9.9956719783329351e-01
8.7986280538154360e-01
7.6878245960560809e-01
6.6694851000025757e-01
5.7460502923148404e-01
4.9169927869546681e-01
4.1795245523657493e-01
3.5292020935581675e-01
2.9604359418049170e-01
2.4669122156576945e-01
2.0419347335380719e-01
1.6786964897012577e-01
1.3704893181805766e-01
1.1108603279570443e-01
8.9372325644075060e-02
7.1343231119161438e-02
5.6482539883426663e-02
4.4324291605604769e-02
3.4452753446397130e-02
2.6500967479866352e-02
2.0148266006117126e-02
1.5117087414323181e-02
1.1169364602722880e-02
8.1027033758828207e-03
5.7465201967373493e-03
3.9582669856264990e-03
2.6198354074261701e-03
1.6342035508211405e-03
9.2236396236934312e-04
4.2055276957459430e-04
7.7784843299489876e-05
-1.4631126382200045e-04
-2.8337285825001652e-04
-3.5791680523536120e-04
-3.8871039752849397e-04
-3.8992402877148052e-04
-3.7209067849468898e-04
-3.4289664540027910e-04
-3.0782665959137460e-04
-2.7068485330735510e-04
-2.3401103801380600e-04
-1.9940968796320472e-04
-1.6780691367790728e-04
-1.3964866019645160e-04
-1.1505146364236874e-04
-9.3915360905121500e-05
-7.6006914714307300e-05
-6.1018993939649611e-05
-4.8612659359612429e-05
-3.8445514472171064e-05
-3.0189974188972325e-05
-2.3544173185596320e-05
-1.8237613582982246e-05
-1.4033193935841506e-05
-1.0726803130698056e-05
-8.1454092562952711e-06
-6.1442643030876251e-06
-4.6037168157955412e-06
-3.4259170635970314e-06
-2.5316349950981792e-06
-1.8573031931084533e-06
-1.3523691874214483e-06
-9.7695973816509539e-07
-6.9987992229574237e-07
-4.9690942666619517e-07
-3.4939018861010039e-07
-2.4305325863145058e-07
-1.6707275662886767e-07
-1.1328998996764469e-07
-7.5609342560453281e-08
-4.9507175394372830e-08
-3.1655433734747947e-08
-1.9622232401672639e-08
-1.1651938072056720e-08
-6.4818860072036023e-09
-3.2167595735652054e-09
-1.2262700277140343e-09
-7.4278482241591310e-11
5.4160807311268410e-10
8.2171841338217473e-10
9.0171914694654477e-10
8.7021500886929127e-10
7.8176128994521578e-10
6.6980300801377109e-10
5.5710845587690916e-10
4.5046316684774494e-10
3.5787579380520103e-10
2.7986158267873416e-10
2.1578284668679579e-10
1.6331881532510623e-10
1.2328144791537725e-10
9.2224862122633605e-11
6.7731294226745773e-11
4.9834707590879953e-11
3.6528797633975222e-11
2.5988509691153318e-11
1.8531950301276056e-11
1.3212793395585486e-11
9.5287927761830688e-12
6.2857584172337910e-12
4.5502918490208842e-12
2.8067659167534239e-12
2.1423305161031876e-12
1.6982090910735289e-12
5.6351508449180230e-13
5.7696177336540984e-13
4.8568257525682855e-13
1.5870647667146405e-13
-3.9089319690723305e-14
8.0967550868950241e-13
-5.0142209508988244e-13
-1.4069994463454235e-13
-2.4266031971155392e-13
2.1468537762969910e-13
-2.2522810829172470e-13
1.7893333893141220e-13
-6.6082381382618000e-14
1.6909079810000139e-13
2.7164822557345411e-13
1.6495826371050486e-14
-6.4589783098493422e-13
-1.7368328274153831e-13
2.0926771872945056e-14
-7.0170962091214784e-14
-2.4025724562818386e-13
4.7932196319963227e-13
9.4568174247969460e-14
1.0002608246422218e-13
2.4342876102546538e-13
3.5256036064846063e-13
-1.7669530368808362e-13
2.9886719253401614e-13
-2.1638734301455415e-13
1.8150557110113345e-13
-2.2627217241816892e-13
2.4154350317877815e-13
-4.7904370007207504e-13
8.1878555267798536e-13
5.3126534649652694e-14
-2.6785675764116858e-13
-3.6396102835882361e-13
4.6716714145094376e-13
-8.9553704550181612e-13
-1.7892048933388599e-13
-1.4213798569484461e-13
-2.5356649483430988e-13
1.4388527377779519e-13
-5.2168513562046540e-13
-3.2366433800800231e-15
-3.2162762900679137e-14
-8.3004488475069316e-14
-3.4597623065261863e-13
-6.3047234310439440e-13
-2.5345892611897726e-13
-3.3829434624430699e-13
-4.8122432479124203e-13
-3.9842330048755938e-13
-6.6349643194537547e-13
-1.6798714152730742e-13
5.0649745996985825e-14
7.0861955704295027e-13
-9.6560005700412382e-14
-1.1482756855880732e-13
-5.3595953995793847e-14
5.7630318548989921e-13
-8.0540620013892770e-13
4.4133575158651579e-13
-3.5964243371450763e-14
2.6108709986538003e-13
-3.1989710640014380e-15
-9.9932514193652931e-14
1.1392228971493451e-13
1.4724174599216250e-13
3.5339516454758541e-13
-3.2506200808847351e-13
-6.0353493282372318e-14
3.3638452893847535e-13
-4.1470933051787935e-13
1.0508611170610293e-13
3.4089354328392290e-13
1.2898702180155431e-13
-1.1364966581766148e-13
-1.5037818908600586e-13
1.6567085267404584e-13
8.0721852020270013e-13
3.8832429907543065e-13
2.3980064814886725e-13
2.1466009901071968e-13
3.6346194041824721e-13
2.1080437908447506e-13
-5.5674794857835042e-13
-2.7334365661827002e-13
3.2755923404312198e-13
1.5926709336237488e-13
4.3912718126939836e-13
8.8042633821717765e-14
2.7449654756788131e-13
1.1251146997401289e-13
1.9560184876110028e-14
-1.6786233368088787e-14
3.7177365046762476e-13
-1.0720511552913623e-14
-2.5927662446259983e-13
-1.6304391650157663e-13
4.6063356136943592e-13
1.9521944389319028e-13
-7.2283790633898137e-14
1.0900991255827933e-14
3.0786347444732642e-13
-5.3360232233054397e-14
-3.5772487803554252e-13
-2.1159201112371428e-14
3.8561815386646137e-13
