1.7088990751072340e-14
0.0000000000000000e+00
4.2848194890454879e-14
2.5746461098988895e-14
2.5783890221071294e-14
0.0000000000000000e+00
1.2929200347765736e-14
1.2947740365175864e-14
0.0000000000000000e+00
1.2984643555757396e-14
3.4674682864759846e-14
2.1702181288427881e-14
3.9118653979616091e-14
4.3525778033097423e-15
2.3972400281809345e-14
4.1464063758005950e-14
4.1521059741959270e-14
3.7201243289364510e-14
4.6017039109762692e-14
5.4856408100683228e-14
7.0310867765363258e-14
3.0802273662671786e-14
4.5163542445564574e-14
4.4120524917710542e-14
3.6447546217080081e-14
5.5296185655335513e-14
5.3153805292805512e-14
6.3756733863223174e-14
6.8280322403136617e-14
3.0015361711833949e-14
4.6750430699084856e-14
4.2351965474977831e-14
5.5239019151952621e-14
7.4303681101303494e-14
8.5304824983340541e-14
1.0557408100050571e-13
1.1832261294954183e-13
8.4781036895787930e-14
1.1467943980143820e-13
1.7166667378703918e-13
1.8427304062555419e-13
2.5389350924288046e-13
3.6209229874979631e-13
4.9995721046102577e-13
7.0892672982024085e-13
1.0124930889785518e-12
1.4824993601606900e-12
2.1752097383406641e-12
3.1312132178104916e-12
4.5199956919260040e-12
6.5391805728846782e-12
9.4055425404266205e-12
1.3528840685076753e-11
1.9348110796186915e-11
2.7668605153043786e-11
3.9500946870124401e-11
5.6232134975728350e-11
7.9928693056045109e-11
1.1336790727198215e-10
1.6043089969530250e-10
2.2656275569906635e-10
3.1924935266660386e-10
4.4897089791697970e-10
6.3003869140614974e-10
8.8230009796898702e-10
1.2329753365220822e-09
1.7194318151416690e-09
2.3927760038136484e-09
3.3228188263244671e-09
4.6046627394305630e-09
6.3676646047393918e-09
8.7872445453700722e-09
1.2100765233695728e-08
1.6628859342363955e-08
2.2803513571230487e-08
3.1205350073027031e-08
4.2613372925595748e-08
5.8069870725352636e-08
7.8966889208308671e-08
1.0715880912327614e-07
1.4511075003819589e-07
1.9609209697177706e-07
2.6442917643401420e-07
3.5583399991935906e-07
4.7783099873809435e-07
6.4030947648252672e-07
8.5623770857201982e-07
1.1425824665865136e-06
1.5214915104219699e-06
2.0218097094745276e-06
2.6810185144589943e-06
3.5477100459858141e-06
4.6847368941003078e-06
6.1732101851121180e-06
8.1175636704281876e-06
1.0651949994324470e-05
1.3948301125914293e-05
1.8226458229998245e-05
2.3766872305815277e-05
3.0926484650119206e-05
4.0158534784832761e-05
5.2037202040888282e-05
6.7288181595047170e-05
8.6826525742342929e-05
1.1180335402108525e-04
1.4366335927337663e-04
1.8421541944555668e-04
2.3571906938098835e-04
3.0099011517395870e-04
3.8352927993794389e-04
4.8767848229060889e-04
6.1881016500984880e-04
7.8355603730225908e-04
9.9008267252587243e-04
1.2484226386033771e-03
1.5708712365535217e-03
1.9724605071918485e-03
2.4715239428230559e-03
3.0903673320422939e-03
3.8560633770417341e-03
4.8013901684664257e-03
5.9659362891852650e-03
7.3973982495796628e-03
9.1530991304692791e-03
1.1301760722760821e-02
1.3925565084698525e-02
1.7122545273820976e-02
2.1009349010171409e-02
2.5724423151886399e-02
3.1431671052715680e-02
3.8324639052481027e-02
4.6631292434775838e-02
5.6619445067678430e-02
6.8602910492294930e-02
8.2948445298024490e-02
1.0008355805195140e-01
1.2050525864477060e-01
1.4478982346720234e-01
1.7360365110745757e-01
2.0771528101258976e-01
2.4800864351953658e-01
2.9549760355520860e-01
3.5134185184265004e-01
4.1686418634029254e-01
4.9356921259802505e-01
5.8316347445982142e-01
6.8757700582612524e-01
8.0898626978176369e-01
9.4983842311997768e-01
1.1128768120209227e+00
1.3011675683152313e+00
1.5181271354030985e+00
1.7675505086269159e+00
2.0536399269341321e+00
2.3810337013739065e+00
2.7548348118233537e+00
3.1806388469739511e+00
3.6645608048046712e+00
4.2132602124698240e+00
4.8339639668419565e+00
5.5344862411312494e+00
6.3232447504752445e+00
7.2092726217069858e+00
8.2022250713496110e+00
9.3123800630335385e+00
1.0550632092839480e+01
1.1928478240428788e+01
1.3457995627116750e+01
1.5151809441107366e+01
1.7023050726670192e+01
1.9085303189669887e+01
2.1352538347909455e+01
2.3839038452284147e+01
2.6559306724496981e+01
2.9527964599377444e+01
3.2759635824540830e+01
3.6268817456574915e+01
4.0069737999944394e+01
4.4176203160562785e+01
4.8601429928090631e+01
5.3357869956446493e+01
5.8457023477114213e+01
6.3909245250351702e+01
6.9723544330561737e+01
7.5907379688579411e+01
8.2466453989763764e+01
8.9404508066529090e+01
9.6723118841093012e+01
1.0442150364245616e+02
1.1249633401474362e+02
1.2094156222603343e+02
1.2974826375207908e+02
1.3890449902284763e+02
1.4839519767723706e+02
1.5820206846925748e+02
1.6830353780496878e+02
1.7867471966232108e+02
1.8928741935578731e+02
2.0011017325571993e+02
2.1110832616154232e+02
2.2224414756248044e+02
2.3347698750528107e+02
2.4476347223235925e+02
2.5605773916449164e+02
2.6731171018911670e+02
2.7847540158912977e+02
2.8949726831919253e+02
3.0032457971903494e+02
3.1090382315834495e+02
3.2118113154803990e+02
3.3110273014014882e+02
3.4061539758486430e+02
3.4966693582937000e+02
3.5820664313854104e+02
3.6618578430090383e+02
3.7355805196109071e+02
3.8028001299736502e+02
3.8631153394259115e+02
3.9161617963015516e+02
3.9616157953150088e+02
3.9991975663567064e+02
4.0286741419789251e+02
4.0498617624619743e+02
4.0626277837269060e+02
4.0668920603819527e+02
4.0626277837279247e+02
4.0498617624640065e+02
4.0286741419819572e+02
3.9991975663607201e+02
3.9616157953199803e+02
3.9161617963074491e+02
3.8631153394327004e+02
3.8028001299812894e+02
3.7355805196193512e+02
3.6618578430182367e+02
3.5820664313953085e+02
3.4966693583042394e+02
3.4061539758597650e+02
3.3110273014131320e+02
3.2118113154925004e+02
3.1090382315959420e+02
3.0032457972031705e+02
2.8949726832050089e+02
2.7847540159045815e+02
2.6731171019045894e+02
2.5605773916584155e+02
2.4476347223371104e+02
2.3347698750662914e+02
2.2224414756381941e+02
2.1110832616286714e+02
2.0011017325702596e+02
1.8928741935707012e+02
1.7867471966357672e+02
1.6830353780619373e+02
1.5820206847044855e+02
1.4839519767839153e+02
1.3890449902396301e+02
1.2974826375315340e+02
1.2094156222706512e+02
1.1249633401573141e+02
1.0442150364339919e+02
9.6723118841990683e+01
8.9404508067381258e+01
8.2466453990570415e+01
7.5907379689340871e+01
6.9723544331278589e+01
6.3909245251024743e+01
5.8457023477744428e+01
5.3357869957035049e+01
4.8601429928638851e+01
4.4176203161072152e+01
4.0069738000416379e+01
3.6268817457011153e+01
3.2759635824943018e+01
2.9527964599747285e+01
2.6559306724836208e+01
2.3839038452594544e+01
2.1352538348192741e+01
1.9085303189927764e+01
1.7023050726904305e+01
1.5151809441319394e+01
1.3457995627308243e+01
1.1928478240601331e+01
1.0550632092994563e+01
9.3123800631725953e+00
8.2022250714740323e+00
7.2092726218180330e+00
6.3232447505741112e+00
5.5344862412190485e+00
4.8339639669197636e+00
4.2132602125385921e+00
3.6645608048652640e+00
3.1806388470272569e+00
2.7548348118701234e+00
2.3810337014147844e+00
2.0536399269697960e+00
1.7675505086579335e+00
1.5181271354300216e+00
1.3011675683385129e+00
1.1128768120410566e+00
9.4983842313731282e-01
8.0898626979667421e-01
6.8757700583891512e-01
5.8316347447073835e-01
4.9356921260737430e-01
4.1686418634827549e-01
3.5134185184938649e-01
2.9549760356090676e-01
2.4800864352434268e-01
2.0771528101666975e-01
1.7360365111088105e-01
1.4478982347004379e-01
1.2050525864711910e-01
1.0008355805390079e-01
8.2948445299609583e-02
6.8602910493565192e-02
5.6619445068702846e-02
4.6631292435618393e-02
3.8324639053132131e-02
3.1431671053256290e-02
2.5724423152302757e-02
2.1009349010496725e-02
1.7122545274030211e-02
1.3925565084820870e-02
1.1301760722796634e-02
9.1530991305042303e-03
7.3973982495348931e-03
5.9659362891605842e-03
4.8013901683982329e-03
3.8560633769604302e-03
3.0903673319204227e-03
2.4715239426521471e-03
1.9724605070187066e-03
1.5708712363913730e-03
1.2484226384248097e-03
9.9008267240101463e-04
7.8355603718433258e-04
6.1881016491817365e-04
4.8767848215919952e-04
3.8352927982310806e-04
3.0099011501147913e-04
2.3571906928559930e-04
1.8421541935024149e-04
1.4366335922342185e-04
1.1180335396437220e-04
8.6826525706051416e-05
6.7288181565571399e-05
5.2037201973075725e-05
4.0158534754242200e-05
3.0926484628647076e-05
2.3766872270831705e-05
1.8226458209721381e-05
1.3948301071888060e-05
1.0651949974081777e-05
8.1175635974249861e-06
6.1732101256436898e-06
4.6847367495004300e-06
3.5477099787427085e-06
2.6810184092700011e-06
2.0218095976662565e-06
1.5214913785940856e-06
1.1425823415775567e-06
8.5623761485092170e-07
6.4030938284690735e-07
4.7783087731358927e-07
3.5583392533867731e-07
2.6442910468554005e-07
1.9609202643391944e-07
1.4511069173907399e-07
1.0715874422880064e-07
7.8966809947142425e-08
5.8069788791091935e-08
4.2613261797637016e-08
3.1205316281675812e-08
2.2803452300452960e-08
1.6628818535850193e-08
1.2100718429051286e-08
8.7872022193948156e-09
6.3676217559496617e-09
4.6046030023520787e-09
3.3227320372854461e-09
2.3927252166059142e-09
1.7193707659622599e-09
1.2329223645574087e-09
8.8224985980166900e-10
6.2998547398869831e-10
4.4890155771127514e-10
3.1919393985795999e-10
2.2649356425962165e-10
1.6037099873469252e-10
1.1331267433366326e-10
7.9868922972940696e-11
5.6190801325386822e-11
3.9441308950222934e-11
2.7613616206068539e-11
1.9284029047630820e-11
1.3446542904633566e-11
9.3667238409395463e-12
6.4821594656917535e-12
4.4903787846704387e-12
3.0925281707881241e-12
2.1161131310294238e-12
1.4416341404319115e-12
9.7280970923135199e-13
6.5683307235741169e-13
4.4792546457594172e-13
3.0164943452791144e-13
1.7998228766328637e-13
9.3545335608079485e-14
3.4333334757407831e-14
-1.3491698800169199e-14
-5.1093207665673525e-14
-6.4488627910887715e-14
-6.1608217029472816e-14
-7.3557931051208411e-14
-7.8493738306264200e-14
-7.3094055645513068e-14
-9.1948346096991354e-14
-7.5691173512804056e-14
-7.7817604438088027e-14
-5.9398329245005034e-14
-6.1539108337545862e-14
-5.0939063405605280e-14
-4.4236948524268416e-14
4.4178843899491010e-15
-9.9271181064848735e-15
-2.6437195577891459e-14
-2.4201786449242121e-14
-2.4169360794343619e-14
-1.3165537944163976e-14
-2.1912875766553660e-15
6.5649252863584422e-15
1.3111913602723981e-14
4.3646382903164154e-15
1.7434472932224981e-14
0.0000000000000000e+00
1.7386068435384927e-14
1.3021308773056729e-14
2.1671676790474904e-14
-8.6564290371715979e-15
-4.3220738479103317e-15
-4.3159134550586208e-15
-1.7238933797020981e-14
-2.5821203639736636e-14
-3.4378520294761729e-14
-4.2910768498314830e-14
-3.4278555912363904e-14
-2.5671258389017608e-14
-3.4177981502144679e-14
-4.2659334686172065e-14
-2.5557603110212009e-14
-4.2532489482130514e-14
-4.2468788695432453e-14
-5.0885884727414530e-14
-5.0809003598696943e-14
-6.7642539189507973e-14
-1.6884862817917895e-14
-3.3718038087890357e-14
-1.6833103925613849e-14
-3.3614235827594849e-14
-1.6781061460074977e-14
-3.3509870033436304e-14
-5.0186217110034552e-14
-1.0021484384143746e-13
-5.0028420845021342e-14
-4.9949215247678608e-14
-4.9869806495309685e-14
-4.9790195956377675e-14
-8.2850641668584431e-14
-8.2717291669437905e-14
-9.9100334663350161e-14
-6.5959684488849250e-14
-9.8778328967293563e-14
-6.5744496081884334e-14
-9.8454774960432609e-14
-6.5528282829157731e-14
-9.8129694739350100e-14
-9.7966589216794009e-14
-9.7803110448420616e-14
-6.5092840806223983e-14
-6.4983362851548140e-14
-1.2974728324367986e-13
-9.7145518458550576e-14
-1.2930695352005201e-13
-1.2908607368658124e-13
-1.2886472216432060e-13
-1.2864290267621701e-13
-9.6315464211046832e-14
-6.4098937354195399e-14
-6.3987336844187608e-14
-3.1937754905431248e-14
-3.1881729061145767e-14
-3.1825591823855804e-14
-4.7654016193105425e-14
-6.3425973822992506e-14
-6.3313042216693406e-14
-6.3199895311963361e-14
-6.3086534983098799e-14
-6.2972963105254895e-14
-3.1429590777197353e-14
-4.7058894155428678e-14
-7.8288746176514644e-14
-4.6887448225797615e-14
-4.6801497124110112e-14
-6.2287194413702532e-14
-3.1086097129404319e-14
-4.6542748185747347e-14
-4.6456204695650294e-14
-3.8641263862108918e-14
-3.8568904511109066e-14
-3.0797141628788351e-14
-1.5369533045123075e-14
