1.7889182209106662e-12
-1.0101621405220325e-12
1.7664916698479361e-12
-1.9195918619502328e-13
-1.7201381785079517e-12
9.3874488109192357e-13
-3.9587022347223429e-15
-1.1919859369420713e-12
-5.3496958219879368e-14
-4.8067265065717725e-13
-8.5094403294720540e-13
-3.2537041689795613e-13
1.7591000567941659e-13
1.3094525858700783e-12
-2.2669797107701419e-12
3.8468008144864515e-13
-1.4043734146614439e-12
-7.0715170225796350e-13
1.4128773986272777e-12
3.7139365823892083e-13
1.3105589992049313e-12
1.7408228657582835e-12
2.0614083317340472e-13
3.4083394666588898e-13
-1.3855421098753911e-13
-1.0065229208886803e-14
1.6875453602849891e-13
4.0357116653480081e-13
-9.6232817557738066e-14
4.4596472451871195e-13
-4.4562474146598215e-13
1.9671068790735841e-12
-2.9237222242046817e-12
4.9106952155079707e-13
1.8564712524331803e-13
1.6943740076918320e-13
1.1190040059550876e-12
2.1069912311015213e-12
-5.4855205591020426e-13
-8.1835619960497207e-13
-9.7930940889642690e-13
-1.0608366183282974e-13
-1.0164145538393094e-12
5.7349633528829821e-13
2.7432667253339903e-12
-7.5593163506016639e-13
2.5406358692036100e-14
-7.3752807530709533e-13
-8.5673911360463845e-13
1.1105424639027598e-12
3.1757563044704799e-13
5.0514753773237213e-13
1.3784458853309082e-12
1.2042579692075496e-12
-1.2872492380530108e-12
-4.4825388856919678e-13
-1.9018816015395601e-12
-6.8323079864672026e-13
-2.9152708764139962e-12
6.0373506223170933e-13
-4.8967502434232280e-13
3.5054732610520592e-13
1.1528242277638022e-12
-6.6644495636272766e-13
-5.8419933565669989e-13
1.5945679243036185e-12
-1.0032417212531701e-13
-1.2092218519909284e-12
1.2768758866263381e-12
-5.4120183309716893e-13
6.1445615217036753e-13
-2.0497053406962250e-12
-2.0436972178636316e-12
-3.9577795303297043e-12
-5.3418848324747152e-12
-9.2533915456540045e-12
-1.5716097041376981e-11
-1.9046395173421706e-11
-2.8804019079273174e-11
-4.4775520045064287e-11
-6.7131530413628495e-11
-9.3843709617375709e-11
-1.3830379985288257e-10
-1.9873221289444030e-10
-2.8576637878326043e-10
-4.0764663542586152e-10
-5.7993164416850644e-10
-8.2278612078424238e-10
-1.1631020294406241e-09
-1.6342955404601778e-09
-2.2848679261115963e-09
-3.1882635610272558e-09
-4.4207712631218649e-09
-6.1075628790927177e-09
-8.4030826384215360e-09
-1.1510567824617357e-08
-1.5702176755353731e-08
-2.1325354730814403e-08
-2.8833658986564217e-08
-3.8817724504109159e-08
-5.2020689522210916e-08
-6.9395726178963153e-08
-9.2142336199465016e-08
-1.2175941691086109e-07
-1.6010460969562573e-07
-2.0945400971607088e-07
-2.7257015828009882e-07
-3.5275658357107632e-07
-4.5390411797519556e-07
-5.8050945897445783e-07
-7.3764699161430528e-07
-9.3085675449332235e-07
-1.1659393114700651e-06
-1.4485417222858257e-06
-1.7835306264581407e-06
-2.1739863190468819e-06
-2.6197032147084796e-06
-3.1150445754418876e-06
-3.6458221645562180e-06
-4.1849919900780191e-06
-4.6866683681409327e-06
-5.0780011301768833e-06
-5.2481969953611065e-06
-5.0339133562122300e-06
-4.1999006917138187e-06
-2.4137032200983915e-06
7.8735133824960838e-07
6.0386374217600751e-06
1.4202780018598314e-05
2.6439020131493300e-05
4.4290965905679087e-05
6.9796798208953287e-05
1.0562687032557225e-04
1.5525439583336502e-04
2.2316592368436231e-04
3.1511924823752363e-04
4.3845753409320223e-04
6.0248957323362300e-04
8.1894723293007832e-04
1.1025322994058905e-03
1.4715660838695032e-03
1.9487559591594549e-03
2.5620938798433042e-03
3.3459022501351357e-03
4.3420424546856996e-03
5.6013007739748131e-03
7.1849648995489148e-03
9.1666018547665873e-03
1.1634044610055901e-02
1.4691589279048256e-02
1.8462398363547187e-02
2.3091096168895431e-02
2.8746531658846837e-02
3.5624669869738709e-02
4.3951556314275456e-02
5.3986278670924946e-02
6.6023826537823363e-02
8.0397722907610825e-02
9.7482269968449525e-02
1.1769421741623531e-01
1.4149362306401159e-01
1.6938363416178151e-01
2.0190887369786448e-01
2.3965206963718796e-01
2.8322851795766085e-01
3.3327792339104423e-01
3.9045311674879418e-01
4.5540510642108090e-01
5.2876388643157857e-01
6.1111439656597122e-01
7.0296701493232061e-01
8.0472196228683968e-01
9.1662701444468320e-01
1.0387279572476773e+00
1.1708112813749221e+00
1.3123387052204358e+00
1.4623732361395865e+00
1.6194966366731314e+00
1.7817183547413211e+00
1.9463762069387043e+00
2.1100293726262427e+00
2.2683445625552903e+00
2.4159765675335665e+00
2.5464447667222712e+00
2.6520075759494643e+00
2.7235372374745492e+00
2.7503977844723262e+00
2.7203294456936877e+00
2.6193431751538490e+00
2.4316293843210302e+00
2.1394853033098302e+00
1.7232656865837737e+00
1.1613617884028768e+00
4.3021364624745134e-01
-4.9563929294279269e-01
-1.6434643050658224e+00
-3.0421936669158951e+00
-4.7222309160493685e+00
-6.7152015507745473e+00
-9.0536454311784524e+00
-1.1770649126595707e+01
-1.4899417618097743e+01
-1.8472786096603340e+01
-2.2522674082431745e+01
-2.7079485707626709e+01
-3.2171461718534438e+01
-3.7823990537018936e+01
-4.4058887521525399e+01
-5.0893653346063438e+01
-5.8340724113400640e+01
-6.6406727382338715e+01
-7.5091759659629062e+01
-8.4388702027351954e+01
-9.4282591389209344e+01
-1.0475006527209560e+02
-1.1575889816537553e+02
-1.2726764698024800e+02
-1.3922542233676450e+02
-1.5157180101851222e+02
-1.6423689307101046e+02
-1.7714157466934842e+02
-1.9019789506974848e+02
-2.0330966272953108e+02
-2.1637321208777061e+02
-2.2927834861635290e+02
-2.4190946566401925e+02
-2.5414682242111803e+02
-2.6586796813735009e+02
-2.7694929364169133e+02
-2.8726768735991567e+02
-2.9670226951676648e+02
-3.0513617516007366e+02
-3.1245835415715538e+02
-3.1856535448395528e+02
-3.2336305403271933e+02
-3.2676830586524665e+02
-3.2871046237601234e+02
-3.2913274521939570e+02
-3.2799343009102773e+02
-3.2526681850261662e+02
-3.2094397249638320e+02
-3.1503319272881714e+02
-3.0756022541251230e+02
-2.9856818911834546e+02
-2.8811721827173727e+02
-2.7628382617824894e+02
-2.6315999642972463e+02
-2.4885201741472696e+02
-2.3347908023053137e+02
-2.1717166542015602e+02
-2.0006974850018781e+02
-1.8232085808340673e+02
-1.6407802343396597e+02
-1.4549765044477331e+02
-1.2673736624518941e+02
-1.0795387290678633e+02
-8.9300850018547010e+01
-7.0926944279808254e+01
-5.2973881765318097e+01
-3.5574735231009335e+01
-1.8852374851927287e+01
-2.9181262331602924e+00
1.2129345458065977e+01
2.6204911685423177e+01
3.9237608958363424e+01
5.1171016827270165e+01
6.1963388148746780e+01
7.1587539380069401e+01
8.0030513348162856e+01
8.7293031137421181e+01
9.3388753365263668e+01
9.8343374097835408e+01
1.0219357295474529e+02
1.0498585253675763e+02
1.0677528918043488e+02
1.0762422521623570e+02
1.0760093041595400e+02
1.0677825921430002e+02
1.0523232864295585e+02
1.0304123980062988e+02
1.0028386318426955e+02
9.7038705414416967e+01
9.3382871893569188e+01
8.9391136831254911e+01
8.5135128940248293e+01
8.0682638036751172e+01
7.6097044836070438e+01
7.1436873489041218e+01
6.6755463905409940e+01
6.2100758701154824e+01
5.7515197717045012e+01
5.3035711504487175e+01
4.8693803969222721e+01
4.4515713501493572e+01
4.0522641390555044e+01
3.6731036102496311e+01
3.3152922066430783e+01
2.9796261934202693e+01
2.6665341816891925e+01
2.3761169721056611e+01
2.1081878269588273e+01
1.8623123759112456e+01
1.6378474640811604e+01
1.4339783580959629e+01
1.2497538329534606e+01
1.0841187673236606e+01
9.3594397493729140e+00
8.0405309304207044e+00
6.8724643404511072e+00
5.8432178239147374e+00
4.9409218470240397e+00
4.1540083694035363e+00
3.4713321791082032e+00
2.8822665397073512e+00
2.3767752598072796e+00
1.9454634698988187e+00
1.5796094869788677e+00
1.2711801736755215e+00
1.0128321653065984e+00
7.9790125541890744e-01
6.2038210754299461e-01
4.7490030796713528e-01
3.5667859958423032e-01
2.6149894838436583e-01
1.8566189910787001e-01
1.2594448081488918e-01
7.9557731844583965e-02
4.4104730704828191e-02
1.7539848607163715e-02
-1.8702180886128674e-03
-1.5583218705947637e-02
-2.4815630937028155e-02
-3.0574272913795292e-02
-3.3685154719455525e-02
-3.4819556484960656e-02
-3.4517382732011027e-02
-3.3207891673044707e-02
-3.1227935244399371e-02
-2.8837872025899929e-02
-2.6235332491401423e-02
-2.3567025281079412e-02
-2.0938776285036282e-02
-1.8423990001042761e-02
-1.6070716291941848e-02
-1.3907496249702727e-02
-1.1948149533579739e-02
-1.0195652324505328e-02
-8.6452416094217957e-03
-7.2868674635025183e-03
-6.1071013597487926e-03
-5.0905952075391931e-03
-4.2211734862448247e-03
-3.4826291105927568e-03
-2.8592832479006659e-03
-2.3363596166116113e-03
-1.9002154705592346e-03
-1.5384638662039618e-03
-1.2400155248841853e-03
-9.9506289070981115e-04
-7.9502433713763364e-04
-6.3246255506128792e-04
-5.0098784658532836e-04
-3.9515429540423318e-04
-3.1035473866369211e-04
-2.4271866859322731e-04
-1.8901576235016911e-04
-1.4656684112175685e-04
-1.1316311274765864e-04
-8.6994087756990992e-05
-6.6583968229723362e-05
-5.0736337504405313e-05
-3.8486363721109286e-05
-2.9059989601566332e-05
-2.1839390292792743e-05
-1.6333889643197273e-05
-1.2155730390332965e-05
-9.0000030595790847e-06
-6.6281015143057758e-06
-4.8542271967648022e-06
-3.5344081852062499e-06
-2.5576323885766309e-06
-1.8387145671002479e-06
-1.3126275602399729e-06
-9.2996899036672265e-07
-6.5341731051825189e-07
-4.5489772220894008e-07
-3.1343847961456928e-07
-2.1343181759451382e-07
-1.4334468768699136e-07
-9.4698964821510887e-08
-6.1301766053822737e-08
-3.8655874373701803e-08
-2.3532033112136785e-08
-1.3604620195854420e-08
-7.2346500853033878e-09
-3.2633044984974342e-09
-8.8686540053168331e-10
4.5491197567794306e-10
1.1329151350272568e-09
1.4075481939985803e-09
1.4430029670661203e-09
1.3494697961056420e-09
1.1908685165053723e-09
1.0138980885900878e-09
8.4256996744690248e-10
6.8215709639394526e-10
5.4576094532614983e-10
4.2958078372742462e-10
3.3059036005628333e-10
2.5473692716853855e-10
1.9439924817305451e-10
1.4529195782820421e-10
1.1057633163270165e-10
8.3583136295194457e-11
5.9218333593659025e-11
4.5275219274734596e-11
3.3337547466919012e-11
2.4663924582997625e-11
1.6180916343103194e-11
1.0469071853314278e-11
8.5346747214713298e-12
7.6308809279073597e-12
4.5691285957855612e-12
3.0965119237725944e-12
1.5916217156470309e-12
3.1542574523740282e-12
6.2939679718354220e-13
-1.8872130038145908e-12
-8.9429395389746510e-13
4.2763109793871448e-13
-2.1055846079820330e-12
-6.0965700685657405e-13
-1.5717815863678990e-12
7.4970046448796522e-13
1.8019263821640518e-13
8.1920565963044767e-13
-2.6615716326238362e-12
-8.2780567422389851e-13
5.0206232278843067e-14
-1.0113429719399333e-12
-1.3162574864375700e-12
-4.0285191201248683e-13
5.2479940020325651e-13
-4.7735638553247441e-13
-4.7738023019561358e-13
-1.2316075033326477e-12
1.6729404792451691e-13
6.9393055226397240e-13
-9.1232536098413110e-13
-6.2913999450525344e-13
-4.2125454715191946e-13
-1.1793659462830744e-12
1.7548594836733811e-13
-1.2703793358107592e-12
1.1597880118265638e-12
-1.9214428457594590e-12
-7.9772416581156925e-13
-8.5664757225548198e-13
6.0675695053061272e-13
-1.4902613501856236e-12
3.3731773966412166e-12
-5.8587841530302219e-13
6.0842732036226323e-15
4.4290922765612257e-13
2.1096486135236643e-12
-2.2515626759725262e-12
2.4931747460703713e-12
-1.2089033010376776e-12
-3.7315486583066536e-13
3.6330662198393698e-14
3.3104577899240713e-12
-1.7397074624234127e-12
6.2050402941770733e-13
3.7027317980073818e-13
-1.2491137033955389e-12
-1.1670426206846542e-12
3.1860577075573307e-13
-3.7869783731956356e-13
-1.6098799640271184e-13
-8.1186734906569681e-13
1.6763739101199427e-13
-4.7058749635785125e-13
1.0084135305587817e-12
1.7527564838952120e-12
-1.8430505205114593e-12
1.6950274168323672e-12
8.2564682328645871e-13
-2.2012048111839099e-12
-1.4622349734091522e-13
1.4482061224760901e-12
-6.1852895442388287e-13
-4.9426193373979664e-13
7.8540862580407537e-14
-1.1726456094873603e-12
1.3177869554210592e-12
1.4900008823006282e-12
1.0909051793357925e-12
1.1748204187504171e-12
-3.9328271245728051e-13
4.0745219831259952e-13
-2.2302355699580711e-12
-8.3247121396987125e-13
3.1660366789310579e-13
-2.0797331380459080e-12
1.3675274526706213e-13
-5.6572079330023225e-13
-8.5129392022713691e-13
1.3134174889675233e-12
2.4278666026782152e-13
-1.2272863637241389e-12
-1.2189760550129632e-12
9.6605731057387227e-13
