5.3811698743281906e-02
6.3910502388307922e-02
7.5337188191545196e-02
8.8293500975727343e-02
1.0300681528815807e-01
1.1973097477710641e-01
1.3874560600767602e-01
1.6036210777371471e-01
1.8492485187926172e-01
2.1281624508574820e-01
2.4445920524663239e-01
2.8032203600526368e-01
3.2092175808987622e-01
3.6682910547882069e-01
4.1867253082294809e-01
4.7714345238934658e-01
5.4300082712861386e-01
6.1707668838518126e-01
7.0028119481844264e-01
7.9360843944665149e-01
8.9814187084602104e-01
1.0150603042689756e+00
1.1456435853161808e+00
1.2912786860496075e+00
1.4534654458941370e+00
1.6338225870676222e+00
1.8340933258010848e+00
2.0561510914854626e+00
2.3020047557521339e+00
2.5738037892306527e+00
2.8738428089819212e+00
3.2045658573324043e+00
3.5685699222773670e+00
3.9686079768970965e+00
4.4075910857243095e+00
4.8885898037622404e+00
5.4148344479216108e+00
5.9897144251309440e+00
6.6167762256051992e+00
7.2997202337822706e+00
8.0423959933831792e+00
8.8487960568696078e+00
9.7230480849790073e+00
1.0669405313916812e+01
1.1692235088017075e+01
1.2796005572404663e+01
1.3985270379806213e+01
1.5264651232682571e+01
1.6638818436278410e+01
1.8112469299936858e+01
1.9690304329304468e+01
2.1377001352040981e+01
2.3177187452243501e+01
2.5095408909733056e+01
2.7136099076994924e+01
2.9303544430445172e+01
3.1601848790276030e+01
3.4034895991310293e+01
3.6606311062782090e+01
3.9319420248221370e+01
4.2177209987020454e+01
4.5182285237907323e+01
4.8336827326897776e+01
5.1642551746236478e+01
5.5100666142211118e+01
5.8711828958563679e+01
6.2476109019794769e+01
6.6392946551826483e+01
7.0461115958589716e+01
7.4678690869967667e+01
7.9043011798731911e+01
8.3550656924106576e+01
8.8197416340813291e+01
9.2978270275218762e+01
9.7887371588780582e+01
1.0291803303447493e+02
1.0806271954668883e+02
1.1331304597363746e+02
1.1865978047185467e+02
1.2409285389484562e+02
1.2960137531427404e+02
1.3517365390998509e+02
1.4079722726801344e+02
1.4645889621102987e+02
1.5214476608650526e+02
1.5784029451306901e+02
1.6353034538633543e+02
1.6919924901354824e+02
1.7483086804963088e+02
1.8040866897152344e+02
1.8591579863617494e+02
1.9133516553161081e+02
1.9664952514721898e+02
2.0184156895677259e+02
2.0689401633563205e+02
2.1178970880767540e+02
2.1651170585937527e+02
2.2104338164232544e+02
2.2536852174366243e+02
2.2947141929999572e+02
2.3333696960660760e+02
2.3695076248393039e+02
2.4029917155845126e+02
2.4336943974048620e+02
2.4614976009553814e+02
2.4862935144635020e+02
2.5079852797540008e+02
2.5264876225221141e+02
2.5417274105918361e+02
2.5536441355674003e+02
2.5621903129210523e+02
2.5673317973301459e+02
2.5690480098213646e+02
2.5673320751164755e+02
2.5621908673906773e+02
2.5536449645210308e+02
2.5417285107497912e+02
2.5264889895443875e+02
2.5079869082714538e+02
2.4862953981103894e+02
2.4614997324148288e+02
2.4336967684525354e+02
2.4029943171468557e+02
2.3695104470465989e+02
2.3333727283215430e+02
2.2947174240400804e+02
2.2536886354089145e+02
2.2104374089514579e+02
2.1651208128618785e+02
2.1179009908966239e+02
2.0689442012553783e+02
2.0184198488563354e+02
1.9664995183327591e+02
1.9133560158676096e+02
1.8591624267478235e+02
1.8040911961635595e+02
1.7483132394035650e+02
1.6919970881194476e+02
1.6353080778429214e+02
1.5784075823688735e+02
1.5214522990426147e+02
1.4645935893582293e+02
1.4079768776458550e+02
1.3517411109681206e+02
1.2960182816938394e+02
1.2409330145668820e+02
1.1866022184430192e+02
1.1331348032560830e+02
1.0806314611635788e+02
1.0291845112766539e+02
9.7887780582446453e+01
9.2978669614651793e+01
8.8197805542498131e+01
8.3551035571814467e+01
7.9043379545878153e+01
7.4679047434685629e+01
7.0461461125742559e+01
6.6393280167169081e+01
6.2476430991810460e+01
5.8712139251828830e+01
5.5100964779238936e+01
5.1642838800160391e+01
4.8337102923512369e+01
4.5182549547781861e+01
4.2177463227930780e+01
3.9319662676795424e+01
3.6606542977518501e+01
3.4035117723845346e+01
3.1602060709185295e+01
2.9303746932205719e+01
2.7136292590769134e+01
2.5095593888084160e+01
2.3177364377106251e+01
2.1377170725232645e+01
1.9690466679899099e+01
1.8112625174600890e+01
1.6638968408284498e+01
1.5264795892089639e+01
1.3985410344381151e+01
1.2796141477662980e+01
1.1692367600368291e+01
1.0669535120586193e+01
9.7231759097605615e+00
8.8489226499652336e+00
8.0425221502422239e+00
7.2998467849242497e+00
6.6169040591562736e+00
5.9898444767454579e+00
5.4149677278041652e+00
4.8887273868786050e+00
4.4077341443404290e+00
3.9687577713791873e+00
3.5687278405076763e+00
3.2047334065551278e+00
2.8740216639027834e+00
2.5739957855851570e+00
2.3022119495070239e+00
2.0563757551116999e+00
1.8343380218352712e+00
1.6340901684944475e+00
1.4537591484893591e+00
1.2916021348538769e+00
1.1460009118101215e+00
1.0154561616985065e+00
8.9858158458249349e-01
7.9409803495875264e-01
7.0082759286770646e-01
6.1768775077238980e-01
5.4368561317760533e-01
4.7791228921786960e-01
4.1953735471345122e-01
3.6780356516082274e-01
3.2202167554866312e-01
2.8156555246124215e-01
2.4586741348113655e-01
2.1441338644567887e-01
1.8673920214057679e-01
1.6242622350231620e-01
1.4109760251304032e-01
1.2241478216203693e-01
1.0607411071958174e-01
9.1803804220232182e-02
7.9360998191474311e-02
6.8529147842483859e-02
5.9115488342919603e-02
5.0948843291607114e-02
4.3877459233324423e-02
3.7767189855007814e-02
3.2499668078355665e-02
2.7970833372509298e-02
2.4089405019928442e-02
2.0775722665987800e-02
1.7960486902076283e-02
1.5583888621911915e-02
1.3594587738421513e-02
1.1949115323342439e-02
1.0611068137154621e-02
9.5507795830169200e-03
8.7447171298759719e-03
8.1754352042383641e-03
7.8311752257170276e-03
7.7061382080817527e-03
7.8003040750714127e-03
8.1200983893186529e-03
8.6784701474081887e-03
9.4960837087547031e-03
1.0601722948387269e-02
1.2034231437294393e-02
1.3843341947112519e-02
1.6092747925005240e-02
1.8861469287653785e-02
2.2248748019306892e-02
2.6375964106995827e-02
3.1394702958056485e-02
3.7489388033970193e-02
4.4881513406769283e-02
