1.0101276942167118e+01
1.1198743623690149e+01
1.2315566183057571e+01
1.3460356477208894e+01
1.4630596469003136e+01
1.5828838322581953e+01
1.7054544140056635e+01
1.8309105668794015e+01
1.9591840835155267e+01
2.0903032293655482e+01
2.2242002616173249e+01
2.3608396492465914e+01
2.5001060164180235e+01
2.6419075508368799e+01
2.7860743811628140e+01
2.9324583663500004e+01
3.0808617242275549e+01
3.2310869572444510e+01
3.3829056409903821e+01
3.5360915186830432e+01
3.6903420733199255e+01
3.8453343161531016e+01
4.0007060818644355e+01
4.1560964690696217e+01
4.3111280181861126e+01
4.4654089314068997e+01
4.6185267527305967e+01
4.7700692099536916e+01
4.9195731876808765e+01
5.0665848264062866e+01
5.2106517726419774e+01
5.3512957104075483e+01
5.4880096487971379e+01
5.6202933464450489e+01
5.7476464470946716e+01
5.8695947470799858e+01
5.9856514767628660e+01
6.0953177677227131e+01
6.1980994890723949e+01
6.2935231727255761e+01
6.3810881940682322e+01
6.4602953676895964e+01
6.5307046061798502e+01
6.5919238408360570e+01
6.6435703430518885e+01
6.6852708424776495e+01
6.7166576457608983e+01
6.7374036408306708e+01
6.7472109280876737e+01
6.7458169426221659e+01
6.7330042043460367e+01
6.7085981392545591e+01
6.6724419540497777e+01
6.6244281553221356e+01
6.5645125647801748e+01
6.4926841017571860e+01
6.4089677217801125e+01
6.3134135448637025e+01
6.2061081095412248e+01
6.0871986349000920e+01
5.9568731333739592e+01
5.8153552606606453e+01
5.6628999344027740e+01
5.4998339140244774e+01
5.3265223101490328e+01
5.1433297419463756e+01
4.9506691153932572e+01
4.7489979151424045e+01
4.5388239440514020e+01
4.3207040843272821e+01
4.0952075416510702e+01
3.8629386917651345e+01
3.6245228035695149e+01
3.3805580403638025e+01
3.1316645834744712e+01
2.8785227137984261e+01
2.6218457832670843e+01
2.3623411601057732e+01
2.1007065632345828e+01
1.8376475336356407e+01
1.5738525862851469e+01
1.3100054968088868e+01
1.0468000026603336e+01
7.8488496710531424e+00
5.2487221093053371e+00
2.6738916831622142e+00
1.3043813083476066e-01
-2.3761445712635476e+00
-4.8407700281541919e+00
-7.2584450810361405e+00
-9.6243118376863741e+00
-1.1933658028219757e+01
-1.4182230669824870e+01
-1.6366183201423858e+01
-1.8481816867562703e+01
-2.0526067506046189e+01
-2.2496440022338643e+01
-2.4390379069442204e+01
-2.6205330929878325e+01
-2.7939088639885398e+01
-2.9590087667724688e+01
-3.1157215853571685e+01
-3.2639764202732870e+01
-3.4037499355823336e+01
-3.5350369991136539e+01
-3.6578660862831654e+01
-3.7723249238576273e+01
-3.8785143128492379e+01
-3.9765123602132036e+01
-4.0664009510049333e+01
-4.1482999203450269e+01
-4.2223350167210306e+01
-4.2886399980824429e+01
-4.3473721995467130e+01
-4.3986984475265452e+01
-4.4428037843947514e+01
-4.4799007120015865e+01
-4.5102064670056940e+01
-4.5339437857720270e+01
-4.5513580363658320e+01
-4.5626713241530098e+01
-4.5680897814608564e+01
-4.5678196417415883e+01
-4.5620601430852417e+01
-4.5510329463035319e+01
-4.5349456493864274e+01
-4.5140044462198688e+01
-4.4884252461532931e+01
-4.4583857930399049e+01
-4.4240463591808044e+01
-4.3856058046359770e+01
-4.3432727698046847e+01
-4.2972292646635111e+01
-4.2476458896531383e+01
-4.1946956272823066e+01
-4.1385524702323735e+01
-4.0793770679525551e+01
-4.0173295938175414e+01
-3.9525628787092700e+01
-3.8852226201299402e+01
-3.8154776814041554e+01
-3.7434773262937981e+01
-3.6693688901993561e+01
-3.5933205035557734e+01
-3.5154888791280307e+01
-3.4360343538963363e+01
-3.3551064319481121e+01
-3.2728363137994712e+01
-3.1893714606453273e+01
-3.1048466046588601e+01
-3.0194100304201168e+01
-2.9332505317201552e+01
-2.8465455127396609e+01
-2.7594296413141912e+01
-2.6720209084772797e+01
-2.5844572015221956e+01
-2.4968854198254434e+01
-2.4094467897239063e+01
-2.3222957425591208e+01
-2.2355655985008287e+01
-2.1493708741230300e+01
-2.0638523244267400e+01
-1.9791501969229291e+01
-1.8953646629804471e+01
-1.8125962842942908e+01
-1.7309814010320842e+01
-1.6506564009621368e+01
-1.5717344019400910e+01
-1.4943096339878435e+01
-1.4184609756807960e+01
-1.3442839403297612e+01
-1.2718701570087315e+01
-1.2012930644216926e+01
-1.1326564408375075e+01
-1.0660607601054421e+01
-1.0015519753626402e+01
-9.3914252798585576e+00
-8.7884590919894769e+00
-8.2069280357626564e+00
-7.6470543697039837e+00
-7.1090461302969326e+00
-6.5931498549827579e+00
-6.0993413048748044e+00
-5.6276748937579013e+00
-5.1784606879933017e+00
-4.7516399909051259e+00
-4.3467323773591842e+00
-3.9632994280255436e+00
-3.6010202773662923e+00
-3.2593282437415687e+00
-2.9374847308260299e+00
-2.6346750234542662e+00
-2.3500863551673756e+00
-2.0830769759317147e+00
-1.8329958419251093e+00
-1.5992282851421240e+00
-1.3814474383724755e+00
-1.1792743102745533e+00
-9.9186374074591044e-01
-8.1826944633415666e-01
-6.5769419117929906e-01
-5.0952674287457744e-01
-3.7330974105488357e-01
-2.4852563556883800e-01
-1.3466656322344997e-01
-3.1221877840653375e-02
6.2487728212757498e-02
1.4709025064334944e-01
2.2308264802303043e-01
2.9124673684588681e-01
3.5246092724526146e-01
4.0749605481041817e-01
4.5702500669213170e-01
5.0151377558883337e-01
5.4144002278627645e-01
5.7753307215309879e-01
6.1039999581779469e-01
6.4056747273943915e-01
6.6872501482572788e-01
6.9583392155192425e-01
7.2234461367158387e-01
7.4849705620773899e-01
7.7459497157780244e-01
8.0119086322277699e-01
8.2899674759607223e-01
8.5873411610003247e-01
8.9100266267390926e-01
9.2659478162710396e-01
9.6608284570614167e-01
1.0100506043893200e+00
1.0592398109912513e+00
1.1146702340413457e+00
1.1770506211728307e+00
1.2472958914483365e+00
1.3262784461946775e+00
1.4152539566543831e+00
1.5154121601977553e+00
1.6281559142294404e+00
1.7548988602466771e+00
1.8973625381169077e+00
2.0574547687894968e+00
2.2375095231155093e+00
2.4396217191874063e+00
2.6667701651226055e+00
2.9218745885944530e+00
3.2086800051522055e+00
3.5309633610073297e+00
3.8934893991460502e+00
4.3009667387521500e+00
4.7598233661096643e+00
5.2760844327274876e+00
5.8585799616986467e+00
6.5152184384942782e+00
7.2580724654975981e+00
8.0949148301951883e+00
9.0466281531079975e+00
