-1.2086850481186284e-13
-1.7498734680573688e-13
-2.3992882202921041e-13
-3.2795565150664412e-13
-3.8871767396528677e-13
-4.2284751156776885e-13
-4.7825553556487777e-13
-5.3788547304072958e-13
-5.7725129967785539e-13
-6.2085259298921346e-13
-6.9106406920938393e-13
-7.8534248931330752e-13
-8.6819545690747679e-13
-9.2934004207784710e-13
-1.0152788194585416e-12
-1.1046922643763818e-12
-1.1571540957434093e-12
-1.2306987929558039e-12
-1.3039984717086070e-12
-1.3975620087326040e-12
-1.4629663265521417e-12
-1.5015095218652358e-12
-1.5797938658122766e-12
-1.6348349399146089e-12
-1.6422566613889367e-12
-1.6611759372443724e-12
-1.6859868683628328e-12
-1.7201996047918953e-12
-1.7431062175050363e-12
-1.7593717114650532e-12
-1.7767864698248196e-12
-1.7759672015289866e-12
-1.7181224490446974e-12
-1.6800008274485523e-12
-1.6247634693009197e-12
-1.5580406229052166e-12
-1.4524355581363881e-12
-1.3427296929195346e-12
-1.2090752804684921e-12
-1.0153039899036548e-12
-7.4478037824595012e-13
-4.9114257404290855e-13
-2.5363316585644746e-13
7.1049591809991297e-15
2.6583920008867736e-13
5.2407282473118773e-13
7.7498076758960256e-13
1.0240341428502920e-12
1.3284580808228697e-12
1.6242084955105266e-12
1.9329212594831286e-12
2.2841523501285751e-12
2.6459279929064952e-12
3.0130770152454413e-12
3.3614468975286180e-12
3.8038597971360497e-12
4.2952981643863743e-12
4.7806040927116736e-12
5.2656407820203988e-12
5.7990009337249698e-12
6.3230978144620287e-12
6.8279494294080748e-12
7.3438415509667124e-12
7.9053268865810468e-12
8.4668618071388017e-12
9.0575016591406829e-12
9.6710654882422643e-12
1.0337878344206354e-11
1.0991240385268194e-11
1.1618075339457321e-11
1.2248464297033432e-11
1.2931492797323376e-11
1.3654130492696117e-11
1.4404984853709513e-11
1.5191580749199636e-11
1.6010486218137813e-11
1.6802954558447554e-11
1.7575644847248985e-11
1.8348267978387860e-11
1.9139256254606591e-11
1.9900878949800409e-11
2.0677353231535331e-11
2.1473615284789219e-11
2.2306264225542653e-11
2.3097443789519868e-11
2.3854817921681751e-11
2.4610652651097051e-11
2.5431479468438256e-11
2.6215381083861623e-11
2.7010749504360585e-11
2.7794099338836411e-11
2.8586423389229260e-11
2.9316794615151312e-11
3.0032637237102194e-11
3.0711784796940995e-11
3.1393595707961302e-11
3.2052922032621537e-11
3.2690901119148481e-11
3.3303339696663757e-11
3.3918356768504632e-11
3.4478093142391418e-11
3.4969020218947056e-11
3.5426123625464134e-11
3.5858082826397703e-11
3.6238992727182453e-11
3.6585258212301419e-11
3.6887332475685352e-11
3.7143686574329829e-11
3.7350341360817613e-11
3.7472325178075609e-11
3.7557076765531852e-11
3.7580114552397367e-11
3.7519866233864332e-11
3.7424994862190424e-11
3.7271283052412518e-11
3.7053854364326194e-11
3.6788853361362530e-11
3.6455164652854737e-11
3.6080224167589338e-11
3.5682123528188623e-11
3.5222931161219435e-11
3.4714779971897032e-11
3.4176972291383930e-11
3.3593034806222781e-11
3.2954863461813349e-11
3.2257468796702367e-11
3.1542131873851071e-11
3.0811734349459698e-11
3.0046569073674094e-11
2.9291742994049283e-11
2.8494070179545023e-11
2.7669678491965877e-11
2.6847791392102048e-11
2.5988675765573848e-11
2.5172187214147733e-11
2.4337261202788483e-11
2.3487148112161532e-11
2.2661232055846575e-11
2.1837066738927784e-11
2.1017210367544917e-11
2.0223056688498993e-11
1.9415168272514906e-11
1.8667721397688752e-11
1.7916818122392047e-11
1.7188784642966395e-11
1.6475169907647867e-11
1.5761829806717649e-11
1.5028205747935078e-11
1.4308631598787749e-11
1.3587589878187846e-11
1.2926226516589899e-11
1.2245557274896513e-11
1.1570006889576974e-11
1.0925594388306746e-11
1.0317936975889391e-11
9.7293081454413620e-12
9.1662436160385914e-12
8.6098593856578024e-12
8.1233920123482719e-12
7.6552103832832520e-12
7.2015342664552755e-12
6.7849528781267146e-12
6.3713192212985092e-12
5.9549947364544253e-12
5.5349934971620778e-12
5.1475199370543732e-12
4.7982316235412823e-12
4.4238928375413328e-12
4.0553484956558155e-12
3.6983116253888681e-12
3.3677443638722491e-12
3.0604167222896075e-12
2.7510826446756027e-12
2.4554477381982781e-12
2.1950847167248232e-12
1.9612636977517992e-12
1.7260165909828561e-12
1.5104863325131707e-12
1.3363046763404346e-12
1.1762273185611407e-12
1.0124813421642981e-12
8.3989805921849330e-13
7.3370193173908568e-13
5.7953687757453542e-13
4.1757343070086836e-13
3.0623437110268387e-13
2.3718043514060428e-13
1.8799720533963547e-13
1.7210280143634432e-13
1.9371316591583110e-13
2.2631866721358752e-13
2.6186081641317759e-13
3.1160471225830483e-13
3.3362809394200185e-13
3.9269264602939627e-13
4.4814072805512335e-13
4.9012140548877406e-13
5.7650496167590612e-13
6.5221457216769443e-13
7.0951373626664948e-13
7.3539890011614663e-13
7.3268594814159715e-13
7.3724645979658654e-13
7.4565389811373890e-13
7.5601183276886453e-13
7.8914291697297388e-13
8.0800199082383609e-13
8.3097673625009808e-13
8.3881491336379703e-13
8.5435536968475161e-13
8.6126043184249018e-13
8.9025313963826891e-13
9.3456437899363295e-13
1.0018346779781706e-12
1.0675494721244669e-12
1.0846792236642731e-12
1.1004131002908436e-12
1.0992317484272027e-12
1.0860679632366183e-12
1.0676784657392892e-12
1.0867062874071904e-12
1.1160407744794005e-12
1.1194416026134271e-12
1.0936390178716499e-12
1.0277544017827340e-12
9.6540379887214800e-13
9.0595218534387805e-13
8.3847058137842907e-13
7.9028480881385013e-13
7.6915520800747162e-13
7.0906966788264442e-13
6.3105983154850400e-13
5.1111885328173527e-13
4.1333521502912739e-13
3.3174226627379642e-13
2.3210289227496142e-13
1.7058067377745268e-13
1.6541723200333201e-13
1.4445776650993946e-13
1.4036476692335215e-13
1.4506554513131234e-13
1.5243678570527800e-13
1.4784148141421282e-13
1.2740883404283215e-13
1.2640857103910491e-13
1.7905522011934032e-13
2.0749169813347786e-13
1.9349296084366244e-13
1.8591921155901516e-13
1.7033224893879044e-13
1.3765743347387005e-13
7.1529929397712056e-14
2.3937418818216456e-14
9.3358670850640410e-15
-1.2484643977953339e-14
-7.3964566034924355e-14
