1.1717232185113441e-14
2.9324506208341533e-14
3.2718543310739545e-14
3.8171907010851981e-14
4.6917839456420431e-14
3.3629713013063643e-14
2.6053840369012524e-14
4.5336097651112262e-14
2.3075591533795252e-14
1.3075110264519832e-14
2.7729330622618690e-14
3.5932426541150393e-14
2.6985614984198495e-14
2.7095664553322280e-14
2.2710828902672008e-14
3.8225641731913902e-14
2.7222866508771361e-14
3.3106256806414274e-14
3.0122310427694448e-14
4.2237963711978704e-14
4.3346725309203917e-14
5.3353257891868332e-14
3.9802998600258590e-14
5.9016645994277687e-14
5.5488147070465049e-14
5.0483200782768975e-14
5.3530634535583038e-14
7.3618745829582434e-14
6.3295943851572101e-14
5.7575195600823028e-14
6.5196160547812187e-14
6.5972852411393536e-14
5.4438977647823715e-14
4.7034037292932751e-14
4.5995312869561816e-14
6.7283101368306770e-14
5.2775431107736084e-14
6.0169782661164443e-14
6.5158198411290385e-14
5.4846251473238579e-14
2.4293439961015995e-14
-3.7117582497098259e-15
1.9024473558681990e-14
1.2980986765559780e-15
1.6181428319479504e-15
-1.7751979700793130e-15
-1.0388944538571330e-14
1.1692708047019871e-14
-2.4871453704911711e-16
-8.4747376953030855e-18
-2.2607947276842212e-15
-1.8559084586311450e-15
1.0965790867665137e-14
-1.9569455248358605e-14
-1.1165354004094297e-14
-9.6880592782355596e-15
-3.7267347318728873e-14
-2.8244615408582971e-14
-1.2577631361846071e-14
-2.1269891369578297e-14
-2.5725570986593738e-15
-9.5671826688008933e-15
1.9174169757423016e-15
1.0071438902155349e-14
1.3243793903235165e-15
1.1793748190772287e-14
9.6307076680922341e-15
2.7881773786739406e-14
2.2787286093976845e-14
3.3225167796046601e-14
3.9488827680007725e-14
4.0775024676097742e-14
3.9548509196532549e-14
5.7867303429288257e-14
4.1057053789001573e-14
5.9047038802582467e-14
6.1878499412083515e-14
4.3011881987977602e-14
5.7209003863445015e-14
5.9928584048223401e-14
3.8085334709905047e-14
4.2218880290690758e-14
4.2408280292789069e-14
5.2989567194352361e-14
5.5371482410271467e-14
4.0767433294052195e-14
5.5018798055580461e-14
5.7539630318791595e-14
4.7998949806219932e-14
6.2874077377666142e-14
6.6718729666824389e-14
4.5561020313791712e-14
5.9627505946849495e-14
4.3531066673496298e-14
6.0445407199380338e-14
3.4305337987667865e-14
9.0896137722963811e-15
1.6846350636632900e-15
2.2161159348543423e-14
1.8367658140337276e-14
2.0907596441796896e-14
1.3363208775378536e-14
3.8988308657606190e-14
3.1544608327884609e-14
3.3703042145700179e-14
7.9914302828231090e-14
4.0074150320050005e-14
7.4216700044960666e-14
9.0444643549033629e-14
6.5080016323466137e-14
7.8874846652962885e-14
4.6736841242066467e-14
6.1252799983685363e-15
5.7842749414848503e-15
-1.2187571773811359e-14
-1.7457852275587460e-14
-2.1659600563476297e-14
-2.8450478359351452e-14
-3.0767609942104645e-14
-1.6628539669949983e-14
-4.7734075545097080e-14
-2.9132334041715092e-14
-5.0675369316595575e-15
-3.1872431568685420e-14
-3.7417169073445978e-14
-2.2313811726480379e-14
-3.1431767831213707e-14
-2.1922333182013971e-14
-3.7965089361403581e-14
-2.2770944586922025e-14
-2.5080226033150591e-14
-1.7699377143526768e-14
-3.4775271879274920e-14
-4.1428369839830972e-14
-5.3817864998247647e-14
-5.0380980444680933e-14
-4.8747262434073201e-14
-6.5090620355936116e-14
-8.6666075393086011e-14
-1.2178318733755757e-13
-1.4436361385445228e-13
-1.6161781727762204e-13
-1.9630662842757347e-13
-2.5048423596954399e-13
-2.9766896990010674e-13
-3.2334622988862250e-13
-3.7142015568554095e-13
-4.1489073029383988e-13
-4.4608221947488090e-13
-4.7225158994402865e-13
-5.1503029418195554e-13
-5.2102982243279827e-13
-5.6003140841978733e-13
-5.8334760267015806e-13
-6.5968711348612827e-13
-7.0214221765627209e-13
-7.2900630200928878e-13
-7.7059805703137787e-13
-8.2714770412967119e-13
-8.8144501129438274e-13
-9.3954608453720599e-13
-9.5323589535208500e-13
-1.0395127920944524e-12
-1.1010413638538161e-12
-1.1525694564498902e-12
-1.1997389716837700e-12
-1.2895280726321474e-12
-1.3314644653948973e-12
-1.3608486092974939e-12
-1.4372831101899617e-12
-1.5475564212061239e-12
-1.6576414517608632e-12
-1.7678403492215716e-12
-1.8771946503432039e-12
-2.0173597614956861e-12
-2.1838644349377871e-12
-2.3929172772319432e-12
-2.5486221403404487e-12
-2.7722540836118322e-12
-3.0031046789570506e-12
-3.2505420073830429e-12
-3.5004666021752875e-12
-3.7680272519069983e-12
-4.0784103992298945e-12
-4.3955720121609908e-12
-4.7381217795158296e-12
-5.1790112898406062e-12
-5.6039712573941105e-12
-6.0670806912455377e-12
-6.5809475731608414e-12
-7.1754101687868103e-12
-7.7913222034151303e-12
-8.4871775833853330e-12
-9.2155264879845610e-12
-9.9918937717355134e-12
-1.0820986322335203e-11
-1.1693010503153004e-11
-1.2598295691974636e-11
-1.3592444649091608e-11
-1.4600144584950379e-11
-1.5692316177788212e-11
-1.6819908167809102e-11
-1.8053446026660684e-11
-1.9325760371139166e-11
-2.0650167445315494e-11
-2.1988749303875999e-11
-2.3416840560515467e-11
-2.4882284704586254e-11
-2.6428902212252379e-11
-2.7952060274779882e-11
-2.9527471447643873e-11
-3.1131603796947570e-11
-3.2759732011772504e-11
-3.4340627971185443e-11
-3.5974840611469204e-11
-3.7571100611993448e-11
-3.9167724502566438e-11
-4.0731394058530313e-11
-4.2319054339813763e-11
-4.3837274417744269e-11
-4.5336831737951026e-11
-4.6763500184631721e-11
-4.8157080509269874e-11
-4.9515805699899691e-11
-5.0777346289336900e-11
-5.1974292644687197e-11
-5.3072207402073811e-11
-5.4105520539958520e-11
-5.4974380796920743e-11
-5.5754385598565436e-11
-5.6426858437363950e-11
-5.6999052780865632e-11
-5.7463964611238815e-11
-5.7829140374330437e-11
-5.8067081947038916e-11
-5.8206539225777757e-11
-5.8198462725839414e-11
-5.8010447034860288e-11
-5.7738645626983516e-11
-5.7331244180537796e-11
-5.6826809054100635e-11
-5.6184817060446264e-11
-5.5455931673111921e-11
-5.4638390678117509e-11
-5.3734691247843531e-11
-5.2708018978970915e-11
-5.1655312029888628e-11
-5.0486905435443554e-11
-4.9283427712213181e-11
-4.8015070359934276e-11
-4.6682742790298665e-11
-4.5315247347691445e-11
-4.3914169125169432e-11
-4.2417420219162263e-11
-4.0910620383465397e-11
-3.9382426494481696e-11
-3.7801947618036170e-11
-3.6265526152554862e-11
-3.4678416775507079e-11
-3.3134600543088306e-11
-3.1594982329669387e-11
-3.0059008278355285e-11
-2.8552027590572999e-11
-2.7084636251110756e-11
-2.5623425970658894e-11
-2.4223780938014936e-11
-2.2813745014863327e-11
-2.1454441046559091e-11
-2.0150631546190094e-11
-1.8877077604303048e-11
-1.7634357404053375e-11
-1.6454566306118440e-11
-1.5270753673994639e-11
-1.4198362043077357e-11
-1.3141701967241447e-11
-1.2168459474785872e-11
-1.1253328746294015e-11
-1.0413607391155057e-11
-9.6061159036221220e-12
-8.8718968526927059e-12
-8.1439182545806763e-12
-7.4979147072569296e-12
-6.8432690221182457e-12
-6.2696652815146616e-12
-5.7505663011520389e-12
-5.2565490231378223e-12
-4.7778447752263867e-12
-4.3569391412433971e-12
-3.9301643925974872e-12
-3.5886292240860428e-12
-3.2203857979921715e-12
-2.9171449244187948e-12
-2.6339476996733678e-12
-2.3863346098935331e-12
-2.1217514615069139e-12
-1.9139398367994876e-12
-1.6789444621474577e-12
-1.4809308612596642e-12
-1.3066998204565703e-12
-1.1373267288695631e-12
-9.8795520606474509e-13
-8.7245087508547090e-13
-7.5284155518254527e-13
-6.6916262686896204e-13
-5.5337573163100520e-13
-5.0346367155452674e-13
-4.3656291825049921e-13
-3.8658111428601501e-13
-3.4299012658889083e-13
-3.1654407136450921e-13
-2.7778757101817193e-13
-2.8587181003033142e-13
-2.5620005022210379e-13
-2.5619812741898720e-13
-2.3931009531976769e-13
-2.1404922666686702e-13
-1.9402797078849279e-13
-1.6701280409341523e-13
-1.4983770670498918e-13
-1.2154217522061839e-13
-9.2006545495558850e-14
-7.7470051626595543e-14
-7.9710644483075806e-14
-7.4310933280911794e-14
-5.8927138327046060e-14
-3.4198522124345907e-14
-3.1111175603709390e-14
-4.0125331590440164e-14
-4.1415298916904752e-14
-5.6777888661180954e-14
-5.3622772985812175e-14
-4.8724523226706646e-14
-3.2093672854837717e-14
-1.0460034568340964e-14
-1.6422636941372147e-14
1.3727852898783719e-14
3.2282968701800421e-14
4.3300538610906475e-14
2.2919964424206956e-14
3.3677850129304504e-14
4.2856433941126160e-14
6.8804002039313918e-14
9.6832824584605214e-14
8.5650675291717271e-14
8.9465166715930269e-14
7.7214753545609362e-14
6.7397302278721258e-14
8.6663240546341779e-14
7.3592203185660944e-14
1.1150168348232694e-13
8.7727159679288122e-14
1.2905560529185931e-13
1.4425083371307574e-13
1.3672864484627042e-13
1.0304554479130836e-13
1.2612753373227655e-13
1.0158640453091176e-13
1.3437429149748846e-13
1.1927363088241594e-13
9.8346395364282730e-14
6.0096183016478815e-14
1.1658672666280073e-14
1.2607518962596275e-14
-7.4634315092181248e-15
-3.1730683926393961e-14
-3.1379576224816273e-15
-4.3105548786710823e-14
-7.7760764751596431e-15
3.2609676721660143e-14
1.8931842333234136e-14
2.8071788755141504e-14
3.6234627400982858e-14
3.2149114996803557e-14
7.8616314678454184e-14
6.3078879939768470e-14
6.3404633265193181e-14
8.6361647833181456e-14
6.4519047708423094e-14
4.7924228385271476e-14
6.1807583749813468e-14
4.3308769267940880e-14
5.7669895400441997e-14
4.8955726453553583e-14
1.8571581508001838e-14
3.8202044298168453e-14
1.5508827289236651e-14
1.3325142059621780e-14
-1.6684814738672356e-14
-1.4262527546188377e-14
-2.0477987308068243e-14
-1.3628840628933943e-14
-2.8769902319589482e-14
-8.8000477280243818e-15
-5.6523345732317762e-15
-7.3688303003824605e-15
-3.3315378493188293e-15
-5.9288702442715268e-15
-3.5610787234268434e-15
9.4434469351564996e-16
-1.2530737160194212e-14
1.6961388178384287e-14
-2.0061753515969860e-15
1.3033128111300660e-14
5.3487685720702189e-16
3.8850278040711150e-15
1.6373378836997123e-14
9.1667619871620803e-15
8.4319302098899410e-15
9.2529003984292865e-15
-7.1917937629522577e-15
4.8447958035293370e-15
2.6376328197790062e-15
-3.4004126495732123e-15
4.2085879539503326e-15
7.3105846666900624e-15
-1.4366098461978793e-14
1.4236697962564542e-14
2.3026127535325062e-15
1.4574152269005562e-14
4.4762141778710445e-15
3.3585087158252582e-15
-1.1600801535392357e-14
-1.1177931736361735e-14
-1.2518888190690968e-14
1.4964681446793862e-14
1.8447683072939982e-14
4.5005131111049308e-14
6.2910642623282881e-14
4.5545166442351208e-14
2.9023577248570903e-14
3.8215037460512975e-14
3.3155885098517099e-14
2.6003548513630704e-14
3.0565984619394309e-14
3.7095189516028984e-14
3.7432129841727308e-14
2.3473536861201433e-14
7.5041426631661327e-15
2.4513155938912806e-15
3.8534122880815786e-15
1.6829702802672900e-14
2.5314084982349936e-14
5.2914840841226405e-14
3.3966740521204154e-14
5.1357844566920890e-14
8.2860587856029049e-15
8.2090578880735162e-15
1.5734112724305228e-14
8.1529379606073202e-15
1.5537939067553691e-14
2.0122549152379489e-14
2.6351338156569043e-14
3.8975745839274031e-14
-1.3413914330372448e-16
1.2895247543380253e-14
5.1123677760392251e-15
-3.5784290046947324e-15
2.2643562346620261e-14
2.8951649947557157e-14
1.6075610602509475e-14
4.3031465163585362e-14
7.8130422729611204e-15
1.0708766059360040e-14
6.8541581572076585e-15
1.3328782442298504e-14
8.4545155813434593e-15
1.6123091004063770e-14
2.5099380235492534e-14
3.6882384940544282e-14
1.0912777415712094e-15
1.5461960496275146e-14
-3.7879927923798748e-15
-3.8008437336044433e-15
3.5298415025329250e-15
1.8877484336770390e-14
5.7450747049237298e-15
2.7448878730208954e-14
3.7213453524942280e-15
6.3276067811039989e-16
3.5114076472256547e-14
1.8842700757018786e-14
4.3159451994181678e-14
3.4085649185354441e-14
5.0680858919427112e-14
4.3713264250033424e-14
2.8808219048244743e-14
8.8600721594884072e-15
2.3931268981734898e-14
-2.0402260710530941e-15
7.1423906755316350e-15
1.9588614846276435e-14
2.8423977169757847e-14
3.5924505868560863e-14
1.4353748023755035e-14
2.4888304507209271e-14
1.5037169912261965e-14
2.7309801928043371e-14
5.1590432855268426e-16
1.4213816291941702e-15
1.2808893677352936e-15
1.7979981595287039e-14
-2.2109884157917955e-16
1.2124040781301943e-14
1.1917817165539640e-14
1.5886066437205439e-14
7.1210656535657345e-15
-1.6119085431544635e-15
2.4854428764880471e-14
2.4930807760527922e-14
4.6342402475170478e-15
2.4948164140064396e-14
2.5262722799937005e-14
