2.6620244400500022e-14
-1.3700053821476105e-13
5.8044724513311832e-13
1.8966503741988217e-12
1.6214802287674678e-12
-2.3169668128315373e-13
2.1563645947940711e-12
-6.9594897754805525e-13
7.3733204426677091e-13
8.8731114249376401e-13
-2.1888399146525534e-13
1.7129298106656975e-12
1.0986490454935637e-12
-9.3512112487533605e-13
-1.2968051950956781e-12
1.5755181343327021e-12
8.8929268683633044e-14
-2.3749263795806059e-13
1.5759013624857367e-12
-1.7574925722117919e-12
-1.2408977334528791e-12
-1.0300979040923240e-12
-8.2647600017626474e-13
-1.0719990807034626e-12
2.2137314139640686e-12
-4.5464824005013773e-13
6.8809358815629724e-13
-1.8459474927720049e-12
-1.1416548279875658e-13
-1.4328570152957516e-12
2.0855616177860932e-13
8.6162180009228107e-13
9.1559921130251895e-13
-8.3264857551235658e-13
6.8067543016143321e-13
-1.6375212579867640e-12
5.6612446055177303e-13
-1.0464522847762421e-13
-8.6119101737388647e-13
5.8037692134289935e-14
1.4372220047224300e-12
1.9686561093273887e-12
-1.6237831799162201e-12
9.8390002537012141e-13
3.5327932149757360e-13
-7.8928815192382531e-13
-2.2022893559591046e-13
1.7751431151698567e-13
-1.9977724604943503e-13
1.0832796152704033e-12
-5.1670194993948276e-13
-3.5460876272602493e-12
-4.2270698481979769e-13
2.3796105437219808e-12
-5.5673690006201829e-13
2.9973067512813208e-13
7.9900524265965370e-13
1.9573451933332579e-12
-3.4189172466564529e-12
-5.3429693174970403e-13
-5.0373593780987639e-13
-1.0749679821756735e-12
1.8566354490580649e-12
-5.6043582869781520e-13
-3.4390210487308702e-13
2.4356254765033664e-12
1.8774877490004587e-12
-1.2828395081655654e-12
1.8146651291476560e-12
8.9325936388506699e-13
8.7689354406670894e-13
-4.8427823096476946e-14
3.4109720657901360e-13
-1.3010103908269729e-12
-2.0102300377007247e-13
8.0205682773906421e-13
-1.7842884947285175e-12
-5.4353482469346947e-13
-1.9494466909550438e-12
-4.8947745829486543e-12
-5.9709666163444003e-12
-6.9767506595550384e-12
-1.2002890498229251e-11
-1.4544649591847039e-11
-2.3928112883741262e-11
-3.2643894163987531e-11
-4.4395451810576740e-11
-6.4082498291810134e-11
-8.9125060888398245e-11
-1.2769640191135693e-10
-1.7696740278933782e-10
-2.4901518388106306e-10
-3.4996026065020327e-10
-4.8475187034998711e-10
-6.7468166539329984e-10
-9.3558548388157542e-10
-1.2955267420043752e-09
-1.7871335961738880e-09
-2.4570376282702305e-09
-3.3746490973840283e-09
-4.6207030007646847e-09
-6.3106484783299846e-09
-8.5937735895908184e-09
-1.1674528112402414e-08
-1.5820629757555514e-08
-2.1375922489997622e-08
-2.8803504498069486e-08
-3.8710813371674767e-08
-5.1884944410759443e-08
-6.9346133211715141e-08
-9.2433711633530725e-08
-1.2286128786959628e-07
-1.6284196472783865e-07
-2.1522214487017528e-07
-2.8363245403537476e-07
-3.7270047938410730e-07
-4.8830514704852798e-07
-6.3785970026525725e-07
-8.3070182194443441e-07
-1.0785388512650575e-06
-1.3959608305644620e-06
-1.8010819078361682e-06
-2.3162907608721044e-06
-2.9690965893632406e-06
-3.7931086487333715e-06
-4.8291768558566297e-06
-6.1266046399000169e-06
-7.7444905092622350e-06
-9.7531632312682843e-06
-1.2235580081425240e-05
-1.5288689904128421e-05
-1.9024569430854706e-05
-2.3571150435100824e-05
-2.9072282107458459e-05
-3.5686771662307637e-05
-4.3585863406432833e-05
-5.2948541562420433e-05
-6.3953812471266821e-05
-7.6768752494371442e-05
-9.1531021159912081e-05
-1.0832385260272952e-04
-1.2714133013541257e-04
-1.4784092276122864e-04
-1.7007969761457075e-04
-1.9322970027569532e-04
-2.1626688556327997e-04
-2.3762689529874240e-04
-2.5501937396166805e-04
-2.6519084492602059e-04
-2.6362420372665144e-04
-2.4416050527299591e-04
-1.9852600372448107e-04
-1.1574448154220652e-04
1.8588783752083302e-05
2.2319886012902616e-04
5.2222072850241887e-04
9.4652338354441422e-04
1.5353106756741772e-03
2.3380470598897609e-03
3.4167626719237582e-03
4.8487991215235239e-03
6.7300644933411006e-03
9.1788736338884874e-03
1.2340457522972123e-02
1.6392233246633716e-02
2.1549933727344258e-02
2.8074703865689811e-02
3.6281276114587042e-02
4.6547344594880545e-02
5.9324261234014963e-02
7.5149180264348678e-02
9.4658778264107096e-02
1.1860467493461703e-01
1.4787067488066252e-01
1.8349194204327765e-01
2.2667620540142727e-01
2.7882707678923702e-01
3.4156953851137084e-01
4.1677762911555971e-01
5.0660432005433187e-01
6.1351353314355794e-01
7.4031419892175332e-01
8.9019619837852515e-01
1.0667679654323885e+00
1.2740954550313768e+00
1.5167421019924929e+00
1.7998093093191270e+00
2.1289769129630791e+00
2.5105429730757183e+00
2.9514621424887997e+00
3.4593817619157381e+00
4.0426747314447757e+00
4.7104681109630722e+00
5.4726663115136223e+00
6.3399676580822062e+00
7.3238730352489174e+00
8.4366852742565897e+00
9.6914979066905786e+00
1.1102171900130754e+01
1.2683299008305655e+01
1.4450150415797363e+01
1.6418609438935778e+01
1.8605087162185367e+01
2.1026420046149205e+01
2.3699748740141999e+01
2.6642377570495309e+01
2.9871614454565318e+01
3.3404591309326101e+01
3.7258065379146537e+01
4.1448202297290493e+01
4.5990342114105111e+01
5.0898749966150490e+01
5.6186353517128978e+01
6.1864469764591618e+01
6.7942524266699010e+01
7.4427766289729362e+01
8.1324983798492369e+01
8.8636222596084195e+01
9.6360514254604013e+01
1.0449361775218202e+02
1.1302777993223623e+02
1.2195152001758836e+02
1.3124944343432392e+02
1.4090209012054092e+02
1.5088582230604996e+02
1.6117275644653654e+02
1.7173074357763022e+02
1.8252340182130891e+02
1.9351020413254503e+02
2.0464662362478265e+02
2.1588433796783454e+02
2.2717149342385352e+02
2.3845302809121091e+02
2.4967105288027713e+02
2.6076528766929437e+02
2.7167354900466955e+02
2.8233228464152938e+02
2.9267714919125211e+02
3.0264361417723552e+02
3.1216760492273374e+02
3.2118615592758101e+02
3.2963807575558002e+02
3.3746461197020483e+02
3.4461010633862355e+02
3.5102263038585266e+02
3.5665459143051424e+02
3.6146329947554386e+02
3.6541148576118707e+02
3.6846776440940755e+02
3.7060702938827609e+02
3.7181077998946716e+02
3.7206736912248670e+02
3.7137216996510642e+02
3.6972765784490002e+02
3.6714340563458438e+02
3.6363599239423172e+02
3.5922882645550601e+02
3.5395188558572198e+02
3.4784137826154807e+02
3.4093933139415418e+02
3.3329311105144427e+02
3.2495488379384881e+02
3.1598102715597940e+02
3.0643149854919619e+02
2.9636917241655738e+02
2.8585915583165882e+02
2.7496809289321527e+02
2.6376346822731296e+02
2.5231291967463326e+02
2.4068356982008459e+02
2.2894138543057790e+02
2.1715057312069067e+02
2.0537301868600500e+02
1.9366777655275155e+02
1.8209061471511839e+02
1.7069361939378814e+02
1.5952486247748956e+02
1.4862813362959827e+02
1.3804273777946565e+02
1.2780335759661946e+02
1.1793997948726057e+02
1.0847788067541204e+02
9.9437674052345898e+01
9.0835406710151474e+01
8.2682707429138688e+01
7.4986977869810389e+01
6.7751621832434225e+01
6.0976306689916996e+01
5.4657250970504940e+01
4.8787532059048345e+01
4.3357408091779305e+01
3.8354648328907302e+01
3.3764866590028284e+01
2.9571852716307870e+01
2.5757897466538463e+01
2.2304106747125378e+01
1.9190701604465211e+01
1.6397300958145959e+01
1.3903184611389122e+01
1.1687534628954131e+01
9.7296537113258008e+00
8.0091597071308822e+00
6.5061558855855779e+00
5.2013770303504350e+00
4.0763118101806022e+00
3.1133022268983632e+00
2.2956212349579910e+00
1.6075298688449455e+00
1.0343154050456709e+00
5.6231222594607855e-01
1.7890714674107655e-01
-1.2746898394104139e-01
-3.6736158880732833e-01
-5.5032277645621075e-01
-6.8495012591825977e-01
-7.7893218281673882e-01
-8.3909911098388013e-01
-8.7147706172546435e-01
-8.8134495275535774e-01
-8.7329248600546094e-01
-8.5127837412457885e-01
-8.1868788642908286e-01
-7.7838896289529580e-01
-7.3278627745913205e-01
-6.8387275728318142e-01
-6.3327818083953125e-01
-5.8231458428495586e-01
-5.3201830086391322e-01
-4.8318854264152578e-01
-4.3642250688936596e-01
-3.9214705145062950e-01
-3.5064703482890558e-01
-3.1209045801500063e-01
-2.7655057709402042e-01
-2.4402517909698501e-01
-2.1445322951802875e-01
-1.8772910916548063e-01
-1.6371466129813422e-01
-1.4224926890717057e-01
-1.2315817626946844e-01
-1.0625926071274477e-01
-9.1368449200382257e-02
-7.8303961844374020e-02
-6.6889550300106862e-02
-5.6956884518060621e-02
-4.8347226396421535e-02
-4.0912514153353591e-02
-3.4515966988739315e-02
-2.9032305849529098e-02
-2.4347673337137551e-02
-2.0359323850395857e-02
-1.6975144106665709e-02
-1.4113054422655138e-02
-1.1700332135233081e-02
-9.6728909063080754e-03
-7.9745427786385159e-03
-6.5562638603198949e-03
-5.3754796729421515e-03
-4.3953817512937740e-03
-3.5842837528508066e-03
-2.9150221902771146e-03
-2.3644048644534529e-03
-1.9127079501011200e-03
-1.5432213995648168e-03
-1.2418412667609562e-03
-9.9670667747257260e-04
-7.9787872699960539e-04
-6.3705822848526426e-04
-5.0733904090187010e-04
-4.0299369026072085e-04
-3.1928804412855122e-04
-2.5232186610891978e-04
-1.9889235302871750e-04
-1.5637782397373952e-04
-1.2263906291160471e-04
-9.5935990929555881e-05
-7.4857559827132505e-05
-5.8263056185148549e-05
-4.5233095069949213e-05
-3.5028896913328198e-05
-2.7058606633778534e-05
-2.0849448335144641e-05
-1.6024896462833658e-05
-1.2285939284122442e-05
-9.3958306606966013e-06
-7.1676397323339719e-06
-5.4542172854290325e-06
-4.1400377968345160e-06
-3.1346689457217772e-06
-2.3675304406270294e-06
-1.7836785894165097e-06
-1.3404558516339512e-06
-1.0048603333984796e-06
-7.5140590937984934e-07
-5.6047964639974019e-07
-4.1702011358669896e-07
-3.0950796059187685e-07
-2.2913947967718745e-07
-1.6921355483868138e-07
-1.2464954670008918e-07
-9.1590998781104451e-08
-6.7128759278684935e-08
-4.9081225931904481e-08
-3.5792035576653726e-08
-2.6034158814881953e-08
-1.8889379759806331e-08
-1.3673380704337158e-08
-9.8703532169625380e-09
-7.1063070534249590e-09
-5.1055004142676851e-09
-3.6564696810028317e-09
-2.6114169327571802e-09
-1.8630470627850714e-09
-1.3217011826069385e-09
-9.3889431753538627e-10
-6.6396287691106498e-10
-4.6604694735873074e-10
-3.2917319752195129e-10
-2.2999400342537855e-10
-1.6303292237401969e-10
-1.1040842455301882e-10
-7.8543677035222944e-11
-5.4640267981119116e-11
-3.9453975737105960e-11
-2.4141044932809349e-11
-1.8405541815566734e-11
-1.1494981946059105e-11
-9.8947604978171762e-12
-7.8763461718883593e-12
-2.3340357741568433e-12
-1.9278824311175009e-12
-1.8409003531052871e-12
1.3269386393517529e-12
-1.8282505089213977e-12
2.8397082094438720e-13
5.0105310322300176e-13
-6.1856854964937279e-13
9.6106734969063157e-13
-1.7940889732176029e-13
8.9318608118345125e-13
-1.8446594056537132e-12
-3.4208640573143990e-12
-2.7984006909047412e-13
6.9827005309923314e-15
-1.6075114753959026e-12
2.4635351396630396e-12
-1.2561004869802472e-12
1.8417893728742942e-13
-9.8736951637444794e-13
-2.3269673388410131e-12
-1.4350248296758248e-12
2.6820680142888751e-13
-1.3028175110518317e-13
-6.1742792913114550e-13
8.8046252662227759e-13
2.7308744760952928e-12
1.5421215449714460e-14
8.4384562693702999e-13
1.2551866964639535e-12
1.8658233656118698e-12
-7.9695732819163312e-13
1.9867784368967083e-12
9.6180453849842376e-13
1.9339255129283355e-13
-9.5507755015928687e-14
2.9208890185471629e-13
-4.7750640104503233e-13
1.6837015109695832e-12
-2.7078102668465709e-12
-1.1410548464977638e-12
1.6576323486261498e-12
2.1137423980560298e-12
-1.1486739424529489e-12
-2.2206740509165588e-13
2.1221306014176302e-13
2.6026322690998622e-13
2.6042425410434807e-13
5.2577683993907987e-15
-2.0476549627661992e-12
5.1709181581910291e-13
-9.3312500864372312e-14
1.2743405074658506e-14
-7.3017267998201466e-13
1.8952128738614214e-12
-1.8117556918712845e-12
3.0446422503559937e-13
-1.4890883562140091e-13
2.3825322563941950e-12
-1.1913705918727448e-12
-1.4911872474635216e-12
-5.9473297833253099e-13
8.6275002291447053e-13
1.9185948891643421e-12
1.1889379697847816e-12
-3.5436080739365965e-12
-2.3255803853807360e-13
3.8933079602000617e-13
7.9330624817214979e-14
-1.2564179924926999e-12
3.5835546837427278e-12
7.5132135856685075e-13
-1.3816279628517085e-12
3.9449393595778720e-13
1.3300357283081350e-12
7.4496816109798395e-13
1.3868256619827433e-12
1.2557745965766590e-12
-1.0280677311914758e-13
2.0574179951725275e-12
1.2921325731870020e-12
2.1856354304137377e-12
-1.5063029867719907e-12
