1.1544307199982079e-03
-2.5864068026372256e-03
-7.6091074398589717e-03
-1.4184257859917403e-02
-2.2621310388180549e-02
-3.3267767337314215e-02
-4.6519221305147629e-02
-6.2822826877277527e-02
-8.2684032223273696e-02
-1.0667306185592781e-01
-1.3543106967493967e-01
-1.6967795603316052e-01
-2.1021881100773143e-01
-2.5795239708966999e-01
-3.1387821229479296e-01
-3.7910513197403117e-01
-4.5485932097987875e-01
-5.4249237505847669e-01
-6.4349046631204476e-01
-7.5948132728489359e-01
-8.9224152896491260e-01
-1.0437150659255097e+00
-1.2160233486285823e+00
-1.4114650405229363e+00
-1.6325085583176995e+00
-1.8818061166892690e+00
-2.1622096307969958e+00
-2.4767715551668315e+00
-2.8287496330961459e+00
-3.2216099394430384e+00
-3.6590276047697219e+00
-4.1448871910616161e+00
-4.6832801381276452e+00
-5.2785013741625733e+00
-5.9350430385732107e+00
-6.6575865871180300e+00
-7.4509922369039465e+00
-8.3202858669037116e+00
-9.2706437122820127e+00
-1.0307373372384223e+01
-1.1435893110119098e+01
-1.2661708910518133e+01
-1.3990377447712653e+01
-1.5427482258097740e+01
-1.6978599046336548e+01
-1.8649257710625147e+01
-2.0444917331124145e+01
-2.2370916255283507e+01
-2.4432422676469489e+01
-2.6634391093946732e+01
-2.8981510086586859e+01
-3.1478152496518437e+01
-3.4128321220860940e+01
-3.6935595841400385e+01
-3.9903077072492984e+01
-4.3033331917260583e+01
-4.6328338331082485e+01
-4.9789430964949602e+01
-5.3417248147137073e+01
-5.7211680307140412e+01
-6.1171821894462539e+01
-6.5295924456028658e+01
-6.9581355744862279e+01
-7.4024565771517032e+01
-7.8621041565252042e+01
-8.3365274159397742e+01
-8.8250762963642629e+01
-9.3269996401792966e+01
-9.8414426282516146e+01
-1.0367447304758825e+02
-1.0903953393384081e+02
-1.1449799690462100e+02
-1.2003726614930821e+02
-1.2564379332317638e+02
-1.3130311994686380e+02
-1.3699992619231705e+02
-1.4271809030200319e+02
-1.4844075440197469e+02
-1.5415040033585254e+02
-1.5982893123560913e+02
-1.6545776253664698e+02
-1.7101791705745808e+02
-1.7649012980793125e+02
-1.8185495249647022e+02
-1.8709287026168781e+02
-1.9218442313086581e+02
-1.9711031624746229e+02
-2.0185154655010641e+02
-2.0638951692583436e+02
-2.1070614873913999e+02
-2.1478401350146635e+02
-2.1860644831979374e+02
-2.2215766817021540e+02
-2.2542287583417939e+02
-2.2838836300214868e+02
-2.3104160731106717e+02
-2.3337135890074074e+02
-2.3536772087867095e+02
-2.3702221787025738e+02
-2.3832785694772835e+02
-2.3927917538039333e+02
-2.3987227980118215e+02
-2.4010487125115353e+02
-2.3997626099134087e+02
-2.3948737277222472e+02
-2.3864073125452839e+02
-2.3744044883122825e+02
-2.3589219797200852e+02
-2.3400316105666116e+02
-2.3178196170348446e+02
-2.2923860146848816e+02
-2.2638440085917597e+02
-2.2323191438682554e+02
-2.1979483837869316e+02
-2.1608791481687572e+02
-2.1212682594486557e+02
-2.0792808637476372e+02
-2.0350892899304952e+02
-1.9888718977724858e+02
-1.9408118915337405e+02
-1.8910961394963829e+02
-1.8399139848377570e+02
-1.7874560779141100e+02
-1.7339132275734923e+02
-1.6794752804606091e+02
-1.6243300607083373e+02
-1.5686623113468104e+02
-1.5126527533544092e+02
-1.4564772724369547e+02
-1.4003060539875409e+02
-1.3443026341982909e+02
-1.2886231900004287e+02
-1.2334161064888522e+02
-1.1788214512216891e+02
-1.1249704886488671e+02
-1.0719853365347544e+02
-1.0199786657655413e+02
-9.6905350541188028e+01
-9.1930311181949364e+01
-8.7081092351140967e+01
-8.2365058462223615e+01
-7.7788603830769844e+01
-7.3357168823094668e+01
-6.9075261204872433e+01
-6.4946484322553857e+01
-6.0973568027640859e+01
-5.7158407267086311e+01
-5.3502099760959759e+01
-5.0004990630801288e+01
-4.6666726607589531e+01
-4.3486303541707677e+01
-4.0462105185709760e+01
-3.7591943452836070e+01
-3.4873120944617554e+01
-3.2302492211018645e+01
-2.9876508273182630e+01
-2.7591267792411386e+01
-2.5442564612706612e+01
-2.3425934458316497e+01
-2.1536699887135796e+01
-1.9770013033192839e+01
-1.8120896571311164e+01
-1.6584281915043448e+01
-1.5155045501500243e+01
-1.3828041876784475e+01
-1.2598135003190489e+01
-1.1460225771243746e+01
-1.0409278426016693e+01
-9.4403423196366845e+00
-8.5485718473880912e+00
-7.7292519619095490e+00
-6.9778044873835938e+00
-6.2898026647099430e+00
-5.6609815030007322e+00
-5.0872343984882011e+00
-4.5646313137759513e+00
-4.0894264431957215e+00
-3.6580573828784511e+00
-3.2671484067821956e+00
-2.9135085084441492e+00
-2.5941303745729702e+00
-2.3061869519290621e+00
-2.0470276817154316e+00
-1.8141738180341576e+00
-1.6053128975660409e+00
-1.4182931059216914e+00
-1.2511167726185437e+00
-1.1019339048343972e+00
-9.6903557719374878e-01
-8.5084633249486152e-01
-7.4591804065405010e-01
-6.5292599350436842e-01
-5.7064939212111176e-01
-4.9796539778113996e-01
-4.3386639913677871e-01
-3.7744268955688637e-01
-3.2785941953004949e-01
-2.8435979547354667e-01
-2.4625965977886655e-01
-2.1294165623522920e-01
-1.8385117063137019e-01
-1.5849065586635891e-01
-1.3641558291388839e-01
-1.1722925694637851e-01
-1.0057897768032893e-01
-8.6151473305802473e-02
-7.3669352271942157e-02
-6.2887317132165291e-02
-5.3588767198838483e-02
-4.5583179043868952e-02
-3.8702063358290295e-02
-3.2799087327680325e-02
-2.7743791736754123e-02
-2.3415707246687505e-02
-1.9712063054095046e-02
-1.6539346997113433e-02
-1.3819694850881943e-02
-1.1494521337925560e-02
-9.5100211141219762e-03
-7.8185416036295960e-03
-6.3782410640638460e-03
-5.1514851319101381e-03
-4.1051860696889042e-03
-3.2098025545016689e-03
-2.4393553574999604e-03
-1.7710495904664262e-03
-1.1847916579972198e-03
-6.6339002253276713e-04
-1.9149652152160364e-04
2.4361733231815239e-04
6.5368529452270005e-04
1.0482706652520754e-03
1.4360709157683921e-03
1.8268020144960122e-03
2.2247132210535033e-03
2.6240017108429088e-03
3.0169762316164116e-03
3.4061627205655086e-03
3.8034378730518845e-03
4.2136657298081914e-03
4.6393090587788736e-03
5.0801191730887674e-03
5.5336704158365415e-03
5.9945575974554048e-03
6.4553440967633864e-03
6.9047716859991330e-03
7.3287294817964404e-03
7.7076160145562386e-03
8.0168658672177314e-03
8.2235495193501949e-03
8.2857865329418797e-03
8.1487687233635191e-03
7.7416793141841826e-03
6.9741884821090646e-03
5.7271621390608748e-03
3.8503616282539038e-03
