-1.4695669432642937e-13
-2.0315901032642262e-13
-2.6673239149477575e-13
-3.3506578067843258e-13
-3.7990083812615993e-13
-4.2713995231773115e-13
-4.9756589901042928e-13
-5.4450975524966947e-13
-5.7079677591656833e-13
-6.1776879235541025e-13
-6.5871760586600945e-13
-7.5274477447025374e-13
-8.3024059441070026e-13
-8.8610462725947280e-13
-9.9641736787522541e-13
-1.0763939580255546e-12
-1.1359413870802316e-12
-1.2229210065339053e-12
-1.3053083969020825e-12
-1.3995791113194288e-12
-1.4955762023815168e-12
-1.5539812697188379e-12
-1.6549680617180207e-12
-1.7329842718434087e-12
-1.7756964667807828e-12
-1.8345363242352686e-12
-1.8917947698602707e-12
-1.9441759984086604e-12
-1.9806036462554252e-12
-2.0110549110022413e-12
-2.0395106020467373e-12
-2.0467540320804676e-12
-1.9952057138921263e-12
-1.9512037086056496e-12
-1.9074665914648550e-12
-1.8276753458745343e-12
-1.7384975043955884e-12
-1.6157764593642334e-12
-1.4883122970365706e-12
-1.3142202378029431e-12
-1.1038110032745086e-12
-8.7504019566549835e-13
-6.5141435032747218e-13
-4.2793925373995640e-13
-2.2953736519700653e-13
-2.1857033201557261e-14
1.8699222304376103e-13
3.5740975717727946e-13
5.5577561013388881e-13
7.1804917730627818e-13
8.9410681429444878e-13
1.1128928495339960e-12
1.3315842361047932e-12
1.6046987668531439e-12
1.8663084968309106e-12
2.1451120052566882e-12
2.4815431070884270e-12
2.8397161307682791e-12
3.1523775747002902e-12
3.4830788519245172e-12
3.8337925180613479e-12
4.1764327043194937e-12
4.5102879041790955e-12
4.8703135705532306e-12
5.2316732161208986e-12
5.6123375229764336e-12
6.0158263364299527e-12
6.4518663261708434e-12
6.8724386987505083e-12
7.3083871369162691e-12
7.7424162778633135e-12
8.1787148177273553e-12
8.6484689458899403e-12
9.1459072899640824e-12
9.6850037694790620e-12
1.0258377371273057e-11
1.0798720760910261e-11
1.1317149039681521e-11
1.1836411648451800e-11
1.2328661356543872e-11
1.2775841389644655e-11
1.3239202866638372e-11
1.3694473300177142e-11
1.4214684124427309e-11
1.4683366441849474e-11
1.5153676635625499e-11
1.5643527955061017e-11
1.6128762240178902e-11
1.6581467280780287e-11
1.7042343662486166e-11
1.7511276254491595e-11
1.7967287771110955e-11
1.8407531455112253e-11
1.8797993964969904e-11
1.9210350666879058e-11
1.9613331088378362e-11
1.9984252606282043e-11
2.0345453065637982e-11
2.0708128293368368e-11
2.1067791280909172e-11
2.1349733663398493e-11
2.1626135441371163e-11
2.1888575960127193e-11
2.2123918277618545e-11
2.2283617451398209e-11
2.2431711803185117e-11
2.2584193831167996e-11
2.2719651549213763e-11
2.2785802312182293e-11
2.2815785224680958e-11
2.2844961615092324e-11
2.2832302833398970e-11
2.2742810523263047e-11
2.2628102377283375e-11
2.2496397117954609e-11
2.2323744207693371e-11
2.2089696390956787e-11
2.1808502783879066e-11
2.1551671285503254e-11
2.1259174740934330e-11
2.0895239979225348e-11
2.0506986198274101e-11
2.0125660783561044e-11
1.9700778369176408e-11
1.9235303754968746e-11
1.8747433020123519e-11
1.8273890746445693e-11
1.7776152853128991e-11
1.7271506667809859e-11
1.6752859390871651e-11
1.6273024185359666e-11
1.5749325804687987e-11
1.5213686736291991e-11
1.4654321339108617e-11
1.4156992038807253e-11
1.3640595806249730e-11
1.3123617359594253e-11
1.2614325879481685e-11
1.2125306614526829e-11
1.1647020044451384e-11
1.1156909021395559e-11
1.0688515346936386e-11
1.0286348560608686e-11
9.8861999371401683e-12
9.4923430046100355e-12
9.1065304157534740e-12
8.7395554988555914e-12
8.3322637845875605e-12
7.9516894488476066e-12
7.5377605620620885e-12
7.1806543807200664e-12
6.8323816028188931e-12
6.4768760069845526e-12
6.1478594375449926e-12
5.8204467931074142e-12
5.4979399371515718e-12
5.1630159459991294e-12
4.8483054073558083e-12
4.5640270575685974e-12
4.2868005350988899e-12
4.0116321384210874e-12
3.7573289703403312e-12
3.5311809546412370e-12
3.2843116320131720e-12
3.0468437241026008e-12
2.8003409473337985e-12
2.5869957684641562e-12
2.3635000433758316e-12
2.1763433177780609e-12
1.9649431008531771e-12
1.7341857706050516e-12
1.5032729847575907e-12
1.3182790653538591e-12
1.1141611368127153e-12
9.2540932485686585e-13
7.8341394843766156e-13
6.6936375589715015e-13
6.0440451483650746e-13
5.2482447401031610e-13
4.4536458853303580e-13
3.7999583151174255e-13
2.9803917787750330e-13
2.3295994269349100e-13
1.4246900104359164e-13
8.1168220908198484e-14
2.7382306896515655e-14
1.3256386070344301e-14
4.5516821376494882e-14
6.9363679681909398e-14
1.1350143032655760e-13
1.9140682832283309e-13
2.3866823861861903e-13
3.2979914356479058e-13
4.1180338664369132e-13
4.4563746189077346e-13
4.9775983091457018e-13
5.6278200216782430e-13
6.4312487291021379e-13
6.9315662662570396e-13
7.4542795911067593e-13
7.6015518235054069e-13
7.7412519116505736e-13
7.3038209427409804e-13
7.0664229353621291e-13
7.2082132360499020e-13
7.1311857729250267e-13
7.0623186257952089e-13
7.0073883885296217e-13
7.2115737831563012e-13
7.5061142994954918e-13
7.7198329583236488e-13
7.8723164862964416e-13
8.3611997170533120e-13
8.8661623531309426e-13
9.1407010850399813e-13
9.2274376865496987e-13
9.4149208492242226e-13
9.4712794446530186e-13
9.4662224527756403e-13
9.5448578462857710e-13
9.7496349256026721e-13
1.0237371795434515e-12
1.0235109331508882e-12
1.0104083859138351e-12
9.6892310576386443e-13
9.2484709821720140e-13
8.5040011375675085e-13
7.6589415163302553e-13
7.3495897150768207e-13
6.8436916349494870e-13
6.0751724183111036e-13
5.1609906581788844e-13
4.1486773938710204e-13
3.1980283087755358e-13
2.3620629597822377e-13
1.5780196950600852e-13
1.1567668172191595e-13
1.1626907442369257e-13
8.3810937798683738e-14
7.2958018423099844e-14
6.9897592205038116e-14
6.8266877934460770e-14
7.2513398218724464e-14
6.3449867288710724e-14
8.9660799521526781e-14
1.1406480942965084e-13
9.6445637845471904e-14
1.1316773175359979e-13
1.0835479392802270e-13
9.3514098423126844e-14
7.3207874592225753e-14
2.7293256242672039e-14
9.9249885913083982e-15
-1.4361205023685733e-15
-5.5047872699431980e-14
-8.3254725592321057e-14
