-2.5083901769299269e-13
-8.0001825979073143e-13
-1.5320956926889141e-12
3.2062166552479387e-13
-2.8595850487858621e-13
1.5640126758230963e-14
7.2347468257965045e-13
-2.6188357499637597e-13
-2.5930952948670535e-13
-5.2699979878227055e-13
1.0605597882636375e-12
-1.4740619164559880e-12
2.0307095169443701e-13
-2.0190415347695980e-13
-7.7538552667442251e-13
-1.6006494477752034e-13
6.2471869024352235e-13
-1.4493938277592194e-12
1.3540283001765894e-12
1.6112916733145576e-12
-1.2670549389162289e-13
7.3170527390347225e-13
1.9018578820350230e-12
1.5011195517431437e-13
6.9577527485618890e-13
7.7939645268748372e-13
-1.8260173173101541e-13
9.2182360969310988e-13
3.9710628481742756e-13
1.8456332213993607e-13
6.0369597353142811e-13
1.0765356733204159e-12
-4.4716704845640496e-13
-1.3919516779087331e-12
-4.3122690741888598e-13
1.2391304581698113e-12
-7.3855899766855061e-13
2.8914906207214037e-13
1.6831820267218573e-12
7.7080246111631618e-13
4.0979444032355335e-13
2.3103858453981325e-13
-8.3997462642255562e-13
-5.2564093704861102e-13
1.0344793725847692e-12
-1.5829529707920467e-12
-1.3296143916583560e-13
1.5910440653461740e-12
-5.7745129154243919e-13
-2.5584056233386339e-13
-3.3161803241068185e-13
7.0044891398651140e-13
6.2654006432156552e-13
8.6213833680835750e-13
-5.6003180029312811e-13
3.0162452874989352e-13
-3.8320405010159598e-14
-4.6642349751235987e-13
2.8552891275124614e-13
5.3386695034159235e-13
-7.3792053702703685e-14
-6.3498359425184099e-13
3.2423382248479919e-14
-5.5956993012868872e-14
-1.8267202402102975e-12
5.1008143649416019e-13
1.9079738842752164e-12
-7.3982933945922172e-13
5.0019255022833484e-13
1.1278712374970815e-12
-7.7245124955534318e-13
-2.0888891494593620e-13
8.5751970262247323e-13
1.9458488585817390e-13
1.8912176920920677e-12
1.0304886856628020e-12
2.9122992582557884e-12
5.1870524239376844e-12
6.7820105334781905e-12
1.0167507843071894e-11
1.4550147228234835e-11
2.2236635686821487e-11
3.2345930616674934e-11
4.7193908506196337e-11
6.8819571874111395e-11
1.0110484166293014e-10
1.4550294239802067e-10
2.0874762090864580e-10
2.9873471698778778e-10
4.2511856539538617e-10
6.0916882377773499e-10
8.6267242551963117e-10
1.2181554239555807e-09
1.7144610377789079e-09
2.4064381601484010e-09
3.3645616270381312e-09
4.6900094143624965e-09
6.5136561370875940e-09
9.0143725146409349e-09
1.2434221769747467e-08
1.7090583202523255e-08
2.3411762807222970e-08
3.1962527281717300e-08
4.3484890532272235e-08
5.8958733427564268e-08
7.9665570513783248e-08
1.0727472095854635e-07
1.4394415868772566e-07
1.9247397240572305e-07
2.5645511552052204e-07
3.4048723540319322e-07
4.5042038816698170e-07
5.9366928467254775e-07
7.7957814183623437e-07
1.0198518867325761e-06
1.3290687065653762e-06
1.7252672347219924e-06
2.2306309169261426e-06
2.8722285542541669e-06
3.6828223082391451e-06
4.7017392679529227e-06
5.9756948115693782e-06
7.5595856972599626e-06
9.5170718362231142e-06
1.1920843436072347e-05
1.4852354542487587e-05
1.8400719738995521e-05
2.2660380671300376e-05
2.7727009702666375e-05
3.3690966134730775e-05
4.0627359158610556e-05
4.8581517713258868e-05
5.7548359028950089e-05
6.7443714832687276e-05
7.8065074376173615e-05
8.9038755027861125e-05
9.9749581812018292e-05
1.0924835001390795e-04
1.1613127557502865e-04
1.1838425735367550e-04
1.1318344042590024e-04
9.6641706007515428e-05
6.3488767434683144e-05
6.6701988491325442e-06
-8.3151784554094045e-05
-2.1821605164592040e-04
-4.1442217847620930e-04
-6.9225911895890910e-04
-1.0779338326923603e-03
-1.6047351836558216e-03
-2.3146727782851714e-03
-3.2604351618760112e-03
-4.5077165412687374e-03
-6.1379659029707247e-03
-8.2516170455531734e-03
-1.0971862181935021e-02
-1.4449035394058573e-02
-1.8865674864425103e-02
-2.4442334434629665e-02
-3.1444214886990042e-02
-4.0188683288618590e-02
-5.1053744277955247e-02
-6.4487519668174953e-02
-8.1018781846932286e-02
-1.0126857137408664e-01
-1.2596290976776012e-01
-1.5594659356405247e-01
-1.9219802550242504e-01
-2.3584500211463325e-01
-2.8818133395057954e-01
-3.5068412499393437e-01
-4.2503148117161976e-01
-5.1312035431426506e-01
-6.1708415833572872e-01
-7.3930971841843962e-01
-8.8245303347604998e-01
-1.0494532477106162e+00
-1.2435441406502135e+00
-1.4682623584916610e+00
-1.7274515254551199e+00
-2.0252612949792916e+00
-2.3661403302005959e+00
-2.7548221449162762e+00
-3.1963026942044896e+00
-3.6958085820981608e+00
-4.2587547567512374e+00
-4.8906905958909421e+00
-5.5972333510861452e+00
-6.3839880231853732e+00
-7.2564528863495754e+00
-8.2199100678977999e+00
-9.2793008280604301e+00
-1.0439085468811584e+01
-1.1703088134429438e+01
-1.3074327147119014e+01
-1.4554831945751495e+01
-1.6145448160039045e+01
-1.7845632849715013e+01
-1.9653242459775104e+01
-2.1564316578547796e+01
-2.3572861122333023e+01
-2.5670635095044766e+01
-2.7846945567314425e+01
-3.0088455970312225e+01
-3.2379013186903947e+01
-3.4699499227873211e+01
-3.7027713486028169e+01
-3.9338291647330365e+01
-4.1602667289679964e+01
-4.3789082001608328e+01
-4.5862649492756297e+01
-4.7785478636704539e+01
-4.9516859679351391e+01
-5.1013516962317389e+01
-5.2229930454840648e+01
-5.3118727169252956e+01
-5.3631142170019160e+01
-5.3717547394950458e+01
-5.3328044916652679e+01
-5.2413119614360554e+01
-5.0924344537415784e+01
-4.8815130562907598e+01
-4.6041510325105591e+01
-4.2562944869353608e+01
-3.8343140105126366e+01
-3.3350858948245843e+01
-2.7560714095635586e+01
-2.0953925708099959e+01
-1.3519027924468793e+01
-5.2525081230660513e+00
3.8406367930139504e+00
1.3746442069159794e+01
2.4441628586957592e+01
3.5893380518211579e+01
4.8059257631741666e+01
6.0887250541876469e+01
7.4315984696135843e+01
8.8275076162941389e+01
1.0268563935620058e+02
1.1746094378710194e+02
1.3250721383558431e+02
1.4772456245987030e+02
1.6300804678940412e+02
1.7824883075105703e+02
1.9333543733539000e+02
2.0815507088825123e+02
2.2259498797615367e+02
2.3654389397497886e+02
2.4989334161395672e+02
2.6253910730114427e+02
2.7438252118031221e+02
2.8533172752583312e+02
2.9530285326101267e+02
3.0422106406144019e+02
3.1202148964004613e+02
3.1865000235413470e+02
3.2406383616443389e+02
3.2823203614194085e+02
3.3113573208158761e+02
3.3276823325976096e+02
3.3313494488034434e+02
3.3225311020612168e+02
3.3015138568615453e+02
3.2686925948799188e+02
3.2245632665507316e+02
3.1697143657316877e+02
3.1048173049361924e+02
3.0306158848655997e+02
2.9479150635688347e+02
2.8575692373598497e+02
2.7604702476246001e+02
2.6575353249661305e+02
2.5496951750069698e+02
2.4378823989358079e+02
2.3230204269882975e+02
2.2060131250045853e+02
2.0877352135819618e+02
1.9690236167559661e+02
1.8506698332285376e+02
1.7334133985600207e+02
1.6179364820655738e+02
1.5048596380019785e+02
1.3947387075306960e+02
1.2880628463815484e+02
1.1852536335264766e+02
1.0866651988386916e+02
9.9258529290953135e+01
9.0323721009399250e+01
8.1878246654113525e+01
7.3932412844919085e+01
6.6491068199984142e+01
5.9554033524546170e+01
5.3116564346021669e+01
4.7169835288743940e+01
4.1701436315455460e+01
3.6695871558700119e+01
3.2135052292431318e+01
2.7998776520967400e+01
2.4265188657870759e+01
2.0911213801204248e+01
1.7912962156368504e+01
1.5246100187605244e+01
1.2886186071930974e+01
1.0808967965630973e+01
8.9906444577220004e+00
7.4080873649429870e+00
6.0390277101042988e+00
4.8622063148775565e+00
3.8574909269540862e+00
3.0059621907524279e+00
2.2899710634198089e+00
1.6931704790703772e+00
1.2005241806968405e+00
7.9829567937657553e-01
4.7402027296992044e-01
2.1646297130043052e-01
1.5565041572502670e-02
-1.3761828405613438e-01
-2.5098659759664382e-01
-3.3146748113549979e-01
-3.8509216296238824e-01
-4.1707201608353317e-01
-4.3187448838034481e-01
-4.3329728472392359e-01
-4.2453984106714121e-01
-4.0827133620441780e-01
-3.8669467558793547e-01
-3.6160605174496652e-01
-3.3444983638941228e-01
-3.0636869013279761e-01
-2.7824888677462445e-01
-2.5076094136091626e-01
-2.2439570550646798e-01
-1.9949615134048582e-01
-1.7628510820988541e-01
-1.5488924565851817e-01
-1.3535961415810702e-01
-1.1768906276049049e-01
-1.0182685235239711e-01
-8.7690776067876175e-02
-7.5177085625070639e-02
-6.4168505921905941e-02
-5.4540600642132522e-02
-4.6166730411827145e-02
-3.8921822664962885e-02
-3.2685150033816522e-02
-2.7342291698707898e-02
-2.2786430875595079e-02
-1.8919121379826456e-02
-1.5650637307854060e-02
-1.2900002603084049e-02
-1.0594781642187823e-02
-8.6706979698040806e-03
-7.0711359441911707e-03
-5.7465692836249334e-03
-4.6539512679196196e-03
-3.7560933409828121e-03
-3.0210523297771203e-03
-2.4215409046086421e-03
-1.9343714117184116e-03
-1.5399396076472322e-03
-1.2217519606537472e-03
-9.6599788465493472e-04
-7.6116671680976668e-04
-5.9770794159441892e-04
-4.6773233932594890e-04
-3.6475119706375151e-04
-2.8345038008319938e-04
-2.1949593737306860e-04
-1.6936791882228710e-04
-1.3021916993298668e-04
-9.9756062141847642e-05
-7.6138284785005455e-05
-5.7895153045159290e-05
-4.3856026199760082e-05
-3.3092779567649103e-05
-2.4872468198341667e-05
-1.8618564260256643e-05
-1.3879371357729663e-05
-1.0302383822819853e-05
-7.6136200548344964e-06
-5.6009560737784949e-06
-4.1008383831375825e-06
-2.9876681569438728e-06
-2.1653920137644644e-06
-1.5608517610588474e-06
-1.1185691102711030e-06
-7.9664979081968438e-07
-5.6359507944298662e-07
-3.9583125611225957e-07
-2.7579372959866138e-07
-1.9046065282778834e-07
-1.3021572667328057e-07
-8.8011165295065194e-08
-5.8689432652100149e-08
-3.8508919829830378e-08
-2.4763208281993711e-08
-1.5521750289036412e-08
-9.3925583076609663e-09
-5.4027565367707927e-09
-2.8562565896250880e-09
-1.2822783680969190e-09
-3.4842966132541987e-10
1.7204623010959600e-10
4.3837828906130874e-10
5.4110121385264565e-10
5.5266583434707540e-10
5.1315359421809121e-10
4.5433763613086645e-10
3.8456949829806513e-10
3.1990665215163254e-10
2.5749243562295328e-10
2.0531654995258682e-10
1.5777881270209372e-10
1.2742982748518202e-10
9.4516209615812084e-11
7.3551147592719839e-11
5.5569981722337535e-11
4.0786434695138035e-11
3.0021764763913213e-11
2.3460863951452014e-11
1.5408505179345114e-11
1.3007650198559200e-11
9.2278543806139761e-12
6.1384693083693320e-12
3.6380362302658572e-12
5.9806656346897582e-12
3.5252049220495146e-12
-6.7109373179075688e-14
1.2888655780275305e-12
1.5876924789998283e-12
7.3955931217301621e-13
-6.0251388016537626e-15
2.6560534612842038e-12
8.7723049284121999e-13
6.3681848314735849e-13
1.0049310793120153e-13
-2.2136805401622015e-12
-1.0364930606696811e-13
1.2839369105081324e-12
-6.4964617341455970e-13
5.8426710319900665e-13
1.5582724714998575e-12
4.6372137474973965e-13
-1.3880850452739217e-12
1.0611158196406934e-12
-2.9962523839370785e-14
-2.2955142935202488e-13
-3.4608559542210938e-14
1.1814773631306713e-12
7.5326961315822237e-13
8.4418553061670086e-13
-1.3686382148279269e-12
1.8846343778665524e-13
1.4561678903223207e-12
6.0505810296293264e-13
-1.9797897674577226e-12
-4.5832976434487569e-13
4.1618283388953098e-13
-1.5132088711498890e-12
6.3596346634055266e-13
-1.0165133020621068e-14
-5.1083329563887010e-13
-1.7755550639020854e-12
7.6308888048960977e-13
9.5341873860970010e-14
6.4567396639136212e-13
5.6811327615903086e-13
9.4274727940011481e-13
2.3755660833308515e-13
8.3568891290268179e-13
2.1530637403164077e-13
-1.7068596261935980e-12
4.2226507595769962e-13
-3.9790763986213957e-13
7.6617528358057943e-13
2.6572233625761748e-14
1.9388144838713942e-12
4.9515925224900397e-13
-1.7398666854201830e-12
9.8381507001284037e-13
9.4727599851880133e-13
-1.8988070863604983e-13
1.0695724211249955e-12
-1.7974620099984323e-13
3.8660127113715844e-14
2.4864018896722480e-12
1.0968378610623251e-13
-1.8696676956011637e-12
1.7630790248861561e-12
-1.4243876558635532e-12
-2.5898004742480586e-13
-1.2130715817637180e-12
1.1460922891932930e-12
-4.8286220391371599e-13
-3.4931227940930862e-13
5.9980502335903270e-13
2.1006586645839839e-12
-1.9138211684077274e-13
1.4197831131760898e-13
-5.3456651262270487e-13
-3.4406970008254261e-13
5.5145873883157705e-13
-9.3051328873739795e-14
-1.3583294627348719e-12
1.0695725182236178e-12
1.3976315230461853e-12
3.3239686730978009e-13
-5.7408195697260258e-13
1.3029433598888536e-12
1.5546113985308939e-14
-5.8770351725206025e-13
