-4.2722476877680852e-14
-2.5671258389017608e-14
-1.7139277956181952e-14
8.5821536996629656e-15
0.0000000000000000e+00
-1.7214135759824425e-14
-8.6194668985104904e-15
-1.7263653820234483e-14
-2.5932443087461988e-14
-2.1641072592928994e-14
-4.3343353580949808e-15
-4.3404362576855766e-15
0.0000000000000000e+00
-1.7410311213238969e-14
0.0000000000000000e+00
8.7292765806328309e-15
8.7412757351493194e-15
2.8448009574219918e-14
4.3825751533107321e-15
2.4136819564300620e-14
2.4169360794343619e-14
1.4301055629097619e-14
3.5249594103855279e-14
2.4266288704740798e-14
2.2089421949745505e-15
9.9533134179603932e-15
1.3288451323201378e-14
2.4948287163869940e-14
9.9922423028980419e-15
-1.1672640665713205e-14
-2.2262109856707074e-15
1.2259779479598847e-14
1.4228232205805981e-14
2.1229623171800996e-14
4.0834440811697441e-14
6.3848515830544564e-14
8.3554830945411042e-14
7.8043471049765058e-14
9.3879737484510684e-14
1.2776503262182917e-13
1.4877089518393364e-13
2.2568311932700484e-13
3.3836706232625266e-13
4.8412146171339152e-13
6.9533708004732894e-13
1.0022887913292718e-12
1.4620667502963009e-12
2.1456614346850442e-12
3.0970793527907555e-12
4.5063263501157428e-12
6.5083891750004994e-12
9.3964087287826016e-12
1.3473975498114628e-11
1.9329801725170891e-11
2.7659440328547911e-11
3.9482596740923952e-11
5.6211468150557592e-11
7.9891911466442384e-11
1.1333338668553285e-10
1.6041477251359986e-10
2.2651662807276992e-10
3.1922626399633560e-10
4.4895009585526835e-10
6.3002943620311467e-10
8.8227682916992345e-10
1.2329721211596033e-09
1.7194082697382192e-09
2.3927671317938901e-09
3.3228029992127824e-09
4.6046476384682824e-09
6.3676523943365065e-09
8.7872017819523593e-09
1.2100728589001118e-08
1.6628842374892367e-08
2.2803481100843379e-08
3.1205332790775680e-08
4.2613334923094348e-08
5.8069864756827075e-08
7.8966876966873361e-08
1.0715880055632216e-07
1.4511076843614720e-07
1.9609209487561507e-07
2.6442918009126942e-07
3.5583400523359543e-07
4.7783098432285440e-07
6.4030946608725473e-07
8.5623771099860446e-07
1.1425824382068542e-06
1.5214913975289422e-06
2.0218096112548473e-06
2.6810184040659086e-06
3.5477099345398253e-06
4.6847367356438282e-06
6.1732100165134209e-06
8.1175635230666148e-06
1.0651949810982528e-05
1.3948300864853760e-05
1.8226457969877981e-05
2.3766871961020328e-05
3.0926484182213442e-05
4.0158534222845212e-05
5.2037201283149968e-05
6.7288180671686471e-05
8.6826524567132623e-05
1.1180335249516741e-04
1.4366335735772421e-04
1.8421541700010344e-04
2.3571906630340977e-04
3.0099011125260641e-04
3.8352927500398472e-04
4.8767847607358123e-04
6.1881015722904068e-04
7.8355602754143759e-04
9.9008266032968957e-04
1.2484226233199429e-03
1.5708712175404561e-03
1.9724604835712734e-03
2.4715239134673306e-03
3.0903672957156240e-03
3.8560633321711377e-03
4.8013901131103908e-03
5.9659362210896507e-03
7.3973981659686281e-03
9.1530990280355301e-03
1.1301760597556814e-02
1.3925564931963791e-02
1.7122545087934930e-02
2.1009348784446616e-02
2.5724422878327678e-02
3.1431670721965572e-02
3.8324638653447957e-02
4.6631291954409133e-02
5.6619444490701706e-02
6.8602909800784442e-02
8.2948444471135974e-02
1.0008355706535173e-01
1.2050525747020296e-01
1.4478982207196950e-01
1.7360364945381035e-01
2.0771527905702056e-01
2.4800864121209837e-01
2.9549760083863791e-01
3.5134184865160878e-01
4.1686418260037605e-01
4.9356920822458517e-01
5.8316346935709351e-01
6.8757699988593246e-01
8.0898626288229314e-01
9.4983841512444001e-01
1.1128768027762439e+00
1.3011675576505155e+00
1.5181271231282971e+00
1.7675504945311886e+00
2.0536399107843959e+00
2.3810336829132850e+00
2.7548347907696984e+00
3.1806388230184335e+00
3.6645607776102618e+00
4.2132601816701971e+00
4.8339639320403096e+00
5.5344862018992576e+00
6.3232447063523960e+00
7.2092725722000504e+00
8.2022250159324095e+00
9.3123800011471438e+00
1.0550632023892758e+01
1.1928478163799245e+01
1.3457995542152101e+01
1.5151809347127317e+01
1.7023050622969134e+01
1.9085303075519914e+01
2.1352538222564046e+01
2.3839038314982695e+01
2.6559306574469744e+01
2.9527964435851516e+01
3.2759635646746339e+01
3.6268817263752389e+01
4.0069737791352473e+01
4.4176202935486707e+01
4.8601429685851265e+01
5.3357869696409999e+01
5.8457023198702018e+01
6.3909244953050909e+01
6.9723544013935836e+01
7.5907379352279236e+01
8.2466453633538237e+01
8.9404507690236130e+01
9.6723118444709911e+01
1.0442150322608991e+02
1.1249633357864019e+02
1.2094156177058672e+02
1.2974826327783865e+02
1.3890449853052550e+02
1.4839519716771315e+02
1.5820206794358353e+02
1.6830353726437096e+02
1.7867471910820066e+02
1.8928741878971942e+02
2.0011017267945059e+02
2.1110832557698330e+02
2.2224414697170209e+02
2.3347698691050303e+02
2.4476347163593917e+02
2.5605773856891153e+02
2.6731170959696777e+02
2.7847540100309487e+02
2.8949726774202753e+02
3.0032457915354763e+02
3.1090382260737351e+02
3.2118113101442952e+02
3.3110272962672764e+02
3.4061539709441882e+02
3.4966693536462054e+02
3.5820664270211637e+02
3.6618578389531649e+02
3.7355805158871306e+02
3.8028001266040627e+02
3.8631153364307596e+02
3.9161617936990251e+02
3.9616157931210643e+02
3.9991975645849004e+02
4.0286741406402763e+02
4.0498617615648470e+02
4.0626277832769290e+02
4.0668920603819527e+02
4.0626277841779023e+02
4.0498617633611320e+02
4.0286741433206055e+02
3.9991975681325260e+02
3.9616157975139237e+02
3.9161617989099756e+02
3.8631153424278540e+02
3.8028001333508769e+02
3.7355805233431283e+02
3.6618578470741119e+02
3.5820664357595564e+02
3.4966693629517340e+02
3.4061539807642185e+02
3.3110273065473439e+02
3.2118113208286036e+02
3.1090382371056552e+02
3.0032458028580425e+02
2.8949726889766589e+02
2.7847540217649311e+02
2.6731171078260792e+02
2.5605773976142177e+02
2.4476347283013121e+02
2.3347698810140719e+02
2.2224414815459781e+02
2.1110832674742622e+02
2.0011017383329531e+02
1.8928741992313809e+02
1.7867472021769728e+02
1.6830353834679161e+02
1.5820206899612259e+02
1.4839519818791553e+02
1.3890449951628514e+02
1.2974826422739383e+02
1.2094156268251184e+02
1.1249633445183480e+02
1.0442150405976543e+02
9.6723119238373769e+01
8.9404508443674189e+01
8.2466454346795899e+01
7.5907380025641032e+01
6.9723544647904461e+01
6.3909245548325543e+01
5.8457023756156602e+01
5.3357870217071486e+01
4.8601430170878167e+01
4.4176203386148181e+01
4.0069738209008250e+01
3.6268817649833622e+01
3.2759636002737452e+01
2.9527964763273179e+01
2.6559306874863378e+01
2.3839038589895949e+01
2.1352538473538122e+01
1.9085303304077723e+01
1.7023050830605339e+01
1.5151809535299430e+01
1.3457995712272885e+01
1.1928478317230848e+01
1.0550632161941277e+01
9.3123801250589775e+00
8.2022251268912481e+00
7.2092726713249933e+00
6.3232447946969659e+00
5.5344862804510742e+00
4.8339640017214300e+00
4.2132602433382393e+00
3.6645608320597294e+00
3.1806388709828508e+00
2.7548348329237653e+00
2.3810337198754423e+00
2.0536399431195740e+00
1.7675505227536801e+00
1.5181271477048448e+00
1.3011675790032435e+00
1.1128768212857270e+00
9.4983843113283317e-01
8.0898627669612855e-01
6.8757701177908670e-01
5.8316347957343440e-01
4.9356921698078088e-01
4.1686419008816483e-01
3.5134185504037974e-01
2.9549760627742322e-01
2.4800864583175139e-01
2.0771528297219710e-01
1.7360365276448891e-01
1.4478982486522007e-01
1.2050525982167447e-01
1.0008355904047593e-01
8.2948446126478462e-02
6.8602911185004556e-02
5.6619445645630553e-02
4.6631292915923862e-02
3.8324639452148056e-02
3.1431671383957478e-02
2.5724423425800468e-02
2.1009349236168012e-02
1.7122545459868268e-02
1.3925565237475752e-02
1.1301760847970788e-02
9.1530992328450363e-03
7.3973983330828576e-03
5.9659363571680033e-03
4.8013902236683902e-03
3.8560634217514930e-03
3.0903673681676133e-03
2.4715239718884423e-03
1.9724605306295812e-03
1.5708712553576358e-03
1.2484226536449386e-03
9.9008268454762668e-04
7.8355604691496392e-04
6.1881017265231499e-04
4.8767848833642443e-04
3.8352928470082007e-04
3.0099011888344573e-04
2.3571907234108409e-04
1.8421542173558880e-04
1.4366336109942397e-04
1.1180335538619421e-04
8.6826526842839413e-05
6.7288182444918246e-05
5.2037202660874156e-05
4.0158535258735688e-05
3.0926485027888704e-05
2.3766872610022681e-05
1.8226458431607225e-05
1.3948301256543961e-05
1.0651950119253729e-05
8.1175637122342221e-06
6.1732101720366643e-06
4.6847368508494121e-06
3.5477100073874946e-06
2.6810184492187871e-06
2.0218096579145953e-06
1.5214914424380217e-06
1.1425823711068318e-06
8.5623763365600551e-07
6.4030935817805797e-07
4.7783088342536651e-07
3.5583391840461726e-07
2.6442910217261183e-07
1.9609203633679372e-07
1.4511068389797073e-07
1.0715874453112405e-07
7.8966827220776692e-08
5.8069802536448597e-08
4.2613290421652616e-08
3.1205317666857861e-08
2.2803467753972639e-08
1.6628818503318671e-08
1.2100725446854394e-08
8.7871802236716798e-09
6.3676197479105284e-09
4.6045951506020234e-09
3.3227391251875717e-09
2.3927171909450738e-09
1.7193749457672140e-09
1.2329207093250342e-09
8.8225680854772941e-10
6.2999472919173338e-10
4.4890155771127514e-10
3.1919163099093320e-10
2.2648433873436233e-10
1.6038021426709406e-10
1.1331037296123331e-10
7.9887313767742052e-11
5.6199986581018275e-11
3.9471127910173664e-11
2.7631945855060290e-11
1.9300049484769841e-11
1.3437398706806546e-11
9.3530231234735220e-12
6.4958445314180553e-12
4.4881005610353957e-12
3.0959415572900973e-12
2.1252049167696150e-12
1.4427692854243774e-12
9.6827446583167229e-13
6.3644859769804368e-13
4.3774534038103399e-13
2.9374102238673021e-13
1.6474867710871357e-13
8.3401865481902191e-14
3.4896176310807968e-14
-2.1924010550274948e-14
-4.7724424742662077e-14
-9.5331015172616634e-14
-8.6811578541529880e-14
-1.0068766227541836e-13
-1.1536624170991855e-13
-9.9039655550218080e-14
-1.0142181205849955e-13
-1.0296225808727023e-13
-1.0338624589631695e-13
-1.0047754760136365e-13
-7.2627235965932500e-14
-6.2012772841606416e-14
-5.9719880507762369e-14
-2.6507306339694605e-14
-3.0884367442397373e-14
-2.6437195577891459e-14
-2.6401948853718682e-14
-4.6141506971019635e-14
-3.9496613832491937e-14
-1.7530300613242928e-14
-2.1883084287861476e-14
-1.5297232536511311e-14
-2.1823191451582080e-14
-2.8331018514865592e-14
-2.1762889016548709e-14
-2.1732585544231160e-14
-2.1702181288427881e-14
-4.3343353580949808e-15
-2.1641072592928994e-14
-1.7288295391641327e-14
-2.5895480730351728e-14
-6.0336268289573434e-14
-3.4428271519648850e-14
-6.0162410515833017e-14
-5.1492922197977791e-14
-5.1417833868545862e-14
-5.1342516778035216e-14
-5.9811467628753185e-14
-6.8254935497875299e-14
-6.8153608293898687e-14
-5.9545485274982720e-14
-7.6443819651778426e-14
-8.4809807879024208e-14
-6.7745338131595929e-14
-6.7642539189507973e-14
-6.7539451271671578e-14
-6.7436076175780715e-14
-6.7332415702455395e-14
-6.7228471655189698e-14
-6.7124245840299907e-14
-1.0052961010030890e-13
-1.0037243422006910e-13
-8.3512369867864553e-14
-8.3380701408368893e-14
-8.3248692079464351e-14
-9.9739612990619371e-14
-1.1617712389821456e-13
-8.2850641668584431e-14
-1.1580420833721307e-13
-9.9100334663350161e-14
-1.3191936897769850e-13
-1.3170443862305808e-13
-1.3148899216376867e-13
-1.6409129160072102e-13
-1.6382070707289431e-13
-1.3083959298580014e-13
-1.6327764869465668e-13
-1.6300518408070104e-13
-1.6273210201555994e-13
-1.6245840712887032e-13
-1.6218410405459984e-13
-1.2952735794473411e-13
-1.2930695352005201e-13
-1.2908607368658124e-13
-1.6108090270540077e-13
-1.6080362834527125e-13
-9.6315464211046832e-14
-9.6148406031293098e-14
-1.2797467368837522e-13
-6.3875509810862497e-14
-6.3763458122291534e-14
-4.7738387735783706e-14
-9.5308032386210851e-14
-6.3425973822992506e-14
-6.3313042216693406e-14
-7.8999869139954195e-14
-6.3086534983098799e-14
-6.2972963105254895e-14
-7.8573976942993387e-14
-4.7058894155428678e-14
-9.3946495411817578e-14
-7.8145747042996027e-14
-7.8002495206850179e-14
-9.3430791620553811e-14
-7.7715242823510788e-14
-7.7571246976245569e-14
-6.1941606260867062e-14
-5.4097769406952479e-14
-5.3996466315552695e-14
-4.6195712443182533e-14
-3.8423832612807687e-14
