-2.0023325331137116e-13
-3.5037050724510685e-13
1.4625825460960895e-12
-7.8169617546219273e-13
1.6118603964778443e-12
-4.1044768716582056e-14
-2.2246737511688262e-12
-2.7507768731060028e-13
1.2776510562670003e-12
-8.2265561229407418e-13
2.9111142229010334e-12
1.2918596907060769e-12
-1.5617815058632534e-14
5.3017035403791755e-13
1.4312641634350044e-12
1.5711676641696348e-13
2.4398335907828615e-12
2.3731249272276227e-12
3.5403281961681293e-12
4.3307235359538298e-12
9.8312181914151112e-12
1.2160957310951834e-11
1.5909241289535650e-11
2.5596395029150556e-11
3.5835913926953860e-11
4.7231943119561712e-11
7.0109336506311238e-11
9.3955163578918466e-11
1.3479332439894369e-10
1.8935282436212631e-10
2.6572218587225064e-10
3.6990942619924132e-10
5.1812404282817040e-10
7.1831337907993759e-10
9.9693412092493738e-10
1.3824088423591673e-09
1.9121668427612397e-09
2.6331159374711561e-09
3.6248896671024209e-09
4.9833443244714233e-09
6.8231077171444917e-09
9.3325764405233223e-09
1.2736901867539138e-08
1.7341757208271518e-08
2.3562256422395182e-08
3.1948000468192356e-08
4.3224071252990566e-08
5.8351458605318124e-08
7.8613861997607894e-08
1.0567880351751082e-07
1.4175859764024847e-07
1.8975790237872578e-07
2.5345532509083478e-07
3.3781408279856087e-07
4.4929467988080145e-07
5.9628233207544520e-07
7.8966366831700161e-07
1.0435272491941828e-06
1.3760499396248128e-06
1.8106436071783284e-06
2.3773998402153638e-06
3.1148695200403480e-06
4.0723611329653103e-06
5.3127727219046759e-06
6.9161555507182618e-06
8.9841236374413196e-06
1.1645409067470528e-05
1.5062648778867598e-05
1.9440841059298761e-05
2.5037775488011308e-05
3.2176828250682765e-05
4.1262637251472395e-05
5.2800370485110041e-05
6.7419075003408377e-05
8.5900195024177445e-05
1.0921210133249377e-04
1.3855184664449873e-04
1.7539551689588830e-04
2.2155878192658095e-04
2.7926944113762877e-04
3.5125418145821017e-04
4.4084190966774502e-04
5.5208658067050454e-04
6.8991260804347591e-04
8.6028665202201151e-04
1.0704197707985439e-03
1.3290046708481593e-03
1.6464932145766836e-03
2.0354199873245994e-03
2.5107782645408046e-03
3.0904555347952361e-03
3.7957361729954527e-03
4.6518796861772238e-03
5.6887835533239997e-03
6.9417402977590475e-03
8.4522989871380991e-03
1.0269241996325389e-02
1.2449688096635769e-02
1.5060333370193996e-02
1.8178841474121715e-02
2.1895394833123309e-02
2.6314417752249769e-02
3.1556482205999499e-02
3.7760405689264531e-02
4.5085549477908562e-02
5.3714323699147609e-02
6.3854903385880749e-02
7.5744156764306764e-02
8.9650783713715404e-02
1.0587865825815787e-01
1.2477036404439193e-01
1.4671090660106270e-01
1.7213157983860075e-01
2.0151395745104417e-01
2.3539397238289750e-01
2.7436603930190939e-01
3.1908716623565930e-01
3.7028099229105793e-01
4.2874167866860152e-01
4.9533757032399373e-01
5.7101453556298642e-01
6.5679888120381247e-01
7.5379973126301747e-01
8.6321074847515622e-01
9.8631107005804952e-01
1.1244653225129408e+00
1.2791225752247415e+00
1.4518140897530019e+00
1.6441497207880327e+00
1.8578128269502676e+00
2.0945535545035785e+00
2.3561803655530391e+00
2.6445496943039331e+00
2.9615536310667481e+00
3.3091055537670826e+00
3.6891236509858594e+00
4.1035123094037589e+00
4.5541413711694378e+00
5.0428233036418515e+00
5.5712883646851514e+00
6.1411578905037176e+00
6.7539158798989716e+00
7.4108790976181140e+00
8.1131659697329255e+00
8.8616645944799135e+00
9.6570002419989223e+00
1.0499502764488659e+01
1.1389174383376169e+01
1.2325658360965782e+01
1.3308209099195922e+01
1.4335664236376090e+01
1.5406419332892009e+01
1.6518405747575365e+01
1.7669072306506742e+01
1.8855371354817620e+01
2.0073749758600830e+01
2.1320145387617170e+01
2.2589989560359221e+01
2.3878215870469152e+01
2.5179275738421030e+01
2.6487160945028581e+01
2.7795433304742705e+01
2.9097261528262138e+01
3.0385465207113217e+01
3.1652565729631728e+01
3.2890843810275548e+01
3.4092403184852060e+01
3.5249239895793686e+01
3.6353316466595793e+01
3.7396640145947842e+01
3.8371344292811180e+01
3.9269771876242459e+01
4.0084559981144601e+01
4.0808724145408235e+01
4.1435741307578169e+01
4.1959630118675264e+01
4.2375027368875443e+01
4.2677259300085922e+01
4.2862406619407423e+01
4.2927362096391967e+01
4.2869879717485937e+01
4.2688614483606088e+01
4.2383152069260319e+01
4.1954027711824168e+01
4.1402733864832861e+01
4.0731716326371263e+01
3.9944358739309529e+01
3.9044955550414251e+01
3.8038673706639045e+01
3.6931503555111000e+01
3.5730199594105308e+01
3.4442211892841385e+01
3.3075609153414462e+01
3.1638994526299772e+01
3.0141415408179920e+01
2.8592268545288679e+01
2.7001201834716603e+01
2.5378014259393236e+01
2.3732555408570622e+01
2.2074626024778329e+01
2.0413880980771005e+01
1.8759736027199441e+01
1.7121279565027457e+01
1.5507190588726218e+01
1.3925663819110481e+01
1.2384342901809189e+01
1.0890262391736883e+01
9.4497990795207762e+00
8.0686330455985775e+00
6.7517186560685261e+00
5.5032655442103575e+00
4.3267294569051069e+00
3.2248126886404003e+00
2.1994736808857596e+00
1.2519452329855358e+00
3.8276065563767747e-01
-4.0821290001260524e-01
-1.1217347836604847e+00
-1.7591457631735126e+00
-2.3223184633976111e+00
-2.8136042924597082e+00
-3.2357778230310710e+00
-3.5919795797929086e+00
-3.8856581515461386e+00
-4.1205124989861535e+00
-4.3004352685870391e+00
-4.4294578518370136e+00
-4.5116978489672421e+00
-4.5513095099326204e+00
-4.5524376345363846e+00
-4.5191753209748615e+00
-4.4555258587853244e+00
-4.3653689714162791e+00
-4.2524315258644245e+00
-4.1202627442496418e+00
-3.9722138758969838e+00
-3.8114222195804186e+00
-3.6407993244601164e+00
-3.4630231460102046e+00
-3.2805338896934142e+00
-3.0955332406271636e+00
-2.9099866516463684e+00
-2.7256283450316450e+00
-2.5439686738199829e+00
-2.3663034867348935e+00
-2.1937251456382847e+00
-2.0271348551089905e+00
-1.8672559793870529e+00
-1.7146480421207209e+00
-1.5697211274366007e+00
-1.4327504267133702e+00
-1.3038907030647853e+00
-1.1831904737812236e+00
-1.0706057398391040e+00
-9.6601311990689431e-01
-8.6922227381024197e-01
-7.7998752650763403e-01
-6.9801862824910532e-01
-6.2299060906150783e-01
-5.5455270604794382e-01
-4.9233636013283744e-01
-4.3596229459016861e-01
-3.8504670103800404e-01
-3.3920656964219120e-01
-2.9806420923518245e-01
-2.6125100961739972e-01
-2.2841050339504515e-01
-1.9920078762750421e-01
-1.7329636722799649e-01
-1.5038948210357264e-01
-1.3019097928886608e-01
-1.1243078904288419e-01
-9.6858061503384787e-02
-8.3241016913328511e-02
-7.1366558785016632e-02
-6.1039695219015748e-02
-5.2082809420354537e-02
-4.4334816105774194e-02
-3.7650236200752148e-02
-3.1898218174705027e-02
-2.6961530288553383e-02
-2.2735544374063183e-02
-1.9127228243446259e-02
-1.6054160670615696e-02
-1.3443580018198741e-02
-1.1231474967124280e-02
-9.3617236596875708e-03
-7.7852853950112211e-03
-6.4594475770999599e-03
-5.3471290176168107e-03
-4.4162395518086298e-03
-3.6390950425104615e-03
-2.9918860329536854e-03
-2.4541976923169364e-03
-2.0085784020252213e-03
-1.6401539360075006e-03
-1.3362840049842750e-03
-1.0862579268754063e-03
-8.8102617589308127e-04
-7.1296449643655708e-04
-5.7566754548593168e-04
-4.6376909477278169e-04
-3.7278591906022879e-04
-2.9898278517798566e-04
-2.3925618668818162e-04
-1.9103447867540387e-04
-1.5219246341467761e-04
-1.2097859589677618e-04
-9.5953118929367284e-05
-7.5935684543174380e-05
-5.9961166458520068e-05
-4.7242475997400261e-05
-3.7139377071382749e-05
-2.9132444899692826e-05
-2.2801351338002729e-05
-1.7806828094995399e-05
-1.3875719517799232e-05
-1.0788690367465745e-05
-8.3700248731955386e-06
-6.4793325097981295e-06
-5.0047265654090528e-06
-3.8572502513966193e-06
-2.9663514832118238e-06
-2.2762353657645203e-06
-1.7428519834366602e-06
-1.3315398492974084e-06
-1.0150762386301116e-06
-7.7213771443969226e-07
-5.8606014151888341e-07
-4.4385686298198706e-07
-3.3542899570937753e-07
-2.5293186320118579e-07
-1.9031106167154008e-07
-1.4288532539649344e-07
-1.0704285589175382e-07
-8.0017763898181544e-08
-5.9688929312685012e-08
-4.4423197552405434e-08
-3.2991738586646487e-08
-2.4451185037122143e-08
-1.8078335970669502e-08
-1.3340148011396911e-08
-9.8240474249018995e-09
-7.2174726832398190e-09
-5.2880815994144069e-09
-3.8721080218433646e-09
-2.8245922267746171e-09
-2.0581611309339946e-09
-1.4961155489032876e-09
-1.0856102859856215e-09
-7.8342683295107850e-10
-5.6843200474602185e-10
-4.1066830398382479e-10
-2.9354100626894876e-10
-2.1216636644368224e-10
-1.5168906881192621e-10
-1.0783552649026062e-10
-7.5073684636316583e-11
-5.5158999530896269e-11
-3.7914431617677335e-11
-2.9740824918942294e-11
-2.1611213247982931e-11
-1.4593142655632642e-11
-9.4317087913068529e-12
-8.7564654444281121e-12
-3.7968055002117947e-12
-4.5865635957686463e-12
-2.2245924628075683e-12
-2.1584688014972594e-12
-1.1087160095514033e-12
-1.4193096790296479e-12
6.7346293174561843e-13
-2.2532740376452680e-12
-6.8689470034666943e-14
-8.4939868875056294e-13
-6.2404322709951211e-13
-1.0697182627140443e-12
-9.7145546266638143e-13
5.3364456758476671e-13
1.1227689295588065e-12
-1.4161005067890531e-12
2.0383045403860280e-12
1.0074344671935648e-12
3.7187737110149548e-13
3.3071872950691659e-13
1.7132090910119316e-12
-1.6904226470627989e-12
1.9360271953041661e-12
-1.1466383287857814e-12
-9.3052008204456716e-13
1.3795710883645400e-12
9.1492430795284456e-14
-3.6350638260706527e-12
1.4549505758453751e-12
5.1006426984625725e-13
-3.3861191999724660e-13
1.0110163877863172e-12
1.3522659801146190e-12
6.3813507219976657e-13
-2.4198523037634888e-13
-5.9855383450389487e-13
-9.1403864739119570e-14
1.8481840678034018e-13
1.6343003366268648e-12
-1.6150391126421782e-12
-1.4936949709899927e-12
2.0634504227637866e-12
-3.2430637329945377e-12
-2.1782622216926170e-12
-2.1237723774863474e-13
-2.0169009921135047e-12
1.0443267910097304e-12
2.3384665712469227e-12
2.4133443510691467e-13
-1.8721098410557127e-12
-1.3530251355658558e-12
3.9331162753133610e-13
-1.1126215063010396e-12
2.3554908585455280e-13
1.5573522328095948e-12
-1.7773270048239814e-12
3.2800002808165842e-13
1.0902557792096724e-12
-7.1896407394109030e-13
2.2257561543133600e-13
5.6984114563546266e-13
3.0704548214774149e-13
6.5942698252455216e-13
-4.0836132323662399e-14
-9.2291184834874919e-13
-1.3682166535401960e-12
9.2694719124993848e-13
-1.2775369976569654e-12
-1.8471329329275812e-12
-6.9997190201825716e-13
-6.3870189959453648e-13
-1.7644862677500963e-12
1.8147271638450480e-12
4.3656872831635049e-13
-1.4089302452811162e-12
4.4730050602186891e-13
-1.6977562561487319e-12
-9.6712505505628337e-13
2.2167756322002713e-13
4.7139683465413921e-13
-2.7359897556017113e-12
8.1519929524605832e-13
-2.3986215744247525e-13
7.5574617293795061e-13
-6.3210573643916882e-13
1.0055205649213142e-12
-1.0567440295548491e-14
-9.8992102726526871e-13
2.2412141011194386e-12
-6.1106304700718044e-13
-5.5559772447470736e-14
1.8744054697478600e-12
1.4861591608650245e-12
-2.0008556466013155e-12
-1.8609118035009109e-12
3.9125146521806481e-13
-3.5652893823499906e-12
2.3211235531990828e-12
-1.0369557262676846e-12
1.3083816365022718e-12
1.1066778623025454e-12
-1.3455847138089797e-12
-1.0158686484049339e-12
-2.8871746791362947e-14
-1.6721061529535605e-12
1.9649202750915095e-12
-1.7796827623590888e-12
-2.2625258902646855e-13
-6.8346075665503813e-13
-2.0575112523997204e-13
3.4712284629961677e-12
-2.0845509065910609e-12
3.8706317706145116e-15
7.2270094012855499e-13
-1.2106443914415006e-12
1.0641059116347516e-12
6.9562853216631841e-13
-9.2440131419826857e-13
-1.9590820803811639e-12
1.8039680221980636e-13
-3.2221826682371352e-13
-2.4239805610096744e-12
-1.5436562486166356e-13
3.6225259973535252e-13
-1.4737565680375984e-12
-5.9889661751262552e-13
-4.5188551875055555e-13
-1.0998924563374282e-12
1.1969382772198423e-12
8.4402829527586612e-13
-1.4739929701091696e-12
-2.4315816534000926e-12
2.6097334908760169e-12
1.9525009427720976e-12
1.4362935285410236e-12
-1.8424869771036952e-12
6.3407741507103394e-13
2.6169166897969107e-13
-5.3531506380081034e-13
4.7382220022873710e-13
-2.8768763378404794e-12
1.4695478230372576e-12
-7.0834318576402791e-13
-2.9469153177974947e-12
-6.5045066853373761e-13
4.1897614149468210e-12
-1.2327056175219333e-12
