-1.8108802116986462e-14
-1.5014608219270528e-14
-1.0653823781900525e-14
-3.6367892309857636e-15
1.5099340898067811e-15
-1.2679749019665891e-14
-4.9207129225550705e-15
-3.6131053643625184e-15
-7.0211844836963429e-15
1.6463457790989283e-14
9.1704643875383914e-15
-7.5023974932463853e-15
6.6334382123728221e-15
-8.7123221565942160e-16
7.7295904500312312e-15
8.1448098696946390e-15
1.1464070840071264e-15
7.9164836472856899e-16
2.4201522599537567e-14
2.5064345308029354e-14
3.0680927519059064e-14
5.2715421747324263e-15
2.7869633004579384e-14
3.5994580400324154e-14
3.0835858714093204e-14
3.1669904658587435e-14
4.8904445850442606e-14
2.0121951186183198e-14
6.4895203761673053e-14
5.3409390713584547e-14
5.1365197059896239e-14
5.4654988486228313e-14
4.3162252960675909e-14
4.3265195679147672e-14
4.1065747710033529e-14
3.0013105389920263e-14
4.7254326943759598e-14
4.5477135941953630e-14
4.6979637429890458e-14
4.2307535527546370e-14
2.2953175759846755e-14
6.8982756614753889e-15
1.8918004716930781e-14
4.4333333158215671e-15
1.6781755887191964e-14
1.2959555218994996e-14
1.1739148047482446e-14
2.8499232068980670e-15
-1.0252602512114831e-14
2.8653802189860956e-15
9.9023504804802699e-15
-4.7854176631111183e-15
1.0636975464781552e-14
-2.8079340499791349e-15
5.7126332497778048e-15
-1.0257613400141078e-14
-9.9693453757838590e-15
-3.1641397609820181e-15
1.7332601202764149e-14
2.5768757236345009e-14
1.2237560621643334e-14
3.0631245947647259e-14
2.8001006240937119e-14
3.5724673800548917e-14
2.9731827915800997e-14
4.7222608986668671e-14
5.6264771536002824e-14
5.4644830589500920e-14
5.6190568238400004e-14
7.0195711918439743e-14
7.7113818508898846e-14
8.6378291210816885e-14
7.6761302592728310e-14
6.5036095547321335e-14
8.4530839961913967e-14
9.5290113957301795e-14
1.1500468913524905e-13
9.4427382743334757e-14
9.6280010874337398e-14
9.3871520724354663e-14
7.8477793236031118e-14
7.7596218184795291e-14
5.6495722716818025e-14
5.3705285957289924e-14
4.7685488566270884e-14
4.3937090560036711e-14
5.5988316996920991e-14
4.9997280226992459e-14
5.5721416569538381e-14
6.6103237886773142e-14
7.1885647793290156e-14
7.4191415450409122e-14
5.5370237611805092e-14
4.3788145425851800e-14
4.5640226557677870e-14
4.5596984254827647e-14
1.1465356570607928e-14
2.3274793974140827e-14
1.0712665097304319e-14
2.0475802057285138e-14
-5.7468206319471640e-15
-2.9391792519910517e-15
-2.4233556909984703e-15
2.4947746178655300e-14
2.8251288559344795e-14
4.4026889011575248e-14
7.1688611801412022e-14
6.1134282814913863e-14
5.0663439435618996e-14
4.9906386118144397e-14
4.2620657337840286e-14
3.8345749655238550e-14
8.9856358833474127e-15
1.1404052697977984e-14
-6.6491488097093637e-15
-1.0851666008580818e-14
-3.4759326608449549e-14
-3.5110425764989173e-14
-3.5156444972762275e-14
-4.1666813226395425e-14
-6.1355026884231679e-14
-6.4346392347544869e-14
-6.2163943820734067e-14
-6.2448519326523106e-14
-8.7217389946426067e-14
-7.0143620118795065e-14
-8.5377775991173222e-14
-9.4377868654966322e-14
-1.0384423903257197e-13
-1.0523337196716493e-13
-1.0518695252366702e-13
-1.1926700368731226e-13
-1.2816787015617529e-13
-1.2970533515393622e-13
-1.4055643435294996e-13
-1.6123991965843385e-13
-1.6028910581864761e-13
-1.9268817492342485e-13
-2.1093841060158907e-13
-2.4228091985041576e-13
-2.9286706205470280e-13
-3.1877832005412785e-13
-3.7330850021155229e-13
-4.3963836966132286e-13
-4.8726585518453425e-13
-5.4223604430472351e-13
-5.7541097172812871e-13
-6.3408138739029331e-13
-6.8251483299093594e-13
-7.2136522165353173e-13
-8.0029012968375481e-13
-8.6588520662577377e-13
-9.0682119473152719e-13
-1.0005440813528388e-12
-1.0908656845716311e-12
-1.1831752110860089e-12
-1.3272856979559299e-12
-1.4202547490980672e-12
-1.5673150557656744e-12
-1.7433324548835489e-12
-1.8961847743329245e-12
-2.0809855919683322e-12
-2.3331830245993373e-12
-2.5406360377845373e-12
-2.8363314396657882e-12
-3.1035592818173267e-12
-3.4271483250389811e-12
-3.7827354627737353e-12
-4.1498088151661523e-12
-4.5683166712177750e-12
-5.0758483013468183e-12
-5.6030042398661743e-12
-6.2207516906927454e-12
-6.8667245670712095e-12
-7.5951901997476653e-12
-8.4025228082105693e-12
-9.2799542478847444e-12
-1.0234126629023238e-11
-1.1258090570105941e-11
-1.2346486747851908e-11
-1.3537645653501676e-11
-1.4788588604069736e-11
-1.6158899862352507e-11
-1.7596739172382185e-11
-1.9157831488394259e-11
-2.0815317308262022e-11
-2.2591540320224421e-11
-2.4459454176847903e-11
-2.6472483250580100e-11
-2.8544421289987000e-11
-3.0755485004524442e-11
-3.3066577573430290e-11
-3.5504847136549922e-11
-3.8025058192925215e-11
-4.0645197573959711e-11
-4.3304931563546227e-11
-4.6086857605620202e-11
-4.8909914900496640e-11
-5.1815858565212592e-11
-5.4754810937726344e-11
-5.7759144615248370e-11
-6.0780678897808265e-11
-6.3873220867841146e-11
-6.6915151403222721e-11
-7.0014003250079372e-11
-7.3076751556325297e-11
-7.6109261636144455e-11
-7.9112647922874212e-11
-8.2079094168109256e-11
-8.4997642885992339e-11
-8.7791675246971838e-11
-9.0497433934317119e-11
-9.3109075210630665e-11
-9.5539177210377101e-11
-9.7858222707700467e-11
-9.9993487097645051e-11
-1.0200378811479870e-10
-1.0376790494380746e-10
-1.0539364511353042e-10
-1.0680172109148306e-10
-1.0796405477398632e-10
-1.0889490818889348e-10
-1.0963858341054746e-10
-1.1014368220047145e-10
-1.1042522470765181e-10
-1.1048712650155150e-10
-1.1028282895738944e-10
-1.0987325889947061e-10
-1.0924355325523567e-10
-1.0838054744164280e-10
-1.0730200754869260e-10
-1.0598800358074963e-10
-1.0448129269320715e-10
-1.0278147146231951e-10
-1.0089191655496749e-10
-9.8872036690659625e-11
-9.6643020177238827e-11
-9.4283092199138819e-11
-9.1783881903406188e-11
-8.9127388840132165e-11
-8.6306639616108162e-11
-8.3517008319184562e-11
-8.0645509294694699e-11
-7.7679058547214855e-11
-7.4683227813501904e-11
-7.1660425810495650e-11
-6.8617496714989415e-11
-6.5604962073818470e-11
-6.2583531005169447e-11
-5.9617006808286386e-11
-5.6639335407950067e-11
-5.3725546208774589e-11
-5.0847233804658575e-11
-4.8024705125939839e-11
-4.5276603971493788e-11
-4.2594246377251261e-11
-3.9945084861331437e-11
-3.7411801016565212e-11
-3.4988357602979177e-11
-3.2668090936426024e-11
-3.0426164729394901e-11
-2.8308009397136031e-11
-2.6280476345295295e-11
-2.4376648630864252e-11
-2.2549301849096539e-11
-2.0831957118566728e-11
-1.9181125216597507e-11
-1.7662108521659953e-11
-1.6208443927015148e-11
-1.4850543582039585e-11
-1.3584942729300907e-11
-1.2399478888082387e-11
-1.1253163823338286e-11
-1.0209894425206949e-11
-9.2800883579172705e-12
-8.3865727623366188e-12
-7.6080894304475545e-12
-6.8653147613319554e-12
-6.1983361145023795e-12
-5.6180892765241388e-12
-5.0632244328920955e-12
-4.5717742699457254e-12
-4.1220234539311163e-12
-3.7243348836268138e-12
-3.3340039581978203e-12
-2.9871627895015864e-12
-2.6698067047273570e-12
-2.3964797412533964e-12
-2.1398396887603932e-12
-1.9201774791840913e-12
-1.7032464064964291e-12
-1.5260951086702916e-12
-1.3574633415236671e-12
-1.2001051314760294e-12
-1.0590973834765106e-12
-9.2501374484016150e-13
-7.8735382264514863e-13
-6.6595672917575480e-13
-5.7327765148427616e-13
-4.8001369333143116e-13
-4.0695914939734978e-13
-3.1208896016754479e-13
-2.5399292671514429e-13
-1.8453098034822536e-13
-1.5916570482826322e-13
-1.3500363883246863e-13
-1.2240038814671055e-13
-9.3848920433888459e-14
-1.0180252404303547e-13
-7.1920967815647927e-14
-8.2406203703674954e-14
-6.9983849945375014e-14
-5.9796638490413703e-14
-5.2482147976907484e-14
-7.9668056932602835e-14
-7.0661321017363681e-14
-6.5420601314611095e-14
-5.5679630748220388e-14
-4.8674545341682269e-14
-4.0510031798426812e-14
-2.3936046262233463e-14
-4.0075422718254284e-14
-4.4402747643286277e-14
-4.6135894753833008e-14
-6.5234262161831880e-14
-4.3702023096842213e-14
-5.0294602355264207e-14
-5.4444163335981073e-14
-3.6998655937428483e-14
-3.5494871890225653e-14
-4.9649303071761144e-14
-5.2281599040551106e-14
-5.9386514553706212e-14
1.5434711646828759e-15
3.3581231142604497e-15
1.4470708239107558e-14
3.9588881134773204e-14
5.2247623601796296e-14
5.7845587318294388e-14
5.4895823255355745e-14
7.5935357542385227e-14
1.1289483676819332e-13
1.1140642887525242e-13
1.0518530296842522e-13
1.3804906510774743e-13
1.2122560717507188e-13
1.1333717461540974e-13
1.1550724452476983e-13
1.2350245183194164e-13
1.3879285706019182e-13
1.5402787473973067e-13
1.4029931484628991e-13
1.7354406069488984e-13
1.5818686277930968e-13
1.4551279278587144e-13
1.2814872184044861e-13
1.4235584634807930e-13
1.5846895531933498e-13
1.4540582182269819e-13
1.0520432092696562e-13
8.1524330898208935e-14
4.3363643926679290e-14
3.5460265747003082e-15
-2.0248551714091464e-14
-3.0536994478777436e-14
-1.7935236696858702e-14
-1.1731609886738929e-14
-2.9246687086890534e-14
-4.5679123101820037e-15
-2.2199168127868197e-15
2.0127496418294553e-14
-1.0509384937374846e-14
6.1831684875079507e-15
1.9112159114200341e-14
2.5691259523404859e-14
1.9426904490486102e-14
4.0160228312972044e-14
4.3891143100372376e-14
3.2793002813351970e-14
1.9356593227665791e-14
4.1800499929281789e-14
2.5210599688223771e-14
3.7005672090533345e-14
1.5361384320254380e-14
2.2056681722783376e-14
1.1526056825840902e-14
1.1619516967123239e-14
-1.6047719187325742e-15
8.5399158643727239e-15
7.1588219143993135e-15
1.6488535066027446e-15
-3.8490043905878450e-15
6.3171855753061234e-15
1.2862306210291965e-14
5.1129262196420188e-15
8.1086789458764229e-15
2.4056110285260180e-15
1.0503131446363142e-14
1.4932249044594924e-14
3.9462955066703927e-15
2.3949673359952107e-14
1.9005838718743222e-14
6.9117393007179209e-15
-1.3090839571850485e-15
8.9772210871148629e-15
1.8993801226681068e-14
-7.5690466967164556e-15
5.2279015397989905e-15
-4.5993673719498442e-15
1.8727549402948515e-14
1.8171811075577465e-14
3.3853229721913323e-14
2.0693590856823682e-14
9.0103142588502584e-15
-6.5493429249268137e-15
5.6300960108753087e-15
2.9884208501648968e-15
7.4910654040336151e-15
3.1953646044456287e-14
4.3126340074729542e-14
4.6778547971719614e-14
3.1599748241119754e-14
1.9695003835894317e-14
2.3870121493900528e-14
2.6911180092753291e-14
2.8803246695313908e-14
4.0476402253207373e-14
7.9117182293425407e-14
8.2196380969295105e-14
4.3259857487710715e-14
4.6391245966891244e-14
5.0886585673760389e-14
5.5713683416007593e-14
4.6391141588775823e-14
2.9075314689706793e-14
4.3317521102385194e-14
5.5750589663621894e-14
3.8571495152688164e-14
2.2740711304544518e-14
2.7112038415939966e-14
2.9516618304265506e-14
3.1557092700742485e-14
4.8552206145770993e-14
6.0647388377859769e-14
6.0819807826882906e-14
3.2755477103318057e-14
2.3812068476621642e-14
4.1587059595294749e-14
2.4787443304176902e-14
2.7352263022981851e-14
3.1262543252507680e-14
3.4979090036725381e-14
4.4126845297137937e-14
1.5267839903238493e-14
2.0585639321472333e-14
3.1945295411803827e-14
1.4856609054215401e-14
1.7140408087203549e-14
2.5566886226524969e-14
3.1220935591037266e-14
4.1940115917098008e-14
3.2032466323451809e-15
-1.0184358327847416e-14
2.1099490798271132e-14
-1.3266055817847183e-14
1.0704497217535961e-14
1.1870137292872875e-14
2.3845572260493378e-14
3.4275348269190906e-14
-3.7166808524861694e-15
1.8815748721467594e-14
3.3224274472246188e-14
2.0355367662667586e-14
3.9661392763659611e-15
1.2365338938978949e-14
3.7770986488677570e-14
2.6857123819392005e-14
-4.6714208076506527e-15
2.6206182353197603e-15
2.4029980299984160e-14
8.0916747732244089e-15
9.6495120412532820e-15
1.2222830135219229e-14
-1.1270436506418178e-15
2.4193754346146585e-14
1.0669588495446622e-14
3.6880426576608787e-14
3.0962972109522251e-14
1.0841896969221175e-14
-5.9834962743797204e-15
-3.6409344161491335e-15
2.2659171803483587e-15
1.1839901026536010e-14
8.1939209109687530e-15
2.3141047401671471e-14
7.9339690368208251e-15
-3.8163950588717895e-14
-1.7020484146182468e-14
1.2921600086829242e-14
4.2269856203691219e-15
5.9025577195932442e-15
-2.5129045913215368e-14
-1.0567963777571864e-14
-4.3219838406216541e-15
-1.6761083947156171e-14
-1.1240907330236168e-14
-1.1361258174334062e-14
-2.0915015533740277e-14
-1.0332565042116197e-15
-2.3089919653397185e-14
-6.0053974057572266e-15
-1.5869304702748305e-14
