4.9525289515292552e-02
5.8908238672377301e-02
6.9472908388930665e-02
8.1440359201293486e-02
9.4983417129011469e-02
1.1032728744100923e-01
1.2770661184368043e-01
1.4739250258161973e-01
1.6966605750378921e-01
1.9483234838682978e-01
2.2321529239505325e-01
2.5517644913454302e-01
2.9111187173691649e-01
3.3145408371671659e-01
3.7665954793460810e-01
4.2721102201156652e-01
4.8362004730890379e-01
5.4643814873332186e-01
6.1625612508247651e-01
6.9370031017364275e-01
7.7942354121256341e-01
8.7410394050113649e-01
9.7844516608314835e-01
1.0931768274656097e+00
1.2190495038192108e+00
1.3568296099643200e+00
1.5072953654518704e+00
1.6712318250695666e+00
1.8494199164665719e+00
2.0426216812040403e+00
2.2515686063537714e+00
2.4769571199708733e+00
2.7194430196951598e+00
2.9796282055538761e+00
3.2580377507243079e+00
3.5550998456594529e+00
3.8711287994227783e+00
4.2063102022282042e+00
4.5606780824799529e+00
4.9340925598018908e+00
5.3262204996848475e+00
5.7365192369243143e+00
6.1642123858030740e+00
6.6082575077411345e+00
7.0673171127103362e+00
7.5397364884907967e+00
8.0235247360200024e+00
8.5163287810132591e+00
9.0154085231589800e+00
9.5176200202712113e+00
1.0019400700602590e+01
1.0516751596554260e+01
1.1005211330104935e+01
1.1479845582373279e+01
1.1935238664994465e+01
1.2365492964718117e+01
1.2764219768157936e+01
1.3124546012325881e+01
1.3439130052088281e+01
1.3700178598945813e+01
1.3899463347065419e+01
1.4028341173399852e+01
1.4077794323627501e+01
1.4038466802060382e+01
1.3900704182692744e+01
1.3654603163336040e+01
1.3290074214240134e+01
1.2796913735310012e+01
1.2164865572815751e+01
1.1383704008121070e+01
1.0443320488076630e+01
9.3338144893894324e+00
8.0455806517885495e+00
6.5694015353203659e+00
4.8965575189356736e+00
3.0189205428834436e+00
9.2905323122113059e-01
-1.3796858311886504e+00
-3.9130373354864973e+00
-6.6757398329067836e+00
-9.6714422145166594e+00
-1.2902599470866711e+01
-1.6370384131000836e+01
-2.0074613937590872e+01
-2.4013674373859285e+01
-2.8184455658909467e+01
-3.2582297627649695e+01
-3.7200956947839131e+01
-4.2032577194045231e+01
-4.7067664581181738e+01
-5.2295100192340087e+01
-5.7702150278642151e+01
-6.3274487896193165e+01
-6.8996243087646931e+01
-7.4850059686406922e+01
-8.0817170164667402e+01
-8.6877478416269525e+01
-9.3009666551818611e+01
-9.9191317232067121e+01
-1.0539903045458514e+02
-1.1160857336482430e+02
-1.1779503926114776e+02
-1.2393299679055602e+02
-1.2999666991614313e+02
-1.3596011777042571e+02
-1.4179741073892643e+02
-1.4748282068948623e+02
-1.5299100794388852e+02
-1.5829720858932251e+02
-1.6337741729934055e+02
-1.6820856487535545e+02
-1.7276869933026450e+02
-1.7703714289719562e+02
-1.8099464680200521e+02
-1.8462354546271473e+02
-1.8790787543193198e+02
-1.9083349271419328e+02
-1.9338818547216468e+02
-1.9556174373818621e+02
-1.9734603043841500e+02
-1.9873504067897213e+02
-1.9972491810617146e+02
-2.0031397271348774e+02
-2.0050268368361594e+02
-2.0029366050502949e+02
-1.9969160852925785e+02
-1.9870327624420759e+02
-1.9733736639550622e+02
-1.9560445359484612e+02
-1.9351688452271435e+02
-1.9108864678203287e+02
-1.8833524955556831e+02
-1.8527358770414608e+02
-1.8192178132587290e+02
-1.7829903229194812e+02
-1.7442546728953135e+02
-1.7032196197817021e+02
-1.6600998893921607e+02
-1.6151145456319770e+02
-1.5684852327632123e+02
-1.5204347114829278e+02
-1.4711853140035038e+02
-1.4209573282123293e+02
-1.3699677117013832e+02
-1.3184287580686231e+02
-1.2665467423579480e+02
-1.2145208963255766e+02
-1.1625423785245962e+02
-1.1107932713760628e+02
-1.0594458497687467e+02
-1.0086619194008792e+02
-9.5859220587979138e+01
-9.0937591879255919e+01
-8.6114047145687948e+01
-8.1400127019115502e+01
-7.6806153844515563e+01
-7.2341240268163702e+01
-6.8013302831121365e+01
-6.3829068838738586e+01
-5.9794113123930899e+01
-5.5912899782825143e+01
-5.2188811155109285e+01
-4.8624202737621815e+01
-4.5220462271557331e+01
-4.1978061740642239e+01
-3.8896616647547248e+01
-3.5974954737646378e+01
-3.3211185581741191e+01
-3.0602758096589522e+01
-2.8146528789358907e+01
-2.5838840339664703e+01
-2.3675575854225674e+01
-2.1652221497280902e+01
-1.9763936976257074e+01
-1.8005613689426621e+01
-1.6371925520482996e+01
-1.4857381839045845e+01
-1.3456386967291166e+01
-1.2163282377049892e+01
-1.0972380399096812e+01
-9.8780147466886188e+00
-8.8745767707854650e+00
-7.9565418966305215e+00
-7.1184950824485282e+00
-6.3551634948396876e+00
-5.6614400741922264e+00
-5.0323899287120764e+00
-4.4632677519138948e+00
-3.9495364833725568e+00
-3.4868716875568504e+00
-3.0711607535297776e+00
-2.6985064844874560e+00
-2.3652388044378432e+00
-2.0679072300484411e+00
-1.8032735366650068e+00
-1.5683125102213933e+00
-1.3602144367062607e+00
-1.1763758740175174e+00
-1.0143845356061612e+00
-8.7201707385386762e-01
-7.4723604379939379e-01
-6.3817610840597883e-01
-5.4312712782263239e-01
-4.6052669927749429e-01
-3.8895986458536214e-01
-3.2714594482047510e-01
-2.7392467499249523e-01
-2.2824810701672707e-01
-1.8918196446795790e-01
-1.5589596278856049e-01
-1.2764783220278170e-01
-1.0377217363043355e-01
-8.3679412530425476e-02
-6.6851551219301392e-02
-5.2829882794449431e-02
-4.1204913170779067e-02
-3.1617382383345868e-02
-2.3760165670333913e-02
-1.7371794761672964e-02
-1.2222779423607824e-02
-8.1107404721357922e-03
-4.8610916845703905e-03
-2.3275525918695444e-03
-3.8301075789077589e-04
1.0853501191136412e-03
2.1748879134570001e-03
2.9610652085999846e-03
3.5017004905791380e-03
3.8461097793128316e-03
4.0431486838863528e-03
4.1370578073487803e-03
4.1627447427797339e-03
4.1446286572397583e-03
4.1037885078241132e-03
4.0600303483679361e-03
4.0312411444894183e-03
4.0294164466167922e-03
4.0655511101924642e-03
4.1536190459113996e-03
4.3137352246935172e-03
4.5642821290510435e-03
4.9192606265390480e-03
5.3880937687010759e-03
5.9877938783204692e-03
6.7455618289842525e-03
7.7005386676675235e-03
8.8913760257112711e-03
1.0359185214886685e-02
1.2146287567447589e-02
1.4315616728653431e-02
1.6945213057231834e-02
2.0142155483093688e-02
2.4017639960929683e-02
2.8719788282999415e-02
3.4393654788823037e-02
4.1295591735518083e-02
