-1.2354401860434702e-12
2.5669974182074263e-12
3.3852422693498217e-13
1.3413340004294148e-12
8.0426394423074865e-13
-4.2216219819321292e-13
3.3004426854226121e-13
1.6186976792698781e-12
-7.6006262105586349e-13
-1.7144562058845196e-12
9.2926493283819853e-13
-7.3851122660168688e-13
-1.3680741775898763e-12
2.1018192292491545e-12
-6.6360175567286838e-13
-5.5013600944318559e-13
-1.4196971738530956e-12
9.5253284914380285e-13
7.9067376266482902e-13
2.6038431864297589e-12
-4.2275785672487032e-13
1.7848934295868371e-12
1.9022824353391066e-12
2.7524868209880269e-12
-1.0011897151963638e-12
6.0046551438439953e-13
-5.0639750988396323e-14
-3.5386712560408034e-13
-2.8169799543533421e-13
-3.8317276001216414e-13
6.5891223374074999e-14
-1.6490595625677213e-13
1.7372267564126053e-13
6.9557096671148254e-13
1.3070631907055687e-12
1.2521283616038569e-12
1.7058507973104920e-12
-2.4635392568131933e-12
1.8037503144821946e-12
-1.3728409651013954e-12
3.4627561458414987e-13
-2.3895159296303425e-13
4.4710649800648079e-13
-2.1528604880108192e-12
-2.6309660673746052e-13
-2.5814829896411212e-12
-3.8203809411517622e-13
-6.2644579059098221e-13
-6.7477503254267321e-13
-5.5361906582214756e-13
1.0923218250036738e-12
-3.5475433336410790e-13
1.2665853534480946e-12
-1.1403671763194394e-12
4.1693719537788207e-12
7.8650297351632357e-13
1.1292339958962630e-12
-1.0512937902066465e-12
5.2130464640240074e-13
-4.0077727306114192e-12
-1.9191484765982545e-13
-3.1563579377510490e-12
-5.4867979272292203e-12
-1.1177556513921035e-11
-1.4055570749674429e-11
-2.2453509786421650e-11
-3.0994183412521594e-11
-4.7527616228784286e-11
-6.9459800395611845e-11
-9.9611198980283071e-11
-1.3731013853089512e-10
-1.9531248374100500e-10
-2.7369790638822147e-10
-3.8185230834330435e-10
-5.2727216854836806e-10
-7.2664479699438782e-10
-9.9185495467606396e-10
-1.3489742982585194e-09
-1.8169906739842633e-09
-2.4319840168659072e-09
-3.2305504212188837e-09
-4.2529723112453140e-09
-5.5495330186738779e-09
-7.1803364978244796e-09
-9.1824695676392584e-09
-1.1606117487667031e-08
-1.4466577814586692e-08
-1.7743393595749584e-08
-2.1335075869686939e-08
-2.5025696638718344e-08
-2.8408023108228913e-08
-3.0780727424353056e-08
-3.1031638120645483e-08
-2.7404640159170276e-08
-1.7265584643554001e-08
3.2832471618137279e-09
3.9916971702571266e-08
1.0074052137619003e-07
1.9722104811077886e-07
3.4534642773216667e-07
5.6721836572809064e-07
8.9307512313219224e-07
1.3639202987181642e-06
2.0348983459542758e-06
2.9795734188042088e-06
4.2953315273659791e-06
6.1101433599961095e-06
8.5909529778990090e-06
1.1953997298507182e-05
1.6477405093397610e-05
2.2516416825227250e-05
3.0521564002791235e-05
4.1060204736795588e-05
5.4841697809366780e-05
7.2746424524056897e-05
9.5858746577983831e-05
1.2550380325340870e-04
1.6328762017197109e-04
2.1113975464496663e-04
2.7135687573508107e-04
3.4664509580669789e-04
4.4015779140497865e-04
5.5552419991243942e-04
6.9686270171083692e-04
8.6877044004268007e-04
1.0762786061726327e-03
1.3247596051995428e-03
1.6197689519372891e-03
1.9668003672923483e-03
2.3709279298461099e-03
2.8363035586110104e-03
3.3654719263698403e-03
3.9584581629234939e-03
4.6115762205964595e-03
5.3158981079375351e-03
6.0553157920811857e-03
6.8041197763132446e-03
7.5240102954025239e-03
8.1604501006349861e-03
8.6382621023795639e-03
8.8563712567667000e-03
8.6815891056033698e-03
7.9413419471584205e-03
6.4152509117124121e-03
3.8254852548097128e-03
-1.7416965561070698e-04
-6.0105597401285986e-03
-1.4204717034445027e-02
-2.5386664919342640e-02
-4.0311355490007993e-02
-5.9875546545955907e-02
-8.5135337187361493e-02
-1.1732397818446820e-01
-1.5786945609297659e-01
-2.0841121880546662e-01
-2.7081526671325251e-01
-3.4718667929530994e-01
-4.3987848550653863e-01
-5.5149562140497399e-01
-6.8489255524453152e-01
-8.4316300561945101e-01
-1.0296200389342560e+00
-1.2477647178664457e+00
-1.5012413918995371e+00
-1.7937776850678415e+00
-2.1291072561409048e+00
-2.5108734938699668e+00
-2.9425124764090675e+00
-3.4271137801466356e+00
-3.9672580791269914e+00
-4.5648309397722624e+00
-5.2208127927930361e+00
-5.9350457573823530e+00
-6.7059788009464807e+00
-7.5303936356490206e+00
-8.4031147695166890e+00
-9.3167082295886097e+00
-1.0261174634827439e+01
-1.1223643489556469e+01
-1.2188076759479229e+01
-1.3134990942241037e+01
-1.4041207907318377e+01
-1.4879645706591102e+01
-1.5619161294303588e+01
-1.6224457589067995e+01
-1.6656067506712141e+01
-1.6870427439733934e+01
-1.6820052109113988e+01
-1.6453821727367121e+01
-1.5717390957447813e+01
-1.4553727211481176e+01
-1.2903783402647271e+01
-1.0707307355067108e+01
-7.9037867206039598e+00
-4.4335244987287652e+00
-2.3883617524471831e-01
4.7346448216865822e+00
1.0536571096116450e+01
1.7210416886260216e+01
2.4791971802627316e+01
3.3307823234589421e+01
4.2773861535881927e+01
5.3193845073437231e+01
6.4558064439331261e+01
7.6842146438510767e+01
9.0006038747982956e+01
1.0399321529207111e+02
1.1873014031682885e+02
1.3412602583367507e+02
1.5007291253375135e+02
1.6644609848890434e+02
1.8310493303468846e+02
1.9989398530082812e+02
2.1664458808469954e+02
2.3317674836161649e+02
2.4930140593649085e+02
2.6482301183702975e+02
2.7954238832287973e+02
2.9325982314335903e+02
3.0577834222550865e+02
3.1690709761203192e+02
3.2646480147303987e+02
3.3428313263254819e+02
3.4021003948648081e+02
3.4411286259800767e+02
3.4588120173635252e+02
3.4542945571010188e+02
3.4269896900257532e+02
3.3765972684325777e+02
3.3031154977763674e+02
3.2068474979623068e+02
3.0884022236503813e+02
2.9486896192770496e+02
2.7889100225181107e+02
2.6105379696971210e+02
2.4153006940854519e+02
2.2051517390717393e+02
1.9822402288876080e+02
1.7488764463602021e+02
1.5074944568306057e+02
1.2606125872953353e+02
1.0107926179727028e+02
7.6059856855456928e+01
5.1255596279673384e+01
2.6911243300345475e+01
3.2600481294376777e+00
-1.9479685107756012e+01
-4.1107673940017257e+01
-6.1444318941132927e+01
-8.0332905552261849e+01
-9.7641313133570463e+01
-1.1326321076250090e+02
-1.2711873216171728e+02
-1.3915463477634640e+02
-1.4934396007045382e+02
-1.5768522325134231e+02
-1.6420117057279575e+02
-1.6893715087818035e+02
-1.7195915494069075e+02
-1.7335158131791738e+02
-1.7321479079886853e+02
-1.7166251307954946e+02
-1.6881916911146786e+02
-1.6481717072964960e+02
-1.5979425583289216e+02
-1.5389091274547130e+02
-1.4724794165304331e+02
-1.4000419441145235e+02
-1.3229452682288454e+02
-1.2424798990789755e+02
-1.1598627901619146e+02
-1.0762245204167968e+02
-9.9259920745939439e+01
-9.0991712428808498e+01
-8.2899993067949012e+01
-7.5055837698213821e+01
-6.7519229302260740e+01
-6.0339263886240253e+01
-5.3554536738049038e+01
-4.7193683098523842e+01
-4.1276045580064384e+01
-3.5812440580780539e+01
-3.0805996585815198e+01
-2.6253038525555787e+01
-2.2143994170181319e+01
-1.8464300771026124e+01
-1.5195292701967059e+01
-1.2315053600699526e+01
-9.7992193587464786e+00
-7.6217211673596310e+00
-5.7554606122122598e+00
-4.1729114526178090e+00
-2.8466451639989807e+00
-1.7497795218464969e+00
-8.5635143073393127e-01
-1.4161683462312838e-01
4.1771812173888367e-01
8.4332947331380637e-01
1.1551653968618139e+00
1.3713873065962001e+00
1.5083553880830032e+00
1.5806518406159029e+00
1.6011352453330812e+00
1.5810197737005345e+00
1.5299733665420634e+00
1.4562295178578921e+00
1.3667078610282135e+00
1.2671393528234991e+00
1.1621924595690063e+00
1.0555973508342809e+00
9.5026568324540994e-01
8.4840409783500592e-01
7.5162004953119377e-01
6.6101903062660927e-01
5.7729263806519426e-01
5.0079726531356172e-01
4.3162347503109783e-01
3.6965633029225348e-01
3.1462713382302876e-01
2.6615715096623160e-01
2.2379397776519458e-01
1.8704126629778037e-01
1.5538254031883250e-01
1.2829983101596915e-01
1.0528783983330800e-01
8.5864297968225770e-02
6.9577144023392684e-02
5.6009086387711689e-02
4.4780057913277403e-02
3.5548010541196495e-02
2.8008438015179677e-02
2.1892958029679846e-02
1.6967231715653643e-02
1.3028449521582629e-02
9.9025683244026944e-03
7.4414457597961276e-03
5.5199837784799801e-03
4.0333645411705964e-03
2.8944374788553574e-03
2.0312964118388835e-03
1.3850694002575895e-03
9.0793148930319709e-04
5.6134067185190117e-04
3.1449025171386504e-04
1.4296582986810506e-04
2.7591642161741680e-05
-4.6550708865465085e-05
-9.0949183814150789e-05
-1.1435171901479679e-04
-1.2333756210132100e-04
-1.2278577161497402e-04
-1.1625600130769320e-04
-1.0629512597223625e-04
-9.4681895151179916e-05
-8.2620209754891562e-05
-7.0890287863778503e-05
-5.9965603249485473e-05
-5.0102304810036019e-05
-4.1406690356065211e-05
-3.3885439051547883e-05
-2.7482308367257729e-05
-2.2104538025769004e-05
-1.7641235446792897e-05
-1.3975970458323379e-05
-1.0994853534502769e-05
-8.5915450818060766e-06
-6.6699530072321624e-06
-5.1453945371740897e-06
-3.9447104569083839e-06
-3.0057503294455573e-06
-2.2764431888968955e-06
-1.7137194284052993e-06
-1.2823277724256691e-06
-9.5371688924221715e-07
-7.0496904581291803e-07
-5.1785723016733582e-07
-3.7798688614569405e-07
-2.7408692440160961e-07
-1.9739777641520572e-07
-1.4116446799975212e-07
-1.0019608402992718e-07
-7.0557849729950809e-08
-4.9267644215841075e-08
-3.4086422519583126e-08
-2.3345742797823638e-08
-1.5811721466480413e-08
-1.0568930188583276e-08
-6.9636682962119484e-09
-4.5076828452588435e-09
-2.8536808128057769e-09
-1.7557858242323591e-09
-1.0401658093102926e-09
-5.8596712671111130e-10
-2.9673343297577961e-10
-1.2490243169586338e-10
-2.7661673914940754e-11
2.6325855243153366e-11
5.3194350227705662e-11
5.8394401392447291e-11
6.0003537768624529e-11
5.0151296818885814e-11
4.2398220691847121e-11
3.7254293863412400e-11
2.8934178223533158e-11
2.1115708247702170e-11
1.8136574376295865e-11
1.3792963612769691e-11
1.1374486573319747e-11
8.9800645406979641e-12
7.7796281691091014e-12
4.6896895927478327e-12
3.2052941199831107e-12
3.7533439936585116e-12
1.8399685490747794e-12
2.4864470622778940e-12
1.5766327746032117e-12
2.9969765345192096e-13
2.4627052697292663e-12
-5.6777204513724962e-13
1.7428413387130537e-13
-1.8315183054178158e-12
2.0783378622886454e-12
1.8941820338736191e-12
1.8108645827131921e-12
-1.2236705654756422e-13
1.5409334796267598e-12
-1.9822613986315311e-12
2.3853922636881701e-12
1.8412395401599846e-13
-5.2741329867552870e-13
3.7438883018107351e-12
-7.0737032223853197e-13
1.9424699136532396e-13
1.7486593114891694e-13
2.4118191585467564e-13
5.9406765219918887e-13
1.0440333270739975e-12
-1.9864618316349896e-13
-1.0555481308097440e-12
2.2996396306614871e-13
-2.4091316364152374e-12
4.9124955631199119e-13
-5.4919911781894517e-14
4.8781716351128728e-13
-2.4336080654419404e-12
-9.3436757586772983e-13
7.9233746816039197e-13
-5.3597806052311093e-13
-2.8007305034689683e-12
4.3232053148597278e-13
-1.2687787966962971e-12
-9.1669516711138889e-13
-1.7696324665807119e-13
-2.3645850134335750e-13
2.3793847836472453e-13
3.0308470180410040e-13
-2.2983803775629390e-13
-5.8272712780200247e-13
5.9231947248166503e-13
7.3769478062265499e-13
1.4176597692179074e-13
1.1617382564788059e-13
2.9631513267535428e-13
-6.6135977198865008e-13
-3.1814960980652438e-12
3.6994561240169177e-13
-1.9112816149381520e-12
1.4529709992288799e-13
-1.1237108410716544e-12
3.1722933067229958e-13
5.0363772636520441e-13
1.2844815072901589e-12
2.7883694622420400e-13
2.4768096835990161e-13
4.1509987092789006e-13
5.2337685655154645e-13
1.0898870650043200e-12
4.2391935778995202e-13
2.8450419753407088e-12
-7.5837943077669953e-13
-1.9625956432652829e-12
-6.5634940929085203e-13
-1.2421804704550565e-12
-2.1384196062807204e-14
1.7863919928504292e-13
3.2478599699805542e-13
1.6805811174120607e-12
6.8976110559494234e-13
1.8101088783659489e-13
-9.2812064588588279e-13
2.7897166985846663e-13
-1.2926269696262761e-14
-1.4696169305195995e-12
-6.0011673452774892e-13
1.5508763770502827e-12
8.9045874279936693e-13
1.4109434753133482e-12
-1.1113865459875771e-12
-2.0030783843464227e-13
-2.2392137928930947e-12
6.3663083741657751e-13
7.5784797483114013e-13
2.5200490564296178e-12
4.6483795972948132e-13
1.8027089529226087e-13
-1.8260542438499189e-12
1.4162037949134525e-12
1.4214596781356758e-12
8.8289258257648454e-13
2.2219137106367324e-13
-1.7418467151674422e-12
-4.8674410015974527e-13
