-3.5816252847652506e-15
-6.3230240066413480e-16
5.6198228992489091e-15
1.3547774912477300e-14
5.7147025254475436e-15
-3.9926168109126521e-16
2.2151754009491624e-15
1.7757054300544931e-14
5.1500973833268766e-16
7.3745663479893601e-15
1.1950583811485243e-14
2.2101191612153442e-14
-1.4268632182861546e-15
-2.1616299990949067e-15
1.5556082156997394e-14
7.2460392285913664e-15
4.2866771755961629e-15
8.5619851548357010e-15
1.4563194788270161e-14
4.1562268318823761e-14
4.4231143693868724e-14
3.0004594254612024e-14
4.5849879465424941e-14
2.3858910019934556e-14
3.7971365174063921e-14
3.6981257754774262e-14
4.9995291319062641e-14
4.9661547020889143e-14
2.9838890345559668e-14
3.4235330704862008e-14
4.3852741293251105e-14
2.2927575751640811e-14
2.4473398112729084e-14
2.9373602646767606e-14
4.3928504621431628e-14
4.2622043231652019e-14
4.2092022268014353e-14
3.1320774107013039e-14
3.9781689747980247e-14
3.8116247754865986e-14
2.0019490909503211e-14
-8.6737603016697857e-15
3.4689667656292375e-15
-1.3463311667792381e-14
-1.0767458411617060e-14
-1.9096626878249672e-14
-3.7679958386642941e-15
-1.2474711240994945e-14
-2.8517135181822120e-14
-3.4858994828785339e-14
-2.9997026978412503e-14
-2.1686557385112559e-14
-5.5186201150147703e-15
-3.1098904612293346e-14
-9.8100705597640118e-15
-1.3761136438388515e-14
-2.1935420652997657e-14
-2.6748897269142916e-14
-4.1258970824924115e-15
-2.4167566985849983e-14
7.4272034058631762e-16
-1.7828749284501691e-14
-7.5361310438935581e-15
1.2467607303597284e-14
8.4238582278869224e-15
1.6272783568857526e-14
2.1306801704321946e-14
9.3925317497016087e-15
2.7051029367082778e-14
4.3899978285494579e-15
2.9329923031479773e-14
1.7996895232904603e-14
2.9198146969268482e-14
2.7398878202841356e-14
3.7433409414119666e-14
1.3568249231114350e-14
4.7041783411388263e-14
3.8415941080380156e-14
5.2601099558213112e-14
4.1501231145504238e-14
1.0428542799271507e-14
7.6967541489737002e-15
1.1238926953760876e-14
1.0530419993974433e-15
-1.5938731432664399e-15
-3.8154966052382992e-14
-2.1162852220530921e-14
-1.3784303259129089e-14
-2.6569622871900903e-14
-8.2785379272005174e-15
6.7221931134563861e-15
-1.2304964090027117e-14
1.3781539235423546e-14
-3.7600957037649149e-15
1.2692265192461898e-14
1.8163815994044213e-15
-9.5928233404997952e-15
-2.0398705955221424e-14
-1.5357038547311845e-14
-4.9467884709645739e-14
-5.1199294169328810e-14
-6.2358662643286508e-14
-4.9338097004926471e-14
-4.4219566534337480e-14
-3.3376340329449880e-14
4.6202345335910366e-15
5.3095610931879495e-15
-5.9811792094873698e-15
-7.2750663942810451e-16
-4.5641096401244223e-15
3.6858068267071625e-15
-1.1200467714711693e-14
-4.4917285838005995e-14
-6.7766285397532334e-14
-9.3420632481182428e-14
-1.1027925359329498e-13
-9.5273227854394030e-14
-1.2305280241633130e-13
-1.1206216886726294e-13
-1.0484658878857313e-13
-1.1040769524593238e-13
-1.1696395049611528e-13
-1.0617009862882494e-13
-1.2953774154301564e-13
-1.4021794970790875e-13
-1.3393961288333709e-13
-1.1883308550925460e-13
-1.3552611966732675e-13
-1.4344662373779211e-13
-1.5728199045007569e-13
-1.5268343481258932e-13
-1.7312782841147684e-13
-1.6258415671288732e-13
-1.7456379633480727e-13
-1.7659765202276690e-13
-2.0812608905576619e-13
-2.1559342839863530e-13
-2.1038548969123622e-13
-2.1516177810403294e-13
-2.6039042974999602e-13
-2.9215045320995442e-13
-3.1038524640154531e-13
-3.7431626557883034e-13
-4.1106036296238167e-13
-4.6398069631297380e-13
-5.3347027267651075e-13
-5.6651551180248866e-13
-6.1550093527815934e-13
-6.5243184715669391e-13
-6.5892385353014653e-13
-6.9099149565034045e-13
-7.3588832343584190e-13
-7.6999546149631271e-13
-8.1613759667212125e-13
-8.7639101143883374e-13
-9.3181695982329829e-13
-9.9417748522300954e-13
-1.0592783653836566e-12
-1.1434574557229210e-12
-1.2369294673123411e-12
-1.3202989988407627e-12
-1.4646707316608112e-12
-1.5586154169561301e-12
-1.6951846230474294e-12
-1.8309861652707601e-12
-1.9682761912174975e-12
-2.1042520521561158e-12
-2.2864596464937548e-12
-2.4520469140869433e-12
-2.6443766117204309e-12
-2.8964732757273001e-12
-3.1708646968326713e-12
-3.4936725075690530e-12
-3.8238359595189631e-12
-4.2181069436324399e-12
-4.6440879322895928e-12
-5.1133670016389428e-12
-5.6372619263417496e-12
-6.1941809237799949e-12
-6.7626479539241671e-12
-7.4204784400215557e-12
-8.0692670773908027e-12
-8.7948330222097907e-12
-9.5809506897689280e-12
-1.0422166222242633e-11
-1.1290159955227910e-11
-1.2256525139222614e-11
-1.3274821937592891e-11
-1.4387603588436701e-11
-1.5515515152288100e-11
-1.6755546808058122e-11
-1.8038239479021153e-11
-1.9435742435245181e-11
-2.0839288376262164e-11
-2.2331326335813565e-11
-2.3833134146888368e-11
-2.5417628930918130e-11
-2.6994455976039585e-11
-2.8646106912215678e-11
-3.0330218567848967e-11
-3.2050407287557169e-11
-3.3759387573201756e-11
-3.5542339494412515e-11
-3.7302232218150003e-11
-3.9098910934925466e-11
-4.0885853863276795e-11
-4.2662100863146809e-11
-4.4429626835128260e-11
-4.6190770140611149e-11
-4.7896868058305711e-11
-4.9576571373526702e-11
-5.1192372688312968e-11
-5.2771030450355572e-11
-5.4214592237724943e-11
-5.5632455812718350e-11
-5.6917938480721959e-11
-5.8144398988241891e-11
-5.9223431624774531e-11
-6.0253528771769857e-11
-6.1171994750012372e-11
-6.1929227774684034e-11
-6.2535985135425002e-11
-6.3094854010351696e-11
-6.3453696811464555e-11
-6.3720623849030787e-11
-6.3830357626900909e-11
-6.3799028232759302e-11
-6.3673400506537771e-11
-6.3410240170890526e-11
-6.2951882475156623e-11
-6.2416723712909441e-11
-6.1740053068108536e-11
-6.0943389992236061e-11
-6.0065409137587392e-11
-5.9028067742622751e-11
-5.7905041343209576e-11
-5.6702169935893523e-11
-5.5366079849760178e-11
-5.3922433693040819e-11
-5.2472092009101953e-11
-5.0883668842435601e-11
-4.9315274021801447e-11
-4.7647402608243816e-11
-4.5986781702767890e-11
-4.4289056493452637e-11
-4.2542764906307368e-11
-4.0831184333092037e-11
-3.9115241099895774e-11
-3.7362936103230598e-11
-3.5678490373465934e-11
-3.3992284505401930e-11
-3.2292818805111929e-11
-3.0637121864092503e-11
-2.8998512462134031e-11
-2.7397712908613976e-11
-2.5822444376687317e-11
-2.4270944922401014e-11
-2.2790819063504408e-11
-2.1337451091201305e-11
-1.9978029684180437e-11
-1.8667647590364937e-11
-1.7405906305900405e-11
-1.6214743554662243e-11
-1.5079265600523086e-11
-1.3987365061180200e-11
-1.2983261313016920e-11
-1.2002319412336619e-11
-1.1085554108325010e-11
-1.0208071385169242e-11
-9.3848407779529309e-12
-8.6109151275098104e-12
-7.8672948701028267e-12
-7.1779564389880218e-12
-6.5307347077370547e-12
-5.9419168770385656e-12
-5.4195035528174702e-12
-4.9151542186925000e-12
-4.4702481949924558e-12
-4.0813645888491180e-12
-3.7056303484127895e-12
-3.3691252748201430e-12
-3.0798298551803468e-12
-2.8048759540683600e-12
-2.5551113324065162e-12
-2.3174180549918950e-12
-2.0925524202838744e-12
-1.8918900357800786e-12
-1.6956393258094264e-12
-1.5341187891942834e-12
-1.3590568529970069e-12
-1.2429862327525404e-12
-1.1148315121513117e-12
-1.0057748547351961e-12
-8.9819661237977388e-13
-7.9922827201215762e-13
-7.0160223384471325e-13
-5.9238820614143935e-13
-5.0475660775858884e-13
-4.4170025935876751e-13
-3.8084246507159409e-13
-3.1835129756597707e-13
-2.7782813830201317e-13
-2.2146375225217561e-13
-1.9130095382891184e-13
-1.5923065536470699e-13
-1.1665215659546677e-13
-1.1129201347289853e-13
-9.2374744070437396e-14
-7.9808289125749920e-14
-7.2810595831170615e-14
-7.4474476328199848e-14
-5.8990293930843386e-14
-6.2771566032731495e-14
-6.7849847602959943e-14
-8.2917349656208346e-14
-7.4768489006716596e-14
-7.7635060634287994e-14
-6.7898181477240513e-14
-6.6727085977042422e-14
-5.5313350770719398e-14
-4.6425336574318208e-14
-3.8135589762579563e-14
-5.3551795942867836e-14
-5.2248933623715476e-14
-5.4402801689254343e-14
-2.9866576734191381e-14
-4.5119269940096755e-14
-2.2526186118585511e-14
-1.7743688259896243e-14
-4.7126651267064991e-14
-5.0445650902514686e-14
-5.4582280191399629e-14
-4.7371832999339562e-14
-2.8875077340043184e-14
1.3126968171226238e-14
1.6427002415917596e-15
6.5427824841641019e-14
6.2567418690714495e-14
6.6140082885860751e-14
6.9315641699612159e-14
9.3835847574935375e-14
1.3828168902274917e-13
1.2825830223815859e-13
1.4927493005719614e-13
1.6340128554401300e-13
1.4105090981287600e-13
1.4252529085042121e-13
1.3677857834852967e-13
1.2228676561328470e-13
1.4516502540115239e-13
1.3449786396350897e-13
1.3699864532492361e-13
1.5248601070779702e-13
1.5507248761335064e-13
1.3301461801853631e-13
1.5286242904635885e-13
1.5105060441736900e-13
1.5334310436626186e-13
1.5271079333714978e-13
1.1739831467551025e-13
7.4374397990487113e-14
1.7951503209040995e-14
5.2207642941495181e-15
-5.8712371787775749e-15
-1.4077161028840051e-14
-4.4651410589130337e-15
-2.3079082619377806e-14
-2.4247588354046091e-14
9.5358739746673170e-15
2.7260647821417642e-14
2.8973014310959050e-14
2.5959547578646371e-14
2.7255691880795097e-14
4.0231859080148384e-14
2.4391571869112475e-14
1.8159102649900039e-14
4.5897106922039978e-14
3.9637719646690994e-14
3.0227702502462661e-14
4.0864496030369353e-14
5.0452759414280393e-14
4.9895468945516472e-14
3.1461403291605437e-14
9.1009000909029136e-15
2.1595116533861996e-14
1.7826533089017716e-14
3.7516076602319676e-15
1.2270227173551781e-14
3.8278113310659956e-15
1.1091937822786826e-14
6.4407113503959668e-17
-1.7732514390805616e-15
9.7325114137149186e-15
1.0110169228433322e-14
-3.4038769370659531e-15
2.3307120686845705e-14
2.1359596290435693e-14
1.8283020509141779e-14
-4.2467667599924600e-15
2.1233827419128110e-14
1.8117309990897963e-14
3.6168519295790926e-14
2.4169408326698819e-14
2.4810922477308733e-14
2.7474978261679613e-14
2.1802301451874428e-14
1.9910044011305963e-14
1.5381050463299912e-14
3.8747697544960358e-14
5.1150205149406673e-14
4.1765498525773071e-14
6.3768867210631868e-14
6.1545561239351756e-14
3.8976753848435453e-14
5.3025209184153621e-14
4.0863244862111719e-14
4.6792211638424261e-14
5.1589911024661945e-14
3.9254373097498965e-14
6.0086677529512973e-14
6.3873220540204436e-14
5.7538608626977949e-14
2.5893931247157287e-14
2.4176088634649189e-14
3.7289940652635819e-14
4.4466172559890740e-14
5.1850537805047396e-14
8.3713412219665988e-14
9.0626467097306472e-14
7.3680054362788205e-14
6.2101804352280073e-14
6.6768977876377781e-14
6.8768241948501262e-14
6.6995196578579125e-14
8.9021121953759065e-14
8.3793158709239850e-14
7.0817772334667807e-14
5.7318972407274229e-14
4.2733080774378440e-14
5.4104113220567714e-14
3.9865888210753039e-14
5.0419043867897987e-14
5.8627943286428979e-14
7.4257711558766896e-14
8.2340980010689298e-14
4.7798655803874857e-14
5.0859776655844075e-14
3.9337732043007337e-14
4.9446179059527936e-14
4.0572193321717445e-14
4.9021023960162481e-14
5.5863986089293838e-14
6.2768788346511644e-14
3.2343233685864628e-14
3.1061355692971629e-14
3.9785960121880968e-14
3.2759619601367421e-14
3.7946806878593037e-14
3.6926135048391380e-14
4.8312748117603922e-14
4.6391923406036792e-14
4.6030781338237346e-14
3.1274480306791897e-14
2.8334740608772306e-14
4.0139361843380762e-14
4.4884804014619568e-14
4.9275319460879377e-14
6.1232158193545834e-14
5.9341298324817374e-14
4.2683828316327719e-14
4.7578051640776619e-14
3.6696590947300197e-14
1.2062109736501102e-14
-1.1642879997328777e-15
8.1340477037903719e-15
3.9906173963543789e-14
3.5228199846414323e-14
2.1784084858491789e-14
3.0370298693827139e-14
3.6275530213634092e-14
2.5807363175874078e-14
2.0626954700559607e-14
1.5121838691086831e-14
3.1033890033479864e-14
5.1884603637188784e-14
3.3632383893260636e-14
3.3589977380868245e-14
4.5226340030777398e-14
1.5982331761288013e-14
3.0717183453773098e-14
1.7956950621219352e-14
1.1806836606906901e-14
2.8495000663866680e-14
1.5243857384091685e-14
-1.7994225322034470e-14
2.4439100348810430e-14
-9.8005138428078199e-15
1.4565824834941905e-14
6.4271474087113279e-15
7.1198201460017577e-15
8.1972036457756334e-15
-6.4137213263793361e-15
1.6914867184521225e-14
1.0346263070811361e-14
-6.4714914059768357e-15
-9.3808976610954378e-17
8.0915679298389464e-15
-4.7325401926287947e-15
-5.8548321019082531e-15
-1.2305149347941744e-14
-5.6706171705924373e-15
-5.0246145903198722e-16
