5.8157215564621333e-13
8.3163289710855444e-13
-1.1944168843765425e-12
7.8218680599191742e-13
1.3251478882466820e-13
1.0519674297789166e-12
2.6001441463936261e-12
-2.0134562517497474e-13
-1.1110108508069379e-12
2.5952691324611736e-12
-9.8343814298680455e-13
-1.2057199786147433e-13
5.9537090228867338e-13
1.4808292542025495e-12
-1.6024436307371220e-12
2.6529443237708349e-12
-9.5433759225152090e-13
7.0124757071860532e-13
1.6060866770263047e-12
1.2036435192252350e-12
-2.2473216505710724e-12
2.9897799340924355e-13
7.3455582745414599e-13
-1.4518949619928646e-12
-2.3367333705948756e-13
2.9347039209870272e-12
7.1365096056050364e-13
-1.4203495800566335e-12
1.8162234734743646e-12
1.6203171583404291e-12
-1.6106825270903367e-12
2.4903740677970158e-12
-1.6784351196710697e-13
5.1562333402938672e-13
8.8196963373976560e-13
-1.4000304436861775e-12
1.2638170808600973e-13
9.8080826924912931e-15
-9.7234654423236122e-13
-1.1650080946246429e-12
3.0059498436592103e-12
1.1525467123815515e-12
-2.5071624364033469e-12
-3.6089991359132528e-13
-1.3005658768488188e-12
1.1335417393084238e-12
4.9057092324004504e-13
3.3389675375378319e-12
-2.5237155189936028e-12
-1.2090939527926964e-13
1.5054194215798004e-12
-2.7698909764354708e-12
-1.3264617312332514e-12
3.2139538195098450e-12
-1.6338368105098288e-13
2.4532158099795507e-12
2.2702986159452151e-12
-6.3059423184757414e-13
-1.9918349441297844e-12
-2.6007898529515216e-13
-1.8805292869274687e-13
-1.5199267779067879e-12
-6.3126439216251014e-13
2.1263972837378624e-13
-1.3673237755704519e-13
2.8310631966292391e-12
5.3323158649561699e-13
-1.4734112955212783e-12
-1.6704193783873821e-12
-1.6360122846483327e-12
-3.7493388748695733e-12
-2.8974368183797743e-13
5.1443983352036519e-13
-1.1079024687952378e-12
-2.2421026828722527e-12
-2.0720765072140330e-12
-4.8991272831226535e-12
-4.3982797957608662e-12
-7.2464702824071250e-12
-4.2643987325397072e-12
-6.2944980958509190e-12
-3.7293060226775100e-12
-7.0550823376212607e-12
-3.6306438361766905e-12
7.3326507496749623e-12
1.5636884838511935e-11
4.3935764782538867e-11
8.5662006910085060e-11
1.5298458422351690e-10
2.5652051228959024e-10
4.2507225016653550e-10
6.7400339640928496e-10
1.0553258094792824e-09
1.6296032299115919e-09
2.4750592921431959e-09
3.7152388118302338e-09
5.5224778245912936e-09
8.1302511602630338e-09
1.1870184898988827e-08
1.7210035738409569e-08
2.4772815074121041e-08
3.5426166965193126e-08
5.0366847111288348e-08
7.1189795553757029e-08
1.0007322010175648e-07
1.3995692036419594e-07
1.9474953021910223e-07
2.6968212227969355e-07
3.7170450341606825e-07
5.0999027648068969e-07
6.9661239938394872e-07
9.4739390271331644e-07
1.2829568447018208e-06
1.7300760480566677e-06
2.3233636357010591e-06
3.1073297181842745e-06
4.1389775969774372e-06
5.4909465065632661e-06
7.2553823128088659e-06
9.5485647398830594e-06
1.2516553077530589e-05
1.6341813508607346e-05
2.1251125043446646e-05
2.7524781517011783e-05
3.5507244608039638e-05
4.5619299968345808e-05
5.8371751195400481e-05
7.4380551901363914e-05
9.4383151453790218e-05
1.1925573679460362e-04
1.5003065761860250e-04
1.8791312006855802e-04
2.3429577013436433e-04
2.9076922799293781e-04
3.5912590799134218e-04
4.4135367883000795e-04
5.3961470897444979e-04
6.5620356300870482e-04
7.9347698948019644e-04
9.5374583183824616e-04
1.1391171619109023e-03
1.3512719817969448e-03
1.5911605392128902e-03
1.8585935358383116e-03
2.1517032450501026e-03
2.4662435501760639e-03
2.7946923675831775e-03
3.1251139860542150e-03
3.4397317888852966e-03
3.7131549129390535e-03
3.9101943608391230e-03
3.9831962763002366e-03
3.8688115777446349e-03
3.4841132135502171e-03
2.7219642409010624e-03
1.4455329233044815e-03
-5.1815517206612596e-04
-3.3857422025361235e-03
-7.4262568642892400e-03
-1.2971142541281400e-02
-2.0425706258036986e-02
-3.0282090791869054e-02
-4.3133858218244205e-02
-5.9692252536349986e-02
-8.0804181377378714e-02
-1.0747192078669621e-01
-1.4087450222163367e-01
-1.8239068610306761e-01
-2.3362336105718487e-01
-2.9642513177619223e-01
-3.7292477125982371e-01
-4.6555411490278953e-01
-5.7707486523646923e-01
-7.1060465803419637e-01
-8.6964161447068145e-01
-1.0580864720144134e+00
-1.2802612519811736e+00
-1.5409232867893807e+00
-1.8452732999481518e+00
-2.1989561105764635e+00
-2.6080524280357866e+00
-3.0790601164472644e+00
-3.6188632503248890e+00
-4.2346872583269386e+00
-4.9340384687554701e+00
-5.7246264357256855e+00
-6.6142675452693060e+00
-7.6107685822989248e+00
-8.7217891883858485e+00
-9.9546824603187520e+00
-1.1316313333636094e+01
-1.2812854864771433e+01
-1.4449563068541133e+01
-1.6230531581120822e+01
-1.8158428095505439e+01
-2.0234215247733449e+01
-2.2456859404683126e+01
-2.4823031602919578e+01
-2.7326805693660059e+01
-2.9959359539748217e+01
-3.2708685862372853e+01
-3.5559320021799962e+01
-3.8492092609037094e+01
-4.1483915196010628e+01
-4.4507607911047636e+01
-4.7531777646553827e+01
-5.0520755640896859e+01
-5.3434602883518068e+01
-5.6229191252928217e+01
-5.8856367497485699e+01
-6.1264206102421774e+01
-6.3397355752598102e+01
-6.5197482507913719e+01
-6.6603810973421858e+01
-6.7553762694459806e+01
-6.7983688773526438e+01
-6.7829691333084270e+01
-6.7028525988591028e+01
-6.5518575007422498e+01
-6.3240878376979282e+01
-6.0140207657784487e+01
-5.6166165327255499e+01
-5.1274290399163739e+01
-4.5427149502944140e+01
-3.8595391393534506e+01
-3.0758742095462377e+01
-2.1906917616661829e+01
-1.2040431437575384e+01
-1.1712748175418162e+00
1.0676550625094357e+01
2.3466666612934208e+01
3.7150134198968352e+01
5.1665464993216162e+01
6.6938837049657550e+01
8.2884520918743476e+01
9.9405517145501534e+01
1.1639440205685264e+02
1.3373437414281042e+02
1.5130048880841818e+02
1.6896106487616015e+02
1.8657924207002876e+02
2.0401466492914795e+02
2.2112526528832157e+02
2.3776911272435120e+02
2.5380630028360613e+02
2.6910083144670517e+02
2.8352247369796436e+02
2.9694854427830916e+02
3.0926559471604088e+02
3.2037096253256510e+02
3.3017416107080476e+02
3.3859808163148250e+02
3.4557998594624462e+02
3.5107227136952264e+02
3.5504299592085999e+02
3.5747615533388256e+02
3.5837170943714079e+02
3.5774536037338225e+02
3.5562809022495730e+02
3.5206547042758962e+02
3.4711675980421649e+02
3.4085381202889778e+02
3.3335981674660758e+02
3.2472790135507591e+02
3.1505962254486752e+02
3.0446337806032034e+02
2.9305276977369004e+02
2.8094494906610464e+02
2.6825897470876043e+02
2.5511421198310549e+02
2.4162879973080135e+02
2.2791820945967285e+02
2.1409391763741687e+02
2.0026220897529259e+02
1.8652312493876144e+02
1.7296956802244080e+02
1.5968656859203480e+02
1.4675071742103384e+02
1.3422976352335547e+02
1.2218237358326533e+02
1.1065804627899307e+02
9.9697172141753128e+01
8.9331227330271190e+01
7.9583087860582026e+01
7.0467449427962435e+01
6.1991336994441369e+01
5.4154687781554607e+01
4.6950991183967126e+01
4.0367969374647565e+01
3.4388282968997807e+01
2.8990247009723731e+01
2.4148543678163001e+01
1.9834919480572282e+01
1.6018856148062319e+01
1.2668206076023846e+01
9.7497847641146098e+00
7.2299143565222277e+00
5.0749139834659829e+00
3.2515341331160639e+00
1.7273337083524394e+00
4.7099972149275177e-01
-5.4738926639364105e-01
-1.3561538580626105e+00
-1.9818557478557217e+00
-2.4491872592695278e+00
-2.7809043804814539e+00
-2.9977988333147998e+00
-3.1187045031714420e+00
-3.1605334802138048e+00
-3.1383370012102296e+00
-3.0653867205205092e+00
-2.9532719615155578e+00
-2.8120088889164885e+00
-2.6501578824010923e+00
-2.4749457667556274e+00
-2.2923899497535358e+00
-2.1074219227003477e+00
-1.9240079799080798e+00
-1.7452654017094624e+00
-1.5735727142248228e+00
-1.4106729813639829e+00
-1.2577693964631267e+00
-1.1156127190163059e+00
-9.8458034565358488e-01
-8.6474701217482619e-01
-7.5594729688808382e-01
-6.5783023539169017e-01
-5.6990646585673166e-01
-4.9158840416739374e-01
-4.2222400296036894e-01
-3.6112468104451934e-01
-3.0758802238725230e-01
-2.6091584080456137e-01
-2.2042819026640958e-01
-1.8547387373892651e-01
-1.5543796948071564e-01
-1.2974685374316069e-01
-1.0787115571463984e-01
-8.9327035825956816e-02
-7.3676133527386528e-02
-6.0524486778243833e-02
-4.9520683322527327e-02
-4.0353464576896418e-02
-3.2748966328975462e-02
-2.6467747632555532e-02
-2.1301729674151768e-02
-1.7071140483885968e-02
-1.3621538582690376e-02
-1.0820969734607506e-02
-8.5572944435871705e-03
-6.7357105054236975e-03
-5.2764841086403178e-03
-4.1128942308838613e-03
-3.1893883256074161e-03
-2.4599424599037619e-03
-1.8866151912766396e-03
-1.4382822158767526e-03
-1.0895373309986840e-03
-8.1974446763355738e-04
-6.1222545985233762e-04
-4.5356865531910134e-04
-3.3304402516066457e-04
-2.4211135197852460e-04
-1.7400916176019026e-04
-1.2341317726155218e-04
-8.6154089921464943e-05
-5.8985771204807519e-05
-3.9395909174803014e-05
-2.5452248628179642e-05
-1.5678375617849048e-05
-8.9540273057610214e-06
-4.4354784363632419e-06
-1.4923540872037931e-06
3.4221266025263446e-07
1.4106319831919129e-06
1.9613558380589146e-06
2.1723985332900391e-06
2.1694807556871719e-06
2.0398582936904076e-06
1.8428049492561968e-06
1.6174497185544711e-06
1.3886770507422968e-06
1.1714417206700643e-06
9.7390561981020126e-07
7.9973817454617143e-07
6.4971381687926651e-07
5.2285724427455548e-07
4.1720871602580450e-07
3.3034614111218271e-07
2.5971098192546036e-07
2.0283859937075443e-07
1.5744486716649313e-07
1.2150075221471062e-07
9.3241258546755232e-08
7.1179707507113731e-08
5.4066291896295470e-08
4.0863353701239112e-08
3.0738980078771286e-08
2.3016406147200925e-08
1.7158476187806567e-08
1.2734737691480543e-08
9.4125686089041818e-09
6.9248120166225389e-09
5.0743838194281759e-09
3.7040379468588773e-09
2.6895412104128566e-09
1.9486421117241472e-09
1.4075934965227285e-09
1.0086020180168602e-09
7.2113250869421846e-10
5.1612820090067623e-10
3.6722931091019812e-10
2.5693667430125274e-10
1.8165088059152162e-10
1.2758451941053661e-10
8.9406235899149264e-11
6.2254597628406658e-11
4.1709517369906436e-11
2.8571217601626059e-11
2.0595010483180708e-11
1.6194866463328995e-11
7.6301650272614112e-12
7.3440520468401704e-12
5.9007285233488296e-12
1.4977388045241312e-12
-1.0387819660298207e-12
2.1538452482910592e-12
-1.7982868040250865e-13
1.1912780491386782e-12
3.4976081042426423e-12
2.3593861163123509e-13
-2.4974729294679346e-13
3.4796025272497336e-13
6.4956205462692562e-13
-5.5213137192970921e-13
1.3557515691047120e-13
2.2427280199274362e-12
9.1912786402723120e-13
7.5074905122282565e-13
2.5301376642491851e-12
-1.8201709932058318e-12
-3.0834357064439952e-13
1.1941197125465451e-12
-2.3701796095341808e-12
8.8499354823100083e-13
1.5652598352909480e-12
-3.4635096262940755e-13
-1.1465981349865557e-12
3.1815082604952402e-12
-1.6794450105320727e-12
-7.3920131189537557e-13
-2.0739102232852313e-12
-1.7211554800811653e-13
-6.8824647218046027e-13
6.7956040690716654e-13
-4.1272901623305554e-13
3.5996208557510608e-15
2.9707991847171333e-13
-5.2682880531578745e-13
-2.9658537791421373e-12
2.1537784001512008e-12
5.0298866821361437e-13
-9.4951943610160822e-13
-1.1322710983503535e-12
4.8544253218996581e-13
-4.3373703398547789e-13
-4.0102840751551495e-13
2.0168831479648372e-12
1.9209339906128958e-12
1.4399773461687076e-13
1.6297438702012186e-12
-9.9461976804249150e-13
-1.4598873740548709e-12
2.4601430010315211e-12
-9.0251249897810159e-14
-1.8786031499980612e-12
1.0617824150249316e-12
2.4263259931329097e-12
-2.6722466131595902e-13
1.5886917154103251e-12
2.5179671116859350e-13
3.7280798706376967e-13
5.7889411879392441e-13
1.3552104253610754e-13
2.7287994449497763e-13
-1.4270642815346131e-13
1.0211341379636500e-12
-2.9140136843063425e-13
-6.8696740949916057e-13
4.0540676390253500e-13
1.7455034441987998e-12
-1.4838882488884979e-12
3.7324823522618838e-13
-1.0855873991073295e-12
-3.0790868082189111e-12
9.6660053209291749e-13
1.1270765031264063e-12
-1.3846822219150475e-12
-1.6659057559102237e-13
2.2323217910505509e-12
-3.6428974022867185e-13
4.3131147450387116e-13
1.2621121857349032e-12
2.3125917519405034e-13
-1.4554238202957955e-13
-4.7042081815878479e-15
1.1014559117595168e-13
-4.1234078229682300e-13
3.5668405252864283e-12
-6.8472315324990401e-14
2.7946178939782200e-13
9.9684058415041163e-13
