1.5300745625801526e-02
1.8428849727706788e-02
2.1986165278346442e-02
2.6067454724877332e-02
3.0749442668836894e-02
3.6125039001962435e-02
4.2296923240925752e-02
4.9380223694438709e-02
5.7500926609292208e-02
6.6796730455704098e-02
7.7419287356824823e-02
8.9542884736673697e-02
1.0336003438417146e-01
1.1908502263006457e-01
1.3694770036242637e-01
1.5719816586044008e-01
1.8011722618281983e-01
2.0601169778184811e-01
2.3521104780959301e-01
2.6807445341652258e-01
3.0498960671525471e-01
3.4637722311429464e-01
3.9269531805235641e-01
4.4443366120294142e-01
5.0210974427679822e-01
5.6626844504420826e-01
6.3748840639790505e-01
7.1638414119143690e-01
8.0360229375156167e-01
8.9981962274718041e-01
1.0057378888971529e+00
1.1220867020182388e+00
1.2496192528718104e+00
1.3891072812132341e+00
1.5413431935057984e+00
1.7071263222762871e+00
1.8872518882321325e+00
2.0825089386628828e+00
2.2936630219923355e+00
2.5214521063070654e+00
2.7665815339408644e+00
3.0297101123053993e+00
3.3114372690973268e+00
3.6122836557606735e+00
3.9326740183426612e+00
4.2729267230352033e+00
4.6332347740946807e+00
5.0136442871152411e+00
5.4140375423041380e+00
5.8341065465351249e+00
6.2733307801000757e+00
6.7309655005452829e+00
7.2060208175200415e+00
7.6972405091782008e+00
8.2030771809182390e+00
8.7216666619763323e+00
9.2508030494876490e+00
9.7879299560531248e+00
1.0330126567780727e+01
1.0874078484809223e+01
1.1416063086239363e+01
1.1951950099748919e+01
1.2477186647064773e+01
1.2986789966006956e+01
1.3475344267178755e+01
1.3936999301460780e+01
1.4365479534289804e+01
1.4754101317743441e+01
1.5095789674048467e+01
1.5383092499501947e+01
1.5608199754395724e+01
1.5762982270976693e+01
1.5839027987064306e+01
1.5827681628211661e+01
1.5720089221054131e+01
1.5507258420124096e+01
1.5180114199532539e+01
1.4729554561234419e+01
1.4146526195984997e+01
1.3422104172169186e+01
1.2547567548947953e+01
1.1514482170881756e+01
1.0314779313701802e+01
8.9408352913881597e+00
7.3855590570458398e+00
5.6424934610314095e+00
3.7058992129919255e+00
1.5708310210545526e+00
-7.6677203658541537e-01
-3.3099941442507710e+00
-6.0608761472244561e+00
-9.0203495922982366e+00
-1.2188163641798655e+01
-1.5562832146286258e+01
-1.9141579852062524e+01
-2.2920295407556655e+01
-2.6893503945849123e+01
-3.1054339020470934e+01
-3.5394541260680974e+01
-3.9904469551099460e+01
-4.4573108349918542e+01
-4.9388084809724674e+01
-5.4335719940894236e+01
-5.9401087140274313e+01
-6.4568065559961681e+01
-6.9819417180621954e+01
-7.5136884603448792e+01
-8.0501289410071024e+01
-8.5892647169527493e+01
-9.1290283849383044e+01
-9.6672961476026131e+01
-1.0201901030804167e+02
-1.0730648031004154e+02
-1.1251329710033285e+02
-1.1761740678014395e+02
-1.2259692474797961e+02
-1.2743030167919116e+02
-1.3209648003279872e+02
-1.3657503606137942e+02
-1.4084632760787284e+02
-1.4489164831846435e+02
-1.4869335429264527e+02
-1.5223499528330350e+02
-1.5550142858158119e+02
-1.5847893107073611e+02
-1.6115530008697505e+02
-1.6351993186835603e+02
-1.6556388893956463e+02
-1.6727995442722633e+02
-1.6866267249394542e+02
-1.6970838243780389e+02
-1.7041522299906626e+02
-1.7078312847369094e+02
-1.7081381203144463e+02
-1.7051072639591695e+02
-1.6987902122243611e+02
-1.6892548474549608e+02
-1.6765846387086958e+02
-1.6608778252578401e+02
-1.6422464406010704e+02
-1.6208153695770670e+02
-1.5967212219382665e+02
-1.5701110218260135e+02
-1.5411409950090729e+02
-1.5099753662247682e+02
-1.4767850070533754e+02
-1.4417460054913002e+02
-1.4050384176788609e+02
-1.3668449953547798e+02
-1.3273497901531741e+02
-1.2867368873183122e+02
-1.2451891831332654e+02
-1.2028872525956540e+02
-1.1600082986531758e+02
-1.1167251602783584e+02
-1.0732053287936675e+02
-1.0296099770330652e+02
-9.8609326943294121e+01
-9.4280177605325406e+01
-8.9987377952543241e+01
-8.5743872439085749e+01
-8.1561694855001633e+01
-7.7451940773345640e+01
-7.3424738564770465e+01
-6.9489244267451497e+01
-6.5653630469562884e+01
-6.1925089771507025e+01
-5.8309849281387230e+01
-5.4813184880406482e+01
-5.1439456029113039e+01
-4.8192143071658350e+01
-4.5073872087507780e+01
-4.2086449690500871e+01
-3.9230917921061845e+01
-3.6507604320339532e+01
-3.3916157752357321e+01
-3.1455602572784706e+01
-2.9124399448636712e+01
-2.6920495233447937e+01
-2.4841376369822331e+01
-2.2884119100430777e+01
-2.1045433502044297e+01
-1.9321712278795403e+01
-1.7709087268825719e+01
-1.6203480941058814e+01
-1.4800645338117199e+01
-1.3496201543386885e+01
-1.2285682927648299e+01
-1.1164573222035521e+01
-1.0128333941476061e+01
-9.1724358633760730e+00
-8.2923959108332479e+00
-7.4837934178640539e+00
-6.7422888639586285e+00
-6.0636430093666149e+00
-5.4437364630932565e+00
-4.8785876692935810e+00
-4.3643661702627998e+00
-3.8974003776320605e+00
-3.4741740548929139e+00
-3.0913338678219855e+00
-2.7457053039353521e+00
-2.4342856801890913e+00
-2.1542360793284674e+00
-1.9028884991067565e+00
-1.6777452059630389e+00
-1.4764735129844935e+00
-1.2969044842293229e+00
-1.1370215940506212e+00
-9.9494962792361585e-01
-8.6895162304503004e-01
-7.5742763963065984e-01
-6.5891111082036868e-01
-5.7206061162799648e-01
-4.9565057272723173e-01
-4.2855982456326536e-01
-3.6977138982116009e-01
-3.1836551631644910e-01
-2.7350987110658564e-01
-2.3445857986307311e-01
-2.0053875916371733e-01
-1.7114033255595765e-01
-1.4571764457962730e-01
-1.2377667804348227e-01
-1.0487654747697120e-01
-8.8630673864076290e-02
-7.4698794799056001e-02
-6.2780869661201291e-02
-5.2610077146113640e-02
-4.3948999650928335e-02
-3.6591221454722746e-02
-3.0355086691923546e-02
-2.5081171847862516e-02
-2.0632439735026355e-02
-1.6885017514823217e-02
-1.3727317419408606e-02
-1.1065901718786429e-02
-8.8237573312883004e-03
-6.9379342806840140e-03
-5.3512923252067718e-03
-4.0115410931925071e-03
-2.8686126625231687e-03
-1.8806722659387755e-03
-1.0150531737261571e-03
-2.3762257117005976e-04
4.8760524521138153e-04
1.1912464113000678e-03
1.9069914288033973e-03
2.6657442285379848e-03
3.5013910673641828e-03
4.4524875439860938e-03
5.5613383201126992e-03
6.8706509270904260e-03
8.4325134249296097e-03
1.0302041935402117e-02
1.2576710875166857e-02
