-1.5399370307715599e-12
-1.3535053567290674e-13
5.4225063200089986e-13
-2.9129133405684292e-12
5.9267322632544513e-13
-5.7188911711142649e-13
-2.4130970086164905e-13
-1.2803397998014240e-12
8.0420446733585972e-13
-2.8155427591855589e-13
4.9346611382527046e-13
1.0704343953310574e-12
-1.5633778948113232e-12
-7.3709024025140222e-13
1.9460306271703235e-12
-1.4700238264411496e-12
-8.2887198163725857e-13
2.5016733589050881e-12
4.6591227885033176e-13
-9.0334227256413643e-13
3.0346035283854168e-12
-2.3397666093526026e-13
2.5185754976977419e-13
4.4138054421918801e-13
1.4176637589345238e-12
-1.7794430527241920e-12
3.9153258752645219e-13
4.6074390278919339e-13
-1.6311166065942114e-12
9.6043577728007840e-13
1.5668399128055873e-12
-3.5064783737253304e-13
-1.5209695040607698e-12
1.3671278723488559e-12
-5.4877278424364265e-13
-6.0735818818687294e-13
2.0855312227291080e-13
-1.4575982031600888e-12
-2.4738738843607767e-13
1.5845830756382170e-12
-8.9366300027471955e-13
-1.6354819064356010e-12
4.7112195503908991e-13
-9.2016078116144042e-13
-1.1473902330333387e-12
4.2356571782497886e-13
-3.1593590850309628e-13
-1.8005564084434846e-12
1.0477783153816806e-13
9.8208657298689215e-13
2.0399776607037745e-13
1.7100264878680551e-13
1.4566517987375417e-12
-3.2836308043656035e-13
1.7842133237998200e-13
-3.9493673281844431e-13
-1.3534626750649257e-12
7.0498619838482104e-13
6.8593712204178169e-14
4.4093724268399175e-13
-1.8506037910509537e-13
1.1197256419650234e-12
6.8208731679708458e-13
5.1001042585543492e-13
7.3569622146702984e-13
2.4733126551384956e-12
1.2320770541632086e-12
2.6023405753738537e-12
3.9773090433968914e-12
8.6664821947686183e-12
1.2754153991572644e-11
1.7476436052111776e-11
2.6201034600473429e-11
4.2537538866952487e-11
6.4764550148178001e-11
9.4010445072365688e-11
1.4004580302053963e-10
2.0585242150974916e-10
2.9680637379176102e-10
4.2988802802020247e-10
6.1482841396903011e-10
8.7835921040997734e-10
1.2453592655035984e-09
1.7533775141000358e-09
2.4582489574559206e-09
3.4303036652299745e-09
4.7564216645320373e-09
6.5598048373010591e-09
8.9983052000490173e-09
1.2283214859100699e-08
1.6666733659365251e-08
2.2493945006274941e-08
3.0191016717677656e-08
4.0286530126899939e-08
5.3437735318422591e-08
7.0443996483862533e-08
9.2261198143835418e-08
1.2003180637093665e-07
1.5504281453480332e-07
1.9873932919054641e-07
2.5267572108186568e-07
3.1838712565906324e-07
3.9723860415666641e-07
4.9016164335660126e-07
5.9722389596548250e-07
7.1700971810578401e-07
8.4572890326235705e-07
9.7592781739936169e-07
1.0947031912222859e-06
1.1812038782757186e-06
1.2032562843295735e-06
1.1127821298703133e-06
8.3969056040890033e-07
2.8377339643683828e-07
-6.9592952523433541e-07
-2.2949500853916334e-06
-4.7812661980053997e-06
-8.5182169394658069e-06
-1.3993591587729355e-05
-2.1856420872232453e-05
-3.2963032262600065e-05
-4.8434373219683929e-05
-6.9726785635696923e-05
-9.8718797631052705e-05
-1.3781669131522907e-04
-1.9008196480361218e-04
-2.5938399712755399e-04
-3.5058139191294267e-04
-4.6973549923030606e-04
-6.2435953091622277e-04
-8.2370629726370758e-04
-1.0790970254746001e-03
-1.4042926297607747e-03
-1.8159073714276238e-03
-2.3338626655771849e-03
-2.9818760745926494e-03
-3.7879767091882864e-03
-4.7850335168047710e-03
-6.0112771026201647e-03
-7.5107881634313501e-03
-9.3339169101102262e-03
-1.1537587106735546e-02
-1.4185425883393873e-02
-1.7347645873123457e-02
-2.1100589890421514e-02
-2.5525829353316775e-02
-3.0708687238394174e-02
-3.6736033762660068e-02
-4.3693178857581984e-02
-5.1659660343868596e-02
-6.0703701125748105e-02
-7.0875083290577290e-02
-8.2196163091557098e-02
-9.4650729474986775e-02
-1.0817039158491326e-01
-1.2261816942364066e-01
-1.3776895853168911e-01
-1.5328654634427286e-01
-1.6869687725328208e-01
-1.8335729806508438e-01
-1.9642156787832632e-01
-2.0680048926217684e-01
-2.1311811354429838e-01
-2.1366359408447275e-01
-2.0633890976177410e-01
-1.8860285765389292e-01
-1.5741191978760985e-01
-1.0915884342348157e-01
-3.9610036133695486e-02
5.6156836661515726e-02
1.8381335777745977e-01
3.4983695313512941e-01
5.6156123357236298e-01
8.2721741742316490e-01
1.1559638580349390e+00
1.5579004178953499e+00
2.0440641913091508e+00
2.6264028958330554e+00
3.3177221468535438e+00
4.1316028170589671e+00
5.0822847811723921e+00
6.1845135728341534e+00
7.4533468513061809e+00
8.9039181033150196e+00
1.0551155700822655e+01
1.2409456304749559e+01
1.4492312648935105e+01
1.6811896953525899e+01
1.9378602591378737e+01
2.2200548146837782e+01
2.5283049637132258e+01
2.8628068379512420e+01
3.2233643740141154e+01
3.6093321745066746e+01
4.0195592213933075e+01
4.4523348632288105e+01
4.9053386343395999e+01
5.3755955747743656e+01
5.8594387980982759e+01
6.3524810932343769e+01
6.8495973406551130e+01
7.3449194668734918e+01
7.8318455502223799e+01
8.3030645223298322e+01
8.7505976821997919e+01
9.1658579537092578e+01
9.5397274751076793e+01
9.8626537151280147e+01
1.0124763871249759e+02
1.0315996830172507e+02
1.0426251469450267e+02
1.0445549565030413e+02
1.0364211056293701e+02
1.0173038923457324e+02
9.8635104679573146e+01
9.4279713710732892e+01
8.8598285557425086e+01
8.1537376064376744e+01
7.3057803260508820e+01
6.3136279386855755e+01
5.1766854923840569e+01
3.8962131822557637e+01
2.4754206049830536e+01
9.1953036914726329e+00
-7.6419198271412814e+00
-2.5664441439921870e+01
-4.4759309730552516e+01
-6.4794470328202550e+01
-8.5619977167715319e+01
-1.0706958025036869e+02
-1.2896267129639756e+02
-1.5110655957512225e+02
-1.7329904149874483e+02
-1.9533121953457135e+02
-2.1699051887766402e+02
-2.3806384436045363e+02
-2.5834081545708324e+02
-2.7761701413032881e+02
-2.9569717878659253e+02
-3.1239827782091504e+02
-3.2755239816823178e+02
-3.4100938789608256e+02
-3.5263919709243044e+02
-3.6233386798421208e+02
-3.7000913318668569e+02
-3.7560559000952526e+02
-3.7908942857846097e+02
-3.8045270189302477e+02
-3.7971313653824336e+02
-3.7691349330200768e+02
-3.7212049712634365e+02
-3.6542336536010390e+02
-3.5693197192583318e+02
-3.4677469253992263e+02
-3.3509598234495780e+02
-3.2205374208381596e+02
-3.0781653216943471e+02
-2.9256069563619968e+02
-2.7646745100091215e+02
-2.5972001456341508e+02
-2.4250080873541617e+02
-2.2498880873519593e+02
-2.0735707459606706e+02
-1.8977050910418231e+02
-1.7238387522380779e+02
-1.5534009901340707e+02
-1.3876887621754051e+02
-1.2278559286542706e+02
-1.0749056253564690e+02
-9.2968575658009044e+01
-7.9288749495319777e+01
-6.6504661430211897e+01
-5.4654742994154304e+01
-4.3762907805233120e+01
-3.3839383281148621e+01
-2.4881713686270352e+01
-1.6875900746203108e+01
-9.7976476818703162e+00
-3.6136730144382092e+00
1.7169382122393169e+00
6.2413761553151961e+00
1.0011768635288250e+01
1.3083889098684509e+01
1.5515931475806603e+01
1.7367369748170255e+01
1.8697916364767448e+01
1.9566589984506486e+01
2.0030899472909265e+01
2.0146147729039171e+01
1.9964855834814653e+01
1.9536305258506331e+01
1.8906193447280597e+01
1.8116396134946203e+01
1.7204828081551881e+01
1.6205392748004552e+01
1.5148010578679596e+01
1.4058715093749885e+01
1.2959805849732051e+01
1.1870047474609549e+01
1.0804904381457588e+01
9.7768013686653941e+00
8.7954010821324413e+00
7.8678902019058290e+00
6.9992671827920052e+00
6.1926253871832451e+00
5.4494264661719667e+00
4.7697598421914069e+00
4.1525850991076672e+00
3.5959549742745911e+00
3.0972174570657711e+00
2.6531962193113792e+00
2.2603492295323604e+00
1.9149059319010104e+00
1.6129838041675864e+00
1.3506854494046949e+00
1.1241776308025306e+00
9.2975383354955310e-01
7.6388204258958925e-01
6.2323946787778983e-01
5.0473594015805767e-01
4.0552764877001451e-01
3.2302280831592833e-01
2.5488073082997570e-01
1.9900565287600289e-01
1.5353652867241596e-01
1.1683385755817838e-01
8.7464471137107300e-02
6.4185066675235408e-02
4.5925141648443239e-02
3.1769862193603809e-02
2.0943286918025494e-02
1.2792268350587622e-02
6.7712671592494366e-03
2.4282397199695111e-03
-6.0830363981928700e-04
-2.6410241486218050e-03
-3.9142599847481830e-03
-4.6233402620289576e-03
-4.9227607828695721e-03
-4.9332919089240691e-03
-4.7481006301633459e-03
-4.4379751504183343e-03
-4.0557430043668130e-03
-3.6399729551999790e-03
-3.2180479714953559e-03
-2.8086917785972803e-03
-2.4240255340276973e-03
-2.0712245546939696e-03
-1.7538379905601125e-03
-1.4728272523114110e-03
-1.2273722678432114e-03
-1.0154879481988884e-03
-8.3448728268565653e-04
-6.8132192322331445e-04
-5.5282608604666531e-04
-4.4588525800106829e-04
-3.5754723637560924e-04
-2.8508984080586762e-04
-2.2605660969596882e-04
-1.7826961550093245e-04
-1.3982633651569632e-04
-1.0908603665073296e-04
-8.4649699485110468e-05
-6.5336540429408052e-05
-5.0159174662598680e-05
-3.8299021794403603e-05
-2.9082881649445623e-05
-2.1961302087053315e-05
-1.6489062461470089e-05
-1.2307893444604294e-05
-9.1314130401991072e-06
-6.7321946252465831e-06
-4.9307808845606248e-06
-3.5864372188501765e-06
-2.5894855043784601e-06
-1.8549749008814333e-06
-1.3175121609760352e-06
-9.2705495088687064e-07
-6.4555719071149491e-07
-4.4428085620676915e-07
-3.0164075698134959e-07
-2.0154026217929696e-07
-1.3206357629038972e-07
-8.4431175423395993e-08
-5.2248543218162603e-08
-3.0871054959455650e-08
-1.6973505515959844e-08
-8.1729545621670768e-09
-2.8075191775453878e-09
2.9697630924765539e-10
1.9400934687284232e-09
2.6743352601005360e-09
2.8571001278476950e-09
2.7345687453900501e-09
2.4529550330097982e-09
2.1110577409685377e-09
1.7647982330509712e-09
1.4406878045101916e-09
1.1495258577948393e-09
9.0746333847799582e-10
7.0657691930630895e-10
5.4513041358969722e-10
4.1516290982823680e-10
3.1266868283193340e-10
2.3339994964956175e-10
1.7369439397785597e-10
1.2753052050843394e-10
9.3040024916318122e-11
6.7481954345959916e-11
5.1242494946858901e-11
3.4484141047471106e-11
2.4658762631874544e-11
1.9264992180794068e-11
1.4614787173246271e-11
7.7322675196602696e-12
7.5639559489597219e-12
3.0112991005466890e-12
2.6124627460108520e-12
3.7625640107631873e-12
6.4276562579563597e-13
-1.1242232090886347e-12
1.8864994664473182e-12
2.6674607185396193e-12
-1.9458009654882164e-13
-4.7888286258195251e-14
2.2474055777521344e-12
-1.8335483252034645e-13
1.9385488672244068e-13
2.0497434134128742e-12
1.2024696440516037e-12
1.5678235349501637e-13
1.7903285704673272e-12
-2.0485806519389176e-14
-9.7684464557445242e-13
1.2077545250414769e-12
-6.7199855514012096e-13
1.2008030631498138e-12
1.6087062680087389e-12
-9.5701776803717975e-13
-3.3539854033906686e-13
7.4760018265015421e-13
1.0584757842880930e-12
-2.8683417590231370e-12
3.0896166933970009e-13
1.6575592175370578e-12
-2.4322720317341351e-13
-1.4915334840152581e-12
9.9654825018878825e-13
-1.2285094295542832e-12
7.4557487230017758e-14
7.7346390005767449e-13
-1.0139181901505461e-12
1.9988147067293372e-12
-6.3071999294132042e-14
-1.6421470435348811e-12
-1.8835122018444540e-12
1.3033143757456524e-12
7.5181647019378631e-13
-2.0505163832997816e-12
8.0240843101943018e-13
2.7252469948261430e-13
-1.2927099127621743e-12
7.0391406659102811e-13
5.6361250508604913e-13
-4.3685126774782649e-13
1.5323112145030730e-12
-2.2485505989288099e-13
-5.1193457032180950e-13
7.5826024100849715e-13
4.0217860325367491e-13
-1.6859793971104207e-12
-6.1774669690231451e-13
1.7299697263007340e-12
-9.0060973615743456e-13
2.0413476954210681e-13
3.1811532414580921e-14
-7.9925408594316850e-14
-3.7202595112400580e-12
1.0916838002973292e-12
1.7555555124332750e-13
-2.5668281531349677e-12
6.9881711783535200e-13
-1.0891322710619625e-12
1.7455847800871927e-12
-6.0447539675323020e-13
-7.0281839534536625e-14
-1.3616153490478117e-12
1.0529314603136268e-12
1.6608861094303511e-12
-1.7389094736912084e-12
-7.0508956647923011e-13
1.2663650436140202e-12
-1.1752568545799954e-12
-1.3518811320814120e-12
2.1320502406644236e-12
1.3263018451851420e-12
-1.4075115357537092e-12
-2.6416094004833798e-13
-5.8351320383532776e-13
1.8760140149865170e-13
3.0742351040771760e-13
-3.4883876986005018e-13
3.4654117072065802e-13
-7.5594208218035180e-13
2.8964456348641677e-12
-3.0018194989059268e-12
-5.1830298314429109e-13
2.0954930449330878e-14
2.7930598057342523e-13
-6.8257724031611408e-15
1.1878139539394331e-13
-6.5852539138593729e-13
