-1.7088990751072343e-14
0.0000000000000000e+00
1.7139277956181955e-14
1.7164307399325934e-14
8.5946300736904339e-15
1.7214135759824428e-14
1.7238933797020984e-14
1.2947740365175865e-14
4.3220738479103324e-15
8.6564290371715995e-15
1.3003006074284944e-14
1.7361745030742310e-14
2.6079102653077397e-14
8.7051556066194861e-15
1.5255163815696858e-14
2.1823191451582086e-14
1.0926594668936653e-14
2.6259701145433775e-14
4.3825751533107336e-14
4.1690870156519266e-14
4.1747077735684437e-14
3.7402760876101467e-14
3.3046494472364327e-14
2.3163275581798038e-14
2.5402835242207335e-14
4.9766567089801980e-14
3.1006386420803214e-14
2.2730661638192618e-14
3.3862598915376700e-14
3.0015361711833955e-14
1.4470371406859600e-14
4.9596380622013529e-14
6.6398416960427923e-14
5.8381463722452759e-14
6.4328228675961738e-14
9.9973333997826374e-14
1.0037795126999048e-13
9.6571777126327997e-14
1.1692805626813310e-13
1.3057924038882984e-13
1.8596361897991710e-13
2.5220088584792799e-13
3.3836706232625271e-13
5.0335058519266188e-13
7.3950344180929302e-13
1.0453736036262314e-12
1.5040671150175458e-12
2.1990756759086659e-12
3.1403155818157558e-12
4.5450561519114809e-12
6.5505847943232655e-12
9.4215267108036532e-12
1.3528840685076756e-11
1.9364131233325945e-11
2.7682352389787608e-11
3.9496359337824295e-11
5.6250505486991257e-11
7.9953980398896983e-11
1.1334489354768264e-10
1.6043089969530255e-10
2.2655583655512193e-10
3.1925858813471130e-10
4.4895702987583892e-10
6.3006645701525496e-10
8.8232171553607652e-10
1.2330041400561780e-09
1.7194479382179376e-09
2.3927908718211853e-09
3.3228303127917161e-09
4.6046778204977271e-09
6.3676787674183529e-09
8.7872357076654300e-09
1.2100770145901336e-08
1.6628884090291200e-08
2.2803495818249935e-08
3.1205363405886860e-08
4.2613377191679126e-08
5.8069870135762541e-08
7.8966873851258779e-08
1.0715879471645017e-07
1.4511073028477847e-07
1.9609209631022665e-07
2.6442916325145891e-07
3.5583399611801712e-07
4.7783097167794528e-07
6.4030945429980300e-07
8.5623769107876759e-07
1.1425823928140952e-06
1.5214914024924920e-06
2.0218096453759717e-06
2.6810183846678673e-06
3.5477099621948860e-06
4.6847367465966444e-06
6.1732100095791179e-06
8.1175634600769030e-06
1.0651949792856608e-05
1.3948300802915570e-05
1.8226457869653319e-05
2.3766871833653749e-05
3.0926484035592533e-05
4.0158533979118014e-05
5.2037200965794051e-05
6.7288180250144316e-05
8.6826524045701119e-05
1.1180335182960683e-04
1.4366335652506819e-04
1.8421541590381296e-04
2.3571906491066816e-04
3.0099010949546435e-04
3.8352927278470679e-04
4.8767847330056217e-04
6.1881015370796706e-04
7.8355602312027049e-04
9.9008265477296673e-04
1.2484226164099041e-03
1.5708712088785349e-03
1.9724604727729723e-03
2.4715239000867736e-03
3.0903672791315773e-03
3.8560633116564574e-03
4.8013900878345070e-03
5.9659361899648223e-03
7.3973981277077414e-03
9.1530989811922578e-03
1.1301760540257283e-02
1.3925564862041554e-02
1.7122545002835988e-02
2.1009348681061427e-02
2.5724422753064052e-02
3.1431670570487562e-02
3.8324638470678983e-02
4.6631291734399144e-02
5.6619444226424391e-02
6.8602909484053870e-02
8.2948444092361254e-02
1.0008355661337688e-01
1.2050525693212684e-01
1.4478982143280786e-01
1.7360364869626055e-01
2.0771527816113688e-01
2.4800864015497440e-01
2.9549759959412469e-01
3.5134184718972949e-01
4.1686418088699123e-01
4.9356920622102551e-01
5.8316346701940402e-01
6.8757699716461518e-01
8.0898625972146654e-01
9.4983841146145620e-01
1.1128767985409775e+00
1.3011675527646887e+00
1.5181271175048410e+00
1.7675504880735107e+00
2.0536399033857107e+00
2.3810336744559217e+00
2.7548347811243818e+00
3.1806388120436639e+00
3.6645607651516707e+00
4.2132601675599908e+00
4.8339639160966090e+00
5.5344861839258934e+00
6.3232446861383647e+00
7.2092725495194028e+00
8.2022249905441011e+00
9.3123799727951120e+00
1.0550631992306165e+01
1.1928478128692948e+01
1.3457995503227171e+01
1.5151809304072174e+01
1.7023050575460495e+01
1.9085303023224274e+01
2.1352538165139446e+01
2.3839038252080652e+01
2.6559306505737684e+01
2.9527964360935247e+01
3.2759635565293216e+01
3.6268817175414448e+01
4.0069737695790067e+01
4.4176202832372418e+01
4.8601429574873954e+01
5.3357869577279253e+01
5.8457023071152797e+01
6.3909244816848229e+01
6.9723543868879730e+01
7.5907379198209711e+01
8.2466453470340312e+01
8.9404507517844650e+01
9.6723118263114529e+01
1.0442150303533964e+02
1.1249633337884768e+02
1.2094156156193249e+02
1.2974826306057440e+02
1.3890449830497747e+02
1.4839519693428440e+02
1.5820206770275598e+02
1.6830353701670629e+02
1.7867471885434085e+02
1.8928741853038611e+02
2.0011017241544369e+02
2.1110832530917855e+02
2.2224414670104815e+02
2.3347698663801663e+02
2.4476347136270041e+02
2.5605773829605761e+02
2.6731170932568574e+02
2.7847540073461397e+02
2.8949726747761008e+02
3.0032457889448040e+02
3.1090382235495633e+02
3.2118113076996593e+02
3.3110272939151326e+02
3.4061539686973049e+02
3.4966693515170442e+02
3.5820664250217663e+02
3.6618578370950428e+02
3.7355805141811521e+02
3.8028001250603518e+02
3.8631153350585879e+02
3.9161617925067287e+02
3.9616157921159510e+02
3.9991975637731815e+02
4.0286741400270000e+02
4.0498617611538481e+02
4.0626277830707818e+02
4.0668920603819538e+02
4.0626277843840512e+02
4.0498617637721327e+02
4.0286741439338817e+02
3.9991975689442461e+02
3.9616157985190381e+02
3.9161618001022731e+02
3.8631153438000251e+02
3.8028001348945878e+02
3.7355805250491073e+02
3.6618578489322351e+02
3.5820664377589554e+02
3.4966693650808975e+02
3.4061539830111030e+02
3.3110273088994882e+02
3.2118113232732406e+02
3.1090382396298293e+02
3.0032458054487165e+02
2.8949726916208328e+02
2.7847540244497395e+02
2.6731171105389001e+02
2.5605774003427564e+02
2.4476347310336993e+02
2.3347698837389356e+02
2.2224414842525184e+02
2.1110832701523097e+02
2.0011017409730232e+02
1.8928742018247144e+02
1.7867472047155709e+02
1.6830353859445626e+02
1.5820206923695017e+02
1.4839519842134425e+02
1.3890449974183323e+02
1.2974826444465808e+02
1.2094156289116613e+02
1.1249633465162732e+02
1.0442150425051575e+02
9.6723119419969137e+01
8.9404508616065669e+01
8.2466454509993852e+01
7.5907380179710557e+01
6.9723544792960567e+01
6.3909245684528251e+01
5.8457023883705872e+01
5.3357870336202268e+01
4.8601430281855528e+01
4.4176203489262541e+01
4.0069738304570699e+01
3.6268817738171634e+01
3.2759636084190632e+01
2.9527964838189519e+01
2.6559306943595516e+01
2.3839038652798077e+01
2.1352538530962789e+01
1.9085303356373419e+01
1.7023050878114059e+01
1.5151809578354616e+01
1.3457995751197881e+01
1.1928478352337265e+01
1.0550632193527983e+01
9.3123801534111319e+00
8.2022251522796363e+00
7.2092726940057492e+00
6.3232448149110994e+00
5.5344862984245422e+00
4.8339640176652017e+00
4.2132602574485638e+00
3.6645608445183844e+00
3.1806388819576936e+00
2.7548348425691702e+00
2.3810337283329166e+00
2.0536399505183280e+00
1.7675505292114180e+00
1.5181271533283764e+00
1.3011675838891275e+00
1.1128768255210830e+00
9.4983843479589036e-01
8.0898627985705707e-01
6.8757701450053044e-01
5.8316348191122891e-01
4.9356921898448758e-01
4.1686419180162143e-01
3.5134185650235400e-01
2.9549760752201293e-01
2.4800864688892962e-01
2.0771528386814975e-01
1.7360365352211504e-01
1.4478982550448499e-01
1.2050526035981450e-01
1.0008355949253431e-01
8.2948446505336643e-02
6.8602911501874947e-02
5.6619445910025545e-02
4.6631293136039191e-02
3.8324639635007617e-02
3.1431671535535791e-02
2.5724423551175636e-02
2.1009349339654985e-02
1.7122545545086191e-02
1.3925565307507722e-02
1.1301760905380816e-02
9.1530992798334338e-03
7.3973983714331858e-03
5.9659363884177058e-03
4.8013902490719141e-03
3.8560634423742812e-03
3.0903673848602831e-03
2.4715239854078445e-03
1.9724605414695251e-03
1.5708712640954403e-03
1.2484226606416676e-03
9.9008269016760903e-04
7.8355605140335036e-04
6.1881017620755974e-04
4.8767849117373413e-04
3.8352928692974875e-04
3.0099012067068737e-04
2.3571907375991081e-04
1.8421542287272872e-04
1.4366336199213910e-04
1.1180335611176657e-04
8.6826527461492044e-05
6.7288182886820621e-05
5.2037203054951241e-05
4.0158535554343756e-05
3.0926485264645898e-05
2.3766872749757838e-05
1.8226458602701429e-05
1.3948301356684474e-05
1.0651950181139511e-05
8.1175638010344644e-06
6.1732102417082642e-06
4.6847368645078972e-06
3.5477100558093244e-06
2.6810184484616332e-06
2.0218096795988069e-06
1.5214914162044515e-06
1.1425823952486898e-06
8.5623761340965533e-07
6.4030938219449462e-07
4.7783088547386688e-07
3.5583393696135223e-07
2.6442907508714690e-07
1.9609200158492256e-07
1.4511069427848104e-07
1.0715874533389928e-07
7.8966821411950286e-08
5.8069817543350481e-08
4.2613301677094897e-08
3.1205321687445667e-08
2.2803498133421413e-08
1.6628841109302027e-08
1.2100766829856092e-08
8.7872132238066316e-09
6.3676196460575950e-09
4.6046311943013861e-09
3.3227645784903180e-09
2.3927190765329052e-09
1.7193892951464238e-09
1.2329590468617485e-09
8.8227302228853703e-10
6.3001092579704483e-10
4.4892004843279647e-10
3.1921702852822841e-10
2.2650048340356616e-10
1.6038021426709411e-10
1.1333108531310292e-10
7.9894210315792583e-11
5.6211468150557599e-11
3.9466540377873565e-11
2.7620489824440449e-11
1.9297760850892843e-11
1.3460259201374101e-11
9.3621569351175409e-12
6.4958445314180569e-12
4.4972134555755709e-12
3.0879769887854930e-12
2.1138401845943766e-12
1.4348232704771154e-12
9.6373922243199239e-13
6.5003824747095589e-13
4.2813077864139891e-13
2.7284021887075146e-13
1.5233610554572832e-13
8.2274813245660295e-14
1.2382514174802830e-14
-3.5415709350444160e-14
-8.5903964536791761e-14
-8.3554830945411067e-14
-8.4291242390324201e-14
-9.9568910472358178e-14
-8.9946561333156879e-14
-9.7644730824158690e-14
-1.0253633746573585e-13
-9.5170519637422786e-14
-9.4492805389106919e-14
-1.0824929161472880e-13
-8.2052144450061157e-14
-7.5301224164807822e-14
-8.8473897048536857e-14
-2.7611777437181883e-14
-3.5296419934168440e-14
-4.8468191892801014e-14
-6.2704628527581881e-14
-5.7127580059357667e-14
-2.8525332212355285e-14
-3.9443176379796606e-14
-2.6259701145433775e-14
-3.4965102940597290e-14
-3.0552468032214918e-14
-2.1793091165281228e-14
-3.9173200229787688e-14
-4.3465171088462327e-14
-3.0383053803799039e-14
-3.9009018222854836e-14
-3.0297501630100593e-14
-3.0254516935372322e-14
-4.3159134550586220e-14
-3.8787601043297212e-14
-6.0249475159385492e-14
-6.0162410515833029e-14
-5.1492922197977803e-14
-5.1417833868545868e-14
-4.2785430648362691e-14
-6.8355963004289371e-14
-5.1191201623406487e-14
-6.8153608293898712e-14
-6.8051983171408848e-14
-5.9456304173605442e-14
-6.7847846303219381e-14
-6.7745338131595941e-14
-8.4553173986884979e-14
-5.0654588453753693e-14
-6.7436076175780740e-14
-6.7332415702455408e-14
-8.4035589568987139e-14
-6.7124245840299920e-14
-6.7019740066872620e-14
-6.6914956146712748e-14
-1.0021484384143749e-13
-8.3380701408368918e-14
-8.3248692079464364e-14
-6.6493075327079602e-14
-8.2983659927296144e-14
-9.9420770002301348e-14
-9.9260750003325499e-14
-6.6066889775566795e-14
-1.3191936897769855e-13
-9.8778328967293588e-14
-1.3148899216376869e-13
-9.8454774960432635e-14
-9.8292424243736609e-14
-9.8129694739350126e-14
-9.7966589216794035e-14
-9.7803110448420641e-14
-9.7639261209335981e-14
-1.2996672570309630e-13
-1.2974728324367988e-13
-9.7145518458550601e-14
-9.6980215140039042e-14
-9.6814555264935956e-14
-1.2886472216432062e-13
-9.6482177007162771e-14
-9.6315464211046845e-14
-9.6148406031293124e-14
-6.3987336844187621e-14
-9.5813264716293758e-14
-6.3763458122291546e-14
-4.7738387735783719e-14
-4.7654016193105438e-14
-7.9282467278740651e-14
-9.4969563325040134e-14
-6.3199895311963374e-14
-7.8858168728873505e-14
-7.8716203881568647e-14
-6.2859181554394719e-14
-7.8431490259047820e-14
-6.2630996941211735e-14
-4.6887448225797627e-14
-6.2401996165480158e-14
-6.2287194413702557e-14
-4.6629145694106488e-14
-6.2056997580996467e-14
-6.1941606260867075e-14
-5.4097769406952492e-14
-4.6282685413330899e-14
-4.6195712443182546e-14
-1.5369533045123078e-14
