-1.5954861126304961e-14
-1.0179900655141905e-14
-6.2798516321611509e-15
1.7781612644598397e-14
1.0640366480122915e-14
8.4390182700899443e-15
3.1118961572492722e-15
9.0607126946133903e-15
-4.9961756968462862e-15
7.8108626274098553e-15
3.5828973654417010e-15
-8.5376167976704561e-16
6.6446726797985189e-15
-3.8810302055080515e-15
2.0549160897639134e-15
3.6372659404514540e-15
-1.1391150091625689e-15
1.3812716902883160e-15
1.2242126511367019e-14
3.1828772131865398e-14
4.3640375701882629e-14
3.4135164589696921e-14
2.4915732165352192e-14
2.8276713807366470e-14
3.5788360519577161e-14
4.9519388142427350e-14
3.8957182062733319e-14
3.9961274860483346e-14
5.6422818614351890e-14
4.4073148111117139e-14
5.7632161868180048e-14
6.0660844321292182e-14
3.9243889536501568e-14
5.1527940331867807e-14
4.3396361142746213e-14
5.8818336707566408e-14
5.1178299765781119e-14
4.7306646379442948e-14
4.9178018328242708e-14
4.2021756198675496e-14
1.9776572676980547e-14
1.9502351415377450e-14
3.1739196660520945e-15
6.9103156531370890e-15
5.6030813512692779e-16
2.5449532095259694e-15
-5.6273848785543061e-15
-8.7674395653224228e-15
-2.5148286414019568e-14
-1.6133877293873645e-14
-2.3374737460332064e-14
-9.5178325647855969e-15
-1.7598874030809230e-14
-2.0602337769799288e-14
-1.9376813050420538e-14
-1.8749815635462495e-14
-2.3214226318040257e-14
-9.8352410978219194e-15
-1.4571290261154734e-14
-1.2808738291129271e-14
-5.5345960497090266e-15
1.7054491021481386e-14
7.0629103956675469e-15
2.3331100000308733e-14
1.3538162986003871e-14
1.8876239692940007e-14
2.3700726533643767e-14
1.9188151924975342e-14
3.6071067133343243e-14
3.3709626758655806e-14
4.4083985312273867e-14
4.2389558470433869e-14
3.8073762940737014e-14
5.9443758450390493e-14
5.7034464710880353e-14
5.5036998781014058e-14
6.1274143963578947e-14
5.9461023799508260e-14
5.5235799838055400e-14
8.4619765993512813e-14
6.0939425504323573e-14
5.6889527591154440e-14
5.5887567988426140e-14
1.9034227071630954e-14
1.3179803390583286e-14
1.0607912941909350e-14
-1.8059649097578191e-15
1.5509250883553033e-14
-1.8255307162391180e-15
1.5961553232054868e-14
3.8422031615000729e-14
3.1188464259640601e-14
5.0290865029810222e-14
3.9329787129076351e-14
4.8822950054190383e-14
1.8408398290483159e-14
-1.2835404474057042e-14
-9.6739687228838561e-15
7.0738006014779662e-15
-1.7643343761835706e-14
-1.3237440301056581e-14
-2.3277874324299333e-14
1.4995642070409292e-14
7.6448352106300552e-15
1.7511282540696541e-14
4.1849842076175921e-14
6.4300919427009834e-14
6.1616833433574402e-14
5.1488307238767457e-14
5.5531766719395318e-14
6.8262924171427851e-14
4.1650077026542623e-14
3.7289548922811340e-14
3.5183206953238339e-15
-1.8230695612539783e-14
-3.3349831081215669e-14
-3.7061478437561310e-14
-4.8225132997794079e-14
-4.8198303780119842e-14
-6.1076243037730818e-14
-5.5654194229475911e-14
-4.0410071589726609e-14
-4.0911228711456459e-14
-6.2247814969135087e-14
-5.6770029792392688e-14
-8.7698831212703617e-14
-6.6304203398033439e-14
-8.7180883415410075e-14
-9.1600382320798709e-14
-1.0459740441590113e-13
-1.1242835920279485e-13
-1.1685995779975112e-13
-1.3245824776236332e-13
-1.3506440813157038e-13
-1.3877097884153080e-13
-1.7137214249227496e-13
-1.8255292175563907e-13
-2.0497378363042014e-13
-2.1973881247086178e-13
-2.3966368511226038e-13
-2.9777863391647697e-13
-3.2464884094301558e-13
-3.5014854660522128e-13
-4.1760435174531605e-13
-4.6517171058722481e-13
-5.1194562649469260e-13
-5.5925119646023683e-13
-6.3140548556934182e-13
-6.7782161575590432e-13
-6.9880713625101442e-13
-7.5410862991608495e-13
-8.2502433961782050e-13
-9.0622160892570559e-13
-9.9541362927869125e-13
-1.0573683976043220e-12
-1.1609811696399620e-12
-1.2970444115414051e-12
-1.4157831563059228e-12
-1.5603219825603430e-12
-1.7316659559111097e-12
-1.9005497623758872e-12
-2.1165604682451606e-12
-2.3206377797313726e-12
-2.5833090275604129e-12
-2.8568783252033177e-12
-3.1164777143310838e-12
-3.4396653891196861e-12
-3.8029977126496362e-12
-4.1633003005987289e-12
-4.6142635930355187e-12
-5.0782639092843782e-12
-5.6302324541236150e-12
-6.2436355599417692e-12
-6.8732026605903467e-12
-7.6243066762657971e-12
-8.4203020661383842e-12
-9.3313393155854020e-12
-1.0290015098203541e-11
-1.1334642917700206e-11
-1.2456813138077780e-11
-1.3673743027099324e-11
-1.4935805350381679e-11
-1.6336662164141298e-11
-1.7824051146773107e-11
-1.9405422957790138e-11
-2.1093398769028111e-11
-2.2879627004471093e-11
-2.4792471707562849e-11
-2.6835594991997371e-11
-2.8948214647002106e-11
-3.1212538369534460e-11
-3.3592276554019362e-11
-3.6065506980657825e-11
-3.8659373257736450e-11
-4.1338646155529681e-11
-4.4087066557828290e-11
-4.6929375937058039e-11
-4.9788297742247241e-11
-5.2754875517203107e-11
-5.5777807738245185e-11
-5.8845214676216570e-11
-6.1949374366686274e-11
-6.5104966948356095e-11
-6.8249030761085113e-11
-7.1462668556827286e-11
-7.4540622978042154e-11
-7.7679888792452440e-11
-8.0773279894757361e-11
-8.3836837568186428e-11
-8.6755450602816896e-11
-8.9660440422749146e-11
-9.2405671976553388e-11
-9.5092672794314758e-11
-9.7555133795761138e-11
-9.9939517579390432e-11
-1.0213488363007491e-10
-1.0417091646668618e-10
-1.0596166454090830e-10
-1.0763135042929362e-10
-1.0906237688306202e-10
-1.1031385629442247e-10
-1.1127070256745165e-10
-1.1202543064354138e-10
-1.1259023844598000e-10
-1.1286386707379094e-10
-1.1294684565073075e-10
-1.1277926598806157e-10
-1.1236192207540739e-10
-1.1174612355100503e-10
-1.1084269020052095e-10
-1.0972210743249219e-10
-1.0837969442880840e-10
-1.0684958727994629e-10
-1.0511951832902348e-10
-1.0322398821190358e-10
-1.0114106470668502e-10
-9.8892462229244441e-11
-9.6448749527526263e-11
-9.3897395229810609e-11
-9.1218879713404739e-11
-8.8409912177303511e-11
-8.5522301838771412e-11
-8.2577848292463314e-11
-7.9555739429414915e-11
-7.6492130890966979e-11
-7.3412117248345103e-11
-7.0305374305263282e-11
-6.7215483267060881e-11
-6.4117894659230190e-11
-6.1076487362028809e-11
-5.8064050010406756e-11
-5.5094842517448084e-11
-5.2135727446686050e-11
-4.9268617383602719e-11
-4.6430250112184875e-11
-4.3680671210721771e-11
-4.0987362240894570e-11
-3.8400491867437021e-11
-3.5902064356214683e-11
-3.3511460545996621e-11
-3.1228519116766098e-11
-2.9046035078104741e-11
-2.6978408372231136e-11
-2.5003830352002217e-11
-2.3133544344292293e-11
-2.1368265037252292e-11
-1.9698696234503937e-11
-1.8120317785492354e-11
-1.6619091616340593e-11
-1.5254532705602199e-11
-1.3951825400344529e-11
-1.2734880886420603e-11
-1.1565902829810551e-11
-1.0509244240338029e-11
-9.5436672724828941e-12
-8.6387193593754486e-12
-7.8231462004667581e-12
-7.0922302108237178e-12
-6.4013592947057586e-12
-5.7765220455624584e-12
-5.2072814617403393e-12
-4.7112202787067918e-12
-4.2727847471367929e-12
-3.8315955290770034e-12
-3.4231968215246196e-12
-3.0872324777276533e-12
-2.7424286876185402e-12
-2.4594228496358738e-12
-2.2138203666397750e-12
-1.9706336781596544e-12
-1.7602783941253656e-12
-1.5338974651567221e-12
-1.3531214952917754e-12
-1.2179308770247872e-12
-1.0665918771911567e-12
-9.2532836158804440e-13
-7.8093555791273962e-13
-6.6203231548426194e-13
-5.7072297843662436e-13
-4.6740996447083193e-13
-3.8510665292159404e-13
-3.2343903850327404e-13
-2.6300730482432025e-13
-2.0702429585927940e-13
-1.6544753611868263e-13
-1.4570558681047594e-13
-1.1892449310890926e-13
-8.9100470605651366e-14
-7.3121858619378849e-14
-7.1367588451235678e-14
-6.9987058489118626e-14
-5.9420126191460445e-14
-6.9052741555962141e-14
-7.9247959595624553e-14
-8.9146651431830986e-14
-6.2678204898305687e-14
-6.4699209946379479e-14
-4.0690792245746988e-14
-5.1266363450677211e-14
-3.4043100932225087e-14
-4.1029305806254173e-14
-2.8482348631714097e-14
-4.4127431387362801e-14
-6.2665707275691522e-14
-3.8048960860692109e-14
-4.0534340040712922e-14
-3.6591681766711804e-14
-3.8380813576403714e-14
-2.9136313926381888e-14
-4.8182019977661673e-14
-4.3841058171728460e-14
-5.9666043381637008e-14
-3.2651137264431946e-14
6.5636795209422094e-15
2.1443356172283653e-15
1.8638378788344629e-14
3.5249284297352180e-14
4.4678777890365106e-14
5.7222909232530984e-14
7.4047557882912186e-14
9.5274043610573246e-14
1.0619555164113349e-13
1.3432784729924035e-13
1.2459308800394269e-13
1.6129111044266032e-13
1.3841009428087256e-13
1.2025358989323268e-13
1.3995267952004306e-13
1.0483721547377246e-13
1.4785225291866934e-13
1.3016299376650636e-13
1.5361856112887549e-13
1.7625641700427179e-13
1.7927414030555863e-13
1.6885342310047998e-13
1.7105415615772553e-13
1.8875705426207631e-13
1.7864691980061898e-13
1.3577584106673568e-13
1.0152938695338528e-13
5.7515347324523116e-14
2.7818525372857719e-14
-3.7181037874032611e-15
-1.9774863822065931e-14
-1.6364418768330575e-14
-1.2431846366195522e-14
-2.6705991689158593e-14
-2.6024935284493936e-14
9.6681416735911250e-15
1.6720507987014504e-14
3.5470058031709263e-14
2.0806297971092412e-14
3.0483697684683615e-14
4.6204444467082273e-14
3.9598906299728557e-14
3.3815937254388817e-14
6.5451316946800922e-14
3.3845011633942568e-14
3.3357359889087417e-14
4.5890172940791049e-14
2.4793072586912542e-14
2.1637268830647044e-14
1.5747907844653339e-14
9.0752357189404844e-15
1.5127255208432153e-14
2.1382798198075754e-14
1.4027039565077288e-14
1.9135233674765032e-14
4.5022865172097144e-15
2.1239534604668068e-15
-5.8820210619532605e-15
-4.1408110369267045e-15
8.4689562319019525e-15
1.3975390337685367e-15
1.0661583864662779e-14
1.5120090820267451e-14
1.6133725299052453e-14
9.6285790133946635e-15
1.8116565737674589e-14
1.5188860823229177e-15
2.6120921967913532e-14
1.0526481381341719e-14
1.2683491436322779e-14
1.0216756158450522e-14
4.2165986699282951e-15
3.4269433420170324e-15
1.6515925036690871e-14
-2.6677080908524976e-15
1.3979016186475961e-14
1.4382285127248622e-14
2.1564102228801102e-14
9.0279968301037003e-15
1.2135034101556166e-14
1.3044736276949377e-14
-2.5058847253149663e-16
1.6120559504377666e-14
4.3707648659891675e-14
3.8023440901481898e-14
4.3177340876614510e-14
3.1693295648493112e-14
3.7340022637393128e-14
2.8971011206127975e-14
2.6289750709500881e-14
4.1284137929903519e-14
4.1469759636589898e-14
4.9947689150773543e-14
6.4781420301194830e-14
6.3924884647228186e-14
7.0854421386893488e-14
4.6347741684286294e-14
4.7159340825375431e-14
5.2831670744432861e-14
4.5779545054584222e-14
3.2556318344089839e-14
4.9583024541467499e-14
5.1864935083826311e-14
5.0640448215936619e-14
2.8208442506938969e-14
2.5015538144998196e-14
3.4248622644440392e-14
3.2179258292915555e-14
3.3926678890822249e-14
5.1002321945864675e-14
4.1831145405956391e-14
5.5006302400835057e-14
3.5157906963660627e-14
2.3685976759249159e-14
3.0128328969742929e-14
2.7453747013607415e-14
2.9539665577332836e-14
4.4196730357507571e-14
3.7513170929583984e-14
3.9220669524094789e-14
4.7200102952422488e-15
5.5643929147342106e-15
2.0374314190210525e-14
2.0043592357330263e-14
2.3367806020500081e-14
3.0195737063832868e-14
3.5104481414364227e-14
5.8138465522111160e-14
8.9712306691105447e-15
8.5209955204577021e-15
2.8163955142868962e-14
3.2272416743382915e-14
1.3045222112787813e-14
2.5423010317643383e-14
1.9475025865763865e-14
3.4101943773550092e-14
4.3701112991862940e-15
5.9550571727149617e-15
2.4941727218314482e-14
-1.1762570976426156e-15
-1.7213591052978441e-14
6.9522063432947155e-15
-3.6958865810459799e-15
1.9325600770265959e-14
-3.7568086159099856e-15
-1.9766743986820217e-14
8.1728704192252208e-15
1.6983786546968355e-15
1.2289420704553834e-14
1.1290524334248220e-14
8.8044679410825771e-15
2.3670202576259162e-14
2.7495866879105197e-14
1.5087189714095619e-14
1.7849518384614656e-14
5.6037052697549796e-15
-1.1864386441463954e-14
-7.4853755730666599e-15
2.5652465331802658e-15
1.8569534309998486e-14
-1.8585354907315545e-14
6.2766371536410213e-15
5.9593223561000473e-16
-1.0368176226088597e-14
9.1802716851498702e-15
9.6818071902451345e-15
3.5312792942883952e-15
6.2287657004779460e-15
-8.9330334709187114e-15
2.3773492320933393e-17
2.9260864412733838e-16
-2.6117912556418102e-14
-1.1490536347595582e-14
-1.2171793777162485e-14
-5.1470130225561289e-15
-5.2956436035204231e-15
-1.8764140767342527e-14
-1.0239914323283429e-14
-6.8122432862082902e-15
