7.6140021272360119e-15
1.1701998197703541e-14
1.2234323035784666e-14
2.9980872580409273e-14
3.1071603655744265e-14
7.1164277189372213e-15
1.7079054894323465e-14
8.6685805506952571e-15
4.1258354191354519e-15
1.7318618662411168e-14
1.3188490981017824e-14
3.1339739934855530e-14
2.4911662594191262e-14
6.9785364365455724e-15
2.3062606401360188e-14
1.0893597942691259e-14
1.7560448458988543e-14
2.0299034347084090e-14
1.4864621409467111e-14
2.6909560680715338e-14
2.8393454429569314e-14
2.7635589984034725e-14
4.6559797059690824e-14
2.9516646452785865e-14
3.5238923339842087e-14
6.2906041288006850e-14
5.4201085091426687e-14
6.6202921270468366e-14
4.1563072348073203e-14
6.3693139804982434e-14
6.4744258689654920e-14
5.9372847220589215e-14
3.9528917565721737e-14
4.3658829841542238e-14
4.2315092164791412e-14
3.7951908857642491e-14
4.6151187294563027e-14
5.0979396418271422e-14
3.9580203456882534e-14
4.4426855046134868e-14
-2.3559793748954730e-15
-1.1858480967941387e-14
-9.7006462967354248e-15
1.1522304687527753e-15
-7.9287620040946878e-15
-2.6880995071336847e-15
2.8874642466367332e-15
-1.4579436255354174e-15
-8.9297956303429159e-16
-1.6718875738550229e-14
-1.1086977433586783e-15
-1.7839172947044263e-14
-6.0385968401703653e-15
-1.2226171251288265e-14
-1.5672043930863216e-14
-2.5298818050717620e-14
-4.6180746369967292e-14
-4.7446474569481350e-14
-2.6860314092818954e-14
-2.3539601914164407e-14
-7.2110674597901396e-15
-1.1434705813047441e-14
-7.3958668311318180e-15
8.8606917531270226e-16
-7.0668728006608413e-15
7.1823258972589908e-15
2.4956858005020250e-14
2.1510816810606452e-14
2.3065734009394684e-14
3.3008970113395624e-14
2.3630792528218733e-14
3.2799255026932757e-14
3.3136972002385346e-14
3.9425876310506778e-14
3.5602197627237212e-14
3.9379625995891615e-14
3.0296357351394506e-14
4.9975210326232635e-14
3.5019538782874700e-14
6.0004369156835203e-14
3.8403125367609660e-14
2.7190424748605663e-14
3.1767278783096936e-14
2.1594069703510259e-14
1.2279513613623681e-14
2.8954257674398326e-14
7.0792608605675685e-15
2.7955175769324581e-14
1.2379397550889977e-14
2.5169168916747879e-16
5.3121531966287023e-15
-3.7599474354049763e-15
1.0811297545885556e-14
1.1973138535970997e-14
2.7854039976560227e-14
3.2910345520182615e-14
-4.5845561148001204e-15
-3.2201156835530609e-14
-2.2781678268644451e-14
-2.8117885743031917e-14
-4.3871557513706251e-14
-3.0181268227517983e-14
-1.8490947515534819e-14
-6.4112078957979082e-15
-4.8867809127823918e-16
1.6717088556724363e-14
1.7245565755833643e-14
3.9115123533024033e-14
2.9607543430623776e-14
3.3766153983617841e-14
2.6300089025052748e-14
1.0550603048075036e-14
-3.4020132468346522e-14
-3.5278781086922508e-14
-6.7338812350251761e-14
-7.2273544734205135e-14
-9.8305321740433482e-14
-9.0253694324792284e-14
-1.0939053402586436e-13
-9.5713536572771744e-14
-1.1933024321201589e-13
-1.0657627135571031e-13
-1.1936638896305595e-13
-1.2026989789668220e-13
-1.2761597456224436e-13
-1.1753440209637781e-13
-1.3302437740277278e-13
-1.3226447549818658e-13
-1.3552302980024927e-13
-1.5296266459088139e-13
-1.6470812185533140e-13
-1.6171608011869372e-13
-1.8512785369050494e-13
-1.9052083896442526e-13
-2.0138520030339976e-13
-2.0373515236828931e-13
-2.1640177200699113e-13
-2.0892283186419160e-13
-2.5064767210571772e-13
-2.7452253734566450e-13
-3.2878855975205575e-13
-3.6408968142034855e-13
-3.8554466808683557e-13
-4.4393055731391681e-13
-4.9834223050799996e-13
-5.4985375728277990e-13
-5.9087573222919127e-13
-6.3200319145790671e-13
-7.0486938202706071e-13
-6.9127232318955960e-13
-7.4959331896767496e-13
-7.9391819200048178e-13
-8.5729021943964346e-13
-8.9118514901523844e-13
-9.9566624399078467e-13
-1.0720848965170607e-12
-1.1796283215853285e-12
-1.2498541008227597e-12
-1.3735273363726584e-12
-1.4945210115444403e-12
-1.6267420360851620e-12
-1.7621711410357122e-12
-1.9585427137611530e-12
-2.1185829592468632e-12
-2.3145847318480008e-12
-2.5194701922024391e-12
-2.7524656664584242e-12
-3.0025034262756467e-12
-3.2749310702053359e-12
-3.5461176024222381e-12
-3.9343611328248112e-12
-4.3282447206100241e-12
-4.7793532067706963e-12
-5.2549117957151242e-12
-5.8003824441858579e-12
-6.3671017515148621e-12
-7.0437823080482273e-12
-7.7188303187031711e-12
-8.4948506522274276e-12
-9.3117848782662068e-12
-1.0180481184101452e-11
-1.1101891123821558e-11
-1.2100910309322129e-11
-1.3149750942551858e-11
-1.4299072402731830e-11
-1.5505189309943624e-11
-1.6818426309085286e-11
-1.8211267904015819e-11
-1.9695914485212357e-11
-2.1228613684710524e-11
-2.2888460185118715e-11
-2.4609589780754404e-11
-2.6449254080107245e-11
-2.8330771856751098e-11
-3.0305311672090010e-11
-3.2342686817763272e-11
-3.4402825572251155e-11
-3.6494100861761211e-11
-3.8664509529892518e-11
-4.0855133814133263e-11
-4.3121623558087769e-11
-4.5378366691584594e-11
-4.7677884249597456e-11
-5.0010414299145064e-11
-5.2342417019214304e-11
-5.4656670769028787e-11
-5.6934598925587701e-11
-5.9213573185111631e-11
-6.1465783455348268e-11
-6.3655126392497440e-11
-6.5782827752738495e-11
-6.7864543129758715e-11
-6.9802707351063684e-11
-7.1652218664467394e-11
-7.3401474826026293e-11
-7.5029161500625138e-11
-7.6562029836351493e-11
-7.7919220726598464e-11
-7.9154032664346239e-11
-8.0205504739902772e-11
-8.1117767018313659e-11
-8.1834813263042746e-11
-8.2408648240463186e-11
-8.2794930954463464e-11
-8.3049965398261240e-11
-8.3091424606029315e-11
-8.2985854857908847e-11
-8.2696443123471303e-11
-8.2226687259101354e-11
-8.1567817076316946e-11
-8.0758438699356732e-11
-7.9795242060235568e-11
-7.8691520952608788e-11
-7.7474461675787576e-11
-7.6071977263911521e-11
-7.4564372403237536e-11
-7.2887777723989039e-11
-7.1121959268020447e-11
-6.9208775506947186e-11
-6.7260256869727902e-11
-6.5169810770514346e-11
-6.3049383315064659e-11
-6.0867233008362089e-11
-5.8678644452734086e-11
-5.6429076401951586e-11
-5.4119767592187090e-11
-5.1834704015465911e-11
-4.9595803568386116e-11
-4.7328284700051998e-11
-4.5109906043852344e-11
-4.2895294990839485e-11
-4.0713384304987647e-11
-3.8546768566251756e-11
-3.6436777532749092e-11
-3.4356282623442387e-11
-3.2358783637111892e-11
-3.0345788976598333e-11
-2.8441194406739540e-11
-2.6611712811249484e-11
-2.4853094519019774e-11
-2.3179875842647307e-11
-2.1571622610218110e-11
-2.0044839989169774e-11
-1.8615293862368533e-11
-1.7226966162759448e-11
-1.5944008397493412e-11
-1.4711772727480209e-11
-1.3534543122760160e-11
-1.2451373603840557e-11
-1.1406994621761204e-11
-1.0454170840593878e-11
-9.5543085768872694e-12
-8.6933681823354614e-12
-7.8974275763193018e-12
-7.1712634432098410e-12
-6.5055628278180222e-12
-5.9022619902541005e-12
-5.3817819210285544e-12
-4.8592957926088889e-12
-4.4277863469573304e-12
-4.0007334619464171e-12
-3.6489777325054584e-12
-3.2985962245144425e-12
-2.9749981150452237e-12
-2.6827989417324526e-12
-2.4279922449741004e-12
-2.1671377860295749e-12
-1.9832955992239965e-12
-1.7560283172099419e-12
-1.5817500218521125e-12
-1.4236349785231261e-12
-1.2888547165115618e-12
-1.1501998175477063e-12
-1.0253304553983379e-12
-9.1847531774089667e-13
-8.1362449823939140e-13
-6.8634617050166330e-13
-6.1720314611400316e-13
-5.1552521258283518e-13
-4.4402106235838103e-13
-3.7459343136128395e-13
-3.1925691254135775e-13
-2.6362344362917626e-13
-2.3858536279836572e-13
-1.8849646695148777e-13
-1.8579753136169489e-13
-1.3922940531911539e-13
-1.3749402953853805e-13
-1.1976265957503769e-13
-1.0173385919469196e-13
-1.2011700178788211e-13
-1.1559786960981652e-13
-1.1327472820826173e-13
-1.4396775842371335e-13
-1.1697124971547099e-13
-1.4276261219343205e-13
-1.2529878366256122e-13
-1.1989761747163408e-13
-1.0574258031518585e-13
-9.6912487960202504e-14
-9.7348167568337419e-14
-1.0299644532170990e-13
-9.1146398845903122e-14
-1.1543746212180447e-13
-9.9961641845917421e-14
-9.6405603247202369e-14
-7.8624620037923836e-14
-8.2798917821593682e-14
-7.5546763806611449e-14
-1.0335924366846296e-13
-7.2952319172370525e-14
-9.6479863803419985e-14
-6.4691678664539633e-14
-3.0647759619135664e-14
-1.8695084276320343e-14
-2.0381592617888549e-14
2.5775049443519620e-14
2.7887066414865052e-14
3.2526282320927936e-14
2.2072764889827236e-14
5.3442952434493905e-14
5.6750435928776451e-14
6.1665481516242785e-14
6.9200230932341509e-14
8.0523161789517893e-14
8.1760672046683945e-14
1.1395388025206574e-13
9.1145794013415742e-14
7.8641886015365566e-14
1.0681646686762460e-13
8.2064872746193981e-14
1.0055544326045279e-13
1.3048103065543377e-13
1.2979465586072787e-13
1.3909848209047080e-13
1.3368841451873547e-13
1.4486854448496079e-13
1.3145563028711012e-13
1.0262640815286397e-13
7.4213421273743206e-14
3.9756623422835991e-14
3.0643898525751415e-15
-9.8203040364602706e-15
-4.1862952477488005e-14
-3.7806801810646511e-14
-2.0373582768141282e-14
-4.1010747999037821e-14
-4.3020591731773273e-14
6.8285838461213921e-15
5.6233247984780490e-15
2.7697023045769445e-14
2.2938309116367137e-14
3.7587183009090394e-14
3.8763971021992125e-14
3.3584190388723123e-14
2.6944641363045707e-14
6.3750200610476819e-14
4.2997458650348709e-14
5.0557981975393079e-14
5.6304846944884935e-14
4.2737803234198421e-14
4.5801977203945221e-14
2.4535550064133128e-14
1.8754108864123765e-14
2.9102277492120473e-14
2.1911891023668006e-14
2.0133028185248793e-14
4.1498627476820323e-14
2.8739675103575494e-14
2.3746695239952395e-14
4.4319960638952920e-15
-2.2596960707357591e-15
2.2754616480855497e-14
6.8874041743004917e-15
9.3609256828375150e-15
5.5861544922092794e-15
2.8490613393435248e-14
2.3306341311441443e-14
1.2732884064928419e-14
1.3650553094170036e-14
3.1939388808464330e-14
3.9267719010585794e-14
3.8103434893302546e-14
5.5020747337152625e-14
5.1918071432927819e-14
3.7464450966435053e-14
2.0638172508808751e-14
3.4710079387295764e-14
4.9484017210335072e-14
2.8008115845934995e-14
3.2543928525257586e-14
4.4587113230419011e-14
5.5444301605959519e-14
1.0411214912202533e-14
-2.0524294365662614e-15
1.4829299805440803e-14
3.0601399318941460e-14
2.5716111495198358e-14
5.5458794948099895e-14
6.4345279807444054e-14
5.0127511834694396e-14
2.8162344779699511e-14
3.4554458484419748e-14
3.4799629778217579e-14
5.9541605484072339e-14
6.7825417612437223e-14
7.8665674962940599e-14
7.5926129270881450e-14
8.4591340322843390e-14
6.3226559495457263e-14
5.0995311861741999e-14
7.2998832592318129e-14
6.0331374836037967e-14
5.8183775835403654e-14
5.5602694613159025e-14
7.0049587725941947e-14
6.5976872486161756e-14
3.8321437596018172e-14
4.8024252229626471e-14
4.5382671397864519e-14
4.7303334962100273e-14
6.9833146871700520e-14
6.5354019863379580e-14
6.6237069047135545e-14
7.4931053060843878e-14
4.3012642672173492e-14
4.8847333125761665e-14
5.4301021580788951e-14
4.2990951544671474e-14
4.8500988762631135e-14
5.7105444223644435e-14
5.8916497033887378e-14
6.7687439097109270e-14
4.8638043357693220e-14
4.8309834741084860e-14
5.3879414042044366e-14
4.4424030057172778e-14
4.3583791729803680e-14
4.3753175201625217e-14
5.2367819357559949e-14
6.2996723904734285e-14
4.4384082198641897e-14
2.2945888913805200e-14
4.6919551028844291e-14
2.7657059684990648e-14
3.8079225418051619e-14
3.0331392559710258e-14
5.8400285384045321e-14
4.4454568274120330e-14
2.7940745416031279e-14
3.0380604780128156e-14
2.6633596868250187e-14
4.0757464830687128e-14
4.2889030300492686e-14
4.1902860041022786e-14
3.2815801649923830e-14
5.2211181533171302e-14
3.0611346219544899e-14
4.6141600097522079e-14
3.4799339385865878e-14
3.7397107834273438e-14
4.3473051734877831e-14
3.8254261860644815e-14
3.8446418060539575e-14
3.9429850794831873e-14
2.6537923793265717e-14
3.9563529873311690e-14
2.7856390870064364e-14
2.1716106813122832e-14
3.9373877472923668e-14
3.1284797881984011e-14
4.1441230967668136e-14
3.0167471291344748e-14
9.0080964298162045e-15
1.4885864446870739e-14
2.1684318135657369e-14
3.7095844170079890e-16
9.3786498683103202e-15
1.9167066875614824e-15
3.6113353448731654e-14
3.3486621673615900e-14
-1.5140548851902555e-14
5.9759124742381379e-15
9.6748887587978848e-15
1.1687025937409961e-15
1.1537284517041551e-14
4.5704128322486347e-16
1.8319358181797495e-14
1.0887810705905714e-14
-3.0581210190591622e-15
1.1065917188236003e-14
6.1560756143855330e-15
