1.2226253223626823e-02
1.4884779554044306e-02
1.7880091574089822e-02
2.1278723336371763e-02
2.5133196776272140e-02
2.9518191967594001e-02
3.4522208549257902e-02
4.0240584200657112e-02
4.6773231236427779e-02
5.4236247130676374e-02
6.2755483308227916e-02
7.2475119689944703e-02
8.3559874239219512e-02
9.6184293652128550e-02
1.1052989279875512e-01
1.2680196733877841e-01
1.4522926906694009e-01
1.6605947918770508e-01
1.8956409400264959e-01
2.1603739191526206e-01
2.4579350312538992e-01
2.7917968302254087e-01
3.1658008776752361e-01
3.5840452866113393e-01
4.0509051910646898e-01
4.5710845799257382e-01
5.1495896551574971e-01
5.7917311784841463e-01
6.5031403428891876e-01
7.2897091214083642e-01
8.1575633780530943e-01
9.1131266431223457e-01
1.0163050263233877e+00
1.1314202226013605e+00
1.2573629743654726e+00
1.3948551170811072e+00
1.5446324865502137e+00
1.7074357600979895e+00
1.8839990841591667e+00
2.0750450380676644e+00
2.2812825510621462e+00
2.5033909528655993e+00
2.7420099989610067e+00
2.9977271856744059e+00
3.2710567725847808e+00
3.5624384611191973e+00
3.8722311291422806e+00
4.2006869261441988e+00
4.5479282425915395e+00
4.9139388443622751e+00
5.2985441689722572e+00
5.7013908643671547e+00
6.1219321335916748e+00
6.5594010366881079e+00
7.0127848778625088e+00
7.4808152574582971e+00
7.9619455769255305e+00
8.4543320564891502e+00
8.9558155295589295e+00
9.4639067265133399e+00
9.9757755918008773e+00
1.0488231504554241e+01
1.0997701830380880e+01
1.1500227162567235e+01
1.1991461807190250e+01
1.2466663377863332e+01
1.2920689059787838e+01
1.3348002685791176e+01
1.3742673272518092e+01
1.4098394179924313e+01
1.4408506758669068e+01
1.4666010589807428e+01
1.4863587994925197e+01
1.4993635990294234e+01
1.5048300092448070e+01
1.5019513368352804e+01
1.4899034540888465e+01
1.4678503899019768e+01
1.4349510006476894e+01
1.3903644175155845e+01
1.3332556342312543e+01
1.2628028185900504e+01
1.1782049393174963e+01
1.0786886560621289e+01
9.6351639987964095e+00
8.3199394725008435e+00
6.8347814404679088e+00
5.1738558784391273e+00
3.3320026003949264e+00
1.3048143624450281e+00
-9.1128144766848218e-01
-3.3189533541492673e+00
-5.9198875119687191e+00
-8.7147287568673590e+00
-1.1703036745357526e+01
-1.4883224420653042e+01
-1.8252509229434256e+01
-2.1806880174096122e+01
-2.5541070831067337e+01
-2.9448541124500000e+01
-3.3521463495272087e+01
-3.7750729751272637e+01
-4.2125981321775335e+01
-4.6635630606451805e+01
-5.1266890925819574e+01
-5.6005828782375566e+01
-6.0837430170533473e+01
-6.5745668092325772e+01
-7.0713582153620123e+01
-7.5723372079509261e+01
-8.0756508866300251e+01
-8.5793846739130274e+01
-9.0815734988700598e+01
-9.5802144530420222e+01
-1.0073280765725825e+02
-1.0558734853506223e+02
-1.1034542157610238e+02
-1.1498685244713049e+02
-1.1949178135093233e+02
-1.2384080828434985e+02
-1.2801512664715409e+02
-1.3199665693439985e+02
-1.3576818542395171e+02
-1.3931348259504500e+02
-1.4261741859250199e+02
-1.4566607080687047e+02
-1.4844681865234483e+02
-1.5094843629915451e+02
-1.5316116460328877e+02
-1.5507677167419499e+02
-1.5668861148613166e+02
-1.5799165640293810e+02
-1.5898251865414809e+02
-1.5965946094303138e+02
-1.6002238881147383e+02
-1.6007283938223165e+02
-1.5981394767845404e+02
-1.5925040070871594e+02
-1.5838839039712326e+02
-1.5723554401605489e+02
-1.5580084312896085e+02
-1.5409453857969922e+02
-1.5212805478890925e+02
-1.4991389335121181e+02
-1.4746551974221344e+02
-1.4479724747273119e+02
-1.4192412799817313e+02
-1.3886182927099870e+02
-1.3562650759944438e+02
-1.3223468685206927e+02
-1.2870314349151209e+02
-1.2504879319660037e+02
-1.2128856744422420e+02
-1.1743930151742677e+02
-1.1351763325267807e+02
-1.0953990291327824e+02
-1.0552205144712426e+02
-1.0147953214523875e+02
-9.7427244844886232e+01
-9.3379468316591115e+01
-8.9349785854234199e+01
-8.5351033089090421e+01
-8.1395252743744891e+01
-7.7493658778206523e+01
-7.3656603321947230e+01
-6.9893552326162677e+01
-6.6213089555743665e+01
-6.2622912759106768e+01
-5.9129825011298571e+01
-5.5739749679360223e+01
-5.2457741589183918e+01
-4.9288008923331013e+01
-4.6233943560711111e+01
-4.3298149873015561e+01
-4.0482487439316209e+01
-3.7788106595414391e+01
-3.5215487585094465e+01
-3.2764490440486426e+01
-3.0434394937414037e+01
-2.8223945845924877e+01
-2.6131408862275407e+01
-2.4154621845359124e+01
-2.2291032727633198e+01
-2.0537739105595470e+01
-1.8891544480200228e+01
-1.7349002615532154e+01
-1.5906459505997663e+01
-1.4560093648947529e+01
-1.3305955788331362e+01
-1.2140010443527780e+01
-1.1058157760003837e+01
-1.0056261393081838e+01
-9.1301878524006401e+00
-8.2758263634381333e+00
-7.4891165589756286e+00
-6.7660725610791568e+00
-6.1027935289325050e+00
-5.4954749772111589e+00
-4.9404287080857054e+00
-4.4341019830136199e+00
-3.9730791909138450e+00
-3.5540862381443814e+00
-3.1739975087005754e+00
-2.8298382541485894e+00
-2.5187873474385869e+00
-2.2381719321211038e+00
-1.9854758114851943e+00
-1.7583413125127427e+00
-1.5545574966612414e+00
-1.3720612446994349e+00
-1.2089309421233052e+00
-1.0633764649235953e+00
-9.3374037159791723e-01
-8.1850084778343157e-01
-7.1625672552345854e-01
-6.2570947626271767e-01
-5.4566768179486802e-01
-4.7504203508575399e-01
-4.1283757441497060e-01
-3.5815381061181562e-01
-3.1017253628367425e-01
-2.6814965669411350e-01
-2.3140952678247101e-01
-1.9934645680494151e-01
-1.7141817418497340e-01
-1.4713665467557560e-01
-1.2606505007377339e-01
-1.0781218681720323e-01
-9.2029673987379212e-02
-7.8403396464641700e-02
-6.6654656830224271e-02
-5.6541364532013652e-02
-4.7847695838799519e-02
-4.0384317205078957e-02
-3.3985662414767019e-02
-2.8504053525374187e-02
-2.3808427211913872e-02
-1.9792275895866799e-02
-1.6366197227479111e-02
-1.3444254689184221e-02
-1.0950629966690174e-02
-8.8191578667613461e-03
-6.9891488584169076e-03
-5.4104420223203180e-03
-4.0407746457844628e-03
-2.8322933983684117e-03
-1.7341875949397341e-03
-7.0573584264532621e-04
2.8958378870277583e-04
1.2911230151126541e-03
2.3353142322460655e-03
3.4674172091491828e-03
4.7374699598229089e-03
6.1964255611039829e-03
7.8865542806092950e-03
9.8832035071766845e-03
