-7.8042865865840562e-14
-1.4578864455100136e-13
-2.0883814555668689e-13
-2.9309038250693202e-13
-3.5082274804582476e-13
-3.9224109037648148e-13
-4.6669593423471756e-13
-5.2180807688009255e-13
-5.3011092308168534e-13
-5.6554355177921649e-13
-6.0993090712430610e-13
-6.8502770439362036e-13
-7.6437545664292222e-13
-8.0688591650679420e-13
-8.9684063110878436e-13
-9.8003295018551616e-13
-1.0296952048672765e-12
-1.0917525402512180e-12
-1.1631478284768474e-12
-1.2390604624281535e-12
-1.3129896360183645e-12
-1.3618423245961112e-12
-1.4531459494094936e-12
-1.5330496082094640e-12
-1.5548827083937443e-12
-1.6110899212183464e-12
-1.6711074354725798e-12
-1.7033678323351541e-12
-1.7694152520202669e-12
-1.7925054672703314e-12
-1.8070739902890313e-12
-1.8002573066715106e-12
-1.7469466532267486e-12
-1.7384505525208820e-12
-1.7154695990882813e-12
-1.6485237271232045e-12
-1.5873446850049513e-12
-1.5022516632999177e-12
-1.4271674695828370e-12
-1.2710210975994409e-12
-1.0910794769017942e-12
-9.1210158170840530e-13
-7.2875469839793370e-13
-5.6494244280896968e-13
-4.0144976068305829e-13
-2.3598439111732628e-13
-1.3902366258029331e-13
-1.3216719572037012e-14
1.1249259005681959e-13
2.3603251706464393e-13
3.5711589209799056e-13
5.3085355773230275e-13
7.0861754889635422e-13
9.0140500063175509e-13
1.0897034423242642e-12
1.3328748091615900e-12
1.6536744250476446e-12
1.9175478766456157e-12
2.1988548645444088e-12
2.4715029014804172e-12
2.7257774949514480e-12
3.0167545503695501e-12
3.2814762924383270e-12
3.5558268990324035e-12
3.8641384984437434e-12
4.1639103231159333e-12
4.4932839967330416e-12
4.8760052238869643e-12
5.2391860246096254e-12
5.5885647184895713e-12
5.9119290062877052e-12
6.2831408962868956e-12
6.6585469978901531e-12
7.0587612933561363e-12
7.4975581877854399e-12
7.9494385237997032e-12
8.3579564224238264e-12
8.7328684875486555e-12
9.0703971374491504e-12
9.4063785218696599e-12
9.7107109663543540e-12
1.0017117838569214e-11
1.0335592638477273e-11
1.0671188615738468e-11
1.1018053784174310e-11
1.1324769329831091e-11
1.1628075745237214e-11
1.1958670355772560e-11
1.2291238797076304e-11
1.2609429322824260e-11
1.2941283855731050e-11
1.3261717340601563e-11
1.3576254095398104e-11
1.3856352564165761e-11
1.4121881681179918e-11
1.4383703075964697e-11
1.4642116702530263e-11
1.4877046987134630e-11
1.5128236247961745e-11
1.5403892209170468e-11
1.5673730555097099e-11
1.5859078463084511e-11
1.6005030211116902e-11
1.6181489919937567e-11
1.6315609363031664e-11
1.6422955835585688e-11
1.6528516489057661e-11
1.6628779604635056e-11
1.6690677268349920e-11
1.6699741389558668e-11
1.6700194116249647e-11
1.6680981853882638e-11
1.6599999524016145e-11
1.6485987140276338e-11
1.6370254199774805e-11
1.6200014151302719e-11
1.6020571716440939e-11
1.5777314431885195e-11
1.5517908512510218e-11
1.5271631332444551e-11
1.4973646234179076e-11
1.4637869381683212e-11
1.4311785118876948e-11
1.3951062680229025e-11
1.3584408299703855e-11
1.3161146157792898e-11
1.2727648052091501e-11
1.2327740387906348e-11
1.1906353902661872e-11
1.1479240903755676e-11
1.1063962930758273e-11
1.0634520341392504e-11
1.0224605501103132e-11
9.7848754707223373e-12
9.3972955146988401e-12
9.0291415921259100e-12
8.6440015502572984e-12
8.2458634478206349e-12
7.8742906492818387e-12
7.5145678785309072e-12
7.1932414238933723e-12
6.8449171773398878e-12
6.5556271903272516e-12
6.2944572363224533e-12
6.0242867086191817e-12
5.7417014119676314e-12
5.4710886672371538e-12
5.1817520580161857e-12
4.8802105480347608e-12
4.5896115078669125e-12
4.3417499944346078e-12
4.1053325595929320e-12
3.8560712522548108e-12
3.6292203374306327e-12
3.3985674101213600e-12
3.1673195939895207e-12
2.9590756827986009e-12
2.7370419546757771e-12
2.5377638446652865e-12
2.3599129944868993e-12
2.1860063580456367e-12
2.0382632603083047e-12
1.8766164295049986e-12
1.7163725835765401e-12
1.5361526306438985e-12
1.3940780024280377e-12
1.2988020390142561e-12
1.1568158855652417e-12
1.0386348320837806e-12
8.9107449127735765e-13
7.6208041316213027e-13
6.5613950203478805e-13
5.2146958631505495e-13
3.8876818184043846e-13
3.2954314608226358e-13
2.4236634425613792e-13
1.9768370667707666e-13
1.7922070003204519e-13
1.5829280343330050e-13
1.3321101599285046e-13
8.3750499867624730e-14
4.9297685399033925e-14
5.2930835394983137e-14
-2.1624641362589590e-15
-9.3239877177470056e-14
-9.9286993817357228e-14
-1.0212489337841516e-13
-5.6866991242731826e-14
-1.6047174668075247e-15
6.1918138124968931e-14
1.7013819022578863e-13
2.5957119845730574e-13
3.4033079362060755e-13
4.5509748554844063e-13
5.2846145006346115e-13
5.8413435547343023e-13
6.2027394419103529e-13
6.8516495422379313e-13
7.6661494458142762e-13
7.6815597579399931e-13
7.4550336941054757e-13
7.4759254973728474e-13
7.0308454329637804e-13
6.7161745069283582e-13
6.5358928619972755e-13
6.5873403744624333e-13
6.9745868346508536e-13
7.0627526774834920e-13
7.2604207397196969e-13
7.6912794120772531e-13
8.0297598997993138e-13
8.4679748534750969e-13
8.9475603581538504e-13
9.5227277357353706e-13
1.0205481821026147e-12
1.0451698789016096e-12
1.0292515006229586e-12
1.0415016796486392e-12
1.0531984130307477e-12
1.0535125570639323e-12
1.0762765663684232e-12
1.1072161492701319e-12
1.1236404774427218e-12
1.1080527145036080e-12
1.0501404835383385e-12
1.0325637889584684e-12
9.9933204028682430e-13
9.0199977752124142e-13
8.3428101465159990e-13
7.9215641642589034e-13
7.4798001624542385e-13
6.3689644534935281e-13
5.1376896765519006e-13
4.4007618831597126e-13
3.3633309435547204e-13
2.2557767629580027e-13
1.7392926187171530e-13
1.6609699373054762e-13
1.4838525252469654e-13
1.3941128491924672e-13
1.3839307149876094e-13
1.3856132540235019e-13
1.3349491000743085e-13
1.2460611887505669e-13
1.3485073348887239e-13
1.6956074337847591e-13
1.7762140125142557e-13
1.6959145546710813e-13
1.6493542248745634e-13
1.6864989780594686e-13
1.3785138936019486e-13
9.9134096698122196e-14
7.0425222634235659e-14
5.2576893712842311e-14
2.8096046191619413e-14
-2.3030457169087451e-14
