-1.0223099328319073e-01
-1.2028888593080352e-01
-1.4026233798168114e-01
-1.6250842176904046e-01
-1.8727247342046088e-01
-2.1488050862523822e-01
-2.4563173625438703e-01
-2.7987232781980709e-01
-3.1796048617717854e-01
-3.6028797405076340e-01
-4.0725395015803589e-01
-4.5928750338765850e-01
-5.1683188221370102e-01
-5.8034539510194649e-01
-6.5029399434104340e-01
-7.2716813557159310e-01
-8.1146589186080442e-01
-9.0369384454203672e-01
-1.0043623587687158e+00
-1.1139845507833912e+00
-1.2330586897014604e+00
-1.3620673402071886e+00
-1.5014679835503355e+00
-1.6516895565338181e+00
-1.8131192252093171e+00
-1.9860920258883523e+00
-2.1708767406789073e+00
-2.3676668360086932e+00
-2.5765664569258337e+00
-2.7975679306492962e+00
-3.0305339449924089e+00
-3.2751935632740583e+00
-3.5311164906903119e+00
-3.7976855925908755e+00
-4.0740835156087787e+00
-4.3592765076527131e+00
-4.6519901127573000e+00
-4.9506922436796632e+00
-5.2535711002835601e+00
-5.5585137416937886e+00
-5.8630868493684067e+00
-6.1645150693786404e+00
-6.4596625859396344e+00
-6.7450199856849791e+00
-7.0166891476690374e+00
-7.2703696973870082e+00
-7.5013454467350345e+00
-7.7044862865429700e+00
-7.8742452258364199e+00
-8.0046443328696473e+00
-8.0892833909079158e+00
-8.1213590407268672e+00
-8.0936726804606440e+00
-7.9986444118112479e+00
-7.8283447501129464e+00
-7.5745286390731641e+00
-7.2286543887309236e+00
-6.7819265924787473e+00
-6.2253486572005361e+00
-5.5497749994083891e+00
-4.7459788596162982e+00
-3.8047091655109893e+00
-2.7167491807185997e+00
-1.4730015854082823e+00
-6.4565812796033670e-02
1.5171693563438966e+00
3.2804394728823918e+00
5.2330245287642265e+00
7.3821530554598445e+00
9.7343982353463545e+00
1.2295589805269561e+01
1.5070725493314695e+01
1.8063870356082319e+01
2.1278061729641003e+01
2.4715238323446734e+01
2.8376156236425057e+01
3.2260307589661998e+01
3.6365852445678016e+01
4.0689552753424927e+01
4.5226724357442464e+01
4.9971206305167463e+01
5.4915322242102896e+01
6.0049866475962226e+01
6.5364090722444303e+01
7.0845711147602486e+01
7.6480944762941434e+01
8.2254541724641442e+01
8.8149828798109866e+01
9.4148774275800491e+01
1.0023206762622560e+02
1.0637921012565732e+02
1.1256861700907007e+02
1.1877774164957791e+02
1.2498320817317688e+02
1.3116095055219805e+02
1.3728636565753445e+02
1.4333448196962536e+02
1.4928011691081451e+02
1.5509803752704863e+02
1.6076314777017328e+02
1.6625066457226279e+02
1.7153630409308440e+02
1.7659645933593626e+02
1.8140835842539136e+02
1.8595023825936229e+02
1.9020151428027333e+02
1.9414293411656791e+02
1.9775672148229722e+02
2.0102670890953237e+02
2.0393846084464681e+02
2.0647937663152356e+02
2.0863878030598087e+02
2.1040799251586600e+02
2.1178038976192272e+02
2.1275143698123276e+02
2.1331871725737409e+02
2.1348194538839584e+02
2.1324294859286206e+02
2.1260563591254837e+02
2.1157595256545940e+02
2.1016181170189927e+02
2.0837302146957444e+02
2.0622118904951958e+02
2.0371961498874776e+02
2.0088317164389247e+02
1.9772816547129747e+02
1.9427220891015949e+02
1.9053407959066445e+02
1.8653355416690258e+02
1.8229125065434059e+02
1.7782847329479785e+02
1.7316705079542936e+02
1.6832916403726955e+02
1.6333719743814882e+02
1.5821359272563421e+02
1.5298068881868747e+02
1.4766057592355708e+02
1.4227496000217343e+02
1.3684502991078585e+02
1.3139134306589054e+02
1.2593371506716893e+02
1.2049112022561991e+02
1.1508160480121659e+02
1.0972220296439029e+02
1.0442888202364664e+02
9.9216493688808583e+01
9.4098725460221090e+01
8.9088069887849244e+01
8.4195805221744450e+01
7.9431989334966786e+01
7.4805461416755875e+01
7.0323854848912887e+01
6.5993622656850349e+01
6.1820067094540931e+01
5.7807375887661003e+01
5.3958671633320556e+01
5.0276062139061978e+01
4.6760677384765692e+01
4.3412734004614038e+01
4.0231602869310734e+01
3.7215872679698393e+01
3.4363424019050107e+01
3.1671482360815798e+01
2.9136680381229766e+01
2.6755135722440087e+01
2.4522517877921747e+01
2.2434110055799266e+01
2.0484870114690445e+01
1.8669495236694399e+01
1.6982475412283783e+01
1.5418143158478571e+01
1.3970723813017811e+01
1.2634384329095258e+01
1.1403270839154812e+01
1.0271546941482498e+01
9.2334448159029954e+00
8.2832931484059760e+00
7.4155379517897444e+00
6.6247702769297963e+00
5.9057394871037454e+00
5.2533792805878283e+00
4.6628263989784555e+00
4.1294243764144163e+00
3.6487330996755678e+00
3.2165274470752570e+00
2.8288036627140802e+00
2.4817928541778951e+00
2.1719519697447338e+00
1.8959542412938752e+00
1.6506928574650643e+00
1.4332803864971759e+00
1.2410328221596811e+00
1.0714626102772273e+00
9.2228282805839190e-01
7.9139360246818302e-01
6.7686704935809239e-01
5.7693930393472881e-01
4.8999361560065935e-01
4.1456177431577090e-01
3.4932198375849777e-01
2.9307819872581153e-01
2.4475320247368751e-01
2.0337246516343729e-01
1.6805870498916375e-01
1.3803686986335520e-01
1.1261870949170043e-01
9.1187886355448833e-02
7.3198216484033601e-02
5.8172577739979837e-02
4.5686685810151263e-02
3.5361307319456893e-02
2.6871756111437974e-02
1.9940431567335774e-02
1.4323502621211133e-02
9.8108513983646041e-03
6.2223138500824499e-03
3.4011063060211781e-03
1.2113840726320957e-03
-4.6269352626814562e-04
-1.7187387527908989e-03
-2.6374263802693733e-03
-3.2884354494449835e-03
-3.7288946305166107e-03
-4.0067394250324559e-03
-4.1588229905781416e-03
-4.2175263420590036e-03
-4.2164399318781508e-03
-4.1819103720523833e-03
-4.1296985758212095e-03
-4.0799213767714598e-03
-4.0536978333221424e-03
-4.0672781596468683e-03
-4.1336602446267771e-03
-4.2666832556832795e-03
-4.4759962168546448e-03
-4.7718028070271503e-03
-5.1636748233603747e-03
-5.6646463538161992e-03
-6.2923195461232111e-03
-7.0706435376427070e-03
-8.0208107224542680e-03
-9.1693308517240609e-03
-1.0547964513238646e-02
-1.2199588905972466e-02
-1.4165003231273102e-02
-1.6502420486223999e-02
-1.9284499021469489e-02
-2.2602813932196080e-02
-2.6554534512654056e-02
-3.1269156006875042e-02
-3.6888142453572741e-02
-4.3591808248877810e-02
-5.1569736800189413e-02
-6.1104066162337121e-02
-7.2465627074796007e-02
-8.6133533128338033e-02
