1.4507660602350381e-14
-6.4611044899419424e-14
-1.1939565169771529e-13
-1.8307632012872475e-13
-2.4021014591729451e-13
-2.8107984792581797e-13
-3.3644782052227344e-13
-3.9240822388811525e-13
-4.3403138371726581e-13
-4.7691079030128681e-13
-5.3618946958137736e-13
-6.0138473131301114e-13
-6.9480846850922235e-13
-7.5434483549343347e-13
-8.3969055629652936e-13
-9.2394362317002473e-13
-9.8931012821203362e-13
-1.0555898907652917e-12
-1.1302616339878961e-12
-1.2030991997870518e-12
-1.2882096197188852e-12
-1.3329922177224557e-12
-1.4211844891145963e-12
-1.4920392533614883e-12
-1.5223020098473716e-12
-1.5556631603795702e-12
-1.5765357936913926e-12
-1.6272514624422361e-12
-1.6638886506599440e-12
-1.6405705374649808e-12
-1.6656716845268262e-12
-1.6841914647963212e-12
-1.6374450309939123e-12
-1.5951164641694881e-12
-1.5390171068843809e-12
-1.4501211939134847e-12
-1.3333470660018062e-12
-1.1771816222870267e-12
-1.0412714525648224e-12
-8.5446991539205449e-13
-6.0452070460182530e-13
-3.6529293458080336e-13
-1.2377487576738856e-13
1.2889404924376498e-13
3.9861110962202069e-13
6.7592819544619988e-13
9.2649098135705121e-13
1.1712561211317783e-12
1.4308017621700490e-12
1.7112441524689207e-12
2.0254312610258031e-12
2.3590201613035437e-12
2.7324178740866102e-12
3.1441655347550425e-12
3.5278866664552278e-12
3.9586722507793538e-12
4.4445096374249897e-12
4.8955686413024486e-12
5.3854289255340539e-12
5.9049455083276251e-12
6.4242926725241994e-12
6.9488555823202465e-12
7.4671363595455212e-12
8.0144181368082668e-12
8.5512014617183763e-12
9.1558199525778256e-12
9.7724655072865230e-12
1.0445938627987808e-11
1.1115366024308946e-11
1.1806478275005956e-11
1.2451112225304951e-11
1.3166237282506803e-11
1.3863508461280069e-11
1.4603466118927286e-11
1.5387621357587663e-11
1.6206876051447507e-11
1.7012468015887724e-11
1.7818070850150863e-11
1.8604633014060291e-11
1.9381018390879637e-11
2.0129188136376439e-11
2.0942435406918317e-11
2.1768333895507179e-11
2.2608158924892702e-11
2.3421438290255520e-11
2.4223737179530873e-11
2.5024280754935172e-11
2.5841971298936199e-11
2.6637077546180525e-11
2.7399141097305655e-11
2.8178240885714913e-11
2.8972312275841306e-11
2.9730754617687971e-11
3.0422667900279279e-11
3.1131588481344676e-11
3.1818589163012586e-11
3.2469635851217455e-11
3.3108276145450026e-11
3.3728686517470814e-11
3.4349924451197786e-11
3.4906631724087405e-11
3.5436992472387459e-11
3.5925674285352505e-11
3.6389744753929010e-11
3.6760305350321445e-11
3.7079380774372498e-11
3.7372880957514302e-11
3.7614741000427824e-11
3.7830032839180469e-11
3.7976597426282237e-11
3.8067900961234130e-11
3.8105942800394709e-11
3.8059374231260147e-11
3.7957372760390346e-11
3.7787669269147431e-11
3.7574534053111728e-11
3.7278453597198008e-11
3.6944999019981925e-11
3.6577880096958417e-11
3.6166194421738116e-11
3.5702725989876505e-11
3.5176444863061411e-11
3.4612602842737411e-11
3.3994705280888518e-11
3.3337080483866401e-11
3.2628611734536172e-11
3.1904713209569402e-11
3.1156854286384680e-11
3.0420632654474361e-11
2.9647800055081504e-11
2.8846095380015795e-11
2.8010589915688592e-11
2.7160343567124958e-11
2.6308664121321884e-11
2.5477985380031025e-11
2.4632511714397449e-11
2.3794333950936765e-11
2.2947804736072146e-11
2.2106163530752844e-11
2.1258609200162642e-11
2.0453835325191833e-11
1.9640437007474168e-11
1.8879355236797614e-11
1.8126504441058126e-11
1.7413941016180507e-11
1.6679169294811697e-11
1.5936013008431072e-11
1.5194727207407535e-11
1.4469595514786842e-11
1.3742285330591554e-11
1.3070977894073460e-11
1.2388658621151094e-11
1.1732839118122366e-11
1.1116574807235515e-11
1.0498642119030557e-11
9.9076784734036315e-12
9.3308494189910160e-12
8.7572704687811651e-12
8.2630938230400237e-12
7.7755346049775177e-12
7.3249432302657073e-12
6.8983593360472585e-12
6.4855805021986006e-12
6.0346230029813210e-12
5.5973837875487240e-12
5.1711775862637059e-12
4.8099337490982306e-12
4.4144075688059760e-12
4.0536734439691013e-12
3.7248188776757435e-12
3.3982553742892607e-12
3.0828478551412602e-12
2.7418912727813082e-12
2.4227382144141981e-12
2.1478248583264740e-12
1.8813123374504216e-12
1.6579780536900413e-12
1.4839312953104313e-12
1.3152205752781599e-12
1.1375026894685326e-12
9.7117751480197386e-13
7.8639079897903698e-13
6.4455162333791904e-13
4.9295805771483603e-13
3.3958911481558536e-13
2.7918375362626415e-13
2.1494643406022415e-13
1.6612074901878437e-13
1.5966944271770909e-13
1.3001722646972438e-13
1.7919683907853390e-13
2.1474038594474076e-13
2.5395310031949701e-13
3.0412206818378685e-13
3.5207610454035523e-13
3.8580224754190530e-13
4.4382109265938690e-13
4.6671246615326725e-13
5.4245834986392278e-13
5.7506351708203259e-13
6.1817937300638258e-13
6.4713556465349724e-13
6.6344039918174932e-13
6.7219581893426267e-13
6.9564569902634704e-13
7.0489882251216755e-13
7.2348484691795951e-13
7.6024528441981772e-13
7.8301506117808309e-13
7.7853031895744492e-13
7.9372669077130060e-13
8.0861546857943151e-13
8.6078772415679691e-13
9.0199191927238392e-13
9.4851192741081210e-13
9.9085228952732888e-13
1.0035856456846945e-12
1.0258789206191796e-12
1.0297267140244186e-12
1.0343221728775145e-12
1.0529874724168784e-12
1.0868048871596073e-12
1.0809175147902498e-12
1.0921408326870774e-12
1.0427833212878019e-12
9.8816445072850968e-13
9.2248849872892025e-13
8.6473441437734912e-13
8.2060446045033137e-13
7.5380603547418311e-13
6.7385042367612777e-13
5.9242365438687463e-13
4.9401977879404131e-13
4.0808569540257688e-13
3.2326467357665446e-13
2.5075780703093426e-13
1.9517327409798990e-13
1.6407176791464975e-13
1.4962887268683680e-13
1.6355181310476516e-13
1.8208890989148434e-13
1.6666852852267545e-13
1.5986695969320836e-13
1.6446630322489843e-13
1.8203879597157459e-13
1.9781250766974246e-13
2.1459120807106060e-13
2.1888740867213973e-13
2.0706395817098648e-13
1.8758976630490627e-13
1.6259968480784942e-13
1.3512818083482898e-13
9.9987011947632416e-14
1.2381352366806498e-13
8.6419590102933585e-14
5.3483682703449701e-14
