1.1868171391419696e-12
-1.4371597349426849e-13
-6.4586783246589624e-14
-5.7765906837943939e-13
5.5717955083782157e-13
-1.1025608034469629e-12
1.4734574588395923e-12
1.5186104555877189e-13
9.1747546772202965e-14
6.2972119631294547e-15
-1.0282690988967597e-12
-9.7882655822450881e-13
7.3512004426431199e-13
1.0830848489307613e-12
2.5047784262066070e-13
-7.4102394840118341e-14
9.1177276374271643e-14
7.5521568851138059e-13
-1.6997074695635152e-15
-1.1616423477018968e-13
-5.7871417990175513e-13
1.4376673997966955e-12
-2.4798819380457959e-13
-1.6069723946423434e-12
-2.4729446122787629e-13
-2.7369815467553338e-13
-1.1810362631942760e-12
-6.3304010163494950e-13
-3.1350504952866655e-13
-7.0971240704219960e-13
-1.1732995190115939e-13
2.0483660550131117e-13
-9.4149970875298230e-13
4.9056094182809252e-13
-2.5466275741491095e-13
5.5360370830992161e-14
-1.1221430890148665e-12
4.5826641479491848e-13
-7.5992717028422935e-13
3.7301859345233176e-13
-1.4902070899055558e-13
1.9328181767218808e-13
-9.0872834375084612e-13
8.5176038637218782e-13
-6.9743402035720051e-13
-1.2435450823205871e-13
5.1743816933360038e-13
-9.0721710036724354e-13
-1.1280345837862054e-12
-5.8753015867672185e-13
9.4225788981553588e-13
-1.1341239782582437e-12
-2.6699210278643318e-13
-4.2820865691316371e-13
-4.0212379622734861e-13
-9.4754484306031695e-13
1.2176852625659963e-12
-1.0658852532240238e-12
1.0141094530466149e-12
1.2490061098375463e-12
-2.5604016309332011e-13
-6.2576000348010568e-14
6.0101425317598784e-13
-4.1825243977434163e-13
1.0007424539929703e-13
-7.2205460437275659e-14
1.9016464121105939e-14
-4.2559664822925567e-13
4.6491442618219732e-13
-1.1756257636219287e-13
-7.3709604746389252e-13
-6.0398489288730536e-13
5.9218313292137729e-13
-8.5419173230184336e-13
1.0733961832720233e-12
-2.2529579200855043e-13
6.8712796631485092e-13
-5.2540626562849941e-13
-2.2489864305348319e-12
-2.7773130093500725e-12
-2.0823597790593879e-12
-3.1833855220274845e-12
-6.0733140888591899e-12
-9.0558408644625426e-12
-1.0131985578818892e-11
-1.7255657292934004e-11
-2.3043944220976820e-11
-3.2181843932674675e-11
-4.6505088726962735e-11
-6.5657175926625675e-11
-9.3022515889345992e-11
-1.3293566433135409e-10
-1.8824741869561285e-10
-2.6613049715267755e-10
-3.7682295454826419e-10
-5.3035822330469434e-10
-7.4240664185129085e-10
-1.0430588892054572e-09
-1.4558782504651040e-09
-2.0328453693461012e-09
-2.8318118302398229e-09
-3.9336230105509398e-09
-5.4545711565925051e-09
-7.5480680920095554e-09
-1.0424435652249496e-08
-1.4361961962175253e-08
-1.9747071827395756e-08
-2.7095672575545293e-08
-3.7094813578315469e-08
-5.0679609191167798e-08
-6.9094170513913462e-08
-9.3995776566401943e-08
-1.2760246704581488e-07
-1.7285581178433877e-07
-2.3366507675588019e-07
-3.1519068963956331e-07
-4.2426070145630048e-07
-5.6986142304336308e-07
-7.6380724736222170e-07
-1.0215861361460738e-06
-1.3634672324493957e-06
-1.8158993645042134e-06
-2.4133311502127196e-06
-3.2005144055360462e-06
-4.2354587570044111e-06
-5.5931877820658170e-06
-7.3704849978149809e-06
-9.6919437823791227e-06
-1.2717560005490929e-05
-1.6652324413978011e-05
-2.1758255603345307e-05
-2.8369492596061610e-05
-3.6911129901834955e-05
-4.7922718884711958e-05
-6.2087464378747916e-05
-8.0268438395188950e-05
-1.0355335376398340e-04
-1.3330978478541243e-04
-1.7125309310896803e-04
-2.1952976263349107e-04
-2.8081933878272819e-04
-3.5845883069616380e-04
-4.5659405465162459e-04
-5.8036332765300062e-04
-7.3611971184807466e-04
-9.3169924999330505e-04
-1.1767437306588466e-03
-1.4830880178016148e-03
-1.8652234993056628e-03
-2.3408510777849544e-03
-2.9315390243845932e-03
-3.6635033757686604e-03
-4.5685309009771396e-03
-5.6850674790887706e-03
-7.0594976674524463e-03
-8.7476444697214394e-03
-1.0816521759137387e-02
-1.3346375604851012e-02
-1.6433054563904027e-02
-2.0190753206820553e-02
-2.4755177283005962e-02
-3.0287183357757697e-02
-3.6976949969448815e-02
-4.5048741695122560e-02
-5.4766331458110946e-02
-6.6439150250526616e-02
-8.0429236579693739e-02
-9.7159060685917717e-02
-1.1712030022445302e-01
-1.4088364495948036e-01
-1.6910970737754422e-01
-2.0256111402000285e-01
-2.4211584843751197e-01
-2.8878191061875053e-01
-3.4371334926235764e-01
-4.0822771214827985e-01
-4.8382494562142642e-01
-5.7220775680215541e-01
-6.7530343101170109e-01
-7.9528707212799832e-01
-9.3460620463813338e-01
-1.0960066432909115e+00
-1.2825594989315905e+00
-1.4976891478494614e+00
-1.7452019463986783e+00
-2.0293154234976036e+00
-2.3546876307344080e+00
-2.7264462741066615e+00
-3.1502171933418577e+00
-3.6321516950940058e+00
-4.1789521861481838e+00
-4.7978954932157807e+00
-5.4968531981861073e+00
-6.2843082633856735e+00
-7.1693671721479149e+00
-8.1617667673019838e+00
-9.2718749363132655e+00
-1.0510684268271161e+01
-1.1889797796956742e+01
-1.3421405947756735e+01
-1.5118253825930726e+01
-1.6993598021878618e+01
-1.9061152166707867e+01
-2.1335020550569162e+01
-2.3829619217363689e+01
-2.6559584073906496e+01
-2.9539665699272081e+01
-3.2784610711045389e+01
-3.6309029738571624e+01
-4.0127252268046384e+01
-4.4253168858245068e+01
-4.8700061476516851e+01
-5.3480422969010363e+01
-5.8605766953270582e+01
-6.4086429700728942e+01
-6.9931365856295685e+01
-7.6147940116651924e+01
-8.2741717251917947e+01
-8.9716253100968970e+01
-9.7072889392149520e+01
-1.0481055543202832e+02
-1.1292557985865317e+02
-1.2141151576634491e+02
-1.3025898257049334e+02
-1.3945552798810513e+02
-1.4898551345853699e+02
-1.5883002621525790e+02
-1.6896682104176392e+02
-1.7937029450121673e+02
-1.9001149412069140e+02
-2.0085816463847891e+02
-2.1187483299012621e+02
-2.2302293322015947e+02
-2.3426097196830645e+02
-2.4554473459883710e+02
-2.5682753142851942e+02
-2.6806048287275030e+02
-2.7919284168197720e+02
-2.9017234979343937e+02
-3.0094562668932014e+02
-3.1145858554434341e+02
-3.2165687287671989e+02
-3.3148632689847091e+02
-3.4089344930700412e+02
-3.4982588487985839e+02
-3.5823290293904626e+02
-3.6606587454875421e+02
-3.7327873920656151e+02
-3.7982845478912128e+02
-3.8567542462033146e+02
-3.9078389574452825e+02
-3.9512232280646492e+02
-3.9866369236041493e+02
-4.0138580294568891e+02
-4.0327149686695293e+02
-4.0430884029455655e+02
-4.0449124904028741e+02
-4.0381755815418273e+02
-4.0229203431325345e+02
-3.9992433081787743e+02
-3.9672938585988555e+02
-3.9272726556220152e+02
-3.8794295409722770e+02
-3.8240609395492316e+02
-3.7615068013762323e+02
-3.6921471269410614e+02
-3.6163981255918191e+02
-3.5347080612754507e+02
-3.4475528435485927e+02
-3.3554314243930389e+02
-3.2588610629094035e+02
-3.1583725204289840e+02
-3.0545052479982519e+02
-2.9478026265857670e+02
-2.8388073178003634e+02
-2.7280567794637665e+02
-2.6160789961474143e+02
-2.5033884698644920e+02
-2.3904825106224186e+02
-2.2778378606104178e+02
-2.1659076795510018e+02
-2.0551189123114165e+02
-1.9458700533793055e+02
-1.8385293163798869e+02
-1.7334332105646061e+02
-1.6308855202415518e+02
-1.5311566775400226e+02
-1.4344835137890342e+02
-1.3410693702090410e+02
-1.2510845446238685e+02
-1.1646670475305849e+02
-1.0819236381458053e+02
-1.0029311089829237e+02
-9.2773778610343555e+01
-8.5636521140622449e+01
-7.8880997314248205e+01
-7.2504565123194737e+01
-6.6502484485644246e+01
-6.0868125116735257e+01
-5.5593176570257860e+01
-5.0667857720127166e+01
-4.6081123186727602e+01
-4.1820864469832891e+01
-3.7874103820352524e+01
-3.4227179161605321e+01
-3.0865918651287977e+01
-2.7775803752549056e+01
-2.4942119952099038e+01
-2.2350094520482084e+01
-1.9985020951637704e+01
-1.7832369942225739e+01
-1.5877886974333689e+01
-1.4107676745997846e+01
-1.2508274851869794e+01
-1.1066707250974819e+01
-9.7705381695813145e+00
-8.6079071758740682e+00
-7.5675562297946080e+00
-6.6388475578031834e+00
-5.8117732296726095e+00
-5.0769573246986610e+00
-4.4256515696154857e+00
-3.8497253120413895e+00
-3.3416506635523229e+00
-2.8944836071784321e+00
-2.5018418173645181e+00
-2.1578798880072791e+00
-1.8572626075602017e+00
-1.5951368612071370e+00
-1.3671026799127139e+00
-1.1691838960754766e+00
-9.9779880653948050e-01
-8.4973118681074444e-01
-7.2210194616821832e-01
-6.1234166235696708e-01
-5.1816418750807269e-01
-4.3754147360806966e-01
-3.6867972694332690e-01
-3.0999696600811666e-01
-2.6010202684342271e-01
-2.1777503314392532e-01
-1.8194932585582055e-01
-1.5169482800805964e-01
-1.2620280494297190e-01
-1.0477196775908153e-01
-8.6795858161206704e-02
-7.1751445926668739e-02
-5.9188865387279729e-02
-4.8722214547545405e-02
-4.0021339214074983e-02
-3.2804524778085382e-02
-2.6832019687804159e-02
-2.1900316887873375e-02
-1.7837122597027084e-02
-1.4496945270390350e-02
-1.1757241660495766e-02
-9.5150609020328639e-03
-7.6841320531702102e-03
-6.1923446995288348e-03
-4.9795766242897981e-03
-3.9958266823927717e-03
-3.1996150183879377e-03
-2.5566165989157705e-03
-2.0384976115956376e-03
-1.6219276051246036e-03
-1.2877433315272046e-03
-1.0202431048753481e-03
-8.0659303290751177e-04
-6.3632887980760700e-04
-5.0093928602119376e-04
-3.9351815041426734e-04
-3.0847543295592952e-04
-2.4129729720724730e-04
-1.8834769575730965e-04
-1.4670471381667653e-04
-1.1402593437427399e-04
-8.8438006750075551e-05
-6.8446288136403668e-05
-5.2861126268441511e-05
-4.0737877791932043e-05
-3.1328223664788746e-05
-2.4040775566382102e-05
-1.8409259340132929e-05
-1.4066930325693565e-05
-1.0725988858280649e-05
-8.1611287311552796e-06
-6.1963795711898584e-06
-4.6946206372151821e-06
-3.5492559384344441e-06
-2.6776210356423832e-06
-2.0157438965780937e-06
-1.5142421256108284e-06
-1.1350890520172619e-06
-8.4905951691140697e-07
-6.3375409341161195e-07
-4.7203774858977519e-07
-3.5083819927896989e-07
-2.6020330548787275e-07
-1.9257049329887692e-07
-1.4221384777654075e-07
-1.0480063910031599e-07
-7.7065540754831990e-08
-5.6548762627315383e-08
-4.1406685847125688e-08
-3.0253406358395710e-08
-2.2058709494709628e-08
-1.6049239612249523e-08
-1.1650884612193503e-08
-8.4407659317217469e-09
-6.1015524354155967e-09
-4.4006963225626953e-09
-3.1671626709469234e-09
-2.2765538958362490e-09
-1.6301331311881512e-09
-1.1677270392639872e-09
-8.3264894223149263e-10
-5.9499562393992375e-10
-4.2052673789716611e-10
-2.9873680466077843e-10
-2.1028414504620120e-10
-1.4949394298763161e-10
-1.0364355885522099e-10
-7.4564504305910546e-11
-5.1504603347178254e-11
-3.7682918708203093e-11
-2.6311405941644328e-11
-1.7851069381959561e-11
-1.1324491109038240e-11
-8.7364386445753636e-12
-6.0241105224816746e-12
-3.8191682829790811e-12
-2.3343748503259530e-12
-1.5668096630733301e-12
-9.3370840914320511e-13
-1.4327112066902246e-12
1.5594848437183256e-13
-9.5040294838548234e-13
6.5160226616989409e-13
1.7204596976261778e-12
1.5861071104961484e-12
-1.8347213337242558e-12
2.2417202420818516e-12
1.4763590170477574e-13
6.5360549909737561e-13
-5.8843136367764905e-13
1.1253048528017537e-12
1.6325103147368925e-13
2.3029917477784755e-13
3.4539959569981247e-14
1.7114453921170112e-13
-4.4595974728803849e-13
-3.6127430867689379e-13
-3.8430607030097830e-13
-2.4841894234601895e-13
1.0809263071751910e-12
-2.9194811559176768e-14
-5.5966213298842444e-13
-1.5341811600194126e-13
-4.0612414612514519e-13
-8.2024405810787276e-13
-1.1239013319909982e-14
4.6514598276843612e-13
-6.7166337904508820e-13
1.2902434230451647e-12
1.3773949266823255e-12
8.5705280313257879e-13
-1.8945781640674594e-13
5.5901396816213472e-13
3.0586702043181368e-14
-1.0449358553455108e-13
7.8343701651636621e-13
-9.4484832747379934e-13
1.8307937673438475e-13
1.0402895407437960e-12
6.5401974352233553e-13
-5.7146829277719795e-13
1.1276785355834371e-12
-2.1090812521509784e-13
-1.0713690951094828e-12
-5.0125184771482426e-13
1.4283819748974122e-12
-3.3212875445706075e-14
9.5086482245890420e-13
-3.1637572797894246e-13
-1.2628310543620136e-12
1.2158292586612439e-13
-5.8863077143375521e-13
-5.2004107030044028e-13
-5.4435576237172742e-13
1.0381010858734455e-12
-5.5787851461412207e-13
-8.1704601643510866e-13
-3.8854300325982039e-13
-1.4745675036871745e-13
3.4094451040490558e-13
-8.3703176835369045e-13
-4.4032169151581571e-13
-7.0542367407418753e-13
1.5520216502883678e-12
-3.7556835835881432e-13
-1.2064287742010292e-12
-3.5333776053921414e-14
1.3700104677485066e-12
-9.1792903924556903e-14
-1.4144077033681061e-12
-3.3764191361181749e-13
1.0176462276194434e-12
2.5395965526178467e-14
-1.4460244953949634e-13
-3.5968361974262265e-13
1.1129960007809036e-13
7.5720426193427741e-13
