-3.4177981513526415e-14
-3.4228344530088652e-14
-2.5708916942834350e-14
-3.4328614810083763e-14
-8.5946300765525617e-15
-2.5821203648335450e-14
-3.0168134154833113e-14
-2.5895480738975278e-14
-3.0254516945447483e-14
-3.4625716160217228e-14
-2.6006012157230239e-14
-3.4723490073048008e-14
-1.7386068441174724e-14
-3.0468044633314461e-14
-1.9613782055284759e-14
-1.0911595729424751e-14
-2.4038508279665783e-14
-8.7532337180595368e-15
-4.3825751547701902e-15
-4.3885126495160933e-15
4.3944292367986092e-15
-1.3200974431255445e-14
0.0000000000000000e+00
0.0000000000000000e+00
4.4178843914203164e-15
-1.5482931988649973e-14
-9.9663384957199598e-15
6.6528765792474827e-15
-1.2767865169066041e-14
-5.5584003188573110e-15
-1.2800713171869382e-14
-1.1145254076074111e-15
-5.5796989060957551e-15
1.6480891678333872e-14
3.1325050496117374e-14
5.9927992948625861e-14
7.9068665551854164e-14
7.5236151972310189e-14
8.4885271645999171e-14
1.1707104314621298e-13
1.4595326464193327e-13
2.1665579462607401e-13
3.2593955764151027e-13
4.7676914995361762e-13
7.0326437598239085e-13
1.0102254676151307e-12
1.4711479107259416e-12
2.1377061228742625e-12
3.1016305358262722e-12
4.4915178979836974e-12
6.4832998899946398e-12
9.3621569382352654e-12
1.3455687106941517e-11
1.9270297250786074e-11
2.7579248123393277e-11
3.9372495978832818e-11
5.6075985648667796e-11
7.9701106996919895e-11
1.1305492065915721e-10
1.6000468137501505e-10
2.2596770939509223e-10
3.1844586704731442e-10
4.4785452075427667e-10
6.2850232791163581e-10
8.8019092537466228e-10
1.2300489574197458e-09
1.7153656792397927e-09
2.3871701599287740e-09
3.3151039838354924e-09
4.5940338047982039e-09
6.3530796359568179e-09
8.7672436066141857e-09
1.2073425085255608e-08
1.6591534791067198e-08
2.2752688409381798e-08
3.1136271790341937e-08
4.2519659409416472e-08
5.7943060995545931e-08
7.8795603657649829e-08
1.0692800332631836e-07
1.4480033583882480e-07
1.9567553760997082e-07
2.6387139365497714e-07
3.5508865826697614e-07
4.7683720524117495e-07
6.3898727535029031e-07
8.5448235571803277e-07
1.1402570162385491e-06
1.5184174308383035e-06
2.0177548555552295e-06
2.6756813291475925e-06
3.5407002128050914e-06
4.6755499570994207e-06
6.1611959943535702e-06
8.1018858863355167e-06
1.0631535622750295e-05
1.3921776269992232e-05
1.8192068390819786e-05
2.3722381504831633e-05
3.0869050380057567e-05
4.0084551551063771e-05
5.1942107339003251e-05
6.7166215523218996e-05
8.6670433469633880e-05
1.1160401921475496e-04
1.4340935365018869e-04
1.8389244982581631e-04
2.3530930181103361e-04
3.0047135024696426e-04
3.8287394994223592e-04
4.8685243394623742e-04
6.1777118730871740e-04
7.8225208475122794e-04
9.8844972781726237e-04
1.2463821473954204e-03
1.5683270389189891e-03
1.9692951757559240e-03
2.4675944266620920e-03
3.0854997888802617e-03
3.8500470606611871e-03
4.7939702195960070e-03
5.9568052589541957e-03
7.3861861617098958e-03
9.1393618666793849e-03
1.1284966489285999e-02
1.3905078692452624e-02
1.7097609936531012e-02
2.0979065335792850e-02
2.5687724973325939e-02
3.1387297714251874e-02
3.8271103738276212e-02
4.6566846098296581e-02
5.6542035493700113e-02
6.8510135999846997e-02
8.2837502572804630e-02
9.9951183582219064e-02
1.2034766322676030e-01
1.4460261924666723e-01
1.7338177063370561e-01
2.0745288780371221e-01
2.4769903367277230e-01
2.9513309798780535e-01
3.5091367881737190e-01
4.1636235401868943e-01
4.9298237147457857e-01
5.8247876966522638e-01
6.8677991944630046e-01
8.0806045352665179e-01
9.4876552188983321e-01
1.1116362791612595e+00
1.2997364736229067e+00
1.5164799672464202e+00
1.7656589718693010e+00
2.0514727387034779e+00
2.3785563870936177e+00
2.7520095043136821e+00
3.1774240918377643e+00
3.6609113757241381e+00
4.2091269404535190e+00
4.8292935878649859e+00
5.5292212669975163e+00
6.3173233680876884e+00
7.2026286262486483e+00
8.1947878391433342e+00
9.3040745700473284e+00
1.0541378984924798e+01
1.1918193961408273e+01
1.3446592610760819e+01
1.5139196372844314e+01
1.7009132880550336e+01
1.9069982845639100e+01
2.1335715293834436e+01
2.3820610574402668e+01
2.6539170689038428e+01
2.9506016627011540e+01
3.2735772558066863e+01
3.6242936920869418e+01
4.0041740651648446e+01
4.4145993023330071e+01
4.8568915807450530e+01
5.3322966726487614e+01
5.8419653429289980e+01
6.3869339492784839e+01
6.9681044224312174e+01
7.5862238305481270e+01
8.2418637574671536e+01
8.9353997485187080e+01
9.6669910993396172e+01
1.0436561281965410e+02
1.1243779317819073e+02
1.2088042418445386e+02
1.2968460221402742e+02
1.3883840950114521e+02
1.4832679822266934e+02
1.5813150021175804e+02
1.6823096528189993e+02
1.7860033091529172e+02
1.8921142577972770e+02
2.0003280918663762e+02
2.1102984819249269e+02
2.2216483358076459e+02
2.3339713544768318e+02
2.4468339855930498e+02
2.5597777705828076e+02
2.6723220748578768e+02
2.7839671845797142e+02
2.8941977470834649e+02
3.0024865258994339e+02
3.1082984353590587e+02
3.2110948141714772e+02
3.3103378922273703e+02
3.4054954003454833e+02
3.4960452688324216e+02
3.5814803576752541e+02
3.6613131590129160e+02
3.7350804113039635e+02
3.8023475643744382e+02
3.8627130353203216e+02
3.9158121970630145e+02
3.9613210442007880e+02
3.9989594846295165e+02
4.0284942101662585e+02
4.0497411050228891e+02
4.0625671573484232e+02
4.0668918460754907e+02
4.0626879828412581e+02
4.0499819966671481e+02
4.0288536572271772e+02
3.9994352407586950e+02
3.9619101508169979e+02
3.9165110139936274e+02
3.8635172782594003e+02
3.8032523486183112e+02
3.7360803011398144e+02
3.6624022220621225e+02
3.5826522234320743e+02
3.4972931905911065e+02
3.4068123196756460e+02
3.3117165051388224e+02
3.2125276381057131e+02
3.1097778761549426e+02
3.0040049439047971e+02
2.8957475216214283e+02
2.7855407760275892e+02
2.6739120836560630e+02
2.5613769925598939e+02
2.4484354630695842e+02
2.3355684226923663e+02
2.2232346643018758e+02
2.1118681105923039e+02
2.0018754614927309e+02
1.8936342349750726e+02
1.7874912055572105e+02
1.6837612389075838e+02
1.5827265153948022e+02
1.4846361302800324e+02
1.3897060535921761e+02
1.2981194286136088e+02
1.2100271843803745e+02
1.1255489346937426e+02
1.0447741338640695e+02
9.6776345776353139e+01
8.9455037773921219e+01
8.2514289450831185e+01
7.5952539928858570e+01
6.9766063006641701e+01
6.3949169202177373e+01
5.8494411265773984e+01
5.3392790406241645e+01
4.8633960690058245e+01
4.4206429312859406e+01
4.0097750698639132e+01
3.6294712648489501e+01
3.2783513031847811e+01
2.9549925783764625e+01
2.6579455236857051e+01
2.3857478072120330e+01
2.1369372414986980e+01
1.9100633828906552e+01
1.7036978165862134e+01
1.5164431419841410e+01
1.3469406894130142e+01
1.1938770135749886e+01
1.0559892210271601e+01
9.3206919879303651e+00
8.2096681881647431e+00
7.2159219854744530e+00
6.3291710161826105e+00
5.5397556448692731e+00
4.8386383526425591e+00
4.2173970988642964e+00
3.6682134853327950e+00
3.1838565191391659e+00
2.7576627293053564e+00
2.3835133446674548e+00
2.0558091879679568e+00
1.7694438853211514e+00
1.5197759325352442e+00
1.3026001014774704e+00
1.1141186118581721e+00
9.5091243742879195e-01
8.0991306142659791e-01
6.8837494477993322e-01
5.8384892260467802e-01
4.9415670022083380e-01
4.1736657953062001e-01
3.5177051024348815e-01
2.9586252813144115e-01
2.4831861419543438e-01
2.0797798419004918e-01
1.7382579721027949e-01
1.4497725476800366e-01
1.2066304771971156e-01
1.0021609727732994e-01
8.3059527854588477e-02
6.8695803378646073e-02
5.6696954645819017e-02
4.6695823041435332e-02
3.8378245210137427e-02
3.1476103806538508e-02
2.5761171043825647e-02
2.1039674182479543e-02
1.7147515170024399e-02
1.3946080189873039e-02
1.1318578756427645e-02
9.1668560763932139e-03
7.4086265762497612e-03
5.9750806863203710e-03
4.8088210947286932e-03
3.8620886877022559e-03
3.0952422276056837e-03
2.4754594554029612e-03
1.9756307179370058e-03
1.5734193954425810e-03
1.2504663383457227e-03
9.9171821025116559e-04
7.8486208056474107e-04
6.1985082466434302e-04
4.8850588053181714e-04
3.8418569093348788e-04
3.0150974371010190e-04
2.3612952546573797e-04
1.8453893667695170e-04
1.4391779947284716e-04
1.1200303285725442e-04
8.6982889908394061e-05
6.7410361874636546e-05
5.2132465145175478e-05
4.0232650193634512e-05
3.0984022429701813e-05
2.3811443926896870e-05
1.8260911056936897e-05
1.3974874874268068e-05
1.0672402384462136e-05
8.1332707701287865e-06
6.1852470017088431e-06
4.6939411454601783e-06
3.5547331714663994e-06
2.6863658518031885e-06
2.0258723552503661e-06
1.5245714022678511e-06
1.1449123233964205e-06
8.5799644795274553e-07
6.4163419634933988e-07
4.7882662835113021e-07
3.5658075384024743e-07
2.6498802718684079e-07
1.9650941318365029e-07
1.4542174626963393e-07
1.0739005057023671e-07
7.9138445483114999e-08
5.8196864096722968e-08
4.2707164246648086e-08
3.1274535261541097e-08
2.2854389622624851e-08
1.6666204214108049e-08
1.2128132656913262e-08
8.8072235449485569e-09
6.3822289750197352e-09
4.6152221806436808e-09
3.3304538165701422e-09
2.3982967153419381e-09
1.7234419611626442e-09
1.2358549046172805e-09
8.8438775763408481e-10
6.3152877930509615e-10
4.5002255785336384e-10
3.1999280795580464e-10
2.2707246604526062e-10
1.6078800162940682e-10
1.1362105827711451e-10
8.0098807934631648e-11
5.6367617515063398e-11
3.9555997270898445e-11
2.7707555666378247e-11
1.9357265338141165e-11
1.3508266244464392e-11
9.3895583731764421e-12
6.5414614193507913e-12
4.5063263516164116e-12
3.1243864458470078e-12
2.1456614353995788e-12
1.4632018957760333e-12
9.7507733125590618e-13
6.6136295583529192e-13
4.3435196579404316e-13
3.0221432121006589e-13
1.6756971615610413e-13
9.9180596822317588e-14
2.4202186804265183e-14
-2.1361856440715021e-14
-7.4113224330932425e-14
-8.1311748262545049e-14
-8.8211765321575439e-14
-9.0059520176337481e-14
-9.7488664334551212e-14
-8.3695483591436320e-14
-9.2505608831415127e-14
-7.1238751565186122e-14
-8.6155204942288332e-14
-6.9390571571011071e-14
-6.5419953029266919e-14
-6.2012772862257520e-14
-5.3084338246799913e-14
-3.7552017327072691e-14
-2.2060262466201639e-14
-2.2030996322246173e-14
-2.4201786457301648e-14
-2.6366575420791651e-14
-1.7554050598064373e-14
-1.3147725464310570e-14
-1.7506467436119074e-14
-6.5559568035452134e-15
-8.7292765835398007e-15
-1.0896545586269309e-14
-2.1762889023796050e-14
-1.7386068441174724e-14
-1.3021308777393003e-14
-2.6006012157230239e-14
-3.4625716160217228e-14
-2.5932443096097847e-14
-3.4527307651967030e-14
-3.8787601056214008e-14
-4.3035339413892420e-14
-5.1567780459315364e-14
-4.2910768512604698e-14
-5.1417833885668700e-14
-6.8456689060177303e-14
-5.1266972270289628e-14
-8.5318669400756413e-14
-5.9634407277020424e-14
-7.6558481093329963e-14
-6.7950061935320226e-14
-6.7847846325813632e-14
-8.4681672692695063e-14
-6.7642539212033865e-14
-6.7539451294163139e-14
-6.7436076198237856e-14
-6.7332415724878003e-14
-8.4035589596972124e-14
-6.7124245862653196e-14
-5.0264805066893320e-14
-8.3643695211245409e-14
-6.6809895916540259e-14
-8.3380701436135813e-14
-6.6598953685749850e-14
-6.6493075349222687e-14
-9.9580391945916980e-14
-8.2850641696174835e-14
-8.2717291696983893e-14
-9.9100334696351936e-14
-9.8939526766222102e-14
-1.6463054833364682e-13
-1.3148899220755628e-13
-1.3127303332429252e-13
-1.6382070712744886e-13
-1.3083959302937152e-13
-1.3062211899922430e-13
-1.9560622096198077e-13
-1.3018568165580157e-13
-1.6245840718297119e-13
-1.6218410410860935e-13
-1.6190919748483560e-13
-1.6163369195389128e-13
-1.2908607372956868e-13
-1.2886472220723433e-13
-1.2864290271905685e-13
-1.2842061899082828e-13
-9.6148406063311839e-14
-6.3987336865496269e-14
-6.3875509832133910e-14
-9.5645187215288449e-14
-7.9563979586135404e-14
-7.9423360348291435e-14
-9.5138960766171344e-14
-9.4969563356666288e-14
-9.4799842999514687e-14
-9.4629802506161197e-14
-7.8716203907782192e-14
-7.8573976969159600e-14
-6.2745192228133252e-14
-7.8288746202585878e-14
-7.8145747069019626e-14
-6.2401996186260862e-14
-9.3430791651667545e-14
-9.3258291419269243e-14
-7.7571247002077860e-14
-6.1941606281494462e-14
-6.1826022199963185e-14
-4.6282685428743657e-14
-6.1594283278088449e-14
-4.6108599150724017e-14
