5.3810292281690333e-02
6.3908839087241306e-02
7.5335237950657122e-02
8.8291229426114518e-02
1.0300418331625644e-01
1.1972793805755230e-01
1.3874211458678506e-01
1.6035810553450872e-01
1.8492027601633437e-01
2.1281102549512582e-01
2.4445326390229444e-01
2.8031528626597024e-01
3.2091410398192471e-01
3.6682044091833643e-01
4.1866273880970734e-01
4.7713240414721264e-01
5.4298838121726478e-01
6.1706268976620893e-01
7.0026547389607230e-01
7.9359081107228602e-01
8.9812213330413670e-01
1.0150382382389995e+00
1.1456189528269052e+00
1.2912512294238947e+00
1.4534348867017193e+00
1.6337886250871863e+00
1.8340556380093784e+00
2.0561093310786238e+00
2.3019585512179823e+00
2.5737527434802279e+00
2.8737864985603188e+00
3.2045038317195962e+00
3.5685017033008499e+00
3.9685330582694873e+00
4.4075089327282670e+00
4.8884998530984545e+00
5.4147361077423222e+00
5.9896070752765551e+00
6.6166592180664621e+00
7.2995928934055945e+00
8.0422576188414450e+00
8.8486459219156526e+00
9.7228854400017717e+00
1.0669229387816490e+01
1.1692045090416391e+01
1.2795800696209492e+01
1.3985049804128868e+01
1.5264414126136563e+01
1.6638563960653453e+01
1.8112196614256501e+01
1.9690012594268918e+01
2.1376689734850846e+01
2.3176855131798796e+01
2.5095055082195575e+01
2.7135722961699258e+01
2.9303145276137062e+01
3.1601425881654183e+01
3.4034448655840762e+01
3.6605838677750384e+01
3.9318922247981952e+01
4.2176685870398870e+01
4.5181734575704382e+01
4.8336249769441352e+01
5.1641947030921493e+01
5.5100034100964820e+01
5.8711169525168387e+01
6.2475422236998924e+01
6.6392232578170450e+01
7.0460375074871621e+01
7.4677923485273027e+01
7.9042218455950390e+01
8.3549838304859350e+01
8.8196573269715373e+01
9.2977403723402787e+01
9.7886482676611791e+01
1.0291712303339044e+02
1.0806178988009913e+02
1.1331209821683403e+02
1.1865881635087420e+02
1.2409187528424850e+02
1.2960038423380396e+02
1.3517265252008406e+02
1.4079621786417854e+02
1.4645788121700659e+02
1.5214374804632425e+02
1.5783927608194364e+02
1.6352932932045002e+02
1.6919823815877731e+02
1.7482986532924309e+02
1.8040767737293351e+02
1.8591482119681962e+02
1.9133420532403579e+02
1.9664858526347234e+02
2.0184065249221152e+02
2.0689312637225783e+02
2.1178884839711884e+02
2.1651087800566162e+02
2.2104258928455292e+02
2.2536776773873336e+02
2.2947070640554048e+02
2.3333630046424349e+02
2.3695013960299761e+02
2.4029859730036495e+02
2.4336891630384156e+02
2.4614928950209924e+02
2.4862893552804792e+02
2.5079816836245575e+02
2.5264846036249381e+02
2.5417249808889699e+02
2.5536423047252831e+02
2.5621890882464521e+02
2.5673311837215817e+02
2.5690480097364667e+02
2.5673326885555838e+02
2.5621920918968408e+02
2.5536467951964005e+02
2.5417309402882597e+02
2.5264920082801606e+02
2.5079905042431153e+02
2.4862995571398531e+02
2.4615044382004567e+02
2.4337020026755624e+02
2.4030000595901527e+02
2.3695166757246872e+02
2.3333794196207054e+02
2.2947245528673065e+02
2.2536961753483820e+02
2.2104453324271660e+02
2.1651290913050639e+02
2.1179095949165134e+02
2.0689531008118846e+02
2.0184290134332684e+02
1.9665089171101755e+02
1.9133656178919617e+02
1.8591722010986098e+02
1.8041011121152599e+02
1.7483232665817047e+02
1.6920071966497335e+02
1.6353182384924858e+02
1.5784177666787508e+02
1.5214624794507134e+02
1.4646037393121352e+02
1.4079869717049573e+02
1.3517511248946329e+02
1.2960281925324421e+02
1.2409428007127866e+02
1.1866118596984109e+02
1.1331442808749642e+02
1.0806407578851849e+02
1.0291936113476658e+02
9.7888669501037327e+01
9.2979536173254758e+01
8.8198648620707985e+01
8.3551854198459210e+01
7.9044172896304460e+01
7.4679814827234836e+01
7.0462202017489034e+01
6.6393994148992647e+01
6.2477117782880242e+01
5.8712798693573333e+01
5.5101596828880602e+01
5.1643443523889545e+01
4.8337680489376993e+01
4.5183100218364096e+01
4.2177987352882070e+01
3.9320160685296599e+01
3.6607015370728021e+01
3.4035565067394863e+01
3.1602483625777900e+01
2.9304146094366182e+01
2.7136668713791867e+01
2.5095947723218494e+01
2.3177696705015215e+01
2.1377482349754008e+01
1.9690758422134692e+01
1.8112897867353801e+01
1.6639222890860633e+01
1.5265033005473240e+01
1.3985630926792606e+01
1.2796346360500527e+01
1.1692557604533638e+01
1.0669711053189314e+01
9.7233385611968561e+00
8.8490727913544713e+00
8.0426605312178197e+00
7.2999741317579527e+00
6.6170210732023360e+00
5.9899518331868116e+00
5.4150660746826640e+00
4.8888173443889222e+00
4.4078163043692111e+00
3.9688326972679087e+00
3.5687960670203545e+00
3.2047954400297956e+00
2.8740779825681924e+00
2.5740468400227408e+00
2.3022581632402761e+00
2.0564175253047203e+00
1.8343757200844144e+00
1.6341241416965484e+00
1.4537897197722678e+00
1.2916296045548217e+00
1.1460255584902781e+00
1.0154782431809815e+00
8.9860133900413353e-01
7.9411568182547121e-01
7.0084333410600996e-01
6.1770177176823715e-01
5.4369808379785434e-01
4.7792336480687764e-01
4.1954717706213174e-01
3.6781226344248202e-01
3.2202936722008280e-01
2.8157234412486143e-01
2.4587340170875110e-01
2.1441865855997980e-01
1.8674383695598448e-01
1.6243029202283737e-01
1.4110116858931168e-01
1.2241790310605059e-01
1.0607683787959681e-01
9.1806183514807044e-02
7.9363070606780967e-02
6.8530949890324100e-02
5.9117052485359464e-02
5.0950198329083089e-02
4.3878630662434283e-02
3.7768200193306380e-02
3.2500537161545967e-02
2.7971578621944011e-02
2.4090041686234825e-02
2.0776264045046657e-02
1.7960944530199911e-02
1.5584272445772207e-02
1.3594906266826329e-02
1.1949375755194844e-02
1.0611276473356739e-02
9.5509407147298681e-03
8.7448349127353820e-03
8.1755125075013459e-03
7.8312139681739595e-03
7.7061393662466067e-03
7.8002676770815320e-03
8.1200234761030065e-03
8.6783547173123667e-03
9.4959246200630992e-03
1.0601515801586782e-02
1.2033970399261126e-02
1.3843019548835609e-02
1.6092354776489053e-02
1.8860993757247115e-02
2.2248175788569729e-02
2.6375277682014944e-02
3.1393880981142194e-02
3.7488404543517366e-02
4.4880337008392474e-02
