-7.0169435660444139e-16
1.0158395591673090e-14
1.0251608017527023e-14
1.9405051266066376e-14
1.8348223460365407e-14
1.5497173805576762e-14
2.6823190045040177e-14
2.0045452825944523e-14
1.1310803794939648e-14
2.4406100105043723e-14
1.7620945563741064e-14
2.9747870271341271e-14
1.8850931642171415e-14
1.5419705451919914e-14
2.4415702448735876e-14
1.5910459990257159e-14
2.0398732375080254e-14
3.1617292860337424e-14
3.7658399165154258e-14
4.0002461614548569e-14
2.9017163419159644e-14
3.7533446046350807e-14
3.8496767623309289e-14
5.7151086326120723e-14
5.1672532067153805e-14
6.4215279032469730e-14
6.5206340520426884e-14
5.6263274439939664e-14
7.0555503102881838e-14
7.5199518460661418e-14
8.6095521099410243e-14
7.1513821936049264e-14
5.8147633858381273e-14
6.2437984518033881e-14
6.0661592816262760e-14
6.7514410269329352e-14
6.7636447423388607e-14
5.1866108209643002e-14
5.8180581712737255e-14
5.9110398193703348e-14
2.7490475936346221e-14
2.5587502244942551e-14
1.0376533255675720e-14
1.7471296049853602e-14
1.6124028446381843e-14
1.2947055513104136e-14
2.8644096535378716e-14
5.5438092870306690e-15
-5.7437014463726688e-15
7.3921544545342912e-15
2.7749729664989127e-15
1.0082643031650851e-14
2.1661524222377358e-14
1.3354932368672965e-14
1.6647028333548388e-14
8.9877261543111380e-15
-8.1148809034346022e-15
9.2224006941813391e-15
1.4579378900200141e-14
2.1786068492633944e-14
3.4384850983538743e-14
1.8908151859966760e-14
2.3223475543783686e-14
3.7176867430044646e-14
2.9843952445151726e-14
4.4926445566232348e-14
3.5375662714388625e-14
5.3241929912031737e-14
6.2953869472044196e-14
5.9739276713451997e-14
6.0938255527696053e-14
6.8995350959221754e-14
5.5751317493917285e-14
6.9957373798209486e-14
7.1125095385808457e-14
7.0306000648497717e-14
6.3738948536947062e-14
6.2447801631916902e-14
6.1501185401279215e-14
6.6363185703863877e-14
3.2968531723245661e-14
4.7410642086877291e-14
3.6594019486050860e-14
5.3713918201695389e-14
5.9299720093344368e-14
4.3901767616739911e-14
5.4764162856245069e-14
2.9133700336958276e-14
2.3204664184754447e-14
4.3686596397433894e-14
3.4054213809528161e-14
4.4626927973061100e-14
3.9145024979703425e-14
-1.0857642416147841e-16
2.6636766632983024e-14
3.2740868423704396e-14
-2.0971635090340641e-14
-5.5659201724931395e-14
-2.1444231755178880e-14
-3.6214654848850488e-14
-2.7249227976026089e-14
-5.2537176242134367e-14
-2.0537892847879393e-14
-2.7561505611461927e-15
-1.7852538709811967e-15
2.7980040345212096e-14
4.4269244059543184e-14
7.5334047057717156e-14
5.1604550529061939e-14
4.7439003563161509e-14
5.1609805348891019e-14
4.5202944493920346e-14
7.4986267270955900e-15
-1.4330364296348222e-14
-1.5165594197241175e-14
-5.3482465886872185e-14
-4.5426932531054736e-14
-7.9838115748259795e-14
-7.7708774934712525e-14
-9.6456648376575183e-14
-9.4504990030647434e-14
-1.0778328986956917e-13
-9.9718436762769799e-14
-1.0812521334469533e-13
-1.1997122124425009e-13
-1.2804988582675527e-13
-1.1733221207459812e-13
-1.3370162122160747e-13
-1.2792710074544759e-13
-1.4249659703761968e-13
-1.3025709318525665e-13
-1.5419491968949134e-13
-1.5552650959732726e-13
-1.7606535732211614e-13
-1.7311390010193084e-13
-1.9324663485594682e-13
-2.0086447316121019e-13
-2.1316283490975376e-13
-2.3823935321606760e-13
-2.8370987444452064e-13
-3.2334419448966215e-13
-3.5453448883138816e-13
-3.8401428824307794e-13
-4.4565966834201836e-13
-4.9513748185471417e-13
-5.5683506639523779e-13
-5.9976295276947122e-13
-6.6174068961570532e-13
-6.8933219440417264e-13
-7.3456676702206546e-13
-7.2895148149883716e-13
-8.0747092306699364e-13
-8.7354286407861065e-13
-9.5416026995306836e-13
-1.0230195713133398e-12
-1.1129742847329939e-12
-1.2216807568175819e-12
-1.3164615851287904e-12
-1.4341632243885678e-12
-1.5654821924126264e-12
-1.7153971971327072e-12
-1.8905080259880477e-12
-2.0625564444946982e-12
-2.2948392765117731e-12
-2.4899583456524541e-12
-2.7427050636964825e-12
-3.0010156629923607e-12
-3.3103612596028863e-12
-3.6160286243172108e-12
-3.9638101810654739e-12
-4.3963991187428937e-12
-4.8645313737836423e-12
-5.3772539440822342e-12
-5.9322810224557637e-12
-6.5518334449504892e-12
-7.2244676470792342e-12
-8.0044934558755971e-12
-8.8381674166886312e-12
-9.7193385686236605e-12
-1.0647973522010323e-11
-1.1682605099777749e-11
-1.2744560005560407e-11
-1.3924611188152166e-11
-1.5179849334063078e-11
-1.6533692879154631e-11
-1.7945816966200314e-11
-1.9484509460306755e-11
-2.1107137570238953e-11
-2.2832467411585029e-11
-2.4624152061034188e-11
-2.6560657173412158e-11
-2.8575289745699895e-11
-3.0704692057400456e-11
-3.2905988123362760e-11
-3.5207082486635423e-11
-3.7561567133885131e-11
-3.9974866883090451e-11
-4.2448556114958582e-11
-4.4989064395934931e-11
-4.7564295865571014e-11
-5.0201488538496431e-11
-5.2856713773919159e-11
-5.5575390802080229e-11
-5.8256200299341740e-11
-6.0963898224251537e-11
-6.3656023685767807e-11
-6.6343901736526901e-11
-6.8987920171203756e-11
-7.1605655691973577e-11
-7.4152239272989678e-11
-7.6668452479075497e-11
-7.9039889062352228e-11
-8.1347763774037932e-11
-8.3457524981346820e-11
-8.5502495812660570e-11
-8.7437713309633260e-11
-8.9170562556498878e-11
-9.0767593633037859e-11
-9.2251703569028011e-11
-9.3474628736678262e-11
-9.4537962584295431e-11
-9.5405069888231453e-11
-9.6087964427011701e-11
-9.6560002442902099e-11
-9.6854210817259635e-11
-9.6909788773034040e-11
-9.6777756495414131e-11
-9.6459740005806550e-11
-9.5924198561535885e-11
-9.5176819262236100e-11
-9.4234013223335396e-11
-9.3136175318871505e-11
-9.1801306228597605e-11
-9.0358685850134508e-11
-8.8754962362873238e-11
-8.7000557706180673e-11
-8.5096111930982506e-11
-8.3010049807206762e-11
-8.0845726885328113e-11
-7.8552703942447500e-11
-7.6131908794691158e-11
-7.3681674816678490e-11
-7.1133334004670846e-11
-6.8576285058245928e-11
-6.5946841521631359e-11
-6.3312746483148616e-11
-6.0661763236773746e-11
-5.8028230657030696e-11
-5.5366169243329269e-11
-5.2779820639042942e-11
-5.0189695320229954e-11
-4.7649997770161854e-11
-4.5119547096727624e-11
-4.2650918652922631e-11
-4.0221067148898979e-11
-3.7857640566039842e-11
-3.5534407545582402e-11
-3.3329459976744303e-11
-3.1168029439919595e-11
-2.9122256487477118e-11
-2.7149411976365877e-11
-2.5254672092166760e-11
-2.3474597850997639e-11
-2.1796570486928445e-11
-2.0176657137289927e-11
-1.8687534281430742e-11
-1.7217106698062426e-11
-1.5870803624424829e-11
-1.4581772736843085e-11
-1.3359867782807540e-11
-1.2234428350531417e-11
-1.1159701977371852e-11
-1.0160704742110309e-11
-9.2346018241766916e-12
-8.3949550807295323e-12
-7.6299925773765143e-12
-6.9206151469052274e-12
-6.2893856583951530e-12
-5.7070724332167037e-12
-5.1650102176651489e-12
-4.6705633026302240e-12
-4.2259292865403242e-12
-3.8345128106474321e-12
-3.4644972690920116e-12
-3.1284285832690199e-12
-2.8134049706520860e-12
-2.5414067908916767e-12
-2.2881242556062123e-12
-2.0535305477667448e-12
-1.8590918275729002e-12
-1.6715539049207493e-12
-1.4745979228163591e-12
-1.3448384956336925e-12
-1.1831243581841181e-12
-1.0566641533598267e-12
-9.2634371550558377e-13
-7.8236709024604451e-13
-6.8507004498306139e-13
-5.9253355914129082e-13
-5.0533714049155342e-13
-4.2745759291545564e-13
-3.4175827249536063e-13
-2.9488166632571978e-13
-2.5073053491311834e-13
-1.9375621732804385e-13
-1.3996809553475432e-13
-1.3996212009173666e-13
-1.1722457845777980e-13
-1.1947452363977937e-13
-9.3914841335958612e-14
-1.1001946215220404e-13
-8.8688486477288344e-14
-8.7291662116956622e-14
-8.8356351570313361e-14
-9.2418298845648493e-14
-1.0432727538706899e-13
-1.1050811544368416e-13
-7.7912631382951282e-14
-8.3107108468772492e-14
-5.8544575772856292e-14
-7.2220111933410269e-14
-6.3225462733228373e-14
-8.7092522097050753e-14
-7.5214129255877255e-14
-9.2628312175975626e-14
-6.1537769406795084e-14
-8.0970530211547895e-14
-6.5692715198796033e-14
-5.1998372232914327e-14
-5.7873100525205751e-14
-7.7299235537443161e-14
-5.7574516842866495e-14
-7.1256307362605967e-14
-1.7769067214130295e-14
-1.8794213046267279e-14
-1.3837760528217264e-14
3.3870310644041290e-14
2.1288654898142500e-14
3.7468369254587294e-14
2.7608931068077489e-14
3.3237197086085398e-14
7.1977856200128831e-14
5.5695633957847049e-14
8.4002609864796794e-14
1.0509059968242140e-13
8.4958412913956581e-14
1.0226788369231819e-13
7.2129878779395913e-14
6.6512966032086250e-14
1.3529457705078247e-13
1.0790184554644919e-13
8.6867770778610495e-14
1.4110706903394125e-13
1.6035665762443137e-13
1.2694780473169315e-13
1.3910454231496034e-13
1.2099801321440705e-13
1.3618469787144978e-13
1.0060007546228942e-13
7.7825577408504680e-14
3.8477425836450000e-14
-1.2644047420374135e-14
-3.6803488145198649e-14
-7.3192373016971879e-14
-6.9707428731750300e-14
-6.0404690085633857e-14
-6.9649328877054185e-14
-6.2541535725617749e-14
-3.2643952202394643e-14
-4.0528583741370433e-14
-1.4712096180250702e-14
-1.1967590394657092e-14
-1.7393843134329120e-14
2.4414281344139953e-15
4.5447860195052747e-15
1.9617787707002011e-14
4.1352496091236598e-14
2.2043837255032736e-14
2.9810439832465177e-14
2.8396629304868343e-14
1.0557604497987214e-14
2.2643828010776913e-14
1.3193371228180760e-14
-8.8421488275375736e-15
-7.6086348488778371e-16
-1.4464655443293902e-14
-2.8080869537328902e-15
-6.8241481470628293e-15
-2.6432537904599408e-14
-2.7181054261688497e-14
-2.8887457861124661e-14
-2.9220468719251199e-14
-2.2425869062019728e-14
-1.5419439659058938e-14
2.5910424166748286e-15
1.6187922001795775e-15
1.0685086614173394e-14
-2.2639702629513551e-14
-2.2344487026438076e-14
-1.9841914961506626e-14
-1.0616902283937494e-14
-1.2618762229253322e-14
-6.3897036900481227e-15
5.2276089846341509e-16
2.7322898136417528e-15
-1.1176876068983474e-14
-1.4745999666011774e-14
-1.3751318119129802e-14
1.6663316053480384e-14
-2.1783814212272872e-15
1.6734112244192770e-14
2.5537516331429664e-14
8.4667987407040517e-15
-1.3839525876860619e-14
-1.1917911649275160e-14
-4.2847318963567328e-15
4.5825243776999239e-15
1.7699207509986938e-14
1.5831215677370268e-14
1.3643297549665182e-14
1.8104489227275525e-14
1.5732157704277604e-14
8.5797911434899312e-15
9.4121753932467376e-15
2.2521804074806804e-14
2.5011485877775967e-14
4.9773106000864164e-14
5.2194395030961649e-14
5.9586174928735129e-14
3.8859249542322530e-14
2.3264753293309904e-14
3.1597074874673216e-14
3.3819890414352354e-14
3.3268802804400223e-14
4.4058314137282697e-14
4.0077502310420874e-14
4.0152097928782558e-14
1.7004373738988581e-14
1.7912980061115663e-14
1.9300216500395307e-14
2.6939761512781388e-14
2.8078785764796517e-14
3.7354787478969643e-14
4.4017058725885247e-14
6.2114619728789609e-14
2.4007209808043416e-14
1.7241306573495630e-14
1.7258456350365614e-14
1.8539318789082864e-14
2.6830890092264460e-14
3.3750143615702410e-14
3.0911365441085736e-14
4.4243760417920548e-14
1.1118629888592014e-14
1.0911089942289043e-14
1.6561189630947425e-14
1.9347110786473125e-14
1.5122440054813911e-14
3.1679580526564197e-14
2.3094308418215634e-14
4.8783756140500122e-14
1.9212446500429266e-14
1.6667423147571121e-14
1.9229465786792107e-14
1.3304902889152490e-14
1.1817052932391153e-14
2.5121828920203816e-14
3.3397916103141107e-14
4.0267745691049111e-14
7.3964422422790021e-15
-1.0602901627969232e-14
8.9061535776939433e-15
-2.6879768981353495e-14
-6.5848405163619287e-15
1.5207208442435457e-14
1.8029270974510988e-14
3.5339432766418739e-14
1.3320227734192490e-14
1.2388397939616539e-14
2.1717645631449047e-14
3.6378461682694362e-14
3.2342851118442361e-14
2.0606730663519432e-14
2.9504443987254925e-14
2.9565283638924566e-14
3.7920755688286890e-14
2.9061803082277430e-14
3.9530639949314092e-14
-3.8963013998412776e-15
6.5908308067093919e-15
2.4933386315064104e-14
3.0786443717413493e-14
4.8872660360588186e-14
1.2461988496382279e-14
3.0879711685385173e-14
2.4496681915130757e-14
4.3699200165056111e-15
1.9493009932151107e-14
3.1245695965747355e-15
1.4729487807691118e-14
1.4179165415535855e-14
4.4815025842948541e-15
1.1756727471166354e-14
2.2414425977100776e-14
-1.3914864978597359e-14
4.4528690490592079e-15
-3.0977091779970097e-15
1.0938286230522344e-14
1.1350593867608722e-14
1.6586772065460588e-15
1.0490517970453705e-14
7.0642253196885436e-15
