4.9670462880106247e-17
-5.9863120491368372e-14
-1.2466518931833275e-13
-2.0170410763271818e-13
-2.5210782452442363e-13
-3.0045641232744036e-13
-3.6266382995597184e-13
-4.2901931984322397e-13
-4.4639124788074337e-13
-4.9013636169457427e-13
-5.5744542228297291e-13
-6.3671586980475724e-13
-7.2095689670870410e-13
-7.8506805947132272e-13
-8.6856509318384616e-13
-9.5613970720684060e-13
-1.0165020353905908e-12
-1.0957130643138572e-12
-1.1871463643966869e-12
-1.2799312421806252e-12
-1.3505761214209554e-12
-1.4183537349540639e-12
-1.4930963774221895e-12
-1.5521529833700636e-12
-1.5794586504457490e-12
-1.6107851784838257e-12
-1.6346901109024849e-12
-1.6656210471974058e-12
-1.6802470642098824e-12
-1.6840977679458585e-12
-1.7041938025018478e-12
-1.7046540801923665e-12
-1.6763176549741031e-12
-1.6338106965122092e-12
-1.5748924736547606e-12
-1.4869667750066197e-12
-1.3630063613222990e-12
-1.2422740667216464e-12
-1.0874954238517616e-12
-8.7828864263793545e-13
-6.2530350310337352e-13
-3.7101925972053950e-13
-1.2217561797048712e-13
1.4931033548994837e-13
3.9480426928476655e-13
6.4052442228950070e-13
8.9640880836991854e-13
1.1411588974840905e-12
1.4251154127656234e-12
1.7063792371976859e-12
1.9951534629287385e-12
2.3326902552258076e-12
2.7030421228385898e-12
3.0762297988660246e-12
3.4448863575181717e-12
3.9009798046710607e-12
4.3726616367139230e-12
4.8517108465240653e-12
5.3537625154263451e-12
5.8793127997206439e-12
6.4076936519163976e-12
6.9498232096594119e-12
7.4678875994393959e-12
8.0155891062428695e-12
8.5739873547755386e-12
9.1499283403012324e-12
9.7529704489182554e-12
1.0416593140371263e-11
1.1078564268923306e-11
1.1712441260399746e-11
1.2353765196199781e-11
1.3076224292494926e-11
1.3791851792342280e-11
1.4530403827033029e-11
1.5301260814053222e-11
1.6119524750846190e-11
1.6904667713187770e-11
1.7678352330636963e-11
1.8461735796003645e-11
1.9273912441296881e-11
2.0032728484047401e-11
2.0810735872039989e-11
2.1609840131292105e-11
2.2453937580811929e-11
2.3269606993181890e-11
2.4070226578041333e-11
2.4849670579142687e-11
2.5676363323415738e-11
2.6463436030385185e-11
2.7256354769608978e-11
2.8027468280023722e-11
2.8840847084900796e-11
2.9585427410319209e-11
3.0295518235769092e-11
3.0980048544800733e-11
3.1663190151569231e-11
3.2290292984723357e-11
3.2897124231636930e-11
3.3522136136666764e-11
3.4126407681340415e-11
3.4677874676837651e-11
3.5185177013195829e-11
3.5655441796400693e-11
3.6101970451138681e-11
3.6443655487494948e-11
3.6765113809196293e-11
3.7056090970521743e-11
3.7322753075958670e-11
3.7505654587151973e-11
3.7638190066760856e-11
3.7733936312617318e-11
3.7773558548294150e-11
3.7700257503291636e-11
3.7581209620472793e-11
3.7423112512871824e-11
3.7222067353531054e-11
3.6953494190409267e-11
3.6622360341058849e-11
3.6255157798555325e-11
3.5862968265528467e-11
3.5382550167526288e-11
3.4868805224437830e-11
3.4328695211082885e-11
3.3738567876574079e-11
3.3070575131917928e-11
3.2365272955011519e-11
3.1654497781550125e-11
3.0915401917660416e-11
3.0139551200107002e-11
2.9346910437108809e-11
2.8570693033650997e-11
2.7743105968722733e-11
2.6899619945281320e-11
2.6054654353695866e-11
2.5238440081684870e-11
2.4389647993493352e-11
2.3518950047013671e-11
2.2671557598333653e-11
2.1864509738513644e-11
2.1031270333180370e-11
2.0228606924771068e-11
1.9439054063861215e-11
1.8694046049181980e-11
1.7944976679995385e-11
1.7201904303369653e-11
1.6468386118154806e-11
1.5765282356436282e-11
1.5046643636191869e-11
1.4321808634630340e-11
1.3614092078308653e-11
1.2956272598869687e-11
1.2285783999480962e-11
1.1618723576155945e-11
1.0976084372879608e-11
1.0383539932277914e-11
9.7839848213597813e-12
9.2007928514413073e-12
8.6426307163386931e-12
8.1534727832611800e-12
7.6840048525901767e-12
7.2433963087416462e-12
6.8169957455984788e-12
6.3786316954800533e-12
5.9551195951592251e-12
5.5250786663064588e-12
5.1344331215330132e-12
4.7636702255167590e-12
4.3905704995505988e-12
4.0470794931221046e-12
3.7048865863552697e-12
3.3714514708657588e-12
3.0464671305810716e-12
2.7380831298243728e-12
2.4441265447832478e-12
2.1745363938208947e-12
1.9364072636096190e-12
1.7090857771656135e-12
1.5358584212758212e-12
1.3701316654530593e-12
1.1963594628111038e-12
1.0127918805779085e-12
8.4624238540367967e-13
7.1773564992705931e-13
5.6304646708919954e-13
4.2391719613327266e-13
3.2051572857763257e-13
2.4007499008573010e-13
1.8308594574207880e-13
1.5727800090640370e-13
1.3098377851110970e-13
1.6575808918346201e-13
2.1590985404663082e-13
2.9089542547517112e-13
3.6917316460612986e-13
4.1772737922370914e-13
4.6998661055319687e-13
5.2055810587339500e-13
5.9978312727875494e-13
6.7222028220542077e-13
7.1214026948028728e-13
7.4520677424159682e-13
7.7275472091879124e-13
7.7578520645834907e-13
7.8354751994039157e-13
8.1494825419618635e-13
8.3488821796259107e-13
8.3612273057476176e-13
8.3769996452673632e-13
8.7108431702858881e-13
9.0940871593446049e-13
9.2622764063826936e-13
9.3119898134631194e-13
9.6449290612069863e-13
1.0111037135091576e-12
1.0507565482620627e-12
1.0595621277340064e-12
1.0855373451752533e-12
1.1031605747113124e-12
1.0919650745849175e-12
1.0662219182814547e-12
1.0852394362014533e-12
1.1123812505564917e-12
1.1176005725241361e-12
1.0931203565266617e-12
1.0730130952487136e-12
1.0504262451306035e-12
9.9994677615614601e-13
9.2883489822019065e-13
8.7594628682144835e-13
8.3218870511045104e-13
7.5866248641405357e-13
6.4738922490500892e-13
5.5561930784187305e-13
4.6851600687374378e-13
3.8471775926276796e-13
2.7941499148344366e-13
2.4818487240279797e-13
2.3848343921513676e-13
2.1077564727590923e-13
1.9290043334403063e-13
2.2062469058901336e-13
2.2317161446790228e-13
2.2768492715143842e-13
2.1425828733390952e-13
2.2560170315657389e-13
2.5869522802550590e-13
2.7891742908494281e-13
2.4429150017588606e-13
2.5447715508194365e-13
2.3862430996840365e-13
1.9835846541017242e-13
1.4903165834125508e-13
1.3536807930500468e-13
1.3761813296138154e-13
1.0619537708629859e-13
5.3716916330013980e-14
