3.8161916670175875e-13
3.2693054185846412e-14
-1.4199049359653206e-13
2.8704165504141819e-13
3.6902700006279775e-13
-4.4224969095759101e-13
3.5770875442672499e-14
-1.3934646171632728e-13
-2.4337300955081008e-13
4.0638066531878736e-14
-1.1370605701601864e-14
-2.2179538388510111e-13
1.2076222267969639e-13
6.1496763078220180e-13
1.9741689673496230e-13
-4.9596721125272287e-13
8.5572563002693996e-15
4.3748575365417045e-14
3.3550728371424682e-14
4.7747752606463010e-13
-9.4479007410805868e-14
1.1285620508440526e-13
2.6180373489980853e-13
-2.8519161068197131e-13
-4.6851949015677712e-13
4.2532819761478587e-13
-3.9694532844096403e-13
-1.2951758615408365e-13
-3.6874561178492605e-13
2.5721171618758071e-13
-2.7813222988744549e-14
-1.0859262333587091e-13
-5.4336341015421115e-14
-1.5761349192622431e-13
8.7304220224551931e-15
1.0725130016745995e-13
7.7121834242949067e-14
-3.1301636015762411e-14
2.9218414742247956e-13
-3.6480062920203872e-13
-3.4803516003151027e-13
6.5683767351250533e-13
-3.8179200610863853e-13
-1.2706444389287776e-13
2.6619895117473209e-13
-6.7057331225495020e-14
-6.8578680964045008e-14
-2.9092810868385599e-13
-6.7385705775510302e-13
-6.8719198397468745e-13
-3.1708262415332586e-13
-8.9643638706946693e-13
-7.2052238614456754e-13
-1.2114082421483051e-12
-1.4854140856094995e-12
-2.3832673207017626e-12
-3.3616929499256398e-12
-3.7591311442762593e-12
-5.3747572085347975e-12
-7.6241655831953631e-12
-9.5318426119758650e-12
-1.3658174370416484e-11
-1.7921892868178535e-11
-2.3919062376782980e-11
-3.0893868208851149e-11
-3.9753702103285897e-11
-4.9151477471831802e-11
-6.0788707483512337e-11
-7.1848811564832017e-11
-8.0533464183627726e-11
-8.4578506238420721e-11
-7.8783896813821411e-11
-5.1640336883482437e-11
7.9482503751167807e-12
1.2375898359441975e-10
3.2827137498853685e-10
6.7048238451407504e-10
1.2219212258240291e-09
2.0895140450102172e-09
3.4200028937026317e-09
5.4304623995049471e-09
8.4206519994387858e-09
1.2812460580629841e-08
1.9188870681604887e-08
2.8355750867975439e-08
4.1409207892909602e-08
5.9837307487746741e-08
8.5640925344414077e-08
1.2149625526197754e-07
1.7095037602783858e-07
2.3867950322393663e-07
3.3079707817504376e-07
4.5524081830793755e-07
6.2224067013562944e-07
8.4487509259102869e-07
1.1397335631686993e-06
1.5276793299879700e-06
2.0347166715241412e-06
2.6929403955418743e-06
3.5415568358866278e-06
4.6278926685638091e-06
6.0083405859743275e-06
7.7490887051237600e-06
9.9264489597807134e-06
1.2626517052726205e-05
1.5943786115486047e-05
1.9978205297597201e-05
2.4829986838262198e-05
3.0591282977400788e-05
3.7333538525206047e-05
4.5089021278703092e-05
5.3824632608277792e-05
6.3405575596750446e-05
7.3545927799674858e-05
8.3742458345400383e-05
9.3187249378001784e-05
1.0065378486581387e-04
1.0435019356081962e-04
1.0173217252599891e-04
8.9266987950376492e-05
6.2138643191143189e-05
1.3883077186240124e-05
-6.4059017980325065e-05
-1.8288526966939544e-04
-3.5708500128606765e-04
-6.0521793058750800e-04
-9.5083319546918814e-04
-1.4235431680116345e-03
-2.0602648792465332e-03
-2.9066391460291423e-03
-4.0186332448614356e-03
-5.4643268252911282e-03
-7.3258724226480769e-03
-9.7016109553408562e-03
-1.2708308553602572e-02
-1.6483463540373385e-02
-2.1187611017947479e-02
-2.7006526871665770e-02
-3.4153202861107457e-02
-4.2869429598740516e-02
-5.3426784646185978e-02
-6.6126778771079767e-02
-8.1299865082592543e-02
-9.9302963954050388e-02
-1.2051510240847910e-01
-1.4533071141636336e-01
-1.7415007028144094e-01
-2.0736633621603096e-01
-2.4534855238086795e-01
-2.8841999236251309e-01
-3.3683117722966011e-01
-3.9072689738581295e-01
-4.5010659015254278e-01
-5.1477747050606004e-01
-5.8429989189020815e-01
-6.5792453184330768e-01
-7.3452115820693598e-01
-8.1249894049598148e-01
-8.8971853126447975e-01
-9.6339645647131089e-01
-1.0300027229323021e+00
-1.0851529740836829e+00
-1.1234969991976687e+00
-1.1386059200540337e+00
-1.1228609341689391e+00
-1.0673470728281320e+00
-9.6175602003114236e-01
-7.9430261611182906e-01
-5.5166021489997352e-01
-2.1892055039794225e-01
2.2041583013021787e-01
7.8441222545776845e-01
1.4926250548568694e+00
2.3659833148174720e+00
3.4266120409150833e+00
4.6975940939136906e+00
6.2026653508535592e+00
7.9658394286550891e+00
1.0010959412324933e+01
1.2361175705868472e+01
1.5038351065072169e+01
1.8062396089261668e+01
2.1450540912871794e+01
2.5216551502790551e+01
2.9369901775536679e+01
3.3914915627452373e+01
3.8849895836492948e+01
4.4166259549739692e+01
4.9847702611167890e+01
5.5869417197617381e+01
6.2197389002497324e+01
6.8787801422567867e+01
7.5586574754434309e+01
8.2529068195638857e+01
8.9539971386644723e+01
9.6533410260782546e+01
1.0341328904990675e+02
1.1007388641334319e+02
1.1640071883783341e+02
1.2227167875272832e+02
1.2755844830957008e+02
1.3212818261672606e+02
1.3584544856134036e+02
1.3857439738801156e+02
1.4018114115986134e+02
1.4053629534886690e+02
1.3951764234920148e+02
1.3701286394768249e+02
1.3292228498422017e+02
1.2716156584558014e+02
1.1966427828795018e+02
1.1038429757616898e+02
9.9297944216157248e+01
8.6405810748393606e+01
7.1734213213187004e+01
5.5336212979825405e+01
3.7292162572507046e+01
1.7709738781540963e+01
-3.2765624909027697e+00
-2.5506482804670515e+01
-4.8795609019829385e+01
-7.2937518388479489e+01
-9.7706432887876105e+01
-1.2286034105462487e+02
-1.4814453255082179e+02
-1.7329547877953132e+02
-1.9804498246099391e+02
-2.2212451053571641e+02
-2.4526961837736923e+02
-2.6722436931406486e+02
-2.8774565203462504e+02
-3.0660729967934566e+02
-3.2360391828024854e+02
-3.3855433863557641e+02
-3.5130461450554748e+02
-3.6173050095072443e+02
-3.6973935938078750e+02
-3.7527145006069838e+02
-3.7830058800842073e+02
-3.7883415395768009e+02
-3.7691246788009016e+02
-3.7260754799437382e+02
-3.6602129278506095e+02
-3.5728313689104914e+02
-3.4654724343502318e+02
-3.3398930513618819e+02
-3.1980303413830779e+02
-3.0419642572522986e+02
-2.8738788389898997e+02
-2.6960229715342217e+02
-2.5106715075955807e+02
-2.3200875763121434e+02
-2.1264868356950558e+02
-1.9320043465868031e+02
-1.7386646511268316e+02
-1.5483555329438798e+02
-1.3628058230899114e+02
-1.1835674987663154e+02
-1.0120022047740393e+02
-8.4927221375905532e+01
-6.9633573384373278e+01
-5.5394637386951153e+01
-4.2265648950950414e+01
-3.0282405972028268e+01
-1.9462268363711640e+01
-9.8054243785471034e+00
-1.2963752566813043e+00
6.0944114933035038e+00
1.2408729842749025e+01
1.7698792338162178e+01
2.2025362353853232e+01
2.5455903812552510e+01
2.8062786379624541e+01
2.9921579222554843e+01
3.1109461102321607e+01
3.1703769019373286e+01
3.1780702055358585e+01
3.1414191597072197e+01
3.0674943945769318e+01
2.9629656524338642e+01
2.8340404593106772e+01
2.6864191643295879e+01
2.5252653501025438e+01
2.3551903665990963e+01
2.1802505527315262e+01
2.0039555824717272e+01
1.8292863019684773e+01
1.6587204058858859e+01
1.4942643290501117e+01
1.3374897967684475e+01
1.1895735768245384e+01
1.0513391009837848e+01
9.2329876687776746e+00
8.0569588573752373e+00
6.9854540153854465e+00
6.0167266729020357e+00
5.1474971980906430e+00
4.3732864151103721e+00
3.6887173354353782e+00
3.0877834672441318e+00
2.5640832382594856e+00
2.1110209797184831e+00
1.7219756715950663e+00
1.3904392455957104e+00
1.1101266908958061e+00
8.7506051938828056e-01
6.7963233636292897e-01
5.1864434417147853e-01
3.8733359695510744e-01
2.8138173988488441e-01
1.9691282267446231e-01
1.3048158894249290e-01
7.9054424219528754e-02
3.9984907910484466e-02
1.0985669009915662e-02
-9.9019995139119025e-03
-2.4339549745606516e-02
-3.3722617013555299e-02
-3.9211699286592933e-02
-4.1761476003543983e-02
-4.2148329110513437e-02
-4.0995771580895853e-02
-3.8797609195589798e-02
-3.5938761079341783e-02
-3.2713744577451159e-02
-2.9342892459325101e-02
-2.5986416915044375e-02
-2.2756467628993318e-02
-1.9727352155433645e-02
-1.6944098142114214e-02
-1.4429540265250170e-02
-1.2190111979460671e-02
-1.0220514595573908e-02
-8.5074254919861435e-03
-7.0323941119904559e-03
-5.7740601471705927e-03
-4.7098134586100330e-03
-3.8170005652520171e-03
-3.0737682838359696e-03
-2.4596218267560733e-03
-1.9557623095491764e-03
-1.5452576084250226e-03
-1.2130906327717614e-03
-9.4612052709493264e-04
-7.3298490968634980e-04
-5.6396501495575607e-04
-4.3083038843913111e-04
-3.2667546450324843e-04
-2.4575690149751365e-04
-1.8333778466670661e-04
-1.3554261226943621e-04
-9.9225357413369909e-05
-7.1851657989118839e-05
-5.1395269688736178e-05
-3.6248324189863596e-05
-2.5144514557823652e-05
-1.7094088928892461e-05
-1.1329407332113653e-05
-7.2597932417830141e-06
-4.4344530073101224e-06
-2.5122764124420132e-06
-1.2374707917977092e-06
-4.2006125358299585e-07
7.9587706525486591e-08
3.6293854757517356e-07
5.0278182688672143e-07
5.5058405988063967e-07
5.4211682734441431e-07
5.0173820075442289e-07
4.4560885283242374e-07
3.8409348089955134e-07
3.2352597223833944e-07
2.6749246876216498e-07
2.1776244341812271e-07
1.7493578375881937e-07
1.3889955997716875e-07
1.0914159226814936e-07
8.4948429772967773e-08
6.5540859314612265e-08
5.0156319929701730e-08
3.8088267115920852e-08
2.8712000695785473e-08
2.1492795455246775e-08
1.5980191132051966e-08
1.1802535548569810e-08
8.6604050164509593e-09
6.3149604379882907e-09
4.5752053165493716e-09
3.2937578081600182e-09
2.3560307680735188e-09
1.6747624440049221e-09
1.1821055722722369e-09
8.3025901245103254e-10
5.7815606465167677e-10
3.9977847758232942e-10
2.7425863197846857e-10
1.8728811799568407e-10
1.2643629033850626e-10
8.4886990935613093e-11
5.5898586916736052e-11
3.6865937269974341e-11
2.3482838535169186e-11
1.5439686152892129e-11
9.1669591272016339e-12
6.0575932417497229e-12
4.0669549503985171e-12
2.1944795084879182e-12
1.1149562367363747e-12
1.3515123139704166e-12
2.1658771950211962e-14
-1.1240932796236776e-13
-4.7828121981528055e-13
-1.5360172785171968e-13
-6.6918193994747339e-14
-9.9750692254179623e-14
-4.8409601043969640e-13
-2.7810629208674662e-14
9.6823048461110030e-14
1.9155361769495233e-13
-1.0232196849682288e-13
-3.0878397552564061e-13
6.2012074935835131e-14
-7.5962116592769501e-13
4.5244730304537065e-13
4.7680055773835880e-13
5.1361024725206747e-14
3.2891488373002016e-13
3.4296539558404790e-13
-5.2141669926399568e-13
2.5056709842834326e-13
8.1566432101125126e-14
3.5793001520788293e-14
-2.3321584497295101e-13
3.3753942584615726e-13
3.6796147131557063e-14
6.4823818150293837e-13
-2.6229894085274906e-13
3.4060343859106896e-14
-8.1500377380659105e-13
8.8400435323987850e-13
-3.9190017503467547e-13
-1.0148585418020940e-13
-2.9481594871460185e-13
5.1491482400106687e-14
-1.1925317898447464e-12
-2.4096363517870658e-13
1.0589076793149281e-14
-7.0476892034281080e-15
-2.0647867519200949e-13
2.3706877274613480e-13
-7.3756351974664051e-13
3.1149828380668921e-13
1.9492443948224762e-13
-2.6900111796413975e-13
-2.0024951186462954e-13
2.8451197380172917e-13
-6.8950791400341433e-14
-2.2039638319505567e-13
1.5726783410576069e-13
6.0420360923547997e-13
-2.4058770060860694e-13
-1.8217095663130292e-13
1.8862636667874346e-13
-3.3793668043985123e-13
9.9401074624123947e-14
-5.1281666525603828e-14
-6.8585985727093695e-13
5.3507156320612402e-13
4.7674067294546050e-13
-3.2534728035360397e-13
2.8738276474519852e-13
5.4282679063308135e-13
1.4817936971253796e-13
1.2777406919384588e-13
2.9420647679487565e-13
-4.5104287893427901e-13
-5.8458299177564512e-13
3.4108430182994546e-13
4.6838061443687079e-13
1.3791219055997622e-13
4.6993103500890741e-13
1.0699638457653010e-13
3.7953901633921609e-13
9.3637720409308104e-14
1.1650184504551321e-13
-8.3263048675017432e-14
1.0225186252215150e-13
4.6844691635599292e-13
1.1944187004260495e-13
-2.4760142890826294e-13
6.9070702788991177e-13
2.2540575329258073e-14
-2.3444766305914379e-13
1.4765656821704644e-13
1.3863245303094419e-13
1.7395976769271847e-13
7.1988440724661085e-13
1.0461323257292596e-15
9.3614748054606721e-15
2.5659860129564381e-14
2.2274794947804768e-13
-4.4571231217499950e-13
3.2246070304710919e-14
3.7001493490972302e-13
2.3463098971357126e-14
-3.1598475370789005e-13
1.8468947386768160e-13
2.1342011391903549e-13
1.5052376904914426e-13
-1.0675176279658279e-13
-4.9359823745047960e-14
-2.5228703787809912e-13
