5.2262778953266765e-15
3.0545081684400609e-14
1.9703561988648301e-14
3.5743404889285013e-14
2.6452895387139333e-14
3.2212857379641828e-14
2.5773575538804324e-14
4.1747270778746659e-14
2.6954406726421451e-14
3.6237832842217372e-14
1.4193036644242409e-14
2.9379230979245432e-14
1.9180772878174632e-14
2.0562974530914494e-14
3.5115056992983656e-14
3.3905220284238979e-14
2.4995786956613009e-14
1.7319189086207019e-14
3.2982762824087101e-14
5.2866211343200463e-14
4.5979684362350430e-14
6.6466605203771158e-14
6.3673615534711524e-14
8.2084212277325327e-14
6.9072536972453968e-14
7.1876574576387421e-14
6.9096590545005722e-14
7.0666849729430721e-14
7.9103811695072122e-14
7.5808083141881158e-14
8.2815555436279492e-14
6.2956449177996536e-14
4.4385665061210070e-14
5.6498108339250685e-14
5.2072526177784944e-14
6.2169645743274510e-14
5.3664153123372985e-14
5.3588841143104192e-14
7.0573570063836288e-14
7.4993527625702388e-14
2.2397705446574068e-14
2.7713098242263898e-14
2.2637934110998619e-14
1.8366828552251974e-14
1.5851663455834180e-14
8.0991917184468909e-15
2.3767048370110815e-14
1.7577392990762879e-14
-3.2718877995811212e-15
6.3237391936062230e-15
-6.1511538519595375e-15
3.1212686966434842e-15
4.3232469799557212e-15
-1.0566227306445336e-14
1.0063002405898124e-14
-4.5303374686501705e-15
-1.7840900831061936e-14
1.1440349503652664e-14
-9.4594643531243389e-15
1.2303593602987590e-14
4.2368397062388584e-15
-5.9371429080813281e-15
1.8202650023073238e-14
5.6174474301685065e-15
6.1603985958955346e-15
3.4726238936054073e-14
3.6496805509681204e-14
5.4437589048551427e-14
5.6010162406860403e-14
5.8965895541426921e-14
6.2699175467230365e-14
6.7926612781208890e-14
5.9266157562612102e-14
5.0468015935910033e-14
6.6905580556617809e-14
8.4356895716934957e-14
6.3420527098351110e-14
6.6717500826954330e-14
9.2171832268391153e-14
6.8649451043558760e-14
6.0768596278072866e-14
6.8691109745412811e-14
5.7005447024571611e-14
5.6119716887995174e-14
4.6470776448562702e-14
2.1241709538982336e-14
2.5338479787519531e-14
3.0071769937322705e-14
2.8768686758749122e-14
5.6211132422917077e-14
5.2222009326104447e-14
5.7384570774679636e-14
4.0202963416406923e-14
4.1789194449380349e-14
3.3018361369634269e-14
2.7475804942647030e-14
5.9746028987379101e-15
1.8981379306109374e-14
-2.9691459731006601e-15
-1.2599634411115236e-14
-8.3670462007237231e-15
-2.0684569503360428e-14
4.5390846336567524e-16
1.9897194400285270e-14
2.6070258530701410e-14
2.6122496711816289e-14
4.7492246887328531e-14
3.9547816248554996e-14
5.1070805857663716e-14
4.9036856426468754e-14
6.6421865551900905e-14
3.1670822928499701e-14
7.1914235990888244e-15
1.4665609874862941e-14
-1.4039318309978596e-14
-4.9946732037150811e-15
-2.0078964412123740e-14
-4.6647867017000875e-14
-2.9225357930667143e-14
-3.3806091036450631e-14
-4.4979974800407285e-14
-4.2672134728143105e-14
-3.7958594459902699e-14
-4.2752381324686018e-14
-3.6723170768852077e-14
-3.8424916997259743e-14
-6.2170108840608118e-14
-6.4342799399369758e-14
-7.2248953179759590e-14
-6.5367563492833486e-14
-8.0293922907406989e-14
-8.1659891922214070e-14
-8.5013415446244471e-14
-9.5709678135301710e-14
-9.5790770895132487e-14
-1.1208779175669407e-13
-9.9557895989774565e-14
-1.2844257017685725e-13
-1.4129434536429038e-13
-1.6847123247856157e-13
-2.0971161632033095e-13
-2.4278173730885993e-13
-2.8317871287543314e-13
-3.3654233553654473e-13
-3.9618278956346512e-13
-4.2483953223858566e-13
-4.9141127715814537e-13
-5.3851521452548661e-13
-5.7134192900560653e-13
-5.9318889565129946e-13
-6.3631746038791861e-13
-6.8043639199238985e-13
-7.1529509592462763e-13
-7.8199109592627474e-13
-8.4508503076057580e-13
-9.0831776876995516e-13
-9.8875006354713355e-13
-1.0476116834319635e-12
-1.1695354480206742e-12
-1.2867376850358381e-12
-1.3627591582538223e-12
-1.4792504646816536e-12
-1.6341606766230701e-12
-1.7581004050087129e-12
-1.9177505500647825e-12
-2.0681385780144470e-12
-2.2545503575160831e-12
-2.4749953110303109e-12
-2.6339805481867869e-12
-2.9035540869586487e-12
-3.1548436738587157e-12
-3.4753012998620170e-12
-3.8489610980971320e-12
-4.2136238305517670e-12
-4.6576735787676368e-12
-5.1260678582216665e-12
-5.6658478818478685e-12
-6.2099726791301200e-12
-6.8311864961792589e-12
-7.4739182114882086e-12
-8.2009652047025569e-12
-8.9159360390874244e-12
-9.7452083540920513e-12
-1.0598372039942328e-11
-1.1498119530772486e-11
-1.2504730731661313e-11
-1.3546470098834343e-11
-1.4662553579859265e-11
-1.5879341147413248e-11
-1.7106401901271131e-11
-1.8454780936803471e-11
-1.9853596929277586e-11
-2.1342957385764954e-11
-2.2878564991113054e-11
-2.4495665564489761e-11
-2.6131223314184053e-11
-2.7837633252855796e-11
-2.9557334195778127e-11
-3.1327537022279363e-11
-3.3140830241199626e-11
-3.4974869000274917e-11
-3.6844642548412368e-11
-3.8741227437163562e-11
-4.0625995113186704e-11
-4.2539791374868319e-11
-4.4436104665364650e-11
-4.6339182423075636e-11
-4.8215482657750829e-11
-5.0083749420661326e-11
-5.1887870925401893e-11
-5.3657382631730500e-11
-5.5356838294117877e-11
-5.7004176547175785e-11
-5.8540702529578131e-11
-5.9987822430491610e-11
-6.1371472604582420e-11
-6.2619274389879478e-11
-6.3773732014087415e-11
-6.4771787774143618e-11
-6.5698737047737619e-11
-6.6485595489427729e-11
-6.7087779780943454e-11
-6.7603923679941663e-11
-6.7974127206131505e-11
-6.8179414451463780e-11
-6.8290577430932310e-11
-6.8233797610415950e-11
-6.8029304612813444e-11
-6.7671923635916269e-11
-6.7173351042757781e-11
-6.6519219153728093e-11
-6.5740707720999236e-11
-6.4863798185993801e-11
-6.3856958927765828e-11
-6.2742083087388040e-11
-6.1508896964074699e-11
-6.0173445366400029e-11
-5.8687828381130517e-11
-5.7155422649757693e-11
-5.5529433569803788e-11
-5.3832442063705558e-11
-5.2133161814509596e-11
-5.0341674127762170e-11
-4.8550368200678523e-11
-4.6696408987944727e-11
-4.4844790106746414e-11
-4.2983590474350194e-11
-4.1112215042505768e-11
-3.9265877230195422e-11
-3.7448980561754629e-11
-3.5618433567296803e-11
-3.3846328388710036e-11
-3.2056233024389731e-11
-3.0327027875327264e-11
-2.8610367951385336e-11
-2.6950087138674749e-11
-2.5300356547920245e-11
-2.3743549456647209e-11
-2.2219679323520242e-11
-2.0790355466895238e-11
-1.9396207561459090e-11
-1.8075326704825950e-11
-1.6819349303221661e-11
-1.5633107318877909e-11
-1.4503167001573885e-11
-1.3425991270338294e-11
-1.2410610800346864e-11
-1.1447847815250953e-11
-1.0514850927268563e-11
-9.6590895034470118e-12
-8.8687332673687295e-12
-8.0969118140495358e-12
-7.3543297274592048e-12
-6.7207398660584977e-12
-6.0808631690823231e-12
-5.5465464330319435e-12
-5.0230614843569118e-12
-4.5786762535038324e-12
-4.1410389206992643e-12
-3.7794968200850592e-12
-3.4437483598695293e-12
-3.1302489281570468e-12
-2.8431934058459032e-12
-2.5913031673341884e-12
-2.3418553335859385e-12
-2.1455784140335082e-12
-1.9180114572879445e-12
-1.7206160518165415e-12
-1.5716062301052297e-12
-1.4382400564712207e-12
-1.2836263877729587e-12
-1.1825548980419363e-12
-1.0723920771903496e-12
-9.9267799148379999e-13
-8.7437809294808734e-13
-7.7997341369721843e-13
-6.8886912984097161e-13
-5.7378518835182434e-13
-5.1970306637467842e-13
-4.5488220539453100e-13
-3.7830386142580699e-13
-3.4704159252471440e-13
-3.0018783499024109e-13
-2.5741036917008575e-13
-2.1081578403056863e-13
-1.9538034639132340e-13
-1.7918646400403960e-13
-1.7893196738226357e-13
-1.4799701518129103e-13
-1.5900776913562575e-13
-1.5151830848806387e-13
-1.5725024112158736e-13
-1.4682799465022794e-13
-1.4491107048893317e-13
-1.5730739129177595e-13
-1.5365609684498907e-13
-1.4254333908411714e-13
-1.3365987102129229e-13
-1.1779732719252951e-13
-1.2126509084678703e-13
-9.7216671396468845e-14
-1.0852468480474063e-13
-1.2044280231852588e-13
-1.2226809537827205e-13
-1.2059830660379835e-13
-1.1059277873298839e-13
-9.9793526881689317e-14
-1.0810524737060954e-13
-1.0336453323857404e-13
-9.1880320400641844e-14
-9.5415986273465261e-14
-1.0479275277997382e-13
-9.9022148415506716e-14
-8.1902319843872205e-14
-6.9369231681193071e-14
-3.8862108060194388e-14
-1.9640209945019190e-14
1.5777653603297997e-14
3.7349043483211778e-15
1.6420220977284885e-14
3.3783418057798821e-14
6.2520474302824451e-14
8.0235280555799762e-14
8.4955026638346747e-14
8.3539964059098086e-14
8.4047365244232390e-14
6.6326615667747144e-14
7.1433047866568380e-14
8.1129546804603234e-14
9.6162656342600125e-14
1.1430500473891802e-13
1.2214754807275650e-13
1.5454675000903674e-13
1.5390068452675268e-13
1.4536067736528973e-13
1.6260037994140520e-13
1.5321360595094376e-13
1.5432120414347944e-13
1.3481731724938198e-13
1.0021304775362235e-13
7.9372530991526017e-14
3.9129836309131072e-14
1.9920520107028337e-14
-1.4685192403533276e-14
-3.0137794633695163e-14
-4.5489655239942611e-14
-4.1843494872471184e-14
-2.2427980435652003e-14
6.9999273983940005e-15
9.4947564585561707e-16
1.2958275210543999e-14
8.4389093935452630e-15
7.1134704789576157e-15
2.1226412937739608e-14
2.4787730692439222e-14
2.6988508436969153e-14
3.6069561795917791e-14
3.8275510399855565e-14
2.9590987658511450e-14
1.8419404084717270e-14
2.4178582200570864e-14
2.9128010154857097e-14
1.9677701019633547e-14
1.7633418128825757e-14
1.4931969332174842e-14
-6.2975574512617453e-15
7.3891597735090777e-15
-3.0952438702004621e-15
-6.2010303467123051e-15
-1.6195328888040132e-14
-1.6200199774196343e-14
-2.2193689013222448e-14
-1.0395633271689927e-14
-1.8935192006921841e-14
-3.3242701528551793e-15
-1.9367666978193976e-14
-2.6842505712312479e-15
-1.4959718104583270e-14
-1.1146644398792145e-14
-2.8395038853769839e-14
-1.2787689547405346e-15
-9.2863078232354117e-15
-6.6933310600327748e-15
-4.3243617240723962e-15
-1.6021402746696512e-14
-2.6672235986740444e-14
-2.9595918337874299e-14
-4.2407930491473861e-14
-1.0663022721836273e-14
-2.5899330617646588e-14
-1.8023016512650594e-15
-4.7926613670570020e-15
1.2615884974495385e-14
-1.3226325849176819e-14
-1.5214516285749632e-14
-3.9249932024053017e-15
-2.5192667328645605e-16
-1.4974271084444158e-14
7.2854973276107338e-15
3.8922233495878582e-15
2.2036860579676659e-14
1.2997984880179507e-14
-1.9079271276937936e-14
-1.9220445235964911e-14
8.6953012377501834e-15
6.1691599830059610e-16
1.7666206870487906e-14
3.5464050617179053e-14
4.1744237637857619e-14
2.9779718444326360e-14
1.8557418442778241e-14
3.7930105690949963e-15
2.3081734586745125e-14
1.2604491501134124e-14
3.1170929294485478e-14
2.2561385753095164e-14
3.6708821909236087e-14
5.1720048217509331e-15
8.4955338305606781e-16
6.5462836991078146e-15
1.5625669651526024e-14
2.8002843676213556e-14
4.5014395250310330e-14
4.1615974743965950e-14
3.4028305509167340e-14
2.2374848742471316e-14
1.4729851161140809e-14
2.4447169235208507e-14
1.8742967815638173e-14
4.1862407710561655e-15
3.3160054170600325e-14
2.4283541798474045e-14
3.7489950574665166e-14
2.7596379629855399e-14
1.0495256234199020e-14
2.2543314941035062e-14
1.2411736694063051e-14
2.5054429989931909e-14
2.7434536463448196e-14
2.8120131497695377e-14
3.9893725672414130e-14
3.9054081770854636e-14
1.5550082266157727e-14
3.3650966573419941e-14
2.2063500544069939e-14
1.6612853994793005e-14
2.4260248181889860e-14
2.9856347569050961e-14
4.6988681973370531e-14
4.6917454295354680e-14
1.4689422271388294e-14
2.9485654217105069e-14
1.9700215640394102e-14
2.8392937926816582e-14
1.0299798709476920e-14
3.0213990396540914e-14
2.7226211312425028e-14
1.9151425486497542e-14
2.3558269749316042e-14
3.8394156625299764e-14
1.2730480595209016e-14
3.5773080180018749e-14
5.3596059969234617e-14
4.3031162747970035e-14
4.1818759783487855e-14
5.5992253222272858e-14
3.6854038690563138e-14
4.0741523582387288e-14
1.9744345407952147e-14
4.0424302963085609e-14
2.5994501439122164e-14
4.2363266927835112e-14
4.9028417785188545e-14
3.4535880060653433e-14
2.1209358538904345e-14
2.7681359475422366e-14
5.2119944724231035e-15
1.4850308131628569e-14
2.4640213784901785e-14
3.1639618497166217e-14
1.7942412765038068e-14
4.0943213075219152e-14
2.8184436698523157e-14
3.9282827693994317e-14
1.5451979786714453e-14
1.1497399641255644e-14
1.2885691246300053e-14
2.6097367639045353e-14
2.4559687486600561e-14
8.6334236724259909e-15
1.1212437542722288e-14
1.8155072338065977e-14
