1.3499417612862855e-12
-2.9877427486164873e-13
-5.8921452183802250e-13
1.4649063962576481e-12
8.7805816768739093e-13
-1.0148961474297312e-13
8.7523128587529200e-13
3.0256195595341121e-13
-3.3715767332889152e-13
-6.3106210071998150e-13
-1.4739580944985110e-13
1.5592156284281290e-14
1.0465404948747176e-12
1.3757201598170179e-13
4.8851094833068990e-13
1.6355325604114281e-13
9.0052770325697033e-13
-1.7670430838825581e-13
-5.1693892225273710e-13
7.0635259868491470e-13
-3.0723474709495977e-13
-1.4886776028501274e-13
5.9180680867332734e-13
2.2055184776053664e-13
-8.6803030569803550e-14
1.0130887300037227e-12
-8.4373347498186621e-14
6.7252323927786872e-13
1.3326275505444744e-12
2.3063854734105895e-12
1.6523816526779569e-12
3.4704278914099557e-12
4.6175458402487849e-12
7.3019641257821175e-12
1.0082710307388900e-11
1.4534465730795034e-11
1.9094135457067030e-11
2.7335257316036972e-11
3.8490095344566373e-11
5.1713567705366272e-11
7.3148286545321436e-11
9.9399913924279618e-11
1.3338318240636072e-10
1.7950097436325994e-10
2.3973771190458695e-10
3.1862211862144386e-10
4.1639498574394740e-10
5.4176894256233475e-10
6.9238813942787051e-10
8.7680864932967442e-10
1.0913915060536317e-09
1.3296053766920541e-09
1.5806831731363145e-09
1.8185618656726971e-09
1.9905317012454729e-09
2.0227572591566455e-09
1.7842402450769061e-09
1.0715543155897063e-09
-4.1667282567043494e-10
-3.1361153010377732e-09
-7.7548738469952541e-09
-1.5244010706034411e-08
-2.6986753365056701e-08
-4.4956080534175155e-08
-7.1909491004437546e-08
-1.1169527168499082e-07
-1.6962298496933985e-07
-2.5296827416889578e-07
-3.7162381241459785e-07
-5.3895952370056684e-07
-7.7291630411937627e-07
-1.0974049234887440e-06
-1.5441087192419094e-06
-2.1547389304651755e-06
-2.9838656291357070e-06
-4.1024644621708137e-06
-5.6022809617629103e-06
-7.6011837055355339e-06
-1.0249690615941880e-05
-1.3738808746818126e-05
-1.8309412771194592e-05
-2.4263307247537675e-05
-3.1976145001322608e-05
-4.1912284166359715e-05
-5.4641654676596660e-05
-7.0858527442338291e-05
-9.1401933492399998e-05
-1.1727727172614559e-04
-1.4967827731434709e-04
-1.9000813197535304e-04
-2.3989789328524055e-04
-3.0121974341160547e-04
-3.7609157411891089e-04
-4.6686834084008982e-04
-5.7611411907035456e-04
-7.0654709859938926e-04
-8.6094763353220449e-04
-1.0420169422405839e-03
-1.2521711039716358e-03
-1.4932515290027701e-03
-1.7661291380476338e-03
-2.0701749421666452e-03
-2.4025646759542980e-03
-2.7573795681922731e-03
-3.1244592815783388e-03
-3.4879565943637604e-03
-3.8245367681183809e-03
-4.1011577119508310e-03
-4.2723605294618279e-03
-4.2769939613464640e-03
-4.0342909790698064e-03
-3.4392121025985179e-03
-2.3569681018995258e-03
-6.1663561287635940e-04
1.9962166122353730e-03
5.7479645184369968e-03
1.0966488667929517e-02
1.8051897278627153e-02
2.7488425201761518e-02
3.9857486061767845e-02
5.5851809935653376e-02
7.6290543693750115e-02
1.0213512494932629e-01
1.3450566268773420e-01
1.7469746786112325e-01
2.2419727569539288e-01
2.8469858868614617e-01
3.5811544642170057e-01
4.4659379725979481e-01
5.5251951012099165e-01
6.7852192541358380e-01
8.2747170689053784e-01
1.0024716259894872e+00
1.2068387929964355e+00
1.4440767523689524e+00
1.7178357901342274e+00
2.0318597682675787e+00
2.3899178128919272e+00
2.7957192496012984e+00
3.2528103088535723e+00
3.7644513264817969e+00
4.3334734463693287e+00
4.9621142011835211e+00
5.6518318074877598e+00
6.4030985662929876e+00
7.2151744086186955e+00
8.0858623647853918e+00
9.0112485581449562e+00
9.9854302175796104e+00
1.1000236151963881e+01
1.2044945113497862e+01
1.3106008469592199e+01
1.4166784575126956e+01
1.5207293154114543e+01
1.6203998824444124e+01
1.7129633590874651e+01
1.7953068647883008e+01
1.8639246132405560e+01
1.9149181505772528e+01
1.9440046985297382e+01
1.9465345854802710e+01
1.9175186532058667e+01
1.8516663940060766e+01
1.7434354008765013e+01
1.5870925026578750e+01
1.3767867081719173e+01
1.1066338012408510e+01
7.7081211656613791e+00
3.6366869071342651e+00
-1.2016536970366998e+00
-6.8565182032491476e+00
-1.3372163869060346e+01
-2.0786162678384844e+01
-2.9128065693710806e+01
-3.8418084933784350e+01
-4.8665823301261412e+01
-5.9869084802927603e+01
-7.2012798307930410e+01
-8.5068088283321515e+01
-9.8991525255280166e+01
-1.1372458711466676e+02
-1.2919335978896822e+02
-1.4530850223985252e+02
-1.6196549624786687e+02
-1.7904519607690673e+02
-1.9641468696700844e+02
-2.1392845461155079e+02
-2.3142986049023799e+02
-2.4875291033347548e+02
-2.6572429528903092e+02
-2.8216567776516439e+02
-2.9789618666143286e+02
-3.1273507999578032e+02
-3.2650452701487472e+02
-3.3903245694010508e+02
-3.5015541773889441e+02
-3.5972138587536625e+02
-3.6759246700620702e+02
-3.7364742812649155e+02
-3.7778400377048166e+02
-3.7992092252174416e+02
-3.7999960522383776e+02
-3.7798549279858241e+02
-3.7386896931952742e+02
-3.6766585475864969e+02
-3.5941745139384585e+02
-3.4919013797519011e+02
-3.3707451611999090e+02
-3.2318412375092038e+02
-3.0765374041641189e+02
-2.9063731875492977e+02
-2.7230558491905293e+02
-2.5284335822191645e+02
-2.3244664640277327e+02
-2.1131957756554539e+02
-1.8967123290655744e+02
-1.6771244574624717e+02
-1.4565263209772169e+02
-1.2369671607615176e+02
-1.0204220996114516e+02
-8.0876503797884979e+01
-6.0374413232269433e+01
-4.0696027023921431e+01
-2.1984887599570587e+01
-4.3665293464317898e+00
1.2052609640280279e+01
2.7185895690425966e+01
4.0966829767315524e+01
5.3349010380649325e+01
6.4305747628054036e+01
7.3829353758777259e+01
8.1930141644455915e+01
8.8635167439581721e+01
9.3986757440691335e+01
9.8040861670299464e+01
1.0086527801903550e+02
1.0253779091353807e+02
1.0314426750701243e+02
1.0277675241159689e+02
1.0153159912788131e+02
9.9507672716348679e+01
9.6804654050030607e+01
9.3521471345974845e+01
8.9754879754814567e+01
8.5598204748813686e+01
8.1140260036047579e+01
7.6464445876496427e+01
7.1648029102796116e+01
6.6761601954613269e+01
6.1868713100560278e+01
5.7025661004710486e+01
5.2281437134321948e+01
4.7677804419609963e+01
4.3249494864768089e+01
3.9024509254709557e+01
3.5024501471965607e+01
3.1265229988702675e+01
2.7757059576404643e+01
2.4505497119752825e+01
2.1511746567451972e+01
1.8773269434868563e+01
1.6284338826212888e+01
1.4036576604719720e+01
1.2019465049750362e+01
1.0220826047155050e+01
8.6272625176590108e+00
7.2245583588676201e+00
5.9980346284290009e+00
4.9328610056954787e+00
4.0143227203729666e+00
3.2280441202020493e+00
2.5601708622747834e+00
1.9975133567083723e+00
1.5276545741137064e+00
1.1390256601592952e+00
8.2095299536458410e-01
5.6368041155140047e-01
3.5837024492576491e-01
1.9708678696268994e-01
7.2765505271526712e-02
-2.0828836178173389e-02
-8.9152308942613667e-02
-1.3693766081718706e-01
-1.6825363886560504e-01
-1.8656588627044041e-01
-1.9479781445694863e-01
-1.9539014701658766e-01
-1.9035810647655169e-01
-1.8134546515495520e-01
-1.6967490472722449e-01
-1.5639432450949284e-01
-1.4231890557068527e-01
-1.2806887755223223e-01
-1.1410304860736585e-01
-1.0074824837450373e-01
-8.8224901354015339e-02
-7.6668996206594023e-02
-6.6150747685390587e-02
-5.6690264825120240e-02
-4.8270544181291064e-02
-4.0848102435150510e-02
-3.4361550954280673e-02
-2.8738397694114782e-02
-2.3900340770817857e-02
-1.9767294680183789e-02
-1.6260365596823978e-02
-1.3303967419544344e-02
-1.0827246041153440e-02
-8.7649562439007633e-03
-7.0579140987346483e-03
-5.6531279931616345e-03
-4.5036936516270748e-03
-3.5685227376610965e-03
-2.8119608307226201e-03
-2.2033387255310458e-03
-1.7164909035827902e-03
-1.3292665763971734e-03
-1.0230517939553150e-03
-7.8231541981222264e-04
-5.9418733524298152e-04
-4.4807366146559595e-04
-3.3531121226007326e-04
-2.4886127233917716e-04
-1.8304151497662547e-04
-1.3329380739570733e-04
-9.5985101641689311e-05
-6.8238276461949694e-05
-4.7789664411878894e-05
-3.2870042535793893e-05
-2.2106021308978458e-05
-1.4438945268997003e-05
-9.0587127516795885e-06
-5.3501353019335344e-06
-2.8498127874939444e-06
-1.2116839381467706e-06
-1.7970971339581715e-07
4.3361568617131655e-07
7.6405330450695720e-07
9.0865142029403800e-07
9.3575564017383596e-07
8.9265547594431542e-07
8.1136591016580509e-07
7.1297207944397024e-07
6.1084055368106741e-07
5.1299953905180562e-07
4.2384814076175198e-07
3.4539444681624026e-07
2.7812413220147606e-07
2.2161164025570713e-07
1.7492144970605559e-07
1.3688501520056695e-07
1.0627226620244390e-07
8.1898517649032225e-08
6.2677270679056016e-08
4.7651159998270728e-08
3.5999971471547939e-08
2.7032476168725876e-08
2.0181937180474741e-08
1.4980021619750247e-08
1.1057801758171510e-08
8.1178103990736696e-09
5.9278597859300525e-09
4.3043853321015524e-09
3.1098998113966613e-09
2.2348023670668434e-09
1.5971130996608281e-09
1.1354018994270962e-09
8.0379639434365899e-10
5.6489873247272410e-10
3.9482350758073102e-10
2.7440343666014007e-10
1.9000856506843926e-10
1.3014559072267643e-10
8.9358059725284666e-11
5.9882964614798070e-11
4.0943074438437843e-11
2.6693221014770300e-11
1.8919903668311302e-11
1.1210110733820637e-11
8.5881018949136882e-12
5.1127542340149181e-12
3.3624201405056882e-12
2.0605546065466813e-12
2.5606115614699219e-12
-1.9167055104349633e-14
3.4542594580056398e-13
4.8802275612917655e-13
4.1258706451151719e-13
4.9418278793025904e-13
2.3663108772439409e-13
-7.9909286807298944e-13
6.0826472914545914e-13
5.6275232810336722e-13
1.5576227004652284e-12
-4.1087706551494659e-13
2.4605107911540274e-13
4.3448886433247526e-13
-8.4283701330889125e-14
8.7167446830107904e-13
-1.9499276716127212e-13
-6.3435289028921634e-13
9.9081482936751692e-14
4.3235301570025763e-13
-5.2678549274302942e-13
2.7188567772423477e-13
5.5705320905664327e-13
-1.5985703400123949e-13
9.9487470978692783e-15
2.2712062095483733e-14
-4.5200171041707528e-13
2.2790529960642752e-13
5.6442828936468429e-13
1.9845297207660142e-13
-2.2576172413483943e-13
-4.6603615785952515e-13
-4.1779242764084526e-13
-1.2694837501723625e-13
7.2633351290181985e-13
-3.5853514518313674e-13
-1.0254943252093029e-12
1.9332361038394409e-12
8.3873711518326957e-13
1.4898891946580192e-13
-4.8463896814847910e-13
-5.0781969967197420e-14
3.0921552645227103e-13
1.3984181274824145e-13
1.2791100858086221e-12
-5.0856645068576109e-13
-5.0846643749460526e-14
-5.0036777244128444e-13
-1.5887019385818897e-13
5.1737369515468501e-13
9.3647190057507009e-13
-6.0216030647275494e-13
-7.7978151877461378e-13
-6.1845795887440256e-13
-9.4163339448860124e-13
-5.4824609728825691e-14
9.2336978768202862e-13
-1.0184059075900750e-13
3.0339603290332289e-13
7.1825919022598244e-13
5.3549937184947810e-13
-5.8001413314643437e-13
5.9891652663670533e-13
8.0459781947530974e-13
2.9660548546420257e-14
1.2548374531393959e-12
-6.5769340451671618e-13
-7.3192188276141736e-13
1.3854488170258214e-12
1.1627289899329648e-13
-7.6510567101189366e-13
8.7461583218616487e-13
1.2110476137072727e-12
-1.0366982762457354e-12
2.0304107300462457e-14
-1.6718254754175746e-13
-1.9769237317981928e-13
-1.4543253050059387e-13
2.1476073142797674e-13
3.6927598533289077e-13
-1.6640432775938546e-13
6.0882560322449606e-13
-2.1250215755656276e-13
-1.1275020636446917e-12
5.5058705519270000e-13
5.9214331333789916e-13
-7.0531681578719359e-13
3.5200483035086954e-13
-2.0791672974684836e-14
-2.2096973821354831e-13
1.1904544154271221e-12
6.3849483955311802e-13
2.7841140202807296e-13
3.4809435685729751e-13
1.0084792117602575e-12
-2.4556293989321278e-15
-8.5254472729694497e-13
-4.3017726634954422e-14
4.5673327552796567e-14
-7.2620124402200912e-13
4.8318072328347642e-13
-1.1306712211628212e-12
-6.6445029415557816e-14
3.8465318034454273e-13
3.2551664938890083e-13
-3.1960426090942878e-13
-2.3400946069210445e-13
6.7170650150678337e-13
-1.3082441918722948e-14
-8.2844751387775377e-13
2.0322929197112396e-13
-2.1312175951907123e-13
4.5359597561854030e-14
-2.3709914311958420e-13
-1.0721567937677429e-12
-2.3435790131468451e-13
1.4510384507525194e-12
-1.7874358654152323e-13
-1.2638782799601048e-12
5.8254009412484753e-13
3.1200780174181174e-13
-6.1206908677974269e-13
-6.9298853658979580e-13
7.4200753028600902e-13
-3.4081220576295945e-13
4.7056529898275747e-13
-2.0171349938240715e-15
1.6480341724692606e-13
7.0925086350548824e-13
