-1.7088991616179889e-14
0.0000000000000000e+00
8.5696394119176123e-15
8.5821541341231425e-15
1.7189261017564415e-14
1.7214136631267272e-14
0.0000000000000000e+00
2.1579568367730149e-14
1.7288296266838407e-14
0.0000000000000000e+00
1.3003006732544920e-14
8.6808729548288381e-15
8.6930346577658196e-15
0.0000000000000000e+00
2.8331019949085923e-14
3.0552469578893184e-14
1.7482552355329678e-14
3.2824628093495497e-14
4.1634466064141617e-14
4.8273641572390354e-14
5.9324797680264490e-14
5.0603737864707959e-14
5.5077493575498972e-14
6.6180790726880607e-14
4.9701201902984848e-14
3.9813255687334870e-14
6.8657001978876834e-14
4.2134887120892041e-14
4.3299718837882384e-14
4.1132164428107832e-14
4.1184905319839326e-14
3.9008391228017154e-14
4.4637593493620110e-14
5.5867432227691000e-14
5.6496968914624451e-14
8.5691433479009241e-14
9.3087937175126146e-14
1.1538082095414295e-13
1.2564145143700762e-13
1.7279236564122392e-13
1.8765420683402540e-13
2.3696728728950990e-13
3.6096254386002069e-13
4.8977711106043503e-13
6.8514487740219625e-13
1.0045564638834512e-12
1.4336881980632136e-12
2.1002026123040634e-12
3.0345007538721501e-12
4.3901371669734074e-12
6.3361857520388688e-12
9.1132610291648326e-12
1.3108208248619478e-11
1.8771376009458080e-11
2.6830025069905761e-11
3.8303602878863986e-11
5.4551235956757264e-11
7.7524100560322579e-11
1.0998489536778877e-10
1.5565265402481353e-10
2.1984197167687881e-10
3.0985227955327283e-10
4.3581708295747149e-10
6.1171573416486125e-10
8.5680662160797997e-10
1.1975658046040608e-09
1.6703347229549537e-09
2.3248742385469869e-09
3.2291065161418870e-09
4.4756131237813373e-09
6.1903461888504580e-09
8.5440999670521181e-09
1.1768106074587894e-08
1.6174702139182153e-08
2.2184744844027209e-08
3.0364190371875642e-08
4.1472263259122854e-08
5.6525263775174543e-08
7.6880496213814313e-08
1.0434673169878937e-07
1.4132861292923064e-07
1.9101621471217535e-07
2.5763158299416885e-07
3.4675029306498464e-07
4.6571828552926757e-07
6.2419246157803547e-07
8.3483867372291068e-07
1.1142313923245134e-06
1.4840105286573844e-06
1.9723653181945975e-06
2.6159324299065663e-06
3.4622183117199332e-06
4.5726837332676569e-06
6.0266594284826724e-06
7.9263074975076000e-06
1.0402888841604635e-05
1.3624663299680830e-05
1.7806820230313390e-05
2.3223931848735271e-05
3.0225528155197358e-05
3.9255528220560814e-05
5.0876418285000128e-05
6.5799260071485951e-05
8.4920837177454212e-05
1.0936951868979197e-04
1.4056173572485835e-04
1.8027134490331456e-04
2.3071459177836318e-04
2.9465390663509678e-04
3.7552436545885412e-04
4.7758735006817672e-04
6.0611674996227389e-04
7.6762398013667781e-04
9.7012915742325620e-04
1.2234869981145658e-03
1.5397773826436691e-03
1.9337721015931736e-03
2.4234910566073285e-03
3.0308631611332530e-03
3.7825093780597596e-03
4.7106677565092094e-03
5.8542829944779112e-03
7.2602859633558491e-03
8.9850917848454011e-03
1.1096348440786894e-02
1.3674971511673812e-02
1.6817504458504377e-02
2.0638847849052656e-02
2.5275405046185192e-02
3.0888696060709004e-02
3.7669495456671434e-02
4.5842554293411698e-02
5.5671969991899904e-02
6.7467271596838935e-02
8.1590291028077758e-02
9.8462893406605079e-02
1.1857564121698451e-01
1.4249746771902566e-01
1.7088643441952839e-01
2.0450164531094536e-01
2.4421638671388340e-01
2.9103255564608482e-01
3.4609643139563878e-01
4.1071583410950846e-01
4.8637870043188858e-01
5.7477308926490367e-01
6.7780861031915196e-01
7.9763924404402342e-01
9.3668749359833858e-01
1.0976697775999422e+00
1.2836229364214693e+00
1.4979316847882265e+00
1.7443567994953841e+00
2.0270637834119278e+00
2.3506516959176791e+00
2.7201817860005018e+00
3.1412055080388748e+00
3.6197914425815814e+00
4.1625505861404610e+00
4.7766594162212908e+00
5.4698800817827600e+00
6.2505770164376404e+00
7.1277292235356526e+00
8.1109374404683230e+00
9.2104253558845581e+00
1.0437034029849631e+01
1.1802208655211141e+01
1.3317976800436146e+01
1.4996917291799011e+01
1.6852118927766551e+01
1.8897128272333230e+01
2.1145885848278990e+01
2.3612650146945271e+01
2.6311908988918763e+01
2.9258277910332279e+01
3.2466385412247625e+01
3.5950745095174042e+01
3.9725614906046118e+01
4.3804843949191799e+01
4.8201707553614511e+01
5.2928731543313518e+01
5.7997506921778118e+01
6.3418496452025529e+01
6.9200834884853720e+01
7.5352124855105345e+01
8.1878230723012948e+01
8.8783072879122088e+01
9.6068425250656077e+01
1.0373371893820025e+02
1.1177585506801148e+02
1.2018903006107709e+02
1.2896457658962046e+02
1.3809082350997443e+02
1.4755297802323420e+02
1.5733303321833625e+02
1.6740970399369581e+02
1.7775839413192250e+02
1.8835119701735911e+02
1.9915693213952724e+02
2.1014121911973848e+02
2.2126659053728605e+02
2.3249264432137545e+02
2.4377623592228369e+02
2.5507170988845078e+02
2.6633116986481957e+02
2.7750478540226442e+02
2.8854113333976142e+02
2.9938757090201216e+02
3.0999063705788387e+02
3.2029647812166257e+02
3.3025129306195589e+02
3.3980179352381498e+02
3.4889567317919892e+02
3.5748208070909385e+02
3.6551209049592893e+02
3.7293916497428853e+02
3.7971960255641807e+02
3.8581296511980355e+02
3.9118247921822649e+02
3.9579540545404490e+02
3.9962337082475659e+02
4.0264265932571266e+02
4.0483445664568870e+02
4.0618504542347614e+02
4.0668594823060806e+02
4.0633401619515388e+02
4.0513146197041897e+02
4.0308583656563002e+02
4.0020995037802510e+02
3.9652173958172074e+02
3.9204407982295396e+02
3.8680454992898365e+02
3.8083514904506592e+02
3.7417197125767331e+02
3.6685484233108372e+02
3.5892692366890708e+02
3.5043428900421867e+02
3.4142547961590827e+02
3.3195104406098329e+02
3.2206306850139094e+02
3.1181470369012902e+02
3.0125969456778574e+02
2.9045191821195920e+02
2.7944493558485851e+02
2.6829156214700691e+02
2.5704346195697207e+02
2.4575076936917674e+02
2.3446174188568691e+02
2.2322244712556599e+02
2.1207648625932757e+02
2.0106475562856511e+02
1.9022524764405296e+02
1.7959289144097164e+02
1.6919943317811592e+02
1.5907335530867189e+02
1.4923983363194071e+02
1.3972073046546365e+02
1.3053462186121982e+02
1.2169685643233298e+02
1.1321964306099889e+02
1.0511216452566333e+02
9.7380713915999920e+01
9.0028850596830040e+01
8.3057572434488890e+01
7.6465501007918576e+01
7.0249076587717809e+01
6.4402759774508667e+01
5.8919236837735980e+01
5.3789625981430817e+01
4.9003681978335237e+01
4.4549996851809006e+01
4.0416194539883492e+01
3.6589117741649865e+01
3.3055005417133309e+01
2.9799659682582202e+01
2.6808601108848464e+01
2.4067211686963432e+01
2.1560864968414542e+01
1.9275043114923822e+01
1.7195440801249237e+01
1.5308056102833929e+01
1.3599268666757077e+01
1.2055905608702268e+01
1.0665295700375079e+01
9.4153125112557579e+00
8.2944072464627503e+00
7.2916320798668641e+00
6.3966548197642830e+00
5.5997657649416110e+00
4.8918776135664581e+00
4.2645192778380148e+00
3.7098244356167358e+00
3.2205156182136330e+00
2.7898845930124718e+00
2.4117697524157662e+00
2.0805311684343040e+00
1.7910239166530275e+00
1.5385702157266603e+00
1.3189308702680891e+00
1.1282764471060103e+00
9.6315855836172959e-01
8.2048157042888425e-01
6.9747500637380822e-01
5.9166686100703014e-01
5.0085800327038821e-01
4.2309779987623819e-01
3.5666105745305615e-01
3.0002634782589471e-01
2.5185575244035069e-01
2.1097603719936248e-01
1.7636124795203739e-01
1.4711669932670779e-01
1.2246431528682154e-01
1.0172926843412002e-01
8.4327856400956067e-02
6.9756547372976485e-02
5.7582122576630888e-02
4.7432841172886889e-02
3.8990552152416445e-02
3.1983678276421595e-02
2.6180998620266367e-02
2.1386158640699416e-02
1.7432839711963074e-02
1.4180523589384776e-02
1.1510791117535042e-02
9.3240985698318096e-03
7.5369791827563119e-03
6.0796216398048006e-03
4.8937813919722652e-03
3.9309847142950044e-03
3.1509892501925024e-03
2.5204684454212443e-03
2.0118907069855939e-03
1.6025673160810839e-03
1.2738460784603651e-03
1.0104304009015861e-03
7.9980595075182157e-04
6.3175928631819102e-04
4.9797485573040688e-04
3.9169855662152817e-04
3.0745765085910719e-04
2.4082824161431314e-04
1.8824276854701656e-04
1.4683107048322469e-04
1.1428951912071468e-04
8.8773557108697552e-05
6.8809692337201998e-05
5.3223617091106853e-05
4.1081655221465573e-05
3.1643189869476873e-05
2.4322116149635515e-05
1.8655686499188615e-05
1.4279397708609738e-05
1.0906799256153874e-05
8.3133014292717693e-06
6.3232231777300412e-06
4.7994588823889034e-06
3.6352544368900902e-06
2.7476798569868012e-06
2.0724602807056873e-06
1.5598940164676039e-06
1.1716360297143174e-06
8.7817109666445043e-07
6.5683203623814232e-07
4.9025078516575628e-07
3.6514980086376674e-07
2.7140173549029528e-07
2.0129959254344378e-07
1.4899170587758421e-07
1.1004492588883732e-07
8.1108569249856323e-08
5.9655723161391000e-08
4.3785096643058297e-08
3.2069313581193666e-08
2.3439153603895470e-08
1.7095540609936261e-08
1.2442647025124892e-08
9.0371360132028519e-09
6.5499698469671574e-09
4.7373464082418060e-09
3.4191510281335728e-09
2.4626095182134826e-09
1.7699424267721467e-09
1.2694322312272062e-09
9.0856017462951456e-10
6.4890545564302240e-10
4.6247608206029231e-10
3.2890274235603923e-10
2.3341963916459670e-10
1.6531974800341242e-10
1.1683378006604868e-10
8.2379270633667223e-11
5.7977336480729393e-11
4.0712057458348215e-11
2.8520935274994610e-11
1.9920270273875047e-11
1.3878606954546364e-11
9.6749904737086935e-12
6.7148059229670379e-12
4.6350462201387633e-12
3.1949299275864257e-12
2.1979393139589057e-12
1.4961211758094342e-12
1.0068240856980867e-12
6.7721758130002194e-13
4.5923673692964585e-13
3.0955786234004907e-13
1.9408749244664621e-13
9.8053549516878144e-14
3.9961752314419858e-14
-1.5178161918564678e-14
-5.1654674101124840e-14
-7.5143274587150017e-14
-9.0732106036598029e-14
-9.5093908074120366e-14
-1.0167872665439764e-13
-8.8996202027905092e-14
-9.5849189874556434e-14
-1.0518847439796803e-13
-1.0727713154898395e-13
-1.0103267728839224e-13
-7.4290458871046502e-14
-5.7583291982283793e-14
-5.0872493378261222e-14
-3.3134134601989892e-14
-2.8678342648314934e-14
-3.0843396402279422e-14
-3.6302681511638312e-14
-4.3944294577973700e-14
-1.9748307915977879e-14
-1.7530301500691204e-14
-8.7532341582654657e-15
-1.3111914266497259e-14
1.0911596278176137e-14
-1.9613783041674867e-14
-2.1762890118266173e-14
-2.6079103973297460e-14
-8.6808729548288381e-15
-1.3003006732544920e-14
-1.7312858950783729e-14
-2.1610370333548009e-14
-1.7263654694184119e-14
-3.8787603006868190e-14
-5.1642409893801812e-14
-4.2973152543911042e-14
-4.2910770670615714e-14
-5.1417836471505674e-14
-3.4228346251454801e-14
-5.1266974848539666e-14
-5.9723071584042214e-14
-5.1115208808063710e-14
-6.8051986616450438e-14
-7.6443823521645658e-14
-6.7847849737926831e-14
-6.7745341561114037e-14
-5.0731906960366517e-14
-6.7539454690766941e-14
-8.4295099487053562e-14
-6.7332419111069850e-14
-6.7228475058542136e-14
-6.7124249238376039e-14
-8.3774679324572833e-14
-5.0186219650645392e-14
-8.3512374095567789e-14
-5.0028423377643956e-14
-8.3248696293819240e-14
-9.9739618039805321e-14
-8.2983664128234124e-14
-1.1599090420790398e-13
-1.1580421419964790e-13
-9.9100339680173490e-14
-1.3191937565594203e-13
-9.8778333967815781e-14
-1.3148899882022492e-13
-1.3127303992610043e-13
-9.8292429219660517e-14
-1.6354949951172679e-13
-1.6327765696037164e-13
-1.3040415386609825e-13
-1.3018568820292584e-13
-1.6245841535311225e-13
-1.2974728981196441e-13
-1.6190920562735654e-13
-1.2930696006604548e-13
-1.2908608022139295e-13
-1.2886472868792667e-13
-9.6482181891445325e-14
-9.6315469086889774e-14
-6.4098940599119298e-14
-1.2797468016692377e-13
-6.3875513044475670e-14
-7.9704326687790286e-14
-6.3651186869968567e-14
-4.7654018605526949e-14
-6.3425977033848519e-14
-4.7484784066374309e-14
-7.8999873139218054e-14
-6.3086538176771162e-14
-7.8716207866472297e-14
-7.8573980920697021e-14
-6.2745195383630592e-14
-7.8288750139778842e-14
-6.2516600799216858e-14
-6.2401999324498644e-14
-6.2287197566909347e-14
-6.2172197406193723e-14
-6.2057000722549851e-14
-4.6456207047434193e-14
-3.0913012654617427e-14
-4.6282687756330606e-14
-2.3097857390889680e-14
-3.0739067646370703e-14
