0.0000000000000000e+00
1.7114696617935673e-14
2.5709704625973426e-14
2.5747249940999497e-14
3.4379573613156302e-14
2.5821994771772879e-14
3.4478923956323731e-14
4.3160456896921258e-14
1.7288825085164803e-14
2.1641735650548840e-14
2.6006808942926672e-14
3.4724553949356805e-14
4.3466502811405548e-14
2.1763555806483929e-14
3.0511262432805848e-14
5.2377264213875231e-14
3.9336946010112061e-14
4.3767509520883637e-14
4.8209803734203568e-14
3.9497823963396831e-14
5.2734766507224940e-14
4.8405055928389548e-14
7.0501348221902710e-14
6.6182815079914102e-14
6.0747771546756058e-14
6.1933625451020764e-14
7.5303531307868853e-14
7.5401578020036858e-14
7.5499254983744589e-14
4.0021708464078065e-14
6.6788375826587157e-14
7.0217251965960013e-14
7.7002204065329062e-14
9.3860157070471905e-14
9.2299851627315688e-14
1.0053648892632235e-13
1.1187717784172450e-13
8.6468077558754403e-14
1.2339660922449185e-13
1.1623034183225879e-13
1.2961497830028445e-13
1.6165048685156323e-13
1.9319713003434019e-13
2.8165873216158884e-13
3.7938934652501964e-13
4.8301822073627015e-13
6.9132448115133194e-13
1.0024000893030396e-12
1.4325284250099141e-12
2.0891950819124713e-12
2.9982616766852221e-12
4.3329846522385877e-12
6.2205311559246991e-12
8.9396778166489567e-12
1.2835729966453073e-11
1.8366748282343956e-11
2.6263746830616927e-11
3.7483887082595933e-11
5.3368160367280499e-11
7.5871498923178739e-11
1.0763519453662768e-10
1.5232986029703167e-10
2.1519236474840968e-10
3.0334857344015921e-10
4.2671945514556533e-10
5.9901496521270440e-10
8.3910426025396325e-10
1.1729534603234219e-09
1.6362056010753573e-09
2.2775984342240242e-09
3.1638581199152270e-09
4.3857607026246964e-09
6.0668500867538796e-09
8.3746981428409134e-09
1.1536293621275482e-08
1.5858149151701731e-08
2.1753410018565815e-08
2.9777666905190358e-08
4.0676470861142416e-08
5.5447888466054460e-08
7.5425043029544747e-08
1.0238469754452798e-07
1.3868935586246332e-07
1.8747353325972950e-07
2.5288654497287795e-07
3.4040829261155177e-07
4.5726019339970497e-07
6.1293646438908651e-07
8.1989134655017874e-07
1.0944248127374636e-06
1.4578214278752393e-06
1.9378114367270218e-06
2.5704400501108544e-06
3.4024536388806701e-06
4.4943380496076459e-06
5.9241771089529167e-06
7.7925411992740579e-06
1.0228665033448987e-05
1.3398234796377996e-05
1.7513179119832312e-05
2.2843948424318422e-05
2.9734875813807969e-05
3.8623343265745404e-05
5.0063634576748040e-05
6.4756544295279720e-05
8.3586036072749926e-05
1.0766451097699332e-04
1.3838856024287589e-04
1.7750745058702327e-04
2.2720702693493003e-04
2.9021222833667127e-04
3.6991201142437866e-04
4.7051116764631871e-04
5.9721432324677938e-04
7.5644833420208404e-04
9.5613034847882113e-04
1.2059900162334559e-03
1.5179557038169586e-03
1.9066161218113256e-03
2.3897705246000932e-03
2.9890825983114708e-03
3.7308553298322240e-03
4.6469465611997818e-03
5.7758475831882561e-03
7.1639500153458510e-03
8.8670293592356623e-03
1.0951976987101653e-02
1.3498815931338781e-02
1.6603039643881819e-02
2.0378316876085212e-02
2.4959609935722181e-02
3.0506757762680883e-02
3.7208579451846489e-02
4.5287557956322597e-02
5.5005167623330263e-02
6.6667912822784586e-02
8.0634148083686255e-02
9.7321752690560051e-02
1.1721673442455031e-01
1.4088283785581068e-01
1.6897223207669579e-01
2.0223735076248997e-01
2.4154395369491818e-01
2.8788547310455975e-01
3.4239870009794643e-01
4.0638085573967592e-01
4.8130807777336659e-01
5.6885533720966941e-01
6.7091777882575143e-01
7.8963345577852406e-01
9.2740740084892992e-01
1.0869369451636892e+00
1.2712381595236801e+00
1.4836732537050121e+00
1.7279787254012320e+00
2.0082940030465393e+00
2.3291902759388194e+00
2.6956991513233004e+00
3.1133407220199523e+00
3.5881505705314307e+00
4.1267051772791090e+00
4.7361451427573131e+00
5.4241955772129122e+00
6.1991829583388771e+00
7.0700477089567881e+00
8.0463517044154642e+00
9.1382798852187150e+00
1.0356635126062857e+01
1.1712825499897461e+01
1.3218843076711797e+01
1.4887233413337492e+01
1.6731054924397011e+01
1.8763827377209083e+01
2.0999468826379882e+01
2.3452220398073219e+01
2.6136558450348243e+01
2.9067093774867082e+01
3.2258457666643338e+01
3.5725174871758746e+01
3.9481523626999021e+01
4.3541383228450506e+01
4.7918069805937861e+01
5.2624161233833789e+01
5.7671312372676447e+01
6.3070062106033475e+01
6.8829633908435994e+01
7.4957731947752691e+01
8.1460334983434976e+01
8.8341490564657889e+01
9.5603112253308581e+01
1.0324478278973871e+02
1.1126356627796065e+02
1.1965383258548651e+02
1.2840709722562178e+02
1.3751188001158584e+02
1.4695358573790935e+02
1.5671441005157320e+02
1.6677327352073897e+02
1.7710578669126053e+02
1.8768424864030135e+02
1.9847768119352139e+02
2.0945190057004842e+02
2.2056962776188854e+02
2.3179063844706599e+02
2.4307195268552371e+02
2.5436806406189470e+02
2.6563120732910141e+02
2.7681166298181745e+02
2.8785809656046206e+02
2.9871792986652758e+02
3.0933774067097238e+02
3.1966368693157614e+02
3.2964195101475883e+02
3.3921919895416249e+02
3.4834304938325585e+02
3.5696254646225049e+02
3.6502863088928797e+02
3.7249460294918958e+02
3.7931657151526178e+02
3.8545388298400616e+02
3.9086952429026741e+02
3.9553049442040646e+02
3.9940813921035715e+02
4.0247844467860403e+02
4.0472228469385493e+02
4.0612561940416498e+02
4.0667964154749455e+02
4.0638086851059825e+02
4.0523117879003416e+02
4.0323779232124326e+02
4.0041319496388479e+02
3.9677500824840195e+02
3.9234580628482377e+02
3.8715288249518892e+02
3.8122796954164517e+02
3.7460691647034128e+02
3.6732932766513863e+02
3.5943816869514586e+02
3.5097934453811263e+02
3.4200125596191845e+02
3.3255434004493293e+02
3.2269060091128904e+02
3.1246313674965825e+02
3.0192566907658960e+02
2.9113208000253331e+02
2.8013596296681754e+02
2.6899019203519180e+02
2.5774651440966028e+02
2.4645517029585380e+02
2.3516454371969309e+02
2.2392084729468394e+02
2.1276784332624044e+02
2.0174660301233652e+02
1.9089530487261555e+02
1.8024907292236833e+02
1.6983985451427537e+02
1.5969633720924881e+02
1.4984390351671510e+02
1.4030462187155985e+02
1.3109727179565499e+02
1.2223740083090084e+02
1.1373741053109788e+02
1.0560666856333071e+02
9.7851643796148807e+01
9.0476061140604884e+01
8.3481072858936813e+01
7.6865443061053881e+01
7.0625742166823770e+01
6.4756548217502043e+01
5.9250652066979242e+01
5.4099263666890600e+01
4.9292216872849480e+01
4.4818170435826673e+01
4.0664803096768289e+01
3.6819000967859111e+01
3.3267035654643550e+01
2.9994731844150678e+01
2.6987623350364206e+01
2.4231096865499421e+01
2.1710522909861311e+01
1.9411373701434286e+01
1.7319327876293048e+01
1.5420362180544130e+01
1.3700830422512484e+01
1.2147530119555077e+01
1.0747757397000838e+01
9.4893507975419595e+00
8.3607247386086847e+00
7.3508934138671220e+00
6.4494859743014041e+00
5.6467538459181048e+00
4.9335710466505525e+00
4.3014283563661069e+00
3.7424221728717844e+00
3.2492388553609772e+00
2.8151353167141839e+00
2.4339165792486255e+00
2.0999109566041505e+00
1.8079434690360012e+00
1.5533080418910059e+00
1.3317389787630824e+00
1.1393821428823769e+00
9.7276622365637533e-01
8.2877441076092317e-01
7.0461674642034056e-01
5.9780337803341643e-01
5.0611888845814534e-01
4.2759784031272308e-01
3.6050163371517624e-01
3.0329674400652357e-01
2.5463437713450499e-01
2.1333155540007823e-01
1.7835362501226509e-01
1.4879815913940259e-01
1.2388021563999246e-01
1.0291889712293174e-01
8.5325152148268912e-02
7.0590749938418879e-02
5.8278356640325005e-02
4.8012638681801931e-02
3.9472317829029345e-02
3.2383102928475724e-02
2.6511424769106718e-02
2.1658902816833095e-02
1.7657475562185394e-02
1.4365129709408538e-02
1.1662167275741946e-02
9.4479537301836256e-03
7.6380944733068206e-03
6.1619911526759608e-03
4.9607334460211846e-03
3.9852859664543392e-03
3.1949338058462214e-03
2.5559538979598650e-03
2.0404828282245186e-03
1.6255549284849317e-03
1.2922874618888590e-03
1.0251924258656215e-03
8.1159698289564198e-04
6.4115677465617941e-04
5.0544839734308598e-04
3.9762912625795264e-04
3.1215358753949890e-04
2.4453850286745350e-04
1.9116788890066342e-04
1.4913219700965163e-04
1.1609584169470549e-04
9.0188401544943290e-05
6.9915503843877275e-05
5.4086025709705039e-05
4.1752782745131830e-05
3.2164333624841186e-05
2.4725920425465220e-05
1.8967895667360344e-05
1.4520267426461782e-05
1.1092229682313433e-05
8.4557448497678097e-06
6.4324091805741650e-06
4.8829719730529128e-06
3.6989935572594622e-06
2.7962223535823192e-06
2.1093497400649080e-06
1.5878675427739936e-06
1.1928030051378985e-06
8.9415321190575747e-07
6.6887344477698976e-07
4.9930366548209885e-07
3.7194120622133152e-07
2.7648569110269681e-07
2.0509722369782679e-07
1.5182235333972022e-07
1.1215029899215982e-07
8.2671134047278728e-08
6.0812986115852010e-08
4.4640334810508154e-08
3.2699969729056903e-08
2.3903205210692760e-08
1.7436284357959607e-08
1.2692288559669188e-08
9.2196363382594814e-09
6.6831103305544320e-09
4.8342856719827703e-09
3.4895893987064442e-09
2.5136424320225251e-09
1.8068451460915353e-09
1.2960619862342949e-09
9.2773565868741899e-10
6.6266513937684670e-10
4.7234752673054028e-10
3.3601090991634969e-10
2.3848932624174437e-10
1.6892232682870695e-10
1.1941427812703600e-10
8.4213616796514758e-11
5.9275318499132646e-11
4.1608638685785462e-11
2.9166312564236425e-11
2.0389575736410194e-11
1.4223780765164735e-11
9.8923501043227397e-12
6.8747710436139007e-12
4.7528766139062489e-12
3.2874806197278444e-12
2.2586204124569254e-12
1.5356774742923182e-12
1.0576341950646008e-12
6.9935101456875188e-13
4.7846287207722739e-13
3.0769468761719707e-13
1.6716906307109377e-13
9.4444785192321805e-14
2.1897759901243001e-14
-2.6357029366220814e-14
-5.8529599402789343e-14
-5.8176876177217166e-14
-7.0115772097287059e-14
-6.8074412289638746e-14
-7.5790049741036202e-14
-9.6286575149996503e-14
-8.1710988114159380e-14
-8.8267511341289613e-14
-8.0945811697980748e-14
-5.5370243608727082e-14
-6.0827667853681115e-14
-2.0985593807061181e-14
-7.7213284259899785e-15
-7.7110849617706075e-15
-1.4301493797024185e-14
-2.5268742284711953e-14
-6.5829706605661375e-15
-1.3148128291146428e-14
6.5651264281325455e-15
-4.3707717789013395e-15
6.5471580267344038e-15
0.0000000000000000e+00
2.1763555806483929e-15
1.7386601124562218e-14
1.3021707731008803e-14
0.0000000000000000e+00
8.6566942602195367e-15
-1.7288825085164803e-14
-2.5896274138152757e-14
-8.6197309890809328e-15
-3.4429326362363843e-14
-3.4379573613156302e-14
-8.5824166469998327e-15
-1.7139803083982281e-14
-1.7114696617935673e-14
-3.4179028676260872e-14
-4.2660641719213041e-14
-4.2597310276384412e-14
-3.4027034103024053e-14
-4.2470089890363030e-14
-4.2406203177087101e-14
-4.2342133606864516e-14
-3.3822305839626846e-14
-5.0656140452191387e-14
-5.0578606754802545e-14
-3.3667239345186753e-14
-5.0422898593786146e-14
-5.0344726837599317e-14
-5.0266345106076149e-14
-5.0187754758111984e-14
-6.6811942872802697e-14
-6.6706604877869829e-14
-6.6600994179054751e-14
-8.3118890748215233e-14
-8.2986202451369332e-14
-6.6282544093704728e-14
-8.2719826032293485e-14
-8.2586142486529173e-14
-1.1543298448125308e-13
-9.8781355421893552e-14
-6.5746510417768235e-14
-9.8457791501709267e-14
-6.5530290540515790e-14
-9.8132701320541986e-14
-6.5313060533746626e-14
-9.7806107023444759e-14
-9.7642252764207512e-14
-9.7478030800775488e-14
-1.2975125855148588e-13
-9.7148494885711076e-14
-9.6983186502495613e-14
-1.2909002873568552e-13
-9.6651502823601258e-14
-9.6485133110302709e-14
-9.6318415206298096e-14
-3.2050450636024514e-14
-3.1994648671364864e-14
-3.1938733441576341e-14
-3.1882705880723314e-14
0.0000000000000000e+00
-4.7655476257453784e-14
-4.7570937841512083e-14
-4.7486236541716682e-14
-6.3201831684200927e-14
-7.8860584852632522e-14
-6.2974892524550180e-14
-7.8576384359442375e-14
-6.2747114647894692e-14
-6.2632915883056318e-14
-4.6888884803383489e-14
-6.2403908091003872e-14
-6.2289102821832378e-14
-4.6630574357599316e-14
-4.6544174202119716e-14
-4.6457628060429481e-14
-3.0913958228858146e-14
-3.0856068974452312e-14
-2.3098563913389078e-14
-2.3055005924956550e-14
