-6.0020066890658245e-02
-7.1249400277653460e-02
-8.3843003322694967e-02
-9.8058683217570469e-02
-1.1409994290743934e-01
-1.3222382367704485e-01
-1.5268752084653517e-01
-1.7578276737411930e-01
-2.0181353307172395e-01
-2.3112811995620933e-01
-2.6409646949416948e-01
-3.0111317185381747e-01
-3.4259768200539814e-01
-3.8900563888501016e-01
-4.4081959864200626e-01
-4.9855290143048342e-01
-5.6275228961223034e-01
-6.3399903584785222e-01
-7.1289672048350794e-01
-8.0008154180779767e-01
-8.9621371896021917e-01
-1.0019734449078805e+00
-1.1180605596363897e+00
-1.2451930946562098e+00
-1.3840965816140680e+00
-1.5354969674091861e+00
-1.7001237117774879e+00
-1.8786978042718938e+00
-2.0719108854306225e+00
-2.2804244457604006e+00
-2.5048585065009261e+00
-2.7457734718581612e+00
-3.0036605311464601e+00
-3.2789217635336021e+00
-3.5718469407922222e+00
-3.8826029108619107e+00
-4.2112141886262124e+00
-4.5575468671009487e+00
-4.9212872460536641e+00
-5.3019120747294979e+00
-5.6986692510455059e+00
-6.1105551059762746e+00
-6.5362815776401613e+00
-6.9742581268624999e+00
-7.4225706420640121e+00
-7.8789544372638982e+00
-8.3407791422059940e+00
-8.8050222346671543e+00
-9.2682472289946407e+00
-9.7265873627681909e+00
-1.0175725537879837e+01
-1.0610892614932565e+01
-1.1026859419896343e+01
-1.1417918807482600e+01
-1.1777878220567777e+01
-1.2100070538898335e+01
-1.2377363864238342e+01
-1.2602169478275520e+01
-1.2766465211357811e+01
-1.2861815487139808e+01
-1.2879391434653146e+01
-1.2810015185035470e+01
-1.2644212426129604e+01
-1.2372261270256239e+01
-1.1984238621248789e+01
-1.1470086757537103e+01
-1.0819678774623339e+01
-1.0022898853388204e+01
-9.0697237302865368e+00
-7.9502994200569796e+00
-6.6550372205753900e+00
-5.1747100088293818e+00
-3.5005411496613070e+00
-1.6243136475798243e+00
4.6153058959639448e-01
2.7637889075939852e+00
5.2883889914969213e+00
8.0402930664691024e+00
1.1023405834895991e+01
1.4240471463867987e+01
1.7692994664642040e+01
2.1381154682749756e+01
2.5303728264577472e+01
2.9458025065513667e+01
3.3839828188099951e+01
3.8443355908591236e+01
4.3261236225609132e+01
4.8284472051638232e+01
5.3502430296333038e+01
5.8902856743378656e+01
6.4471903225184704e+01
7.0194158647990506e+01
7.6052706538454274e+01
8.2029194682290054e+01
8.8103907281232537e+01
9.4255864983943781e+01
1.0046295132422965e+02
1.0670203335385888e+02
1.1294909178316598e+02
1.1917937513635277e+02
1.2536755799150228e+02
1.3148790646305218e+02
1.3751446377585663e+02
1.4342122761375185e+02
1.4918232842652949e+02
1.5477221074780331e+02
1.6016582347972982e+02
1.6533881105665421e+02
1.7026769501768092e+02
1.7493004543160976e+02
1.7930465293895051e+02
1.8337169632146177e+02
1.8711288719157946e+02
1.9051159329297354e+02
1.9355296362045303e+02
1.9622404310921297e+02
1.9851386636758289e+02
2.0041352679710189e+02
2.0191623645835949e+02
2.0301737105848508e+02
2.0371448479856409e+02
2.0400730815569898e+02
2.0389773046184101e+02
2.0338976160686283e+02
2.0248948894215886e+02
2.0120500457356934e+02
1.9954632274747158e+02
1.9752527787818025e+02
1.9515540219652840e+02
1.9245180653078469e+02
1.8943105311010942e+02
1.8611101110960226e+02
1.8251069439354339e+02
1.7865010241901217e+02
1.7455005951775715e+02
1.7023204769862730e+02
1.6571805057526265e+02
1.6103038191868680e+02
1.5619152147284316e+02
1.5122395559209900e+02
1.4615002395972482e+02
1.4099178056444021e+02
1.3577085857276046e+02
1.3050833614680832e+02
1.2522462040396105e+02
1.1993934665118178e+02
1.1467127867034125e+02
1.0943820976264540e+02
1.0425689147260849e+02
9.9142979820649259e+01
9.4110988870692452e+01
8.9174248596659339e+01
8.4344879612429750e+01
7.9633785209705863e+01
7.5050648053334569e+01
7.0603927498527469e+01
6.6300873329727807e+01
6.2147551154245825e+01
5.8148885604747313e+01
5.4308697129134259e+01
5.0629748360929888e+01
4.7113801005200244e+01
4.3761663112682655e+01
4.0573248240614802e+01
3.7547654394527527e+01
3.4683227269640540e+01
3.1977618072108434e+01
2.9427853235545321e+01
2.7030406011111221e+01
2.4781256724424274e+01
2.2675963776371379e+01
2.0709734468825435e+01
1.8877476769986732e+01
1.7173848258972157e+01
1.5593321142477997e+01
1.4130240529378113e+01
1.2778868765710353e+01
1.1533433636141263e+01
1.0388164735193078e+01
9.3373311530541123e+00
8.3752843564630179e+00
7.4964800444377131e+00
6.6955069017456674e+00
5.9671128845269310e+00
5.3062158102389576e+00
4.7079226563865566e+00
4.1675421353530302e+00
3.6805881142855137e+00
3.2427960392654298e+00
2.8501271776811641e+00
2.4987631471647886e+00
2.1851151050258335e+00
1.9058175023331956e+00
1.6577226329931347e+00
1.4378971208914235e+00
1.2436138706987665e+00
1.0723545885557040e+00
9.2180059881658760e-01
7.8981243259267597e-01
6.7441925035580852e-01
5.7381893092233349e-01
4.8637206458857124e-01
4.1058680481184756e-01
3.4511445439598104e-01
2.8873633588123282e-01
2.4034603380227143e-01
1.9894972895593208e-01
1.6366633925720570e-01
1.3371464213003728e-01
1.0839519535853234e-01
8.7087921905280488e-02
6.9241940470661581e-02
5.4372652560453948e-02
4.2058633869823787e-02
3.1927238431251545e-02
2.3651687187060223e-02
1.6946528091644871e-02
1.1558244072825666e-02
7.2703797699265015e-03
3.8970867037050692e-03
1.2769558032518166e-03
-7.2352957012776953e-04
-2.2132189207723580e-03
-3.2870246206405810e-03
-4.0257316213679478e-03
-4.5036829472442754e-03
-4.7833662060536826e-03
-4.9147158309808718e-03
-4.9406766046742427e-03
-4.8938984596350104e-03
-4.7989384473295866e-03
-4.6850699764696031e-03
-4.5739231607962658e-03
-4.4787296001847126e-03
-4.4128903828598333e-03
-4.3903124641909890e-03
-4.4210722778725165e-03
-4.5147128558055815e-03
-4.6851421284178837e-03
-4.9483946745437629e-03
-5.3156166321198439e-03
-5.8062345210421308e-03
-6.4386229915133564e-03
-7.2344098258642041e-03
-8.2199337702414266e-03
-9.4325516197582837e-03
-1.0910095937713200e-02
-1.2704776777374183e-02
-1.4884344310842273e-02
-1.7535655296968603e-02
-2.0744206116002983e-02
-2.4628043651866990e-02
-2.9316105177727536e-02
-3.4989398705294286e-02
-4.1828464850658983e-02
-5.0137511276912718e-02
