5.3811822438574082e-02
6.3910648672066611e-02
7.5337359711019319e-02
8.8293700753658916e-02
1.0300704676436288e-01
1.1973124185002458e-01
1.3874591307055195e-01
1.6036245976196353e-01
1.8492525431641793e-01
2.1281670413733225e-01
2.4445972777481098e-01
2.8032262962999988e-01
3.2092243125176728e-01
3.6682986750769170e-01
4.1867339200865855e-01
4.7714442405749047e-01
5.4300192171849115e-01
6.1707791953204649e-01
7.0028257743777900e-01
7.9360998982189290e-01
8.9814360671750537e-01
1.0150622449253337e+00
1.1456457516864449e+00
1.2912811007958043e+00
1.4534681335034592e+00
1.6338255739437766e+00
1.8340966403530885e+00
2.0561547642138844e+00
2.3020088193304309e+00
2.5738082785817302e+00
2.8738477613474855e+00
3.2045713123344828e+00
3.5685759219698956e+00
3.9686145658066505e+00
4.4075983108777610e+00
4.8885977147002366e+00
5.4148430966953880e+00
5.9897238662818566e+00
6.6167865161237698e+00
7.2997314330463121e+00
8.0424081630722988e+00
8.8488092608551892e+00
9.7230623891870298e+00
1.0669420786163231e+01
1.1692251797813062e+01
1.2796023590731703e+01
1.3985289778858823e+01
1.5264672085578594e+01
1.6638840816735694e+01
1.8112493281916631e+01
1.9690329986620355e+01
2.1377028757934930e+01
2.3177216678928435e+01
2.5095440027903766e+01
2.7136132155308196e+01
2.9303579534971092e+01
3.1601885983922671e+01
3.4034935333224489e+01
3.6606352607729079e+01
3.9319464045947321e+01
4.2177256081601406e+01
4.5182333667089367e+01
4.8336878121432697e+01
5.1642604929218770e+01
5.5100721728421441e+01
5.8711886953824738e+01
6.2476169420346004e+01
6.6393009343723776e+01
7.0461181117136661e+01
7.4678758359185437e+01
7.9043081570873923e+01
8.3550728919225278e+01
8.8197490486385234e+01
9.2978346485834749e+01
9.7887449765906752e+01
1.0291811306629130e+02
1.0806280130800971e+02
1.1331312932591983e+02
1.1865986526329789e+02
1.2409293996058689e+02
1.2960146247668234e+02
1.3517374197905534e+02
1.4079731604186298e+02
1.4645898547649711e+02
1.5214485561984989e+02
1.5784038408077279e+02
1.6353043474600005e+02
1.6919933791488745e+02
1.7483095623555229e+02
1.8040875617929311e+02
1.8591588459865966e+02
1.9133524997859001e+02
1.9664960780675693e+02
2.0184164955664281e+02
2.0689409460478254e+02
2.1178978447772556e+02
2.1651177866613148e+02
2.2104345132730407e+02
2.2536858805560891e+02
2.2947148199638636e+02
2.3333702845512178e+02
2.3695081726388096e+02
2.4029922206216068e+02
2.4336948577459671e+02
2.4614980148224376e+02
2.4862938802454011e+02
2.5079855960170354e+02
2.5264878880193319e+02
2.5417276242712347e+02
2.5536442965788677e+02
2.5621904206220012e+02
2.5673318512897873e+02
2.5690480098235821e+02
2.5673320211612577e+02
2.5621907596941264e+02
2.5536448035139176e+02
2.5417282970746854e+02
2.5264887240513829e+02
2.5079865920125368e+02
2.4862950323324966e+02
2.4614993185516539e+02
2.4336963081151711e+02
2.4029938121133486e+02
2.3695098992505152e+02
2.3333721398396460e+02
2.2947167970792304e+02
2.2536879722923084e+02
2.2104367121043236e+02
2.1651200847967553e+02
2.1179002341983403e+02
2.0689434185658681e+02
2.0184190428594016e+02
1.9664986917389172e+02
1.9133551713991241e+02
1.8591615671240518e+02
1.8040903240867092e+02
1.7483123575449690e+02
1.6919961991064474e+02
1.6353071842464468e+02
1.5784066866917905e+02
1.5214514037089120e+02
1.4645926967030962e+02
1.4079759899067017e+02
1.3517402302765697e+02
1.2960174100687266e+02
1.2409321539082660e+02
1.1866013705272209e+02
1.1331339697317384e+02
1.0806306435487039e+02
1.0291837109566885e+02
9.7887702405127456e+01
9.2978593403831326e+01
8.8197731396710964e+01
8.3550963576470792e+01
7.9043309773502358e+01
7.4678979945226047e+01
7.0461395966946611e+01
6.6393217375016491e+01
6.2476370590998279e+01
5.8712081256301865e+01
5.5100909192758465e+01
5.1642785616904177e+01
4.8337052128700407e+01
4.5182501118320076e+01
4.2177417133067721e+01
3.9319618878785406e+01
3.6606501432285683e+01
3.4035078381643729e+01
3.1602023515249726e+01
2.9303711827389439e+01
2.7136259512163974e+01
2.5095562769619875e+01
2.3177335150125792e+01
2.1377143319040986e+01
1.9690441022282826e+01
1.8112601192317612e+01
1.6638946027519989e+01
1.5264775038882119e+01
1.3985390945011847e+01
1.2796123459013176e+01
1.1692350890242457e+01
1.0669519648001714e+01
9.7231616052048881e+00
8.8489094456210591e+00
8.0425099801819382e+00
7.2998355852748631e+00
6.6168937682361308e+00
5.9898350351746403e+00
5.4149590785897299e+00
4.8887194754767123e+00
4.4077269186967785e+00
3.9687511819499881e+00
3.5687218402624556e+00
3.2047279509632922e+00
2.8740167109059116e+00
2.5739912955563256e+00
2.3022078851989187e+00
2.0563720815952728e+00
1.8343347064299813e+00
1.6340871806921182e+00
1.4537564598721118e+00
1.2915997190082662e+00
1.1459987442376798e+00
1.0154542197247709e+00
8.9857984726424034e-01
7.9409648299131996e-01
7.0082620849239607e-01
6.1768651768528526e-01
5.4368451643964810e-01
4.7791131516713048e-01
4.1953649087990824e-01
3.6780280018428330e-01
3.2202099909926329e-01
2.8156495516373448e-01
2.4586688684235583e-01
2.1441292278603621e-01
1.8673879452867362e-01
1.6242586569366979e-01
1.4109728889218270e-01
1.2241450768869484e-01
1.0607387087787425e-01
9.1803594971791330e-02
7.9360815931737286e-02
6.8528989360353898e-02
5.9115350783582155e-02
5.0948724122103897e-02
4.3877356211365799e-02
3.7767101000371187e-02
3.2499591646458527e-02
2.7970767831274359e-02
2.4089349028057233e-02
2.0775675054241497e-02
1.7960446655836151e-02
1.5583854866490464e-02
1.3594559725397170e-02
1.1949092419699847e-02
1.0611049815065096e-02
9.5507654123945865e-03
8.7447067715585910e-03
8.1754284059421343e-03
7.8311718186570914e-03
7.7061381065062209e-03
7.8003072763746916e-03
8.1201049779427801e-03
8.6784802993779969e-03
9.4960977003092917e-03
1.0601741166500834e-02
1.2034254395010520e-02
1.3843370301301235e-02
1.6092782501486477e-02
1.8861511109374070e-02
2.2248798345661756e-02
2.6376024476550873e-02
3.1394775249113410e-02
3.7489474529819246e-02
4.4881616868448992e-02
