-1.7088990751072343e-14
-8.5570861296725370e-15
-1.7139277956181955e-14
0.0000000000000000e+00
0.0000000000000000e+00
-8.6070678799122140e-15
-8.6194668985104920e-15
-4.3159134550586216e-15
-1.7288295391641330e-14
-1.7312858074343199e-14
-1.3003006074284944e-14
-8.6808725153711548e-15
-1.7386068435384930e-14
-1.3057733409929228e-14
-1.0896545582640614e-14
-4.3646382903164170e-15
0.0000000000000000e+00
-2.1883084287861479e-15
8.7651503066214673e-15
6.5827689720819898e-15
2.1972146176676023e-14
1.9801461640289017e-14
2.4234095946400507e-14
1.9854236212969750e-14
2.2089421949745506e-14
1.3271084557280527e-14
8.8589675488009197e-15
3.8808446699353246e-15
1.5543488026730292e-14
5.0025602853056605e-15
2.7271084574466170e-14
1.3374304886835109e-14
2.7898494521188198e-14
3.4358469080677937e-14
5.6217278103775249e-14
8.4571279740458157e-14
9.5331015172616646e-14
7.9447130601019837e-14
1.2001990390983854e-13
1.3620765592283113e-13
1.6342257425507864e-13
2.4091672988157778e-13
3.4232126839684333e-13
4.8412146171339162e-13
7.0439684656260372e-13
1.0113592781286320e-12
1.5052022600100119e-12
2.1638450061654265e-12
3.1289376268091765e-12
4.5188565801084825e-12
6.5254955071583780e-12
9.3895583700495927e-12
1.3519696487249733e-11
1.9345822162309915e-11
2.7682352389787608e-11
3.9507828168574582e-11
5.6252801800899114e-11
7.9940187302795973e-11
1.1336100315469233e-10
1.6042168416290104e-10
2.2655353017380713e-10
3.1926089700173810e-10
4.4898014327774049e-10
6.3006645701525496e-10
8.8232354998694079e-10
1.2330102413196994e-09
1.7194697087909759e-09
2.3927969438224317e-09
3.3228320810762231e-09
4.6046732792951496e-09
6.3676992620495611e-09
8.7872539743055379e-09
1.2100780144496146e-08
1.6628896275629070e-08
2.2803518015902695e-08
3.1205363891536926e-08
4.2613360800222215e-08
5.8069913303184173e-08
7.8966921290557553e-08
1.0715883848136865e-07
1.4511079159636653e-07
1.9609211696215450e-07
2.6442921530795842e-07
3.5583405494665484e-07
4.7783104990207959e-07
6.4030953161142521e-07
8.5623778106143138e-07
1.1425824866878088e-06
1.5214915048661541e-06
2.0218097161869748e-06
2.6810185211773966e-06
3.5477100650050372e-06
4.6847368616041098e-06
6.1732101906924176e-06
8.1175637085656258e-06
1.0651950045989590e-05
1.3948301131508898e-05
1.8226458288509533e-05
2.3766872338477606e-05
3.0926484677199954e-05
4.0158534836713624e-05
5.2037202068013333e-05
6.7288181634603147e-05
8.6826525801141733e-05
1.1180335405953808e-04
1.4366335932546558e-04
1.8421541949087812e-04
2.3571906944279403e-04
3.0099011520970696e-04
3.8352927999419110e-04
4.8767848237987234e-04
6.1881016509234476e-04
7.8355603740132773e-04
9.9008267264437204e-04
1.2484226386820429e-03
1.5708712366584851e-03
1.9724605073162876e-03
2.4715239429115984e-03
3.0903673321606285e-03
3.8560633771601519e-03
4.8013901685952428e-03
5.9659362893250863e-03
7.3973982497258749e-03
9.1530991306620606e-03
1.1301760722962647e-02
1.3925565084932376e-02
1.7122545274096068e-02
2.1009349010497318e-02
2.5724423152253106e-02
3.1431671053138877e-02
3.8324639052992618e-02
4.6631292435366123e-02
5.6619445068394073e-02
6.8602910493126251e-02
8.2948445299013351e-02
1.0008355805310043e-01
1.2050525864614141e-01
1.4478982346880254e-01
1.7360365110934398e-01
2.0771528101479958e-01
2.4800864352212434e-01
2.9549760355820925e-01
3.5134185184617489e-01
4.1686418634441974e-01
4.9356921260283920e-01
5.8316347446540107e-01
6.8757700583262904e-01
8.0898626978930122e-01
9.4983842312869238e-01
1.1128768120309886e+00
1.3011675683268280e+00
1.5181271354164194e+00
1.7675505086421781e+00
2.0536399269516381e+00
2.3810337013939327e+00
2.7548348118461354e+00
3.1806388469999023e+00
3.6645608048340748e+00
4.2132602125031040e+00
4.8339639668795158e+00
5.5344862411735969e+00
6.3232447505228428e+00
7.2092726217603893e+00
8.2022250714093570e+00
9.3123800631002531e+00
1.0550632092913775e+01
1.1928478240511359e+01
1.3457995627208275e+01
1.5151809441208592e+01
1.7023050726781864e+01
1.9085303189792789e+01
2.1352538348044373e+01
2.3839038452431904e+01
2.6559306724658409e+01
2.9527964599553375e+01
3.2759635824732101e+01
3.6268817456782337e+01
4.0069738000168769e+01
4.4176203160804882e+01
4.8601429928351159e+01
5.3357869956726162e+01
5.8457023477413649e+01
6.3909245250671468e+01
6.9723544330902286e+01
7.5907379688941120e+01
8.2466453990146903e+01
8.9404508066933815e+01
9.6723118841519295e+01
1.0442150364290396e+02
1.1249633401521264e+02
1.2094156222652327e+02
1.2974826375258911e+02
1.3890449902337716e+02
1.4839519767778512e+02
1.5820206846982288e+02
1.6830353780555023e+02
1.7867471966291711e+02
1.8928741935639619e+02
2.0011017325633981e+02
2.1110832616217112e+02
2.2224414756311594e+02
2.3347698750592087e+02
2.4476347223300081e+02
2.5605773916513232e+02
2.6731171018975374e+02
2.7847540158976011e+02
2.8949726831981332e+02
3.0032457971964328e+02
3.1090382315893766e+02
3.2118113154861396e+02
3.3110273014070117e+02
3.4061539758539175e+02
3.4966693582987000e+02
3.5820664313901068e+02
3.6618578430134022e+02
3.7355805196149140e+02
3.8028001299772751e+02
3.8631153394291346e+02
3.9161617963043517e+02
3.9616157953173689e+02
3.9991975663586129e+02
4.0286741419803661e+02
4.0498617624629395e+02
4.0626277837273898e+02
4.0668920603819538e+02
4.0626277837274421e+02
4.0498617624630407e+02
4.0286741419805179e+02
3.9991975663588147e+02
3.9616157953176213e+02
3.9161617963046501e+02
3.8631153394294790e+02
3.8028001299776645e+02
3.7355805196153460e+02
3.6618578430138740e+02
3.5820664313906144e+02
3.4966693582992406e+02
3.4061539758544899e+02
3.3110273014076085e+02
3.2118113154867598e+02
3.1090382315900155e+02
3.0032457971970871e+02
2.8949726831988005e+02
2.7847540158982781e+02
2.6731171018982195e+02
2.5605773916520093e+02
2.4476347223306945e+02
2.3347698750598929e+02
2.2224414756318387e+02
2.1110832616223834e+02
2.0011017325640606e+02
1.8928741935646119e+02
1.7867471966298069e+02
1.6830353780561219e+02
1.5820206846988310e+02
1.4839519767784341e+02
1.3890449902343340e+02
1.2974826375264323e+02
1.2094156222657513e+02
1.1249633401526221e+02
1.0442150364295122e+02
9.6723118841564229e+01
8.9404508066976376e+01
8.2466453990187119e+01
7.5907379688979034e+01
6.9723544330937926e+01
6.3909245250704863e+01
5.8457023477444878e+01
5.3357869956755209e+01
4.8601429928378153e+01
4.4176203160829914e+01
4.0069738000191876e+01
3.6268817456803603e+01
3.2759635824751641e+01
2.9527964599571259e+01
2.6559306724674723e+01
2.3839038452446736e+01
2.1352538348057791e+01
1.9085303189804876e+01
1.7023050726792672e+01
1.5151809441218209e+01
1.3457995627216759e+01
1.1928478240518812e+01
1.0550632092920306e+01
9.3123800631059535e+00
8.2022250714143379e+00
7.2092726217646916e+00
6.3232447505265430e+00
5.5344862411767926e+00
4.8339639668822540e+00
4.2132602125054222e+00
3.6645608048359914e+00
3.1806388470014699e+00
2.7548348118474233e+00
2.3810337013949137e+00
2.0536399269523979e+00
1.7675505086427394e+00
1.5181271354168049e+00
1.3011675683270372e+00
1.1128768120310852e+00
9.4983842312866396e-01
8.0898626978920984e-01
6.8757700583246839e-01
5.8316347446521588e-01
4.9356921260263442e-01
4.1686418634422001e-01
3.5134185184595057e-01
2.9549760355796290e-01
2.4800864352184124e-01
2.0771528101452152e-01
1.7360365110904638e-01
1.4478982346851246e-01
1.2050525864582942e-01
1.0008355805281320e-01
8.2948445298704196e-02
6.8602910492790298e-02
5.6619445068065662e-02
4.6631292435077111e-02
3.8324639052691539e-02
3.1431671052864908e-02
2.5724423151974866e-02
2.1009349010215634e-02
1.7122545273814564e-02
1.3925565084642726e-02
1.1301760722665699e-02
9.1530991303567389e-03
7.3973982494402405e-03
5.9659362890534112e-03
4.8013901683243423e-03
3.8560633769025958e-03
3.0903673318769549e-03
2.4715239426184167e-03
1.9724605069924473e-03
1.5708712363667957e-03
1.2484226384304839e-03
9.9008267239016133e-04
7.8355603719967057e-04
6.1881016489767128e-04
4.8767848215802798e-04
3.8352927982476386e-04
3.0099011503641432e-04
2.3571906928725262e-04
1.8421541931503232e-04
1.4366335920301310e-04
1.1180335393155072e-04
8.6826525699259242e-05
6.7288181558784686e-05
5.2037201992256021e-05
4.0158534748629001e-05
3.0926484661336429e-05
2.3766872309098007e-05
1.8226458234437897e-05
1.3948301104495779e-05
1.0651949992009075e-05
8.1175636030100875e-06
6.1732100986996268e-06
4.6847367741117313e-06
3.5477099518454648e-06
2.6810184081173070e-06
2.0218096155002501e-06
1.5214914165315459e-06
1.1425823660800578e-06
8.5623764602560722e-07
6.4030941676353773e-07
4.7783089898127588e-07
3.5583392695853724e-07
2.6442911182924536e-07
1.9609204023438031e-07
1.4511070828400666e-07
1.0715877956935161e-07
7.8966846393789567e-08
5.8069837339740932e-08
4.2613329056102772e-08
3.1205361991540070e-08
2.2803506757685114e-08
1.6628872939113295e-08
1.2100762869816160e-08
8.7872174865922454e-09
6.3676496266679492e-09
4.6046423207877095e-09
3.3227535065534772e-09
2.3927441745918689e-09
1.7194156353977634e-09
1.2329562243622201e-09
8.8229155227803146e-10
6.3002018100007980e-10
4.4894547317488816e-10
3.1921933739525516e-10
2.2652124083539956e-10
1.6041016474739910e-10
1.1334259217525269e-10
7.9910302261243766e-11
5.6232134975728363e-11
3.9471127910173671e-11
2.7652566710176010e-11
1.9316069921908871e-11
1.3453401053003835e-11
9.3621569351175409e-12
6.5049679085689250e-12
4.5029090146631792e-12
3.0993549437920719e-12
2.1252049167696158e-12
1.4529855903565727e-12
9.6827446583167250e-13
6.4890577665654650e-13
4.5018771439703242e-13
2.8696238340857495e-13
1.7885387206665140e-13
9.4672387844321432e-14
4.0524591844809263e-14
-1.4053852916842917e-14
-6.2322484075711677e-14
-8.2994060267925092e-14
-8.5691429140994031e-14
-7.2159491297383170e-14
-9.4136618538117598e-14
-9.0391122248649772e-14
-7.4673202284829365e-14
-7.3464962527133366e-14
-6.1698243518769811e-14
-6.7725197830753401e-14
-5.2114199853417223e-14
-4.7616950574804941e-14
-2.7648092827667763e-14
-1.4358124267334581e-14
-6.6180787376565829e-15
-1.6523247236182163e-14
-3.0802273662671793e-14
-1.9774931559008423e-14
-2.1942563240273301e-14
-1.0956437883276834e-14
1.3129850572716887e-14
1.5297232536511315e-14
6.5469574354746251e-15
1.7434472932224984e-14
8.7051556066194861e-15
-1.7386068435384930e-14
1.7361745030742310e-14
-4.3343353580949816e-15
0.0000000000000000e+00
-4.3220738479103324e-15
-8.6318269101172431e-15
-3.0168134144786723e-14
-1.7214135759824428e-14
-1.7189260147380868e-14
-1.7164307399325934e-14
-1.7139277956181955e-14
-1.7114172259345074e-14
-2.5633486126608516e-14
-3.4127467748937662e-14
-4.2596005183686694e-14
-4.2532489482130527e-14
-5.0962546434518957e-14
-3.3923923151609691e-14
-5.0809003598696956e-14
-5.0731904392130992e-14
-5.0654588453753693e-14
-6.7436076175780740e-14
-5.0499311776841559e-14
-5.0421353741392283e-14
-5.0343184380224934e-14
-5.0264805050154462e-14
-6.6914956146712748e-14
-6.6809895894291655e-14
-3.3352280563347570e-14
-4.9949215247678621e-14
-4.9869806495309698e-14
-3.3193463970918456e-14
-6.6280513334867565e-14
-8.2717291669437918e-14
-3.3033444887783398e-14
-6.5959684488849275e-14
-9.8778328967293588e-14
-6.5744496081884347e-14
-9.8454774960432635e-14
-6.5528282829157744e-14
-6.5419796492900084e-14
-9.7966589216794035e-14
-9.7803110448420641e-14
-1.3018568161244799e-13
-9.7475044277322222e-14
-9.7310462432759926e-14
-1.2952735794473413e-13
-9.6980215140039042e-14
-9.6814555264935956e-14
-9.6648541623240468e-14
-9.6482177007162771e-14
-6.4210309474031238e-14
-6.4098937354195424e-14
-6.3987336844187621e-14
-6.3875509810862509e-14
-3.1881729061145773e-14
-6.3651183647711621e-14
-6.3538688257473909e-14
-6.3425973822992519e-14
-4.7484781662520067e-14
-4.7399921483972533e-14
-4.7314901237324099e-14
-3.1486481552627454e-14
-4.7144386165796040e-14
-4.7058894155428690e-14
-4.6973247705908802e-14
-6.2516597634396824e-14
-4.6801497124110125e-14
-6.2287194413702557e-14
-4.6629145694106488e-14
-7.7571246976245594e-14
-4.6456204695650300e-14
-4.6369516634530708e-14
-4.6282685413330899e-14
-4.6195712443182546e-14
-4.6108599135369237e-14
