1.0315646474129347e-03
1.8768879122516039e-03
2.8280396504705850e-03
3.9105452130357536e-03
5.1623205803600853e-03
6.6194671963058522e-03
8.3165471161376486e-03
1.0295671092711615e-02
1.2603837682706846e-02
1.5300124112043179e-02
1.8458351546579231e-02
2.2160433543560041e-02
2.6495133807667808e-02
3.1562459527152885e-02
3.7480219719904742e-02
4.4385044231525020e-02
5.2422709226228589e-02
6.1758773707088870e-02
7.2591726901837697e-02
8.5148865562013648e-02
9.9685679839067842e-02
1.1648910539774662e-01
1.3589088722045140e-01
1.5826981130600382e-01
1.8404157593356971e-01
2.1366668586284449e-01
2.4766266819231364e-01
2.8660601989244244e-01
3.3113258874944490e-01
3.8194689518367536e-01
4.3983266168873586e-01
5.0566081563075360e-01
5.8039265032372700e-01
6.6508688402986860e-01
7.6090304587911883e-01
8.6910074967358553e-01
9.9105971234500223e-01
1.1282936870403040e+00
1.2824489810347921e+00
1.4553131032517541e+00
1.6488205356212151e+00
1.8650502328717389e+00
2.1062407905427971e+00
2.3748066983214846e+00
2.6733373893776800e+00
3.0046005729337564e+00
3.3715432600699131e+00
3.7772955851845444e+00
4.2251777067646765e+00
4.7186968742052180e+00
5.2615505553183741e+00
5.8576219861081356e+00
6.5109740507533740e+00
7.2258529704992833e+00
8.0066793005054375e+00
8.8580289620808585e+00
9.7846209565140025e+00
1.0791308116985279e+01
1.1883064322231208e+01
1.3064956163628850e+01
1.4342123335294378e+01
1.5719758714816008e+01
1.7203085529785110e+01
1.8797321175512455e+01
2.0507642689035254e+01
2.2339153467697688e+01
2.4296835755292253e+01
2.6385512228425025e+01
2.8609812401874812e+01
3.0974118120732875e+01
3.3482515993431250e+01
3.6138752795545670e+01
3.8946183638733878e+01
4.1907715238947915e+01
4.5025755723035374e+01
4.8302159739467228e+01
5.1738176660714451e+01
5.5334404431898577e+01
5.9090737552555439e+01
6.3006313016278320e+01
6.7079470678057646e+01
7.1307709137519367e+01
7.5687643748432663e+01
8.0214978511967516e+01
8.4884469130955807e+01
8.9689891667599881e+01
9.4624038558107628e+01
9.9678710098826159e+01
1.0484470162288594e+02
1.1011180436252840e+02
1.1546881497686476e+02
1.2090356428061887e+02
1.2640293609342683e+02
1.3195289391015979e+02
1.3753853286498568e+02
1.4314413255656072e+02
1.4875321872853647e+02
1.5434862329940640e+02
1.5991256546638991e+02
1.6542675101666231e+02
1.7087245819503670e+02
1.7623063083138658e+02
1.8148198783963622e+02
1.8660713645247540e+02
1.9158668170644441e+02
1.9640134143494649e+02
2.0103206612142330e+02
2.0546016408552481e+02
2.0966742434770174e+02
2.1363624350879221e+02
2.1734974748169762e+02
2.2079189675525268e+02
2.2394759702778708e+02
2.2680281469074842e+02
2.2934467831215596e+02
2.3156157775459147e+02
2.3344325054549788e+02
2.3498085317173772e+02
2.3616702576461967e+02
2.3699595222122053e+02
2.3746340920450169e+02
2.3756680376263512e+02
2.3730518381465257e+02
2.3667925348846930e+02
2.3569138171745777e+02
2.3434557999165239e+02
2.3264747291524958e+02
2.3060425865336427e+02
2.2822465910642529e+02
2.2551886428986049e+02
2.2249844776826430e+02
2.1917629007977692e+02
2.1556648717442991e+02
2.1168425253589317e+02
2.0754580747565274e+02
2.0316826283611400e+02
1.9856951473318608e+02
1.9376812545754146e+02
1.8878318971027835e+02
1.8363421153458364e+02
1.7834098249921092e+02
1.7292345583804206e+02
1.6740161593125632e+02
1.6179535602158512e+02
1.5612436486602817e+02
1.5040801714271660e+02
1.4466526816072911e+02
1.3891455959176648e+02
1.3317371852408181e+02
1.2745986363582615e+02
1.2178933533119606e+02
1.1617763026322760e+02
1.1063934368928192e+02
1.0518812097395887e+02
9.9836611263863006e+01
9.4596432518166623e+01
8.9478149548925785e+01
8.4491261816801156e+01
7.9644203265504231e+01
7.4944336784276814e+01
7.0397960742153771e+01
6.6010341793941805e+01
6.1785738331781296e+01
5.7727422475330272e+01
5.3837716770330431e+01
5.0118035481424542e+01
4.6568939678887148e+01
4.3190175120621753e+01
3.9980720540886466e+01
3.6938851077267216e+01
3.4062195440897518e+01
3.1347791708450142e+01
2.8792138364238674e+01
2.6391260832137014e+01
2.4140780200245619e+01
2.2035960099696091e+01
2.0071756850251841e+01
1.8242878941863673e+01
1.6543834895157712e+01
1.4968978154443809e+01
1.3512560222169592e+01
1.2168770934062200e+01
1.0931777033342449e+01
9.7957642921902774e+00
8.7549713880786477e+00
7.8037151355158336e+00
6.9364187837735862e+00
6.1476365537131015e+00
5.4320733195611819e+00
4.7846080006872382e+00
4.2003072656054767e+00
3.6744287086724392e+00
3.2024398703568862e+00
2.7800287842073819e+00
2.4031000261520226e+00
2.0677813155871574e+00
1.7704208447489913e+00
1.5075827667532700e+00
1.2760530211009542e+00
1.0728367987107874e+00
8.9515159517728171e-01
7.4041434582971177e-01
6.0623724800307832e-01
4.9042677393209172e-01
3.9096912445247883e-01
3.0601489833962853e-01
2.3387299224835639e-01
1.7300922928045348e-01
1.2203449077931514e-01
7.9692372536829398e-02
4.4856784570035960e-02
1.6518710166211360e-02
-6.2213628286684397e-03
-2.4162935041176267e-02
-3.8014489914981568e-02
-4.8405252350558169e-02
-5.5896161464562347e-02
-6.0975050909125167e-02
-6.4058460607669079e-02
-6.5508804355209393e-02
-6.5638849254986240e-02
-6.4718095557565913e-02
-6.2985102114015812e-02
-6.0643247333370495e-02
-5.7854167859192833e-02
-5.4752251508701631e-02
-5.1448687795520344e-02
-4.8036582660472699e-02
-4.4595880799799210e-02
-4.1190986525164730e-02
-3.7869088362519954e-02
-3.4663794470974223e-02
-3.1599233339317322e-02
-2.8696506674696073e-02
-2.5965011996958075e-02
-2.3402096982135745e-02
-2.1008345702281734e-02
-1.8787288648243878e-02
-1.6737912505350915e-02
-1.4854340299649119e-02
-1.3130079965550377e-02
-1.1566499599167666e-02
-1.0159630802616872e-02
-8.8961073970749219e-03
-7.7623027710342291e-03
-6.7473158903104740e-03
-5.8368513137013571e-03
-5.0114996304892745e-03
-4.2526945052027369e-03
-3.5481428155776451e-03
-2.8876508524634178e-03
-2.2591924548452623e-03
-1.6514988632141056e-03
-1.0445641841347164e-03
-4.1004387701675541e-04
2.7532217479816465e-04
