-9.4674564518534404e-13
-6.2298836858034318e-13
3.5169180108168523e-13
4.5514067862422905e-13
-7.9416626514776175e-14
-2.2762541357086840e-14
-4.6146411018545422e-13
-6.9515066355514475e-14
6.7134825034578622e-14
-4.8894502854370143e-13
-8.8042169831948340e-13
-4.2676039203287666e-13
2.9675227986499070e-13
4.3161940874417162e-14
7.4025538195711995e-13
6.0979455969921297e-13
-7.7952199623776027e-13
-8.2792834100554725e-13
1.3215765917922424e-13
-1.0556312970028356e-13
5.1094505139422830e-13
-6.1218418621597589e-13
-1.2339716425879227e-12
-3.8319980833928413e-14
1.1933989752876108e-12
1.0037718582348471e-12
1.1284341107949734e-13
7.5003603800450458e-13
1.1186875808912966e-12
7.9832118386150729e-13
-3.7271031301396412e-13
-6.3780603245371219e-13
9.1209264194702709e-13
1.4640617966970811e-12
-9.8603420436655167e-14
-7.3002157814636044e-13
4.3981236122504929e-13
1.3378759508965398e-12
-1.8863148455484665e-13
7.9119978445275857e-14
7.4597421036851511e-13
-1.7179603573109654e-13
5.6328745708796472e-13
-5.3447745744735980e-13
-2.8404597302843913e-13
4.4768156880618367e-13
7.4397991872258074e-13
-5.1723199367083961e-13
-3.3778436983631836e-13
5.3164549268530878e-13
-9.2806655250336411e-13
2.4849423357420940e-13
9.6146296896462085e-14
-1.0879450342794192e-13
1.5765170454760026e-12
9.2210332195452009e-13
-7.0014699413242995e-13
5.4680609294871061e-14
6.3796646384484879e-13
-1.1868079363855168e-12
7.4467824812662707e-13
7.8850971933236027e-13
7.1572860210938379e-13
2.0220823027480729e-13
1.8773287484376850e-12
5.9969537279168567e-13
7.1241132910690676e-13
-6.8086017353812315e-13
-9.4983515050782482e-13
-9.2186696443091127e-14
8.5042555632443263e-13
-4.3489841310449150e-13
-5.8383629207280646e-14
-5.9434818196933022e-13
3.1327056333015446e-13
-2.0861909199555601e-13
1.3578558967583841e-12
-7.9176248248583807e-14
1.4767522453635925e-12
1.0766817772905512e-12
2.2969808125861619e-12
2.5077634058799299e-12
5.2820616948927038e-12
6.2045912650794551e-12
9.0461190474192135e-12
1.1777311212978028e-11
1.7562535557716943e-11
2.3786793054831159e-11
3.5098222158921379e-11
4.8396426001024651e-11
6.8242331619662526e-11
9.7087277903941186e-11
1.3575951134319720e-10
1.8898131537874565e-10
2.6422541147909722e-10
3.6990795674141124e-10
5.1373814925806279e-10
7.1181578184909365e-10
9.8675780910344124e-10
1.3650321793828209e-09
1.8808042411887249e-09
2.5898841342350338e-09
3.5564624683031010e-09
4.8736271788038283e-09
6.6648194900852395e-09
9.0947134128626248e-09
1.2381858494124150e-08
1.6821798332695343e-08
2.2804325117350778e-08
3.0845438404559575e-08
4.1635688414540938e-08
5.6075734378387240e-08
7.5359152520337980e-08
1.0105832414539665e-07
1.3522176454352104e-07
1.8054336256285704e-07
2.4053139485607976e-07
3.1975520012741478e-07
4.2414338295861156e-07
5.6138760375163201e-07
7.4142065221589987e-07
9.7705307324403364e-07
1.2847563602798921e-06
1.6856814663349743e-06
2.2068824236650821e-06
2.8829140691302238e-06
3.7577920335149211e-06
4.8874358560070402e-06
6.3427319707386881e-06
8.2133002473903106e-06
1.0612170022381730e-05
1.3681547870999051e-05
1.7599892086899037e-05
2.2590590286127187e-05
2.8932576043246486e-05
3.6973255713316434e-05
4.7144219659816677e-05
5.9980270752615699e-05
7.6142408970571889e-05
9.6445512867970100e-05
1.2189155272697841e-04
1.5370935108088130e-04
1.9340199632051502e-04
2.4280322210664068e-04
3.0414422947097240e-04
3.8013261411085021e-04
4.7404527605942248e-04
5.8983744551936452e-04
7.3227012779569561e-04
9.0705860013427818e-04
1.1210447752978052e-03
1.3823965520476887e-03
1.7008374992771042e-03
2.0879104440323761e-03
2.5572788158925819e-03
3.1250696847474162e-03
3.8102626530600535e-03
4.6351287726995915e-03
5.6257237205971748e-03
6.8124392985065259e-03
8.2306171171186489e-03
9.9212279935881123e-03
1.1931620004607769e-02
1.4316337405089625e-02
1.7138011689742050e-02
2.0468324821242678e-02
2.4389043143197457e-02
2.8993118712623965e-02
3.4385852571462344e-02
4.0686112023686119e-02
4.8027591019723752e-02
5.6560099525223215e-02
6.6450864003930896e-02
7.7885817109769301e-02
9.1070850271987663e-02
1.0623299794608763e-01
1.2362151737911820e-01
1.4350882231291234e-01
1.6619122363582065e-01
1.9198942442352984e-01
2.2124871149001610e-01
2.5433878018632361e-01
2.9165312447922298e-01
3.3360792003532386e-01
3.8064032451630553e-01
4.3320611686201516e-01
4.9177659608481433e-01
5.5683466030975981e-01
6.2886998885834533e-01
7.0837325409998930e-01
7.9582929608924569e-01
8.9170920163744949e-01
9.9646124092791866e-01
1.1105006288961166e+00
1.2341980958361576e+00
1.3678672718274034e+00
1.5117509127995892e+00
1.6660060221831963e+00
1.8306879509791749e+00
2.0057335905388016e+00
2.1909438058472048e+00
2.3859652924246393e+00
2.5902720762451517e+00
2.8031469128604947e+00
3.0236628784261135e+00
3.2506654803533550e+00
3.4827556484884754e+00
3.7182739973181622e+00
3.9552867753228247e+00
4.1915739375226595e+00
4.4246197909313372e+00
4.6516066685411674e+00
4.8694120848649494e+00
5.0746098140149227e+00
5.2634753088417714e+00
5.4319958464781442e+00
5.5758857410610885e+00
5.6906069084265756e+00
5.7713950001759287e+00
5.8132912462268838e+00
5.8111800562131233e+00
5.7598323322321088e+00
5.6539543393362246e+00
5.4882418679792560e+00
5.2574393056982380e+00
4.9564031163475750e+00
4.5801691063400511e+00
4.1240227412312347e+00
3.5835716654908341e+00
2.9548194762366702e+00
2.2342397106928562e+00
1.4188489303980338e+00
5.0627772480530542e-01
-5.0516158416317125e-01
-1.6164117751649503e+00
-2.8276133336959912e+00
-4.1380540402125954e+00
-5.5461266965594582e+00
-7.0492960699417377e+00
-8.6440760314037206e+00
-1.0326017739524485e+01
-1.2089709571439707e+01
-1.3928789334307094e+01
-1.5835969103895611e+01
-1.7803072836126894e+01
-1.9821086685966943e+01
-2.1880221750262049e+01
-2.3969988730985964e+01
-2.6079283797970508e+01
-2.8196484719802001e+01
-3.0309556133128964e+01
-3.2406162638395166e+01
-3.4473788248477327e+01
-3.6499860579401663e+01
-3.8471878062934046e+01
-4.0377538381902362e+01
-4.2204866282839127e+01
-4.3942338908349811e+01
-4.5579006814136378e+01
-4.7104608892535637e+01
-4.8509679515097176e+01
-4.9785646329063624e+01
-5.0924917294457465e+01
-5.1920955726459518e+01
-5.2768342308348601e+01
-5.3462823258989793e+01
-5.4001344071394499e+01
-5.4382068480047444e+01
-5.4604382559585815e+01
-5.4668884100947132e+01
-5.4577357648314120e+01
-5.4332735806194364e+01
-5.3939047636615882e+01
-5.3401355157367270e+01
-5.2725679120453016e+01
-5.1918915392132902e+01
-5.0988743370333687e+01
-4.9943527959932155e+01
-4.8792216681008597e+01
-4.7544233509189382e+01
-4.6209371041515020e+01
-4.4797682546872956e+01
-4.3319375398994794e+01
-4.1784707304367956e+01
-4.0203886630218818e+01
-3.8586978011890118e+01
-3.6943814278094329e+01
-3.5283915579923892e+01
-3.3616416449210170e+01
-3.1950001346986092e+01
-3.0292849097392097e+01
-2.8652586439387242e+01
-2.7036250771347468e+01
-2.5450262014744442e+01
-2.3900403385111442e+01
-2.2391810733261977e+01
-2.0928970009128932e+01
-1.9515722305412812e+01
-1.8155275859797761e+01
-1.6850224332385494e+01
-1.5602570630047712e+01
-1.4413755520431190e+01
-1.3284690265153831e+01
-1.2215792502986666e+01
-1.1207024628613024e+01
-1.0257933938971656e+01
-9.3676938563891490e+00
-8.5351455831669298e+00
-7.7588395952405946e+00
-7.0370764405227160e+00
-6.3679463694624578e+00
-5.7493673893599295e+00
-5.1791213987283076e+00
-4.6548881221882459e+00
-4.1742766287228674e+00
-3.7348542757176277e+00
-3.3341729771638247e+00
-2.9697927460127023e+00
-2.6393025074109895e+00
-2.3403382211955179e+00
-2.0705983880874332e+00
-1.8278570448267977e+00
-1.6099743786910321e+00
-1.4149051119254052e+00
-1.2407048215712453e+00
-1.0855343706183058e+00
-9.4766263240952442e-01
-8.2546769246870499e-01
-7.1743671072753268e-01
-6.2216462299703712e-01
-5.3835185392923735e-01
-4.6480120507518746e-01
-4.0041407150018288e-01
-3.4418612896033257e-01
-2.9520262157482963e-01
-2.5263336725325020e-01
-2.1572758535887304e-01
-1.8380863849143259e-01
-1.5626876787258592e-01
-1.3256389006066799e-01
-1.1220851148660109e-01
-9.4770806994261061e-02
-7.9867898939768950e-02
-6.7161364745014204e-02
-5.6352993065576736e-02
-4.7180801842821050e-02
-3.9415325563589163e-02
-3.2856173937953446e-02
-2.7328859880805034e-02
-2.2681891128133513e-02
-1.8784117046155326e-02
-1.5522319777567614e-02
-1.2799037424290241e-02
-1.0530605581536810e-02
-8.6454029466336898e-03
-7.0822862381121074e-03
-5.7891996741917034e-03
-4.7219443542499779e-03
-3.8430933666765391e-03
-3.1210389086751499e-03
-2.5291584489244697e-03
-2.0450876337135952e-03
-1.6500885363272852e-03
-1.3285026151885647e-03
-1.0672786322926842e-03
-8.5556662130249360e-04
-6.8436980981561256e-04
-5.4624718284742451e-04
-4.3506013924149775e-04
-3.4575736797220824e-04
-2.7419277150619154e-04
-2.1697180401157774e-04
-1.7132220855698964e-04
-1.3498559455481793e-04
-1.0612675544737160e-04
-8.3258072796730579e-05
-6.5176665534063353e-05
-5.0912275992804385e-05
-3.9684214249816634e-05
-3.0865848029086342e-05
-2.3955437674195243e-05
-1.8552210924487506e-05
-1.4336836007287649e-05
-1.1055467789619972e-05
-8.5068234428741386e-06
-6.5316745672149154e-06
-5.0043591763475029e-06
-3.8259537879529718e-06
-2.9187600300549013e-06
-2.2219022953619929e-06
-1.6877934188395549e-06
-1.2793275478279142e-06
-9.6763740582086779e-07
-7.3031780785349224e-07
-5.5002081735082786e-07
-4.1335076067834928e-07
-3.0997211159267753e-07
-2.3195122671868385e-07
-1.7319881103998466e-07
-1.2905015218121971e-07
-9.5949686616663538e-08
-7.1187020973295391e-08
-5.2701362410580116e-08
-3.8934389513465825e-08
-2.8701169676690692e-08
-2.1113175034521498e-08
-1.5495476438800803e-08
-1.1351337937619508e-08
-8.2963740140995653e-09
-6.0512210453163802e-09
-4.4031570462882919e-09
-3.1991826238719743e-09
-2.3173394795155174e-09
-1.6757810898222237e-09
-1.2093338364899961e-09
-8.7084701641827539e-10
-6.2347983586946752e-10
-4.4942967152712973e-10
-3.2116306986093913e-10
-2.2775811141302787e-10
-1.6223427020436052e-10
-1.1647671517973920e-10
-8.1507092426308466e-11
-6.0022933391256633e-11
-4.2108652171791947e-11
-2.8720928851883038e-11
-2.1010822176078977e-11
-1.5192414673373624e-11
-9.8540154438420134e-12
-6.4636522469380257e-12
-5.3539206585016988e-12
-4.4284280348377697e-12
-9.6163763839073335e-13
-1.6088983458645307e-12
-1.6799624319316346e-12
-1.5057332918134591e-12
-5.3959241171317585e-13
-5.0797627152591965e-14
7.0754614763796390e-13
-5.9921873611113914e-13
-4.7968504569739068e-13
1.2888472205388372e-12
-1.4030154922001861e-12
-1.5897266021963432e-12
-9.0215632328484955e-13
1.2404830916015626e-13
-7.7896967719740447e-13
1.5049514919841221e-12
-5.4298934089756582e-13
1.0205183606983787e-12
-9.8658217471113026e-13
-2.5643900065888626e-13
8.5885636138477884e-13
6.6987383503600015e-13
-5.4142704342230481e-14
-1.1268671830289087e-12
1.1139675234645128e-12
1.1867832877540579e-13
-4.6969337898744900e-13
1.1299787099274130e-12
1.4127811648564968e-12
3.4135095067165950e-13
5.8601724150753223e-13
-1.0023659764613723e-13
-1.8043389941929071e-13
8.9751107312472803e-13
-6.6848850064281723e-13
-6.4557900889514911e-13
-8.5160804309884430e-13
7.8283028285588994e-13
8.3324566476946930e-13
-3.8435830514381710e-13
9.2224995007811629e-14
-2.5395313373842533e-13
-2.3539043791129331e-13
3.5844159312127604e-13
-1.0836430811960966e-14
-5.0527639346640264e-13
5.1355650831848567e-13
-6.9693683587788604e-13
-4.7623528283122087e-13
9.6699817620547536e-13
-7.2247435087214163e-13
1.9626816174386872e-13
-9.3591803688520951e-13
5.3269315906882486e-13
1.5647905568154324e-12
1.1381634608445479e-12
1.4346467474860023e-13
-5.0156116561432238e-13
-3.4877739698007281e-13
1.2490359280492638e-12
-6.6831540331380397e-13
-4.3662380259439922e-13
4.6288395473404320e-13
1.0539478086070882e-12
-2.7169021490668982e-13
2.4408665757444204e-13
7.1935536758102628e-14
-2.0468807060837545e-12
1.4975775957641879e-13
6.6685306947587702e-13
-1.6182949599608204e-13
1.2535232941138359e-13
3.1126651800196741e-13
-4.8725084232165725e-13
-3.9509483157428252e-13
2.4815397062877423e-13
-1.4498526131017469e-12
-2.4784016556889881e-13
-9.5593123262689994e-13
1.3721313191149313e-12
