5.6079525923567262e-15
1.4511759450356959e-14
1.4090079939499778e-14
3.1647854213694756e-14
3.3915394802365281e-14
2.7701927710736259e-14
2.7538333473373545e-14
3.7332074020994040e-14
2.5100020126504885e-14
2.3122819502498938e-14
2.4060822481184368e-14
3.3810796054228759e-14
3.9119442793272519e-14
3.4777629810143983e-14
2.7592270488026698e-14
3.7631982543707582e-14
2.8891823963395191e-14
1.6863657534108807e-14
2.8734486232971055e-14
4.8251914726592213e-14
5.7520688559293742e-14
6.4909357995574377e-14
8.7909331322573796e-14
8.6679954420858301e-14
7.4952798116035822e-14
8.8104490794569391e-14
8.9822266840453745e-14
8.6833090149137492e-14
9.1697283123872600e-14
8.9959182100716798e-14
1.0099945198062557e-13
8.3365032752534833e-14
8.2433747539922552e-14
8.5421788867806871e-14
7.6417334631574213e-14
8.9539164409544688e-14
1.0351470947903852e-13
1.0839870603327722e-13
9.7715472260684381e-14
9.1779169836245488e-14
5.9284182736233399e-14
4.3430956086213494e-14
3.4756564701558958e-14
5.9564768266913776e-14
5.5151885579359806e-14
5.6136397656117034e-14
5.5348829931192518e-14
4.9226874110658514e-14
4.5198659845707277e-14
3.8825581028661902e-14
3.2592831574825358e-14
5.0150904292728291e-14
4.4429979329671577e-14
3.4935110370466528e-14
5.9408160792991734e-14
5.1181137418898008e-14
5.7820688823674147e-14
3.9932627639213102e-14
4.2833621122584192e-14
4.7694588044379898e-14
7.0988181062539720e-14
6.4881782151178646e-14
7.5283843484062461e-14
6.7978453387735294e-14
5.9683685522079485e-14
7.9623468585023702e-14
7.9226487231632182e-14
7.8351790973704390e-14
8.7415677954603532e-14
7.6871552125248156e-14
8.0025829275262702e-14
8.8885271402756204e-14
8.9749228142902541e-14
8.7205628406756265e-14
1.0967554580322314e-13
1.1454627938383399e-13
1.1608401044044494e-13
1.0359069743258968e-13
1.1341898858904917e-13
9.3955849510976442e-14
8.2048812834911513e-14
7.4171687221017918e-14
9.0952654702471859e-14
6.5811173546159615e-14
6.9366506010723280e-14
6.8522571732990222e-14
7.4591838379028289e-14
7.0507042066263871e-14
5.4206817330159041e-14
5.5791531519641457e-14
6.4939122025148954e-14
4.6686856382055275e-14
6.4452657677803326e-14
4.2033518792623143e-14
5.8999684887458870e-14
4.9384106950258129e-14
8.8173081563104353e-15
2.3700086923693263e-14
3.7676650289288800e-15
2.2777308498658221e-14
4.8562316934593784e-15
4.2583021117992547e-15
1.1416244286747799e-14
2.2672370841769310e-14
3.2242694709193279e-14
4.9662791118691875e-14
8.2636402973243630e-14
8.4957615756996445e-14
8.3450829686573132e-14
4.9674288536394236e-14
3.9515446494823414e-14
4.6590625087939880e-14
7.1426017038725563e-15
-7.7322113596310372e-15
-1.6983200702512540e-14
-2.6078980502466044e-14
-4.1160774863533132e-14
-5.8231725692580792e-14
-6.4153978249140348e-14
-6.1059308271481437e-14
-7.1367955900130126e-14
-5.3050968252783019e-14
-5.9724712640205401e-14
-8.0026585214302045e-14
-8.8073404683426758e-14
-1.0495284796058135e-13
-9.7962768292744199e-14
-1.1128376565015803e-13
-1.3048477954736306e-13
-1.3996480855274025e-13
-1.4790134291962153e-13
-1.7450869967062506e-13
-1.8923649816377797e-13
-1.8667870573631433e-13
-2.0174394620257230e-13
-2.0795136961034662e-13
-2.2203811207890363e-13
-2.5394826709596008e-13
-2.6536262102029755e-13
-3.0863233518768542e-13
-3.5208653682490696e-13
-3.9667292406286751e-13
-4.3218324866310093e-13
-5.0249642232293878e-13
-5.6450704286846800e-13
-6.2285495126296287e-13
-6.7898338369259946e-13
-7.3647409874761900e-13
-8.0561001811386433e-13
-8.3737058566841687e-13
-8.9124042708001652e-13
-9.5261184229030306e-13
-1.0059858140592927e-12
-1.1008888446856797e-12
-1.1839158520897752e-12
-1.2921278972638457e-12
-1.4114976553402686e-12
-1.5433176166536339e-12
-1.6907885562299779e-12
-1.8554656517380473e-12
-2.0463664407174295e-12
-2.2579218225266261e-12
-2.4829821346313340e-12
-2.7383634675323120e-12
-3.0378454763164287e-12
-3.3327186776396186e-12
-3.6600188764799777e-12
-4.0371087343423616e-12
-4.3939418784837491e-12
-4.8772362465834486e-12
-5.3628594287943115e-12
-5.9366562020672791e-12
-6.5780706241182336e-12
-7.2389069623929901e-12
-8.0170634665312188e-12
-8.8715497782779709e-12
-9.7842351697557964e-12
-1.0767544812648554e-11
-1.1856328003455069e-11
-1.3009713421520805e-11
-1.4259350988861819e-11
-1.5573847716703134e-11
-1.7007155447197278e-11
-1.8527052909135436e-11
-2.0151724958735313e-11
-2.1889141634651372e-11
-2.3722486209057001e-11
-2.5679898968733337e-11
-2.7743517796885175e-11
-2.9932811673091722e-11
-3.2245557401927156e-11
-3.4673784585757936e-11
-3.7228635044746055e-11
-3.9863843852854251e-11
-4.2614536679159618e-11
-4.5428461931766404e-11
-4.8357366730522115e-11
-5.1297643659321526e-11
-5.4331818148016601e-11
-5.7402931671795383e-11
-6.0540574197945756e-11
-6.3721678863682245e-11
-6.6919609602576610e-11
-7.0144607114125094e-11
-7.3368240208281771e-11
-7.6567541309492892e-11
-7.9751185435885888e-11
-8.2908418001442660e-11
-8.6027766109801856e-11
-8.9020408817166670e-11
-9.1969464301081084e-11
-9.4794516308791007e-11
-9.7504076374106261e-11
-1.0003834358100708e-10
-1.0247863509335373e-10
-1.0473385555983692e-10
-1.0681074301627318e-10
-1.0867276345566516e-10
-1.1034073444886763e-10
-1.1177934894100532e-10
-1.1300962075421518e-10
-1.1400100143785258e-10
-1.1475938128792139e-10
-1.1528623831327104e-10
-1.1558930976203225e-10
-1.1562464380777261e-10
-1.1546213566296530e-10
-1.1503994467224215e-10
-1.1437319169540799e-10
-1.1342540018960047e-10
-1.1227615638770133e-10
-1.1094496572080721e-10
-1.0933878847700068e-10
-1.0759299048803378e-10
-1.0563718549535390e-10
-1.0348551568137622e-10
-1.0119492575833961e-10
-9.8681944189763866e-11
-9.6040364702495997e-11
-9.3316735556985455e-11
-9.0419975059117462e-11
-8.7471081354202893e-11
-8.4457933514972884e-11
-8.1363094451260208e-11
-7.8209735734869133e-11
-7.5037935777827693e-11
-7.1884282197306840e-11
-6.8710193952375461e-11
-6.5556965379468244e-11
-6.2444176276741752e-11
-5.9323695429229269e-11
-5.6284533629700558e-11
-5.3277926895642281e-11
-5.0308818688088785e-11
-4.7411033007561319e-11
-4.4609851371756312e-11
-4.1846079522301570e-11
-3.9205169544142364e-11
-3.6661461683050533e-11
-3.4208051054969360e-11
-3.1863795943243662e-11
-2.9625667061968131e-11
-2.7521822464073298e-11
-2.5527634965493482e-11
-2.3594979435675051e-11
-2.1811661492751371e-11
-2.0095937012544999e-11
-1.8481069223083151e-11
-1.6962286484613507e-11
-1.5520473749312001e-11
-1.4172754744566963e-11
-1.2936080493068681e-11
-1.1761625339992987e-11
-1.0681570104797239e-11
-9.6848164489218548e-12
-8.7499432531526228e-12
-7.9172665039458057e-12
-7.1671672060984150e-12
-6.4797494179202215e-12
-5.8501902168887665e-12
-5.2827794897277573e-12
-4.7475097637334439e-12
-4.2952984891774427e-12
-3.8486958341041849e-12
-3.4633265803930665e-12
-3.0856439069308942e-12
-2.7536751991104110e-12
-2.4639358691574482e-12
-2.1955429189383286e-12
-1.9428810264233634e-12
-1.7335540663028257e-12
-1.5296444187499673e-12
-1.3547785510560400e-12
-1.1802168992913954e-12
-1.0527415836415334e-12
-9.1020678013521557e-13
-7.7715268581621511e-13
-6.2587304652227904e-13
-5.5592885721866342e-13
-4.5930768043869673e-13
-3.6507189233570448e-13
-2.9468951114028289e-13
-2.1642634366953074e-13
-1.6378371624789793e-13
-1.1877842273494045e-13
-9.1144530969364494e-14
-7.3230985060267673e-14
-4.9361860866363141e-14
-5.0633456960967500e-14
-3.1338980022198441e-14
-2.4769116195107907e-14
-3.8558173429429544e-14
-2.1667531110597204e-14
-5.0647900411610231e-14
-6.2293949105395674e-14
-5.7132582908086080e-14
-5.2007430678149685e-14
-3.8940512229256515e-14
-3.7765163897672409e-14
-1.6195125320107689e-14
-6.1528122325889305e-15
7.8841809399809128e-15
7.3745639420245608e-15
-5.3712040212220748e-16
-4.9120460353887504e-15
1.1530476717861398e-14
7.8489516783623488e-15
-3.6483868972252597e-15
-9.7176878062739732e-15
-1.2448512539756731e-14
-3.7291682889712353e-14
-3.2331102923600124e-14
-3.0833774963034857e-14
-2.7031303884349636e-15
-6.3716052311736557e-15
2.8245990733322884e-14
7.0614609035543711e-14
7.6072061724802748e-14
6.5809497591515178e-14
6.7270048750058886e-14
7.0784720645998370e-14
9.7059695938207033e-14
8.9477013580980900e-14
8.5191274292533970e-14
1.2291876768431646e-13
1.1079144392556506e-13
9.2746535546297418e-14
1.0133227280693916e-13
9.1991908878255574e-14
1.2348895864256884e-13
9.9786575917938771e-14
1.1705701216890243e-13
1.4388289492654534e-13
1.1812605156844257e-13
1.5207480041421740e-13
1.1696658012465291e-13
1.2596687598021252e-13
1.2526013545467410e-13
9.1922089569905250e-14
8.9530756134788322e-14
1.8397661886610090e-14
-4.6888035813465494e-15
-2.5855450536153143e-14
-6.3745691416106362e-14
-7.8591886338650575e-14
-7.1569772713314733e-14
-8.1461451084837382e-14
-7.4515424699542866e-14
-4.6304836727040744e-14
-3.4116954035626678e-14
-1.6475350946100076e-14
-3.8532636856539636e-14
-2.6532284394424915e-14
-3.6330058753097837e-14
-2.2105743353071908e-14
-2.5676065898950196e-14
-1.5693318469297000e-14
-4.6687993771777505e-15
-4.4254187471517020e-15
-4.0246263632808220e-15
-1.8224387419489502e-14
-2.1080515534067658e-14
-3.4043853554020371e-14
-3.3474731219034414e-14
-3.0979145770585220e-14
-4.9090741889692003e-14
-3.7959732178230564e-14
-5.3679907436635794e-14
-4.8931129173444630e-14
-5.5583398303594333e-14
-5.1137417353026301e-14
-5.2184495310190309e-14
-5.1403437098410165e-14
-3.0542202787066483e-14
-3.1842202750655249e-14
-4.9023805645915824e-14
-4.8006208839213767e-14
-5.2564526595869100e-14
-6.2355962458802115e-14
-4.9564959070236788e-14
-2.9080066535725111e-14
-2.7943029310446622e-14
-6.5541901785557196e-15
-3.1769154559264839e-14
-2.2244190599722543e-14
-5.0895925030911759e-14
-4.5411080211741728e-14
-3.7706346649586799e-14
-3.1711791189489196e-14
-2.7392400950183255e-14
-1.2240254906038380e-14
-1.9862602293601993e-14
-2.8496541200997565e-14
-3.9292794124512055e-14
-2.8263429958210947e-14
-3.2628050195853488e-14
-1.5768953174659911e-14
-2.6246585260750587e-14
-4.1119370827286699e-15
-8.9656778005485602e-15
3.2955297800801849e-16
-3.9327119285639632e-14
-1.2052184027340485e-15
-7.1531393609446225e-15
5.0817774122135090e-15
2.0392992040549495e-14
4.2700694598076150e-14
4.0328714748691958e-14
4.9108286969366825e-14
2.3600603219473313e-14
1.8362179218126767e-14
1.6757488502111664e-14
8.4405385325521693e-15
2.6279577035933027e-14
3.9859149733492571e-14
3.2563265687763541e-14
4.6584375246923488e-14
2.6616885418300289e-14
8.5143073180310353e-15
1.5826430858848663e-14
1.5515778920564909e-14
3.1011353655854174e-14
2.5022759467712282e-14
3.8090205406537025e-14
3.8201047767385787e-14
1.3090217843375898e-14
3.3668214585628795e-15
7.2298012781174835e-15
2.1682204064202079e-14
5.1277280287433956e-15
2.0375287830287065e-14
3.0477951917705257e-14
4.7251834743308775e-14
1.3793727111354559e-14
2.0012788944217955e-14
1.2783711269787973e-14
1.1894359536553335e-14
3.4090847884615539e-14
1.8463682667109392e-14
3.9226024674849051e-14
3.5668535978558621e-14
2.6257340614912676e-14
2.3275534234874148e-14
3.2357317310632432e-14
3.3788295506020783e-14
3.1298267332093736e-14
1.9770849140605043e-14
3.4977999440399340e-14
3.6103714635024142e-14
1.9825628606879524e-14
2.5660937182188451e-14
3.7159693819241593e-14
3.6721448390200314e-14
2.5454495952324935e-14
2.8917964336523479e-14
2.6799833981972277e-14
2.9799258503339451e-14
2.4398548908419615e-14
4.8631690280289946e-15
2.0776543400132543e-14
2.6435407231665355e-14
2.3308933188055396e-14
2.1567273146471441e-14
3.1825350314289215e-14
4.1191566072446633e-14
2.0909433370763916e-14
2.2942736334487999e-14
3.6533746559521683e-14
1.3815227917030760e-14
2.0740747418528222e-14
-1.4135535758806394e-16
-5.8337639132061221e-15
2.6546260812599831e-14
3.6167739158869880e-15
3.8801809132870940e-15
2.9375116923666605e-14
5.5360903170338226e-15
-3.0868223469228961e-15
8.2074305071422212e-15
1.4846638637000657e-14
1.1065272340220843e-14
1.2071984012797752e-14
1.6823032552954760e-14
2.5097972823779023e-14
-9.5821092834428852e-16
1.5980164441313792e-14
9.2127415857445273e-15
1.9031999458812823e-14
8.3920259788566731e-15
1.2976386936842692e-14
5.0227934340713726e-15
1.1761480131151120e-14
