5.3812009955157641e-02
6.3910870431673580e-02
7.5337619726723967e-02
8.8294003607710392e-02
1.0300739767161278e-01
1.1973164672008474e-01
1.3874637856342587e-01
1.6036299335943088e-01
1.8492586439197983e-01
2.1281740003752334e-01
2.4446051990238962e-01
2.8032352953635592e-01
3.2092345173255654e-01
3.6683102270638762e-01
4.1867469752419767e-01
4.7714589705880328e-01
5.4300358106301483e-01
6.1707978589011248e-01
7.0028467342054368e-01
7.9361234011416648e-01
8.9814623821275608e-01
1.0150651868642786e+00
1.1456490357962843e+00
1.2912847614310143e+00
1.4534722077854030e+00
1.6338301018991404e+00
1.8341016650484891e+00
2.0561603318864670e+00
2.3020149795116338e+00
2.5738150842128733e+00
2.8738552688850141e+00
3.2045795818433951e+00
3.5685850172017877e+00
3.9686245542615719e+00
4.4076092638459725e+00
4.8886097072827646e+00
5.4148562077993843e+00
5.9897381785890067e+00
6.6168021160287642e+00
7.2997484105627999e+00
8.0424266117034371e+00
8.8488292774265531e+00
9.7230840736390043e+00
1.0669444241301161e+01
1.1692277129012474e+01
1.2796050905596712e+01
1.3985319186832417e+01
1.5264703697503519e+01
1.6638874744364418e+01
1.8112529637370294e+01
1.9690368881796452e+01
2.1377070303864436e+01
2.3177260985082253e+01
2.5095487201451419e+01
2.7136182300329558e+01
2.9303632751624860e+01
3.1601942367573994e+01
3.4034994973536676e+01
3.6606415587723163e+01
3.9319530441035717e+01
4.2177325958600967e+01
4.5182407083220838e+01
4.8336955123313899e+01
5.1642685551859564e+01
5.5100805994228168e+01
5.8711974871624079e+01
6.2476260984436784e+01
6.6393104532967172e+01
7.0461279894094019e+01
7.4678860669314375e+01
7.9043187341792830e+01
8.3550838060056464e+01
8.8197602887186576e+01
9.2978462017130127e+01
9.7887568278323698e+01
1.0291823439031621e+02
1.0806292525386742e+02
1.1331325568358602e+02
1.1865999380265050e+02
1.2409307043170243e+02
1.2960159461028104e+02
1.3517387548709937e+02
1.4079745061830857e+02
1.4645912079820229e+02
1.5214499134763611e+02
1.5784051986063844e+02
1.6353057021048201e+02
1.6919947268456508e+02
1.7483108992068662e+02
1.8040888838159341e+02
1.8591601491316632e+02
1.9133537799566284e+02
1.9664973311415594e+02
2.0184177174168696e+02
2.0689421325657176e+02
2.1178989918940908e+02
2.1651188903720575e+02
2.2104355696592199e+02
2.2536868858088238e+02
2.2947157704066259e+02
2.3333711766621548e+02
2.3695090030724251e+02
2.4029929862296257e+02
2.4336955555971912e+02
2.4614986422214264e+02
2.4862944347498092e+02
2.5079860754534405e+02
2.5264882904974294e+02
2.5417279481962481e+02
2.5536445406620794e+02
2.5621905838892923e+02
2.5673319330881111e+02
2.5690480098253181e+02
2.5673319393664002e+02
2.5621905964302795e+02
2.5536445594341143e+02
2.5417279731530314e+02
2.5264883215765840e+02
2.5079861125793568e+02
2.4862944778312280e+02
2.4614986911557048e+02
2.4336956102668776e+02
2.4029930465081398e+02
2.3695090688195782e+02
2.3333712477312474e+02
2.2947158466388566e+02
2.2536869670418056e+02
2.2104356557202129e+02
2.1651189810879126e+02
2.1178990870832311e+02
2.0689422320495223e+02
2.0184178210103244e+02
1.9664974386661058e+02
1.9133538912293875e+02
1.8591602639797887e+02
1.8040890020643221e+02
1.7483110206940540e+02
1.6919948514099156e+02
1.6353058296016880e+02
1.5784053288930150e+02
1.5214500464307545e+02
1.4645913434855771e+02
1.4079746441416111e+02
1.3517388951953336e+02
1.2960160887317858e+02
1.2409308491960049e+02
1.1866000851324425e+02
1.1331327061536858e+02
1.0806294040886031e+02
1.0291824977147895e+02
9.7887583892533556e+01
9.2978477872347696e+01
8.8197618995710613e+01
8.3550854435430580e+01
7.9043204002364888e+01
7.4678877634869679e+01
7.0461297189753495e+01
6.6393122185529492e+01
6.2476279026656542e+01
5.8711993338244781e+01
5.5100824926687380e+01
5.1642704993992837e+01
4.8336975126542619e+01
4.5182427701906335e+01
4.2177347255780290e+01
3.9319552483403605e+01
3.6606438451992723e+01
3.4035018741027216e+01
3.1601967131288319e+01
2.9303658610419767e+01
2.7136209366820495e+01
2.5095515595743525e+01
2.3177290843636225e+01
2.1377101772768111e+01
1.9690402126755018e+01
1.8112564836503214e+01
1.6638912099520496e+01
1.5264743426575286e+01
1.3985361536644030e+01
1.2796096143740392e+01
1.1692325558620130e+01
1.0669496192424130e+01
9.7231399202947557e+00
8.8488894285710309e+00
8.0424915310492455e+00
7.2998186072314599e+00
6.6168781677760506e+00
5.9898207222811113e+00
5.4149459668646998e+00
4.8887074822345493e+00
4.4077159650260462e+00
3.9687411927450560e+00
3.5687127442276094e+00
3.2047196805926750e+00
2.8740092024412287e+00
2.5739844889253019e+00
2.3022017239367711e+00
2.0563665127514561e+00
1.8343296804626941e+00
1.6340826513525348e+00
1.4537523840804050e+00
1.2915960567229825e+00
1.1459954583206782e+00
1.0154512758027168e+00
8.9857721358844123e-01
7.9409413029691245e-01
7.0082410985832644e-01
6.1768464839563342e-01
5.4368285384756188e-01
4.7790983856186353e-01
4.1953518135775641e-01
3.6780164052371039e-01
3.2201997364088780e-01
2.8156404969514920e-01
2.4586608848853003e-01
2.1441221990497339e-01
1.8673817661281972e-01
1.6242532327665979e-01
1.4109681346137753e-01
1.2241409160320935e-01
1.0607350729199598e-01
9.1803277763562049e-02
7.9360539636865221e-02
6.8528749111044923e-02
5.9115142251948284e-02
5.0948543468445094e-02
4.3877200036459812e-02
3.7766966302166485e-02
3.2499475780475275e-02
2.7970668474853570e-02
2.4089264148018052e-02
2.0775602877959463e-02
1.7960385645260049e-02
1.5583803695549412e-02
1.3594517259693009e-02
1.1949057699431781e-02
1.0611022040279874e-02
9.5507439309714410e-03
8.7446910694892344e-03
8.1754181006826066e-03
7.8311666544328539e-03
7.7061379530400731e-03
7.8003121299753926e-03
8.1201149665223529e-03
8.6784956897841860e-03
9.4961189114488934e-03
1.0601768784929503e-02
1.2034289198442395e-02
1.3843413285596982e-02
1.6092834918549535e-02
1.8861574509972705e-02
2.2248874638729321e-02
2.6376115994572572e-02
3.1394884839524344e-02
3.7489605653968333e-02
4.4881773711964626e-02
