5.3811981596475975e-02
6.3910836894344125e-02
7.5337580403799911e-02
8.8293957806274331e-02
1.0300734460295369e-01
1.1973158549045258e-01
1.3874630816566205e-01
1.6036291266200375e-01
1.8492577212854172e-01
2.1281729479462261e-01
2.4446040010679720e-01
2.8032339344111301e-01
3.2092329740248049e-01
3.6683084800258187e-01
4.1867450008758011e-01
4.7714567429289351e-01
5.4300333011590962e-01
6.1707950363579789e-01
7.0028435643954356e-01
7.9361198467330751e-01
8.9814584024483068e-01
1.0150647419471559e+00
1.1456485391317284e+00
1.2912842078235602e+00
1.4534715916210812e+00
1.6338294171246170e+00
1.8341009051506767e+00
2.0561594898728766e+00
2.3020140478913929e+00
2.5738140549795783e+00
2.8738541335006493e+00
3.2045783312241234e+00
3.5685836417062715e+00
3.9686230436816237e+00
4.4076076074001858e+00
4.8886078936135222e+00
5.4148542249732650e+00
5.9897360141018563e+00
6.6167997568148955e+00
7.2997458430092479e+00
8.0424238216694519e+00
8.8488262502689530e+00
9.7230807942436339e+00
1.0669440694120480e+01
1.1692273298110214e+01
1.2796046774699674e+01
1.3985314739389230e+01
1.5264698916751229e+01
1.6638869613402306e+01
1.8112524139242069e+01
1.9690362999579641e+01
2.1377064020767548e+01
2.3177254284549690e+01
2.5095480067275741e+01
2.7136174716770448e+01
2.9303624703535171e+01
3.1601933840531334e+01
3.4034985953981057e+01
3.6606406063099151e+01
3.9319520399938547e+01
4.2177315390925706e+01
4.5182395980313913e+01
4.8336943478125235e+01
5.1642673359094502e+01
5.5100793250498121e+01
5.8711961575594216e+01
6.2476247136969398e+01
6.6393090137259222e+01
7.0461264955807309e+01
7.4678845196697566e+01
7.9043171345792359e+01
8.3550821554416061e+01
8.8197585888533084e+01
9.2978444545044454e+01
9.7887550355396016e+01
1.0291821604218244e+02
1.0806290650922774e+02
1.1331323657420299e+02
1.1865997436332607e+02
1.2409305070023315e+02
1.2960157462739070e+02
1.3517385529634873e+02
1.4079743026598152e+02
1.4645910033316835e+02
1.5214497082119004e+02
1.5784049932631683e+02
1.6353054972385718e+02
1.6919945230301792e+02
1.7483106970315814e+02
1.8040886838831815e+02
1.8591599520538742e+02
1.9133535863533106e+02
1.9664971416361541e+02
2.0184175326334838e+02
2.0689419531257667e+02
2.1178988184128647e+02
2.1651187234552464e+02
2.2104354098994253e+02
2.2536867337820712e+02
2.2947156266689251e+02
2.3333710417461234e+02
2.3695088774840121e+02
2.4029928704449509e+02
2.4336954500595468e+02
2.4614985473384496e+02
2.4862943508908617e+02
2.5079860029472144e+02
2.5264882296297986e+02
2.5417278992083948e+02
2.5536445037488986e+02
2.5621905591981010e+02
2.5673319207176741e+02
2.5690480098251800e+02
2.5673319517365621e+02
2.5621906211211967e+02
2.5536445963470257e+02
2.5417280221406187e+02
2.5264883824439545e+02
2.5079861850853288e+02
2.4862945616899282e+02
2.4614987860384426e+02
2.4336957158042918e+02
2.4029931622925938e+02
2.3695091944077808e+02
2.3333713826470785e+02
2.2947159903763702e+02
2.2536871190683840e+02
2.2104358154798470e+02
2.1651191480045753e+02
2.1178992605643245e+02
2.0689424114893555e+02
2.0184180057936075e+02
1.9664976281714237e+02
1.9133540848326342e+02
1.8591604610575223e+02
1.8040892019970346e+02
1.7483112228693145e+02
1.6919950552253783e+02
1.6353060344679423e+02
1.5784055342362535e+02
1.5214502516952524e+02
1.4645915481359702e+02
1.4079748476649490e+02
1.3517390971029212e+02
1.2960162885607843e+02
1.2409310465108088e+02
1.1866002795258126e+02
1.1331328972476551e+02
1.0806295915351518e+02
1.0291826811962925e+02
9.7887601815478973e+01
9.2978495344452341e+01
8.8197635994384342e+01
8.3550870941092370e+01
7.9043219998387926e+01
7.4678893107510163e+01
7.0461312128064918e+01
6.6393136581263263e+01
6.2476292874150673e+01
5.8712006634302305e+01
5.5100837670446076e+01
5.1642717186787621e+01
4.8336986771762028e+01
4.5182438804845034e+01
4.2177357823488244e+01
3.9319562524534604e+01
3.6606447976651552e+01
3.4035027760618703e+01
3.1601975658368019e+01
2.9303666658547716e+01
2.7136216950419051e+01
2.5095522729960003e+01
2.3177297544210877e+01
2.1377108055908600e+01
1.9690408009016966e+01
1.8112570334678239e+01
1.6638917230531217e+01
1.5264748207378343e+01
1.3985365984140179e+01
1.2796100274692877e+01
1.1692329389580399e+01
1.0669499739665785e+01
9.7231431997541264e+00
8.8488924557960242e+00
8.0424943211543649e+00
7.2998211748603161e+00
6.6168805270697399e+00
5.9898228868531342e+00
5.4149479497811335e+00
4.8887092960002150e+00
4.4077176215749150e+00
3.9687427034354585e+00
3.5687141198417702e+00
3.2047209313397431e+00
2.8740103379634974e+00
2.5739855183076998e+00
2.3022026557184962e+00
2.0563673549404147e+00
1.8343304405511394e+00
1.6340833363348399e+00
1.4537530004715773e+00
1.2915966105786438e+00
1.1459959552573047e+00
1.0154517210186909e+00
8.9857761188512209e-01
7.9409448610013422e-01
7.0082442723938920e-01
6.1768493109241862e-01
5.4368310528491204e-01
4.7791006187205803e-01
4.1953537939966384e-01
3.6780181590172450e-01
3.2202012872316449e-01
2.8156418663110211e-01
2.4586620922525937e-01
2.1441232620310954e-01
1.8673827006148452e-01
1.6242540530746061e-01
1.4109688536171738e-01
1.2241415452865897e-01
1.0607356227775568e-01
9.1803325735523772e-02
7.9360581421397208e-02
6.8528785444320034e-02
5.9115173788476874e-02
5.0948570789024733e-02
4.3877223655060853e-02
3.7766986672815465e-02
3.2499493303060407e-02
2.7970683500631185e-02
2.4089276984522810e-02
2.0775613793205448e-02
1.7960394871912162e-02
1.5583811434131253e-02
1.3594523681793697e-02
1.1949062950204360e-02
1.0611026240655977e-02
9.5507471795781996e-03
8.7446934440281177e-03
8.1754196589967076e-03
7.8311674351779475e-03
7.7061379760585821e-03
7.8003113958503316e-03
8.1201134558064533e-03
8.6784933621022568e-03
9.4961157035406713e-03
1.0601764608043384e-02
1.2034283934967393e-02
1.3843406784890957e-02
1.6092826991285940e-02
1.8861564921670786e-02
2.2248863100716509e-02
2.6376102154019171e-02
3.1394868265811018e-02
3.7489585823704784e-02
4.4881749992038887e-02
