-3.4177981502144679e-14
-8.5570861296725354e-15
0.0000000000000000e+00
8.5821536996629656e-15
8.5946300736904323e-15
-8.6070678799122124e-15
0.0000000000000000e+00
4.3159134550586208e-15
-1.2966221543730994e-14
0.0000000000000000e+00
0.0000000000000000e+00
0.0000000000000000e+00
0.0000000000000000e+00
4.3525778033097423e-15
1.7434472932224981e-14
1.0911595725791040e-14
1.7482551470298639e-14
4.1577860146936796e-14
5.4782189416384153e-14
5.2662151776655906e-14
5.4930365441690039e-14
3.0802273662671786e-14
3.4148044288109803e-14
3.7502446180053961e-14
3.0925190729643700e-14
1.9906626835920786e-14
4.0972724913204250e-14
4.0471665843611241e-14
4.2744592073508290e-14
2.1677761236324522e-14
4.8420088938337880e-14
2.0061457330252659e-14
2.4550675178645610e-14
4.3855932078588894e-14
5.9014157611425749e-14
6.9449262833223909e-14
8.5797913655354970e-14
9.8817632408335596e-14
1.3716560446838685e-13
1.6547541669963777e-13
1.9498003686985245e-13
2.4599460006643534e-13
3.4232126839684328e-13
4.7450689997375639e-13
6.9193966760410089e-13
1.0022887913292718e-12
1.4802290701757580e-12
2.1706638454705696e-12
3.1175596718025969e-12
4.5256912510136115e-12
6.5311976178776693e-12
9.4169598049816413e-12
1.3521982536706487e-11
1.9343533528432911e-11
2.7666313946919818e-11
3.9498653103974345e-11
5.6229838661820480e-11
7.9924095357344764e-11
1.1336100315469230e-10
1.6042629192910174e-10
2.2653969188591812e-10
3.1925397040065761e-10
4.4896627523659940e-10
6.3004331900766723e-10
8.8229065427927276e-10
1.2329907702619822e-09
1.7194253527642696e-09
2.3927865878382423e-09
3.3228132511744052e-09
4.6046596789931276e-09
6.3676833547834692e-09
8.7872392339756542e-09
1.2100753069921790e-08
1.6628873647958032e-08
2.2803511182933299e-08
3.1205377138904045e-08
4.2613353711262694e-08
5.8069872464328336e-08
7.8966879191298427e-08
1.0715879169630176e-07
1.4511075780387977e-07
1.9609208723717519e-07
2.6442919127676671e-07
3.5583402326825259e-07
4.7783102831586283e-07
6.4030950284179001e-07
8.5623772501232910e-07
1.1425824328871229e-06
1.5214914466118981e-06
2.0218096713055848e-06
2.6810184908457160e-06
3.5477100223517538e-06
4.6847368458343105e-06
6.1732101570123344e-06
8.1175636164937052e-06
1.0651950005504204e-05
1.3948301065134780e-05
1.8226458182685563e-05
2.3766872225800818e-05
3.0926484552051168e-05
4.0158534671970236e-05
5.2037201882792062e-05
6.7288181416463107e-05
8.6826525576034854e-05
1.1180335375618050e-04
1.4366335901506617e-04
1.8421541908161720e-04
2.3571906898386846e-04
3.0099011459145905e-04
3.8352927927545532e-04
4.8767848145875163e-04
6.1881016397137252e-04
7.8355603602384063e-04
9.9008267091770397e-04
1.2484226365686122e-03
1.5708712340213504e-03
1.9724605040553583e-03
2.4715239389019707e-03
3.0903673272085624e-03
3.8560633710628756e-03
4.8013901610855217e-03
5.9659362801161870e-03
7.3973982384193306e-03
9.1530991168287078e-03
1.1301760706091036e-02
1.3925565064369321e-02
1.7122545249074160e-02
2.1009348980130387e-02
2.5724423115484917e-02
3.1431671008710416e-02
3.8324638999364731e-02
4.6631292370840266e-02
5.6619444990898680e-02
6.8602910400262562e-02
8.2948445187995809e-02
1.0008355792065031e-01
1.2050525848846849e-01
1.4478982328152804e-01
1.7360365088741561e-01
2.0771528075238940e-01
2.4800864321250893e-01
2.9549760319372381e-01
3.5134185141802277e-01
4.1686418584266544e-01
4.9356921201609671e-01
5.8316347378084576e-01
6.8757700503573527e-01
8.0898626886371494e-01
9.4983842205608493e-01
1.1128768107908036e+00
1.3011675668961689e+00
1.5181271337698117e+00
1.7675505067513424e+00
2.0536399247852661e+00
2.3810336989175451e+00
2.7548348090219772e+00
3.1806388437864652e+00
3.6645608011862096e+00
4.2132602083716666e+00
4.8339639622112784e+00
5.5344862359110865e+00
6.3232447446042901e+00
7.2092726151196382e+00
8.2022250639758401e+00
9.3123800547989823e+00
1.0550632083665487e+01
1.1928478230232553e+01
1.3457995615811429e+01
1.5151809428602458e+01
1.7023050712871804e+01
1.9085303174481158e+01
2.1352538331231077e+01
2.3839038434014878e+01
2.6559306704534407e+01
2.9527964577618722e+01
3.2759635800883551e+01
3.6268817430917963e+01
4.0069737972189166e+01
4.4176203130614191e+01
4.8601429895858253e+01
5.3357869921846024e+01
5.8457023440068689e+01
6.3909245210792875e+01
6.9723544288431498e+01
7.5907379643831320e+01
8.2466453942364396e+01
8.9404508016459545e+01
9.6723118788350263e+01
1.0442150358705445e+02
1.1249633395671566e+02
1.2094156216543166e+02
1.2974826368897661e+02
1.3890449895733920e+02
1.4839519760943983e+02
1.5820206839931129e+02
1.6830353773303679e+02
1.7867471958858977e+02
1.8928741928046628e+02
2.0011017317904151e+02
2.1110832608376094e+02
2.2224414748387153e+02
2.3347698742613994e+02
2.4476347215299955e+02
2.5605773908524378e+02
2.6731171011032541e+02
2.7847540151115192e+02
2.8949726824239491e+02
3.0032457964379120e+02
3.1090382308503268e+02
3.2118113147703775e+02
3.3110273007183309e+02
3.4061539751960561e+02
3.4966693576753045e+02
3.5820664308047049e+02
3.6618578424693652e+02
3.7355805191154218e+02
3.8028001295252915e+02
3.8631153390273766e+02
3.9161617959552592e+02
3.9616157950230820e+02
3.9991975661209483e+02
4.0286741418008029e+02
4.0498617623426020e+02
4.0626277836670312e+02
4.0668920603819527e+02
4.0626277837877979e+02
4.0498617625833765e+02
4.0286741421600777e+02
3.9991975665964782e+02
3.9616157956119076e+02
3.9161617966537420e+02
3.8631153398312375e+02
3.8028001304296475e+02
3.7355805201148377e+02
3.6618578435579121e+02
3.5820664319760169e+02
3.4966693589226367e+02
3.4061539765123513e+02
3.3110273020962899e+02
3.2118113162025224e+02
3.1090382323290646e+02
3.0032457979556074e+02
2.8949726839729846e+02
2.7847540166843595e+02
2.6731171026925034e+02
2.5605773924508946e+02
2.4476347231307062e+02
2.3347698758577022e+02
2.2224414764242829e+02
2.1110832624064858e+02
2.0011017333370432e+02
1.8928741943239106e+02
1.7867471973730795e+02
1.6830353787812561e+02
1.5820206854039469e+02
1.4839519774618870e+02
1.3890449908947130e+02
1.2974826381625576e+02
1.2094156228766680e+02
1.1249633407375923e+02
1.0442150369880082e+02
9.6723118894733403e+01
8.9404508117450732e+01
8.2466454037969697e+01
7.5907379734088920e+01
6.9723544373408799e+01
6.3909245290583577e+01
5.8457023514789917e+01
5.3357869991635468e+01
4.8601429960871180e+01
4.4176203191020726e+01
4.0069738028171599e+01
3.6268817482668091e+01
3.2759635848600325e+01
2.9527964621506051e+01
2.6559306744798821e+01
2.3839038470863866e+01
2.1352538364871236e+01
1.9085303205116595e+01
1.7023050740702828e+01
1.5151809453824464e+01
1.3457995638613726e+01
1.1928478250797729e+01
1.0550632102168688e+01
9.3123800714072935e+00
8.2022250788479489e+00
7.2092726284055155e+00
6.3232447564451641e+00
5.5344862464393465e+00
4.8339639715505465e+00
4.2132602166368978e+00
3.6645608084838743e+00
3.1806388502148937e+00
2.7548348146716064e+00
2.3810337038712777e+00
2.0536399291187890e+00
1.7675505105335891e+00
1.5181271370633915e+00
1.3011675697576748e+00
1.1128768132712314e+00
9.4983842420127351e-01
8.0898627071478346e-01
6.8757700662937671e-01
5.8316347514978317e-01
4.9356921318936814e-01
4.1686418684595439e-01
3.5134185227405074e-01
2.9549760392240387e-01
2.4800864383140481e-01
2.0771528127691688e-01
1.7360365133091565e-01
1.4478982365571808e-01
1.2050525880344330e-01
1.0008355818520190e-01
8.2948445409665242e-02
6.8602910585597560e-02
5.6619445145504661e-02
4.6631292499568655e-02
3.8324639106253312e-02
3.1431671097283578e-02
2.5724423188719092e-02
2.1009349040531079e-02
1.7122545298794537e-02
1.3925565105149485e-02
1.1301760739481052e-02
9.1530991441338728e-03
7.3973982606780056e-03
5.9659362981992802e-03
4.8013901757453349e-03
3.8560633829140536e-03
3.0903673367604335e-03
2.4715239465651902e-03
1.9724605101814558e-03
1.5708712389292227e-03
1.2484226404692609e-03
9.9008267402570611e-04
7.8355603849176753e-04
6.1881016593331659e-04
4.8767848299388546e-04
3.8352928047477532e-04
3.0099011555988518e-04
2.3571906972126209e-04
1.8421541968013987e-04
1.4366335948853522e-04
1.1180335414440751e-04
8.6826525898362806e-05
6.7288181704599497e-05
5.2037202111991663e-05
4.0158534841164295e-05
3.0926484695187349e-05
2.3766872324948426e-05
1.8226458274991619e-05
1.3948301132667573e-05
1.0651950021314729e-05
8.1175636390325607e-06
6.1732101089027943e-06
4.6847367854607793e-06
3.5477099833575418e-06
2.6810184340359777e-06
2.0218096481084148e-06
1.5214914123237954e-06
1.1425823685765278e-06
8.5623763188242927e-07
6.4030939432216148e-07
4.7783088114640721e-07
3.5583393145879185e-07
2.6442910594490070e-07
1.9609204007185952e-07
1.4511071221730775e-07
1.0715876441062797e-07
7.8966829360821580e-08
5.8069819103271820e-08
4.2613293137486712e-08
3.1205334454738321e-08
2.2803467358065463e-08
1.6628865910021645e-08
1.2100744370434455e-08
8.7872179946634306e-09
6.3676194855965462e-09
4.6046351323976992e-09
3.3227515679140073e-09
2.3927337834372690e-09
1.7194070037831937e-09
1.2329596299292399e-09
8.8227302228853682e-10
6.3002480860159719e-10
4.4892004843279642e-10
3.1921241079417462e-10
2.2649587064093643e-10
1.6038482203329484e-10
1.1332187982338307e-10
7.9887313767742052e-11
5.6199986581018275e-11
3.9452777780973209e-11
2.7613616206068539e-11
1.9300049484769841e-11
1.3448828954090321e-11
9.3667238409395463e-12
6.5061083307127818e-12
4.4960743437580478e-12
3.1027683302940447e-12
2.1206590238995196e-12
1.4461747204017757e-12
9.5693635733247234e-13
6.3644859769804368e-13
4.2473740390976290e-13
2.6775623963713487e-13
1.6418446931039605e-13
7.6639552064450662e-14
2.2513662136005142e-15
-4.1599404633855033e-14
-6.7937122280730731e-14
-9.2527161785186730e-14
-8.9051877342601615e-14
-7.5515746706563766e-14
-1.0531010441801284e-13
-9.1507062029497268e-14
-8.8047507171664440e-14
-9.0161544919663665e-14
-9.1157765198903116e-14
-9.3816052732764945e-14
-7.0964016821674494e-14
-5.0939063405605280e-14
-5.1978414516015392e-14
-2.3193893047232778e-14
-3.3090393688282900e-14
-3.8554243551091713e-14
-2.6401948853718682e-14
-3.5155433882681629e-14
-4.3885126480546589e-14
-1.3147725459932198e-14
-1.0941542143930738e-14
-8.7412757351493194e-15
-1.5276234016107456e-14
-2.1793091165281226e-15
-1.7410311213238969e-14
-1.7386068435384927e-14
-3.4723490061484613e-14
-1.7337341432379923e-14
-2.5969287111514792e-14
-2.5932443087461988e-14
-4.3159134550586208e-14
-3.0168134144786717e-14
-3.4428271519648850e-14
-6.0162410515833017e-14
-6.0075075897640752e-14
-5.1417833868545862e-14
-7.7013775167052833e-14
-6.8355963004289358e-14
-6.8254935497875299e-14
-7.6672809330636037e-14
-7.6558481067834938e-14
-6.7950061912691922e-14
-6.7847846303219369e-14
-5.0809003598696943e-14
-5.0731904392130980e-14
-6.7539451271671578e-14
-5.0577057131835536e-14
-8.4165519628069244e-14
-6.7228471655189698e-14
-8.3905307300374881e-14
-1.0052961010030890e-13
-6.6914956146712723e-14
-1.0021484384143746e-13
-8.3380701408368893e-14
-8.3248692079464351e-14
-9.9739612990619371e-14
-9.9580391912755350e-14
-8.2850641668584431e-14
-1.1580420833721307e-13
-9.9100334663350161e-14
-1.3191936897769850e-13
-1.6463054827882260e-13
-1.3148899216376867e-13
-1.3127303328057680e-13
-1.6382070707289431e-13
-9.8129694739350100e-14
-1.6327764869465668e-13
-1.6300518408070104e-13
-1.6273210201555994e-13
-1.6245840712887032e-13
-1.6218410405459984e-13
-1.2952735794473411e-13
-1.2930695352005201e-13
-1.2908607368658124e-13
-1.2886472216432060e-13
-1.2864290267621701e-13
-1.2842061894806245e-13
-1.2819787470839080e-13
-9.5981005266281413e-14
-1.2775101962172499e-13
-7.9704322652864398e-14
-6.3651183647711608e-14
-9.5308032386210851e-14
-6.3425973822992506e-14
-7.9141302770866770e-14
-7.8999869139954195e-14
-7.8858168728873479e-14
-7.8716203881568621e-14
-7.8573976942993387e-14
-6.2745192207238246e-14
-6.2630996941211723e-14
-7.8145747042996027e-14
-9.3602994248220225e-14
-7.7858993017128171e-14
-4.6629145694106475e-14
-4.6542748185747347e-14
-4.6456204695650294e-14
-4.6369516634530696e-14
-5.3996466315552695e-14
-5.3894997850379618e-14
-5.3793365657930755e-14
