5.1764967967896744e-02
6.1489436837828322e-02
7.2497847597218237e-02
8.4985700351567398e-02
9.9173428251626825e-02
1.1530724760084651e-01
1.3365854607169647e-01
1.5452969757039453e-01
1.7825527763267252e-01
2.0520699960368957e-01
2.3579617114157883e-01
2.7047846583829366e-01
3.0975721894938935e-01
3.5418833368418556e-01
4.0438424431234926e-01
4.6101908373514222e-01
5.2483321370551705e-01
5.9663869418500104e-01
6.7732429427162166e-01
7.6786124632737141e-01
8.6930863940633341e-01
9.8281939263479745e-01
1.1096459070071152e+00
1.2511461456791524e+00
1.4087893849513655e+00
1.5841622412892962e+00
1.7789743209825568e+00
1.9950639842840610e+00
2.2344036478657467e+00
2.4991050261753784e+00
2.7914237936909929e+00
3.1137639940378268e+00
3.4686817227644333e+00
3.8588883482755465e+00
4.2872528334217543e+00
4.7568033718310669e+00
5.2707279314417708e+00
5.8323738787964556e+00
6.4452463035208751e+00
7.1130051853678014e+00
7.8394610495320469e+00
8.6285692306413520e+00
9.4844224186968820e+00
1.0411241594676572e+01
1.1413365059569655e+01
1.2495235661301367e+01
1.3661385958041949e+01
1.4916421428635115e+01
1.6265001508525266e+01
1.7711818577635142e+01
1.9261574724122056e+01
2.0918956435245576e+01
2.2688607090507752e+01
2.4575097441392732e+01
2.6582894009283930e+01
2.8716325626092164e+01
3.0979548109719087e+01
3.3376507344527703e+01
3.5910900822003889e+01
3.8586137960681661e+01
4.1405299323940497e+01
4.4371095104283526e+01
4.7485823053879976e+01
5.0751326277139242e+01
5.4168951121044458e+01
5.7739505620513391e+01
6.1463218782023702e+01
6.5339701195217430e+01
6.9367907291540376e+01
7.3546099759703196e+01
7.7871816458048258e+01
8.2341840338267701e+01
8.6952172724071787e+01
9.1698010445960392e+01
9.6573727159582589e+01
1.0157285931577728e+02
1.0668809707272753e+02
1.1191128056460265e+02
1.1723340175881958e+02
1.2264461224210469e+02
1.2813423708875848e+02
1.3369079505801000e+02
1.3930202517673774e+02
1.4495491984464306e+02
1.5063576440587318e+02
1.5633018320165507e+02
1.6202319192487553e+02
1.6769925616077094e+02
1.7334235580616064e+02
1.7893605511882964e+02
1.8446357796162368e+02
1.8990788786444594e+02
1.9525177234797192e+02
2.0047793101454255e+02
2.0556906674298452e+02
2.1050797939219427e+02
2.1527766126307017e+02
2.1986139364600209e+02
2.2424284364174301e+02
2.2840616053322188e+02
2.3233607086417078e+02
2.3601797148417367e+02
2.3943801971685983e+02
2.4258321992677105e+02
2.4544150567661114e+02
2.4800181680064026e+02
2.5025417065457924e+02
2.5218972695093157e+02
2.5380084554011498e+02
2.5508113665916497e+02
2.5602550313574432e+02
2.5663017420691335e+02
2.5689273058944349e+02
2.5681212061737233e+02
2.5638866724747879e+02
2.5562406591581805e+02
2.5452137321701011e+02
2.5308498656006230e+02
2.5132061494240511e+02
2.4923524116158401e+02
2.4683707576715167e+02
2.4413550322499449e+02
2.4114102074082462e+02
2.3786517034785416e+02
2.3432046482628803e+02
2.3052030816644950e+02
2.2647891123552856e+02
2.2221120343608240e+02
2.1773274107642135e+02
2.1305961328405886e+02
2.0820834620841276e+02
2.0319580635276088e+02
1.9803910377356215e+02
1.9275549596260927e+02
1.8736229310965402e+02
1.8187676550563663e+02
1.7631605371463917e+02
1.7069708219261733e+02
1.6503647688714139e+02
1.5935048739261569e+02
1.5365491408264845e+02
1.4796504067500925e+02
1.4229557252594162e+02
1.3666058098128727e+02
1.3107345395049899e+02
1.2554685290060479e+02
1.2009267630613625e+02
1.1472202962548073e+02
1.0944520171614391e+02
1.0427164764211815e+02
9.9209977673970286e+01
9.4267952331554454e+01
8.9452483173839639e+01
8.4769639099978662e+01
8.0224657788668338e+01
7.5821961973995528e+01
7.1565180127779669e+01
6.7457171201636925e+01
6.3500052962653847e+01
5.9695233551840801e+01
5.6043445783454118e+01
5.2544783810129665e+01
4.9198741674881404e+01
4.6004253388551554e+01
4.2959734073165990e+01
4.0063121838673290e+01
3.7311919966469333e+01
3.4703239108259751e+01
3.2233839116940452e+01
2.9900170268016307e+01
2.7698413538509474e+01
2.5624519757437437e+01
2.3674247348820817e+01
2.1843198539320579e+01
2.0126853806196824e+01
1.8520604495353286e+01
1.7019783437978685e+01
1.5619693550468057e+01
1.4315634294864992e+01
1.3102926034788817e+01
1.1976932207064797e+01
1.0933079388295061e+01
9.9668752126704838e+00
9.0739242576796979e+00
8.2499418825628972e+00
7.4907661663673313e+00
6.7923679512757085e+00
6.1508591611134902e+00
5.5624994140072896e+00
5.0237011154176683e+00
4.5310330568054882e+00
4.0812227164374324e+00
3.6711572875962082e+00
3.2978836358395562e+00
2.9586072051743706e+00
2.6506900757906937e+00
2.3716481833598988e+00
2.1191479004573410e+00
1.8910019767296635e+00
1.6851650342360107e+00
1.4997285985629751e+00
1.3329158569481332e+00
1.1830761061390906e+00
1.0486790758565732e+00
9.2830907152164199e-01
8.2065911736021246e-01
7.2452502379174066e-01
6.3879955673928257e-01
5.6246661268004128e-01
4.9459557543589416e-01
4.3433573829235617e-01
3.8091096810739034e-01
3.3361447466196059e-01
2.9180386526292279e-01
2.5489632729479705e-01
2.2236412510490533e-01
1.9373023288855065e-01
1.6856429968330564e-01
1.4647874623402349e-01
1.2712520326336890e-01
1.1019106758356835e-01
9.5396403132935653e-02
8.2490937921587834e-02
7.1251406184195037e-02
6.1478958256908536e-02
5.2996915100009541e-02
4.5648557364462224e-02
3.9295259988570974e-02
3.3814624001281803e-02
2.9098958474024834e-02
2.5053718569182808e-02
2.1596304535434995e-02
1.8654771803166065e-02
1.6166921857311761e-02
1.4079254630230548e-02
1.2346334171599487e-02
1.0929960232598804e-02
9.7988033271072857e-03
8.9277815569521919e-03
8.2979762437352615e-03
7.8962123764135320e-03
7.7152899053983494e-03
7.7537827298698094e-03
8.0166562638001992e-03
8.5153218586005424e-03
9.2687660920873945e-03
1.0303925514506502e-02
1.1657542057866194e-02
1.3376953481517351e-02
1.5523043863458241e-02
1.8171557423801575e-02
2.1417812030577209e-02
2.5378551930439305e-02
3.0199723635115982e-02
3.6059031953624358e-02
4.3170043429513791e-02
