-3.4177981502144685e-14
-2.5671258389017614e-14
-1.7139277956181955e-14
-8.5821536996629672e-15
1.7189260147380868e-14
-1.7214135759824428e-14
1.2929200347765740e-14
8.6318269101172431e-15
-1.2966221543730997e-14
0.0000000000000000e+00
-4.3343353580949816e-15
8.6808725153711548e-15
8.6930342176924651e-15
-3.9173200229787688e-14
0.0000000000000000e+00
-6.5469574354746251e-15
4.3706378675746613e-15
1.3129850572716887e-14
1.5339013036587566e-14
3.7302357508464608e-14
3.5155433882681641e-14
1.7601299235812457e-14
3.5249594103855285e-14
2.9781354319454622e-14
2.7611777437181883e-14
3.7601406245628161e-14
2.6576902646402762e-14
2.9937944596643934e-14
5.3291958948789567e-14
-1.1116800634012577e-15
2.8940742813719200e-14
2.3405033551961440e-14
3.4315148261061484e-14
3.2403109051696265e-14
3.8037561304046934e-14
6.0488067628936955e-14
7.5143270783121368e-14
7.8043471049765070e-14
1.0962005275137475e-13
1.3620765592283113e-13
1.6793078320004633e-13
2.4148093767989526e-13
3.4401592814138221e-13
5.0108833537157127e-13
7.2364885040756234e-13
1.0000211696294318e-12
1.5006616800401475e-12
2.1536167472077113e-12
3.1084573077973348e-12
4.5086045737507874e-12
6.5277763514460949e-12
9.4169598049816429e-12
1.3496835992682185e-11
1.9343533528432914e-11
2.7682352389787608e-11
3.9507828168574582e-11
5.6239023917451947e-11
7.9937888453445800e-11
1.1335179766497251e-10
1.6041707639670025e-10
2.2655814293643679e-10
3.1925397040065766e-10
4.4895934121602899e-10
6.3004100520690864e-10
8.8231041477588205e-10
1.2329736892148971e-09
1.7194281532789232e-09
2.3927753491901962e-09
3.3228223345009881e-09
4.6046379512515723e-09
6.3676630843425195e-09
8.7872490075109732e-09
1.2100775100583792e-08
1.6628860944113370e-08
2.2803506258944905e-08
3.1205363954012368e-08
4.2613334254081588e-08
5.8069864155204533e-08
7.8966893102343011e-08
1.0715879992426319e-07
1.4511074752457517e-07
1.9609206770445140e-07
2.6442913597104485e-07
3.5583397247044876e-07
4.7783093060655328e-07
6.4030937116560832e-07
8.5623756327726549e-07
1.1425822715353299e-06
1.5214912053313048e-06
2.0218093547250146e-06
2.6810179986168277e-06
3.5477094208170482e-06
4.6847360413424097e-06
6.1732090995540084e-06
8.1175622615202309e-06
1.0651948224311717e-05
1.3948298752236009e-05
1.8226455219978342e-05
2.3766868457793509e-05
3.0926479671812505e-05
4.0158528382094226e-05
5.2037193809413373e-05
6.7288171042519798e-05
8.6826512263333218e-05
1.1180333676096020e-04
1.4366333734036540e-04
1.8421539152300309e-04
2.3571903396551411e-04
3.0099007033814612e-04
3.8352922331263436e-04
4.8767841092209953e-04
6.1881007526090809e-04
7.8355592464925583e-04
9.9008253145884415e-04
1.2484224622902882e-03
1.5708710167357330e-03
1.9724602337268518e-03
2.4715236032988386e-03
3.0903669114968478e-03
3.8560628572726881e-03
4.8013895274139351e-03
5.9659355003205058e-03
7.3973972808941049e-03
9.1530979436382411e-03
1.1301759271852448e-02
1.3925563314785802e-02
1.7122543119554509e-02
2.1009346393875798e-02
2.5724419981437180e-02
3.1431667219230741e-02
3.8324634427491545e-02
4.6631286867203067e-02
5.6619438380257264e-02
6.8602902477537059e-02
8.2948435713830232e-02
1.0008354661638083e-01
1.2050524503052418e-01
1.4478980729526747e-01
1.7360363194010806e-01
2.0771525834568741e-01
2.4800861677402011e-01
2.9549757206776567e-01
3.5134181485566118e-01
4.1686414299073105e-01
4.9356916190557676e-01
5.8316341531417393e-01
6.8757693697338584e-01
8.0898618980988779e-01
9.4983833044368426e-01
1.1128767048655956e+00
1.3011674447004427e+00
1.5181269931255241e+00
1.7675503452428314e+00
2.0536397397418256e+00
2.3810334873960186e+00
2.7548345677895507e+00
3.1806385693041581e+00
3.6645604895931343e+00
4.2132598554703620e+00
4.8339635634547431e+00
5.5344857863917962e+00
6.3232442390455983e+00
7.2092720478700629e+00
8.2022244290067690e+00
9.3123793457063044e+00
1.0550631293675549e+01
1.1928477352213156e+01
1.3457994642288234e+01
1.5151808351781272e+01
1.7023049524667428e+01
1.9085301866553021e+01
2.1352536895026059e+01
2.3839036860817778e+01
2.6559304985526136e+01
2.9527962703942407e+01
3.2759633763718547e+01
3.6268815221562036e+01
4.0069735582147835e+01
4.4176200551697768e+01
4.8601427120285514e+01
5.3357866942354107e+01
5.8457020250028130e+01
6.3909241804327088e+01
6.9723540660539371e+01
7.5907375790511622e+01
8.2466449860740568e+01
8.9404503704903220e+01
9.6723114246601938e+01
1.0442149881633925e+02
1.1249632895985245e+02
1.2094155694693345e+02
1.2974825825514040e+02
1.3890449331632314e+02
1.4839519177132556e+02
1.5820206237615042e+02
1.6830353153887862e+02
1.7867471323948942e+02
1.8928741279447198e+02
2.0011016657615909e+02
2.1110831938589541e+02
2.2224414071474507e+02
2.3347698061118527e+02
2.4476346531922988e+02
2.5605773226109864e+02
2.6731170332549442e+02
2.7847539479637646e+02
2.8949726162925009e+02
3.0032457316444993e+02
3.1090381677201361e+02
3.2118112536294046e+02
3.3110272418906322e+02
3.4061539190009250e+02
3.4966693044244136e+02
3.5820663807992497e+02
3.6618577959972373e+02
3.7355804764484640e+02
3.8028000909166474e+02
3.8631153047089953e+02
3.9161617661355808e+02
3.9616157698849253e+02
3.9991975458196447e+02
4.0286741264625999e+02
4.0498617520633536e+02
4.0626277785112063e+02
4.0668920603819510e+02
4.0626277889436199e+02
4.0498617728626209e+02
4.0286741574982779e+02
3.9991975868977772e+02
3.9616158207500604e+02
3.9161618264734170e+02
3.8631153741496138e+02
3.8028001690382888e+02
3.7355805627817932e+02
3.6618578900300366e+02
3.5820664819814698e+02
3.4966694121735247e+02
3.4061540327074812e+02
3.3110273609239880e+02
3.2118113773434936e+02
3.1090382954592565e+02
3.0032458627490200e+02
2.8949727501044345e+02
2.7847540838321163e+02
2.6731171705408150e+02
2.5605774606923484e+02
2.4476347914684061e+02
2.3347699440072512e+02
2.2224415441155503e+02
2.1110833293851431e+02
2.0011017993658703e+02
1.8928742591838571e+02
1.7867472608640864e+02
1.6830354407228415e+02
1.5820207456355595e+02
1.4839520358430332e+02
1.3890450473048779e+02
1.2974826925009228e+02
1.2094156750616536e+02
1.1249633907062280e+02
1.0442150846951630e+02
9.6723123436481984e+01
8.9404512429007312e+01
8.2466458119593796e+01
7.5907383587408859e+01
6.9723548001301140e+01
6.3909248697049549e+01
5.8457026704830703e+01
5.3357872971127591e+01
4.8601432736444103e+01
4.4176205769937340e+01
4.0069740418213080e+01
3.6268819692024138e+01
3.2759637885765400e+01
2.9527966495182465e+01
2.6559308463807159e+01
2.3839040044061040e+01
2.1352539801076261e+01
1.9085304513044736e+01
1.7023051928907154e+01
1.5151810530645601e+01
1.3457996612136883e+01
1.1928479128817104e+01
1.0550632892158577e+01
9.3123807804999288e+00
8.2022257138169525e+00
7.2092731956550553e+00
6.3232452620038213e+00
5.5344866959586181e+00
4.8339643703070498e+00
4.2132605695381429e+00
3.6645611200768871e+00
3.1806391246971191e+00
2.7548350559039823e+00
2.3810339153927669e+00
2.0536401141621834e+00
1.7675506720420748e+00
1.5181272777076593e+00
1.3011676919533579e+00
1.1128769191964545e+00
9.4983851581368206e-01
8.0898634976860606e-01
6.8757707469170415e-01
5.8316353361644280e-01
4.9356926329987094e-01
4.1686422969788167e-01
3.5134188883641987e-01
2.9549763504838189e-01
2.4800867026992329e-01
2.0771530368361896e-01
1.7360367027827495e-01
1.4478983964201558e-01
1.2050527226140734e-01
1.0008356948950088e-01
8.2948454883860295e-02
6.8602918508335345e-02
5.6619451756155903e-02
4.6631298003210780e-02
3.8324643678158340e-02
3.1431674886773037e-02
2.5724426322785099e-02
2.1009351626836918e-02
1.7122547428319673e-02
1.3925566854768354e-02
1.1301762173770182e-02
9.1531003173559462e-03
7.3973992182370819e-03
5.9659370780579925e-03
4.8013908094993625e-03
3.8560638967815183e-03
3.0903677525018808e-03
2.4715242821923477e-03
1.9724607805471006e-03
1.5708714562810307e-03
1.2484228147697945e-03
9.9008281353413718e-04
7.8355614990621453e-04
6.1881025471661208e-04
4.8767855359082782e-04
3.8352933646089486e-04
3.0099015986375375e-04
2.3571910471752278e-04
1.8421544726598689e-04
1.4366338120288635e-04
1.1180337119284206e-04
8.6826539243859931e-05
6.7288192106854171e-05
5.2037210198932902e-05
4.0158541132202853e-05
3.0926489549506864e-05
2.3766876133543278e-05
1.8226461167988960e-05
1.3948303330959399e-05
1.0651951719419673e-05
8.1175649535551787e-06
6.1732111540448081e-06
4.6847375507262980e-06
3.5477105714436270e-06
2.6810188602335715e-06
2.0218099702497636e-06
1.5214916390408257e-06
1.1425825287787056e-06
8.5623776684002909e-07
6.4030949093420391e-07
4.7783094821296349e-07
3.5583397834591148e-07
2.6442914009714208e-07
1.9609206398150009e-07
1.4511072135433178e-07
1.0715876444715366e-07
7.8966850284239329e-08
5.8069838410772338e-08
4.2613295446618302e-08
3.1205324451805274e-08
2.2803481074278186e-08
1.6628860382231202e-08
1.2100755269880623e-08
8.7872224539563984e-09
6.3676260064603834e-09
4.6046080346798330e-09
3.3227314887424683e-09
2.3927392473307679e-09
1.7193897144869425e-09
1.2329466360154471e-09
8.8226375729378992e-10
6.2999935679325097e-10
4.4891542575241618e-10
3.1921702852822841e-10
2.2648664511567721e-10
1.6038251815019453e-10
1.1331727707852317e-10
7.9901106863843088e-11
5.6199986581018288e-11
3.9432133885622710e-11
2.7631945855060296e-11
1.9286317681507827e-11
1.3437398706806550e-11
9.3575900292955307e-12
6.4890019985549056e-12
4.4881005610353965e-12
3.0959415572900982e-12
2.1172496042469483e-12
1.4325529804921833e-12
9.5466873563263238e-13
6.2059400629631320e-13
4.3887646529157939e-13
2.8018374443041968e-13
1.5007927435245828e-13
7.1004290883241080e-14
3.3770493204007714e-14
-3.1480630533728138e-14
-5.7550041601445455e-14
-8.4956757639126013e-14
-8.4291242390324201e-14
-9.1457959900171694e-14
-9.9723361478065218e-14
-8.3416498618352709e-14
-9.0276557986136984e-14
-8.6822228441157618e-14
-8.6711044945298111e-14
-9.2150679015615307e-14
-6.3756733863223187e-14
-6.4227514728806667e-14
-2.7648092827667763e-14
-2.3193893047232785e-14
-1.1030131229427637e-14
4.4061992629819106e-15
-2.9702192460433522e-14
-2.1972146176676023e-14
-2.4136819564300627e-14
-1.0956437883276834e-14
4.3766168575722958e-15
0.0000000000000000e+00
2.1823191451582085e-15
4.3586182330562461e-15
-1.3057733409929228e-14
-1.7386068435384930e-14
8.6808725153711548e-15
0.0000000000000000e+00
0.0000000000000000e+00
-8.6441476958206649e-15
0.0000000000000000e+00
-1.7238933797020984e-14
-3.4428271519648856e-14
-3.4378520294761736e-14
-1.7164307399325934e-14
-2.5708916934272934e-14
-2.5671258389017614e-14
-4.2722476877680858e-14
-4.2659334686172071e-14
-3.4076804146949356e-14
-4.2532489482130527e-14
-4.2468788695432459e-14
-3.3923923151609691e-14
-3.3872669065797971e-14
-3.3821269594753993e-14
-3.3769725635835796e-14
-5.0577057131835549e-14
-5.0499311776841559e-14
-8.4035589568987139e-14
-5.0343184380224934e-14
-8.3774675083590759e-14
-6.6914956146712748e-14
-6.6809895894291655e-14
-1.0005684169004270e-13
-6.6598953663571499e-14
-9.9739612990619396e-14
-6.6386927941836912e-14
-4.9710385001150674e-14
-6.6173833335550337e-14
-6.6066889775566795e-14
-6.5959684488849275e-14
-9.8778328967293588e-14
-1.3148899216376869e-13
-9.8454774960432635e-14
-1.3105656565831549e-13
-1.6354949123225021e-13
-1.3062211895572537e-13
-9.7803110448420641e-14
-9.7639261209335981e-14
-1.2996672570309630e-13
-9.7310462432759926e-14
-1.2952735794473413e-13
-1.2930695352005206e-13
-1.2908607368658129e-13
-1.2886472216432062e-13
-9.6482177007162771e-14
-1.6052577368507808e-13
-9.6148406031293124e-14
-6.3987336844187621e-14
-6.3875509810862509e-14
-7.9704322652864423e-14
-3.1825591823855810e-14
-7.9423360321842380e-14
-6.3425973822992519e-14
-6.3313042216693431e-14
-7.8999869139954220e-14
-4.7314901237324099e-14
-7.8716203881568647e-14
-6.2859181554394719e-14
-4.7058894155428690e-14
-7.8288746176514669e-14
-7.8145747042996039e-14
-4.6801497124110125e-14
-6.2287194413702557e-14
-7.7715242823510813e-14
-6.2056997580996467e-14
-6.1941606260867075e-14
-4.6369516634530708e-14
-5.3996466315552707e-14
-5.3894997850379631e-14
-4.6108599135369237e-14
