-2.4551750686724205e-16
7.2291007241382481e-15
-1.9943395716290183e-15
1.0516123656741920e-14
2.4000131158064508e-14
6.2684457169220118e-15
1.6563434382593236e-14
1.5205747751349923e-14
5.7026976084610442e-15
1.1243243430679674e-14
6.8774463443404094e-15
1.3450499464433880e-14
1.1953522433027202e-14
3.6803099391607641e-15
1.9999535720850744e-14
1.2408674543270215e-14
3.7750275147747169e-15
1.0939517286423908e-14
2.6223565432994312e-14
1.7667254772052659e-14
4.4360063873316254e-14
4.8094539828577947e-14
4.8836782726061268e-14
4.9041266249999889e-14
3.6862994863691018e-14
6.1954070823324840e-14
5.0664377428688312e-14
7.5930177700126206e-14
7.0542246627681875e-14
7.8539154234791536e-14
7.4369169935970105e-14
6.1958278128964296e-14
4.9044386623321654e-14
5.3930949380835138e-14
5.6542418140941049e-14
5.2072070401986597e-14
6.4564403776816022e-14
5.6270439630036232e-14
5.7593238697690302e-14
4.6744261070070994e-14
1.5715657520786908e-14
3.9075648407337016e-14
2.4275211918610812e-14
4.2821038435925739e-14
3.0104709701809584e-14
4.0745931522551943e-14
2.5469070128805639e-14
3.2966397452553114e-14
1.3388844344784877e-14
1.6592123180710421e-14
1.2487825946330720e-14
1.2124085596803191e-14
8.1131787309470228e-15
1.2653604446962543e-14
1.0578320629020789e-14
1.4609153604898528e-14
4.4745003067536823e-15
-7.2011611799662993e-15
8.4304966685164089e-15
1.9933004876000568e-14
2.0261719813463653e-14
2.1903362810735132e-14
1.9982731745557662e-14
3.6381511228498349e-14
1.5152394493303090e-14
4.6224267179513547e-14
5.3477696079240511e-14
6.1640044944834201e-14
6.4653784187205851e-14
6.8214177413630386e-14
5.8232996336314286e-14
6.0698267963337461e-14
6.2958910937903360e-14
6.3137038528145052e-14
7.4521346930916053e-14
8.1477033401829041e-14
7.2274891385412928e-14
5.6615262294942304e-14
7.6871392624710822e-14
6.1590585196780023e-14
5.5418710776576313e-14
4.4754501058946169e-14
4.1221865767173975e-14
1.2446568536063385e-14
1.2967985405588431e-14
1.1024748905107635e-14
1.8694615409411154e-14
1.5074457969092507e-14
1.1629385828239561e-14
2.5737530794484126e-14
2.4239154226671151e-14
3.6723363145075648e-14
4.0117842490056384e-15
1.2600713056373645e-14
3.3627381023817614e-15
-7.5330659663924530e-15
-5.5662303724275394e-14
-6.2331291757178218e-14
-4.4423393784707183e-14
-5.7392506854387793e-14
-6.3997819453829255e-14
-5.9226578307788043e-14
-3.3314864159920590e-14
-4.3603515388844405e-14
-2.1324355522771324e-14
-2.3186641508941501e-14
2.1304336128995998e-15
3.3510801876660877e-16
1.0981290625876773e-14
-2.6087688538321902e-14
-4.7109641462375890e-15
-5.0549325710625585e-14
-8.7209736698670651e-14
-9.5980497000192259e-14
-1.0329078726992359e-13
-1.2730612100497454e-13
-1.2613399372184582e-13
-1.4141844600651375e-13
-1.3676747108625369e-13
-1.6341841202131377e-13
-1.4784004189262728e-13
-1.5528052916762090e-13
-1.4223875462626260e-13
-1.6579252314531547e-13
-1.7441350262716285e-13
-1.9241001091728917e-13
-1.8253632983072697e-13
-2.2070190276523830e-13
-2.1785867493231413e-13
-2.1189446949778609e-13
-2.2991982012947325e-13
-2.2802302686619333e-13
-2.3730718675486331e-13
-2.5524532571502612e-13
-2.3877777971474728e-13
-2.7731746391384379e-13
-2.8339339190854465e-13
-2.9447900659013441e-13
-3.2913213363676933e-13
-3.6124794137446135e-13
-4.0009867264316818e-13
-4.2202029498268715e-13
-4.7527860674445213e-13
-5.3100046224978183e-13
-5.8793183959033595e-13
-6.2953834784008937e-13
-7.1145427605043679e-13
-7.5609259371771082e-13
-7.9569430178087480e-13
-8.1669602648567451e-13
-8.8068520839180781e-13
-9.4038378588278319e-13
-9.9420205443603302e-13
-1.0558360121577950e-12
-1.1533673688007255e-12
-1.2646315227180853e-12
-1.3706128168022491e-12
-1.4915120435733494e-12
-1.6261067455721330e-12
-1.7848942216543530e-12
-1.9592478705670888e-12
-2.1337843347683199e-12
-2.3657381267609541e-12
-2.6007626524306426e-12
-2.8719007386958260e-12
-3.1214821207022625e-12
-3.4452919557650333e-12
-3.7778221178990755e-12
-4.1328755789230183e-12
-4.5527031571795484e-12
-5.0349871732535181e-12
-5.5606358571145102e-12
-6.1461147526306119e-12
-6.7761433404271977e-12
-7.4751008421808867e-12
-8.2493858992451782e-12
-9.1089133613509303e-12
-1.0018910737692222e-11
-1.1025019740610683e-11
-1.2095142903634879e-11
-1.3229910595137583e-11
-1.4441040587382901e-11
-1.5777762093685355e-11
-1.7183625729635434e-11
-1.8688332639053468e-11
-2.0268080838064227e-11
-2.1999300484569031e-11
-2.3833613949858210e-11
-2.5743580270158346e-11
-2.7770820358462017e-11
-2.9910634149231410e-11
-3.2151851821122079e-11
-3.4536731956938294e-11
-3.6975119012881488e-11
-3.9535526997559348e-11
-4.2144535455526564e-11
-4.4828578029187050e-11
-4.7566239986271992e-11
-5.0401123095554364e-11
-5.3257307061300845e-11
-5.6155693001751540e-11
-5.9114337483169708e-11
-6.2110712259240953e-11
-6.5099554790580082e-11
-6.8086846087481454e-11
-7.1089336804612684e-11
-7.4036548853153329e-11
-7.6970435701502906e-11
-7.9850670136427532e-11
-8.2644963840613341e-11
-8.5389414666313357e-11
-8.8015625461991382e-11
-9.0513574111214486e-11
-9.2873532790315003e-11
-9.5121907805438208e-11
-9.7205591504957252e-11
-9.9156338372868026e-11
-1.0088318590999425e-10
-1.0244607412307830e-10
-1.0380108800631308e-10
-1.0495595851064639e-10
-1.0587024716384495e-10
-1.0658312209881374e-10
-1.0709095716909591e-10
-1.0737266241513358e-10
-1.0742509118893084e-10
-1.0726500334643059e-10
-1.0686010729171053e-10
-1.0622962861673557e-10
-1.0538121171760492e-10
-1.0430449580826883e-10
-1.0304741553977540e-10
-1.0156126903099094e-10
-9.9949272701528964e-11
-9.8109175291858756e-11
-9.6128358368442133e-11
-9.3992032626044564e-11
-9.1667394098774283e-11
-8.9234871012764443e-11
-8.6677430085665559e-11
-8.4016122510257924e-11
-8.1243232705611907e-11
-7.8443805094256024e-11
-7.5606086604202627e-11
-7.2689499020853015e-11
-6.9758408973314190e-11
-6.6796197322588807e-11
-6.3875244610766794e-11
-6.0942230070838177e-11
-5.8044779592961314e-11
-5.5156611108989080e-11
-5.2320606117819543e-11
-4.9535000851612529e-11
-4.6777250118499001e-11
-4.4097865236360647e-11
-4.1473799359449567e-11
-3.8914433963012262e-11
-3.6461634870372329e-11
-3.4089503922801961e-11
-3.1813227988694477e-11
-2.9652124277856961e-11
-2.7573444498288925e-11
-2.5603367187782238e-11
-2.3737948305514182e-11
-2.1968005061334203e-11
-2.0296677735598608e-11
-1.8687697572434007e-11
-1.7202100043918337e-11
-1.5811685718949214e-11
-1.4464807408478710e-11
-1.3230506929289323e-11
-1.2064356239929712e-11
-1.0960040114007720e-11
-9.9682822412543108e-12
-9.0278439784283538e-12
-8.1951117402873087e-12
-7.4226958684234730e-12
-6.7168439023722992e-12
-6.0547758307354872e-12
-5.4835702419906496e-12
-4.9466765239030839e-12
-4.4877731636284704e-12
-4.0402901168687080e-12
-3.6516737465981503e-12
-3.2878252252758944e-12
-2.9689840632531141e-12
-2.6540474536483279e-12
-2.3684317517272521e-12
-2.1133968980620177e-12
-1.8983751656855722e-12
-1.6860637253622311e-12
-1.5215102940182396e-12
-1.3383098725063571e-12
-1.1981058848625654e-12
-1.0473930613026672e-12
-9.2012931821996509e-13
-7.8539871802815156e-13
-6.6036605443874879e-13
-5.6740962524512262e-13
-4.7761704773006812e-13
-3.8252475817379117e-13
-3.1146240328542007e-13
-2.4893513393343047e-13
-2.0119524197009738e-13
-1.5327054433727072e-13
-1.3987383808017744e-13
-1.0974696156564209e-13
-1.1009515736695506e-13
-9.4672136027835452e-14
-7.9904244169693648e-14
-6.7345771713593663e-14
-6.3000641222540225e-14
-4.4344741470610506e-14
-7.1524504710347199e-14
-7.4437197219647290e-14
-7.6872848302462861e-14
-6.6697170714510715e-14
-3.5547072530376721e-14
-4.7375036569233150e-14
-3.0030672942462484e-14
-1.1665230423177115e-14
-2.7307195124516503e-14
-2.6616819151386263e-14
-4.5691178302426919e-14
-4.2568177744214939e-14
-1.8206499409499291e-14
-3.5583525630440509e-14
-1.9283640693915054e-14
-1.6979672407902392e-14
-2.3721734578204728e-14
-3.2561985086298964e-14
-3.9136802023522771e-14
-7.5547399368074549e-15
1.7333677830844434e-14
1.0748325355618286e-14
3.6004955812620596e-14
5.6934579198528906e-14
5.9569529810702124e-14
6.9523074095018957e-14
9.4609544574755416e-14
1.0869534936780273e-13
1.3387418673956892e-13
1.2794421529844995e-13
1.3775747250707867e-13
1.6133367999087173e-13
1.3471784045744180e-13
1.3307338223578451e-13
1.1840942748776189e-13
1.3955375233785888e-13
1.4806833447043106e-13
1.3866589580320963e-13
1.4115121652752362e-13
2.0096231113917089e-13
1.9418119831767879e-13
1.7146412535016775e-13
1.8539373659825362e-13
1.6525870085275801e-13
1.8334595438408444e-13
1.4169893861221038e-13
1.0458210598680288e-13
7.2851854825419024e-14
4.4166964556573352e-14
1.5483535364131351e-14
3.2895059164295247e-16
-1.5967182694811052e-14
1.1818010391397401e-15
-1.7940441643322777e-14
-9.3058198005483217e-15
3.4940972724909771e-14
2.6447162459877247e-14
3.2686783013808779e-14
4.9297778232858699e-14
3.7207896824733983e-14
4.9005720998479636e-14
4.0297567524535147e-14
4.1160169175731375e-14
5.6187590379616733e-14
5.5693135248436461e-14
4.8443047699474931e-14
5.2321241731593039e-14
3.7570458541882399e-14
2.7075001284255937e-14
2.3422589786186465e-14
6.9621907397052708e-15
2.5212515220785181e-14
3.1912744349608172e-15
1.4027786746290284e-14
6.6989270133924568e-15
-1.9146972180500615e-15
-9.4155970588218188e-15
1.5799469649604800e-15
-6.7899651016128966e-15
6.0596761144978685e-15
5.0355652299444713e-15
1.4144697270767396e-14
1.1895778430589877e-14
1.2573903555431103e-14
6.1449873045235771e-15
7.2462590040628235e-15
-2.9935776260793633e-15
2.2135695939062246e-14
2.0454414741767504e-14
1.8087842707842728e-14
4.0934179780148694e-14
4.9584705317579444e-15
-4.8422534614830170e-15
3.7803467950558246e-16
-8.5069207909919394e-15
6.0592037608495666e-15
-4.4799903403832424e-15
6.4669620884590865e-15
1.4012799853622065e-14
-5.1892340428273132e-16
7.4479433287140182e-15
1.2096312098628557e-14
4.0130967583320454e-15
1.7798072759590866e-14
1.3671768545266786e-14
2.0637674308398636e-14
5.1678358706635339e-14
4.1709355847318479e-14
2.4516378994122249e-14
2.1289747558001542e-14
2.8228968096805861e-14
4.1908091637450658e-14
1.6135729433953375e-14
5.0105978030210601e-14
4.6046140407669745e-14
5.1176655191752105e-14
2.6262122290368652e-14
2.8965362961311469e-14
3.6115440219074735e-14
2.1598988316747725e-14
4.2081488081282151e-14
4.8980166807232288e-14
7.0314894299052570e-14
5.3351313993874828e-14
2.2849987471678320e-14
2.3008650841900885e-14
2.8932098070264627e-14
1.5016089908480768e-14
4.0715233921618883e-14
3.5907077438309980e-14
4.6589879383177999e-14
5.3254625617658362e-14
3.3227155656153841e-14
1.6379830900200936e-14
3.3637265863518483e-14
3.6026889036341551e-14
2.4878167192242357e-14
4.9236930716123573e-14
3.8061990921205751e-14
3.6345131257461471e-14
2.1916340463650289e-14
1.9096169225168393e-14
3.1904152161887661e-14
1.2398522250951411e-14
2.9036721694405262e-14
2.6088720198444760e-14
3.9647693844715942e-14
3.6507882644966797e-14
3.8440012817179853e-14
1.5791899695721525e-14
4.4677830863072715e-14
2.4989166507557838e-14
2.0721291581366140e-14
4.1966531796624757e-14
5.2073340427486499e-14
3.9378891522297468e-14
6.1307565197937733e-16
2.1699481873522263e-15
1.4093645583278452e-14
1.7136937576964623e-14
1.2630118801457649e-14
1.9808810061683618e-14
1.8108058752523189e-14
3.5315710709355821e-14
1.2431474040019403e-14
5.9064100161584537e-15
3.3475682403656945e-14
1.9515593766321625e-14
2.1312229107589261e-14
3.3050987448189557e-14
1.9426379063380794e-14
3.1288058600949613e-14
1.4593990504216627e-14
1.2173233233352298e-14
4.2250792521905868e-14
-2.6735937358490351e-15
2.0465743326886683e-14
4.4259362358293754e-15
5.8301900475000471e-15
2.0291240775438603e-14
8.3277204774016084e-15
8.5082483808201547e-15
1.3406067932253890e-14
1.9741116680247507e-14
-9.7649416279561002e-15
-7.0931185827909582e-15
7.8746746838203869e-15
8.5746978831063448e-15
5.1983296312069594e-16
-5.6381549000486272e-15
2.2232087130904825e-14
-7.4861811081021437e-15
-6.3495931969708705e-15
-3.3154609514627657e-15
4.0600266223009507e-15
1.5114384761530066e-14
-3.2126843297696534e-15
1.9443240492913916e-14
4.5894406653574863e-15
