3.9646117529506540e-12
-1.4588553672287444e-12
4.0673078752286220e-13
1.4691165629864233e-12
7.0592130812435414e-13
-9.8263227723378340e-13
3.0477298129694531e-12
4.1598048595291158e-13
1.4240271561615835e-12
2.1907548808391561e-12
-8.9381881849503738e-13
-6.8903787792671248e-13
1.5143629569042881e-12
1.4372296676445612e-13
-2.7112040547461926e-12
-1.8568630937358452e-12
-2.5867243881726221e-12
-3.7633005283372794e-12
-5.6038009008832073e-12
-8.8835262131454194e-12
-1.4216150827393050e-11
-1.8680894423975410e-11
-2.3779442561362425e-11
-3.8841456325588770e-11
-5.3548138210914761e-11
-7.2600776047385270e-11
-1.0707917422693893e-10
-1.4775670858993327e-10
-2.0812071739441346e-10
-2.9219656798318065e-10
-4.1005052875958552e-10
-5.7652163257623769e-10
-8.0879149156448482e-10
-1.1287065103172449e-09
-1.5699132564124592e-09
-2.1860927506278064e-09
-3.0338202469461301e-09
-4.1924533095975932e-09
-5.7920904912537369e-09
-7.9801802836705305e-09
-1.0972179424215669e-08
-1.5054365393585361e-08
-2.0612470702037040e-08
-2.8157093244457161e-08
-3.8381886591055821e-08
-5.2207912613299862e-08
-7.0857103850674024e-08
-9.5966414358190136e-08
-1.2968886460713246e-07
-1.7488777196730179e-07
-2.3532595858249681e-07
-3.1596928131476070e-07
-4.2332973967746656e-07
-5.6594659806490528e-07
-7.5497688904170059e-07
-1.0049662784653681e-06
-1.3348458442114135e-06
-1.7691812938395701e-06
-2.3397689446906050e-06
-3.0876948981827664e-06
-4.0658970737180427e-06
-5.3424200780746779e-06
-7.0045420152239530e-06
-9.1639140489477813e-06
-1.1963046576200723e-05
-1.5583387315540557e-05
-2.0255405940034444e-05
-2.6271135885036187e-05
-3.3999719773425944e-05
-4.3906644696035058e-05
-5.6577438763765403e-05
-7.2746856794155072e-05
-9.3334634320026624e-05
-1.1948926178177563e-04
-1.5264129346185252e-04
-1.9456830681212429e-04
-2.4747353295460450e-04
-3.1408106670411523e-04
-3.9775055571451406e-04
-5.0261516320654559e-04
-6.3374685801227074e-04
-7.9735402661493292e-04
-1.0010168326786864e-03
-1.2539668577769138e-03
-1.5674182201906584e-03
-1.9549584624625029e-03
-2.4330085423534490e-03
-3.0213624486677970e-03
-3.7438181207646135e-03
-4.6289127515296439e-03
-5.7107768996760497e-03
-7.0301231946401609e-03
-8.6353869957702077e-03
-1.0584037688045025e-02
-1.2944080820087474e-02
-1.5795772540673068e-02
-1.9233569099939340e-02
-2.3368335274124036e-02
-2.8329836143403481e-02
-3.4269537595929170e-02
-4.1363740606263445e-02
-4.9817074281944845e-02
-5.9866371573767507e-02
-7.1784950107255469e-02
-8.5887317853737474e-02
-1.0253432052276408e-01
-1.2213874282054235e-01
-1.4517137042283007e-01
-1.7216751289835977e-01
-2.0373397960546047e-01
-2.4055649123404152e-01
-2.8340749863580994e-01
-3.3315436812438570e-01
-3.9076787830834836e-01
-4.5733095786640304e-01
-5.3404757668489844e-01
-6.2225168411096010e-01
-7.2341606851163465e-01
-8.3916099152798784e-01
-9.7126242900548154e-01
-1.1216597286928396e+00
-1.2924624731795622e+00
-1.4859563150608943e+00
-1.7046075313983846e+00
-1.9510660258642469e+00
-2.2281664910404921e+00
-2.5389274302478553e+00
-2.8865477293350787e+00
-3.2744004643317077e+00
-3.7060236320578381e+00
-4.1851074981304510e+00
-4.7154782712267069e+00
-5.3010778345701368e+00
-5.9459392962420035e+00
-6.6541581591477001e+00
-7.4298589600491161e+00
-8.2771572851327821e+00
-9.2001171366419872e+00
-1.0202703701756672e+01
-1.1288731659671770e+01
-1.2461809255839794e+01
-1.3725278471724073e+01
-1.5082151723678468e+01
-1.6535045633190236e+01
-1.8086112521475545e+01
-1.9736970391801066e+01
-2.1488632270611664e+01
-2.3341435880698572e+01
-2.5294974714003114e+01
-2.7348031654804689e+01
-2.9498516373318015e+01
-3.1743407762370182e+01
-3.4078702722968941e+01
-3.6499372615464694e+01
-3.8999328679994512e+01
-4.1571397690417143e+01
-4.4207309038859243e+01
-4.6897694352612753e+01
-4.9632100620784392e+01
-5.2399017655167960e+01
-5.5185920529732435e+01
-5.7979327437235760e+01
-6.0764873172430846e+01
-6.3527398202487291e+01
-6.6251053020489053e+01
-6.8919417201504089e+01
-7.1515632298518298e+01
-7.4022547432180829e+01
-7.6422876150928431e+01
-7.8699362871574380e+01
-8.0834956962466777e+01
-8.2812992306813868e+01
-8.4617369989549388e+01
-8.6232741592528981e+01
-8.7644690464491049e+01
-8.8839908259089071e+01
-8.9806364009043108e+01
-9.0533463030286427e+01
-9.1012193027354527e+01
-9.1235254901330137e+01
-9.1197175942656557e+01
-9.0894403320976409e+01
-9.0325376059910653e+01
-8.9490574000925577e+01
-8.8392542612189601e+01
-8.7035892878697680e+01
-8.5427275911498811e+01
-8.3575332328562880e+01
-8.1490616879576606e+01
-7.9185499202181219e+01
-7.6674042000237648e+01
-7.3971858316040425e+01
-7.1095949920798674e+01
-6.8064529162951899e+01
-6.4896826885716820e+01
-6.1612889248037568e+01
-5.8233366452078549e+01
-5.4779296492130143e+01
-5.1271887093001652e+01
-4.7732298999062692e+01
-4.4181433709598373e+01
-4.0639728633882086e+01
-3.7126962463476239e+01
-3.3662073334814679e+01
-3.0262992087169959e+01
-2.6946492616271904e+01
-2.3728060989502971e+01
-2.0621784632105687e+01
-1.7640262523144891e+01
-1.4794536963643274e+01
-1.2094047104482287e+01
-9.5466040569149282e+00
-7.1583870601526973e+00
-4.9339598558835061e+00
-2.8763061238174328e+00
-9.8688257057587092e-01
7.3431195925904469e-01
2.2886531644808863e+00
3.6787957156862796e+00
4.9085674826260401e+00
5.9828556664161923e+00
6.9074869544406940e+00
7.6891037882132407e+00
8.3350387697455854e+00
8.8531891340129540e+00
9.2518930877063070e+00
9.5398096624215789e+00
9.7258035579587343e+00
9.8188362642697715e+00
9.8278645525413637e+00
9.7617472229052762e+00
9.6291607918015441e+00
9.4385246012714887e+00
9.1979356385333553e+00
8.9151131709369089e+00
8.5973531313725751e+00
8.2514920352151009e+00
7.8838800729748106e+00
7.5003629051233700e+00
7.1062715869899016e+00
6.7064199730070397e+00
6.3051088902857408e+00
5.9061363309428776e+00
5.5128128902064253e+00
5.1279816707269479e+00
4.7540418827159669e+00
4.3929753912137084e+00
4.0463754951960587e+00
3.7154772662488100e+00
3.4011888246594135e+00
3.1041229872239753e+00
2.8246287809386885e+00
2.5628223791881584e+00
2.3186170800313848e+00
2.0917520088234491e+00
1.8818192878031432e+00
1.6882894732856424e+00
1.5105351151782804e+00
1.3478523435064800e+00
1.1994804317266308e+00
1.0646193266858193e+00
9.4244517026217578e-01
8.3212386711160613e-01
7.3282277787866934e-01
6.4372063686713565e-01
5.6401580827151121e-01
4.9293300609282337e-01
4.2972860968451160e-01
3.7369471062097992e-01
3.2416202689102980e-01
2.8050181864150814e-01
2.4212693520879491e-01
2.0849211746027715e-01
1.7909367202176615e-01
1.5346862584619489e-01
1.3119346037595733e-01
1.1188251551847714e-01
9.5186143929629777e-02
8.0788686845201518e-02
6.8406333569163563e-02
5.7784917928014386e-02
4.8697696852755872e-02
4.0943148575941245e-02
3.4342820918687074e-02
2.8739253907869307e-02
2.3993995178451501e-02
1.9985721783586388e-02
1.6608477632482396e-02
1.3770032100039999e-02
1.1390362279330466e-02
9.4002586723533430e-03
7.7400521890414751e-03
6.3584584882415652e-03
5.2115346255336998e-03
4.2617418856398118e-03
3.4771082034314366e-03
2.8304831036051045e-03
2.2988779247724257e-03
1.8628841971703044e-03
1.5061629994706390e-03
1.2149985623079547e-03
9.7790952687850838e-04
7.8531179297428337e-04
6.2922712390652230e-04
5.0303237060441916e-04
4.0124429815603701e-04
3.1933569645757978e-04
2.5357877241749522e-04
2.0091219214892603e-04
1.5882861679473970e-04
1.2527988271731765e-04
9.8597319172019534e-05
7.7424963449067606e-05
6.0663860628365996e-05
4.7425629449394456e-05
3.6993986828518088e-05
2.8792870255605075e-05
2.2360191388549370e-05
1.7326210214140792e-05
1.3395840655272749e-05
1.0334161673908837e-05
7.9546392336300675e-06
6.1095066579340542e-06
4.6820210893450753e-06
3.5801597848762639e-06
2.7315813556813051e-06
2.0795461511850868e-06
1.5796767096102580e-06
1.1973222942197376e-06
9.0552042006786429e-07
6.8333414914210077e-07
5.1453237330953487e-07
3.8658017489392851e-07
2.8981284236561051e-07
2.1678741340507231e-07
1.6181252205976477e-07
1.2051242206432697e-07
8.9553498538621000e-08
6.6407251352509441e-08
4.9133492405673286e-08
3.6277023311142656e-08
2.6724510689507956e-08
1.9644028829428743e-08
1.4407111759252913e-08
1.0541191147080028e-08
7.6991786701568462e-09
5.6102858886630360e-09
4.0794056251358060e-09
2.9599472910158250e-09
2.1432211683341116e-09
1.5472331042836462e-09
1.1163019447249832e-09
8.0290257140647377e-10
5.7506764858053298e-10
4.1293526742852858e-10
2.9866441010946658e-10
2.1250779856813425e-10
1.5129447854612813e-10
1.0715378931241518e-10
7.3578066181304110e-11
5.3106627976274350e-11
4.0254508196701722e-11
2.6450253448713804e-11
1.6191504764225906e-11
1.3689927813644345e-11
9.2420101883110080e-12
8.7080727835127916e-12
3.6029166008091638e-12
3.2131228698003548e-12
-2.1954182771517617e-14
-3.7317809140034817e-13
3.8402190682764213e-13
1.4174052199859444e-13
3.6966817220799011e-12
-2.4791956724517547e-13
-3.4836071388741618e-12
3.0280102514490050e-12
1.9587584461870132e-12
-2.9366536385015131e-12
4.7172303710562344e-13
1.2932038498397844e-12
-2.2678709182285471e-12
1.0415238019220115e-12
-5.1535240781317092e-13
-1.1372764381313379e-12
1.5642776914258648e-12
5.2553093315503049e-13
1.1077636315844086e-12
-2.3170495743318686e-12
-3.6646692898402206e-13
-2.2962213902038802e-12
-2.3843482008106011e-13
-4.2803906774895452e-13
-1.6806327576083633e-12
-9.6627486802874724e-13
1.2745733613365355e-12
5.3770903782650348e-13
-1.1089147150325167e-12
1.7984966468968521e-12
-1.9098524401141086e-12
-4.1286794665353694e-13
-1.5189169841126165e-12
-2.3096958080000132e-12
1.1121017490803243e-12
-2.1533445401369061e-13
-2.4840382667105769e-12
-2.4304384467880750e-13
7.1594736391212805e-13
5.8466657668808440e-13
-1.9208518832739840e-12
4.3024767616616758e-13
6.4336494316356512e-13
2.5347232825030651e-13
1.7928691576427530e-12
2.0393752468675921e-12
-2.2657467741688195e-12
-1.4112704786040879e-12
-1.0672493394569441e-12
-3.3525761846104130e-12
-1.1868681056473535e-13
-4.9226094598063399e-13
7.6955580417562399e-13
4.4984582306181087e-13
7.5824954815396629e-13
4.7827283841704741e-13
-2.0567430327486266e-12
7.1846525179748301e-13
-8.5931226931272768e-13
-1.6337326005840330e-12
1.9244251244853492e-12
-5.6443431654722330e-13
-1.0167829983063466e-12
8.4067354341782066e-13
2.1186806462593576e-12
-9.1473283007640570e-13
1.7734056332415156e-13
-2.2349224059968910e-13
1.2407800828765123e-12
-1.7351633708781959e-12
9.8693501209948482e-13
1.1139519439086539e-13
1.8619759587765571e-13
2.1830693851906155e-12
-1.9637695545828887e-12
-9.7588346149113799e-13
9.3636979589645802e-13
8.3605973861005712e-13
-2.6623819625883344e-12
1.1380313303291716e-12
-2.5914501491731630e-12
-3.7334271390066668e-12
-9.7290702238791089e-13
-8.4733340386913250e-13
-8.0345148219350382e-13
8.6704946441671351e-13
1.0031667543030980e-12
-3.8393667163593564e-13
4.3443673070132616e-13
2.8610082836308154e-13
4.4046123774415897e-13
3.2416068569358526e-13
2.4498290134386683e-13
2.0929011790605906e-13
-2.4345243251136441e-12
-2.2001769398060347e-13
7.9736209953671095e-13
8.8306170436243973e-13
2.0409345691971958e-13
2.3204128379355456e-12
-4.9229825780888481e-13
1.7269218539739911e-12
-2.6166156107941372e-12
1.2016718189396494e-12
-3.5768467555119831e-13
-2.1258442102276978e-13
6.1150126065620302e-14
-2.7257849121374688e-13
2.7398957454769983e-12
-1.5004785775509930e-12
2.3016558280697013e-12
1.8503995419237496e-13
2.8191054642600989e-12
-1.7798527346392790e-12
3.5999760278943908e-13
8.1703932105349568e-13
-8.3305892253332083e-13
-1.0113218254262256e-13
1.6077767756627094e-13
-1.1203099382979121e-12
1.7602554521588540e-12
2.7261753307098482e-12
-2.8339656658672885e-12
1.1822691990040033e-13
2.6562782911070760e-12
-1.6006798563786095e-12
-1.6284403788636979e-12
4.9475941388312320e-13
-4.5364508687061348e-13
-1.3946887534030355e-12
-9.1415147868276413e-13
6.3210452526429321e-14
-1.1611357178455026e-12
-4.1863277339357112e-13
-5.6771349910118174e-13
-1.4449464823138130e-12
-9.1388783111351885e-13
5.8938551089595574e-13
-1.1261718732395798e-12
8.8753707866939147e-13
-9.0035667456437845e-13
-1.8155366889879897e-12
-4.0834880857092929e-13
