-3.5945764021932201e-14
-9.1049224984494499e-14
-1.4346981936531253e-13
-2.2664476312670428e-13
-2.9262859957932932e-13
-3.5138429776871571e-13
-4.1062378377417343e-13
-4.8122848560999812e-13
-5.0130369602230816e-13
-5.4970040435317106e-13
-5.8148922093073722e-13
-6.6729582361095868e-13
-7.4926630210875801e-13
-8.2324445955038237e-13
-8.9756980756074429e-13
-9.9736112027177902e-13
-1.0582773811489706e-12
-1.1324038831152520e-12
-1.1926305995976989e-12
-1.2776566393667095e-12
-1.3578815049521434e-12
-1.4105505514988595e-12
-1.4510980226247131e-12
-1.5276340084294237e-12
-1.5479288419002117e-12
-1.5747855167546043e-12
-1.5740648728522805e-12
-1.6072856283573781e-12
-1.6319518474782018e-12
-1.6215227812565416e-12
-1.6380918694835406e-12
-1.6477574467738680e-12
-1.6050933832597901e-12
-1.5555439152810657e-12
-1.4775617575241976e-12
-1.3926738548808743e-12
-1.3064903438868364e-12
-1.1540493383518875e-12
-1.0002805159321357e-12
-7.9887153738573809e-13
-5.3706550389402764e-13
-2.5687160916161614e-13
-2.7771078287886763e-15
2.4550767929637080e-13
5.0045456322511959e-13
7.7992203087430252e-13
1.0309571529695512e-12
1.3033599811422369e-12
1.5817649285059155e-12
1.8514630050459613e-12
2.1644381001345709e-12
2.5018548058502602e-12
2.8629146767678266e-12
3.2697654543552755e-12
3.6819386461261371e-12
4.1262684457563565e-12
4.6154986822611202e-12
5.1265262706505242e-12
5.6494680292827343e-12
6.1587614221303686e-12
6.6642007118705986e-12
7.2315528368453244e-12
7.7601447161823108e-12
8.3098452778859430e-12
8.8575265469498516e-12
9.4578401032317988e-12
1.0091076826095117e-11
1.0736122610936779e-11
1.1414443944411168e-11
1.2087625210631240e-11
1.2771017134606887e-11
1.3492781189979308e-11
1.4214440566147832e-11
1.4997953154008329e-11
1.5806128830204248e-11
1.6607084377579352e-11
1.7389614897437700e-11
1.8188015089985339e-11
1.8985229697288931e-11
1.9798711545754608e-11
2.0562663337500773e-11
2.1382904885363202e-11
2.2201214962726015e-11
2.3021162575850356e-11
2.3843496392699469e-11
2.4639575053913534e-11
2.5456600119737561e-11
2.6294069645350759e-11
2.7093212369970562e-11
2.7909506749300178e-11
2.8717768640129194e-11
2.9498846037927163e-11
3.0265299774542421e-11
3.1008116118306928e-11
3.1710321955231911e-11
3.2411263090692716e-11
3.3052952880101970e-11
3.3695278699926900e-11
3.4335841441155568e-11
3.4937071628250293e-11
3.5500452985365013e-11
3.6014645432276723e-11
3.6491897335754592e-11
3.6936835712202209e-11
3.7297656308380287e-11
3.7648299677006917e-11
3.7963527296615178e-11
3.8210800831868161e-11
3.8391324037312694e-11
3.8526978321758229e-11
3.8606525566085350e-11
3.8647846721924705e-11
3.8595423682671709e-11
3.8506546054301681e-11
3.8368169596490210e-11
3.8143088035045403e-11
3.7872873238678428e-11
3.7523082278302951e-11
3.7148640444695870e-11
3.6742812191838935e-11
3.6229840723740693e-11
3.5694873906478893e-11
3.5138104974643223e-11
3.4531686944983753e-11
3.3870060382075621e-11
3.3146523942345169e-11
3.2418946937054246e-11
3.1687683978521535e-11
3.0899545455548087e-11
3.0093956971649735e-11
2.9280405948064893e-11
2.8450205865334837e-11
2.7598181611489814e-11
2.6728548049207969e-11
2.5865551525176432e-11
2.5019596987334086e-11
2.4139072647517382e-11
2.3265684230812275e-11
2.2401870336050359e-11
2.1569173428876640e-11
2.0754565508420584e-11
1.9940893975434161e-11
1.9176649609977317e-11
1.8422427770296408e-11
1.7700112206472256e-11
1.6957471111254696e-11
1.6214583125411193e-11
1.5489500353688922e-11
1.4755051749832271e-11
1.4005622731197631e-11
1.3282586537110775e-11
1.2594570230855196e-11
1.1906104717103086e-11
1.1239514586488929e-11
1.0586375203408628e-11
9.9987261081009456e-12
9.4196759737163944e-12
8.8331825878063517e-12
8.3333398728885666e-12
7.8404365819803087e-12
7.3857532240404753e-12
6.9237761259914955e-12
6.4760790272199886e-12
6.0495174170011186e-12
5.6384732115482929e-12
5.2085362687359024e-12
4.8367556433460913e-12
4.4558451615888665e-12
4.1069717430909344e-12
3.7338873782843364e-12
3.3772953411360310e-12
3.0716984423714858e-12
2.7585643471567565e-12
2.4415569536325457e-12
2.1671106192885465e-12
1.8998345312811481e-12
1.6669560378259125e-12
1.4821590925808631e-12
1.2838362191144195e-12
1.1241374942199013e-12
9.5966954211919730e-13
7.6998337746032125e-13
5.9979870024946098e-13
4.4754339989063406e-13
3.2594754860692807e-13
2.1191758902954204e-13
1.0976849438081184e-13
6.4916305391762013e-14
7.2948704232216670e-14
4.3464861953604364e-14
6.0370918911593461e-14
9.8326702455845227e-14
1.6260667314317569e-13
2.2265899573772125e-13
2.5880162921177103e-13
3.3506844134938218e-13
3.8777575558267231e-13
4.6368122263744282e-13
5.3555580568885175e-13
5.7477846889668241e-13
6.1386126192866184e-13
6.2954882453808971e-13
6.1309351760670561e-13
6.4612062080256148e-13
6.8908951321671743e-13
7.1950319165894066e-13
7.2035284110903099e-13
7.3740260035027389e-13
7.4755519703350450e-13
7.5003820677257607e-13
7.5766110788135583e-13
7.8815445294067027e-13
8.3517630403808478e-13
9.1268267474547074e-13
9.4728537613873695e-13
9.8099628415573184e-13
1.0119123131944117e-12
1.0244932668583885e-12
1.0148969800690239e-12
1.0136213207827865e-12
1.0190182294053757e-12
1.0291900982037269e-12
1.0272318047600497e-12
1.0240177641295666e-12
9.9365725604169433e-13
9.6394232685007179e-13
8.9355528746620867e-13
8.3357139937651519e-13
7.9254488822314323e-13
7.4856991188588894e-13
6.7315440592245408e-13
5.8329495047315343e-13
4.7165782037341070e-13
3.6054294269828290e-13
2.7612208878431653e-13
1.9397274527883939e-13
1.6303309624965381e-13
1.4052733715752560e-13
1.3781531226171239e-13
1.2340287958197735e-13
1.4276264384420463e-13
1.3927863167477633e-13
1.3358761466721318e-13
1.2896275814856784e-13
1.3161597977246825e-13
1.7267483715697410e-13
1.9542830738967903e-13
1.8082026377297043e-13
1.8339068185476372e-13
1.6588680837852584e-13
1.3733461462918394e-13
1.0361714412932322e-13
6.8038464670170413e-14
6.2779779467131641e-14
4.9987235455564979e-14
-8.8195140799271010e-15
