5.3812010996713497e-02
6.3910871663455715e-02
7.5337621171062685e-02
8.8294005290098593e-02
1.0300739962090505e-01
1.1973164896917800e-01
1.3874638114933135e-01
1.6036299632368584e-01
1.8492586778113038e-01
2.1281740390350823e-01
2.4446052430298071e-01
2.8032353453571218e-01
3.2092345740174977e-01
3.6683102912407028e-01
4.1867470477701546e-01
4.7714590524216210e-01
5.4300359028162171e-01
6.1707979625879927e-01
7.0028468506501396e-01
7.9361235317151468e-01
8.9814625283235638e-01
1.0150652032086662e+00
1.1456490540416475e+00
1.2912847817682673e+00
1.4534722304208125e+00
1.6338301270550457e+00
1.8341016929641902e+00
2.0561603628188525e+00
2.3020150137358280e+00
2.5738151220230221e+00
2.8738553105948204e+00
3.2045796277865071e+00
3.5685850677323891e+00
3.9686246097546745e+00
4.4076093246977264e+00
4.8886097739103782e+00
5.4148562806412102e+00
5.9897382581044347e+00
6.6168022026977287e+00
7.2997485048854385e+00
8.0424267141992338e+00
8.8488293886334155e+00
9.7230841941122428e+00
1.0669444371611892e+01
1.1692277269746084e+01
1.2796051057351084e+01
1.3985319350215573e+01
1.5264703873131252e+01
1.6638874932857590e+01
1.8112529839351847e+01
1.9690369097888144e+01
2.1377070534682993e+01
2.3177261231235942e+01
2.5095487463535648e+01
2.7136182578922540e+01
2.9303633047283071e+01
3.1601942680827300e+01
3.4034995304883211e+01
3.6606415937624156e+01
3.9319530809910162e+01
4.2177326346820031e+01
4.5182407491102417e+01
4.8336955551117029e+01
5.1642685999778671e+01
5.5100806462387759e+01
5.8711975360073211e+01
6.2476261493143802e+01
6.6393105061814609e+01
7.0461280442873885e+01
7.4678861237723666e+01
7.9043187929429408e+01
8.3550838666415416e+01
8.8197603511657107e+01
9.2978462658992811e+01
9.7887568936748792e+01
1.0291823506436182e+02
1.0806292594247924e+02
1.1331325638559721e+02
1.1865999451678258e+02
1.2409307115656685e+02
1.2960159534438174e+02
1.3517387622883615e+02
1.4079745136598109e+02
1.4645912155001525e+02
1.5214499210170516e+02
1.5784052061499685e+02
1.6353057096308819e+02
1.6919947343331111e+02
1.7483109066340720e+02
1.8040888911607576e+02
1.8591601563716060e+02
1.9133537870689315e+02
1.9664973381033195e+02
2.0184177242051592e+02
2.0689421391577085e+02
2.1178989982671791e+02
2.1651188965039918e+02
2.2104355755282310e+02
2.2536868913937496e+02
2.2947157756870411e+02
2.3333711816184922e+02
2.3695090076860998e+02
2.4029929904831451e+02
2.4336955594742705e+02
2.4614986457070907e+02
2.4862944378304891e+02
2.5079860781170618e+02
2.5264882927334887e+02
2.5417279499958855e+02
2.5536445420181357e+02
2.5621905847963529e+02
2.5673319335425526e+02
2.5690480098253181e+02
2.5673319389119587e+02
2.5621905955232182e+02
2.5536445580780602e+02
2.5417279713533978e+02
2.5264883193405299e+02
2.5079861099157415e+02
2.4862944747505534e+02
2.4614986876700462e+02
2.4336956063898043e+02
2.4029930422546272e+02
2.3695090642059102e+02
2.3333712427749163e+02
2.2947158413584489e+02
2.2536869614568869e+02
2.2104356498512090e+02
2.1651189749559842e+02
2.1178990807101488e+02
2.0689422254575376e+02
2.0184178142220401e+02
1.9664974317043513e+02
1.9133538841170900e+02
1.8591602567398516e+02
1.8040889947195026e+02
1.7483110132668520e+02
1.6919948439224584e+02
1.6353058220756284e+02
1.5784053213494326e+02
1.5214500388900643e+02
1.4645913359674475e+02
1.4079746366648851e+02
1.3517388877779635e+02
1.2960160813907754e+02
1.2409308419473577e+02
1.1866000779911188e+02
1.1331326991335699e+02
1.0806293972024807e+02
1.0291824909743289e+02
9.7887583234107964e+01
9.2978477230484415e+01
8.8197618371239486e+01
8.3550853829071016e+01
7.9043203414727657e+01
7.4678877066459691e+01
7.0461296640972861e+01
6.6393121656681259e+01
6.2476278517948678e+01
5.8711992849794704e+01
5.5100824458526809e+01
5.1642704546072757e+01
4.8336974698738544e+01
4.5182427294023746e+01
4.2177346867560168e+01
3.9319552114528094e+01
3.6606438102090557e+01
3.4035018409679424e+01
3.1601966818033677e+01
2.9303658314760121e+01
2.7136209088226007e+01
2.5095515333657730e+01
2.3177290597480827e+01
2.1377101541947766e+01
1.9690401910661468e+01
1.8112564634519632e+01
1.6638911911025225e+01
1.5264743250945417e+01
1.3985361373258730e+01
1.2796095991983757e+01
1.1692325417884145e+01
1.0669496062110996e+01
9.7231397998189912e+00
8.8488893173614489e+00
8.0424914285506031e+00
7.2998185129058184e+00
6.6168780811038914e+00
5.9898206427623766e+00
5.4149458940193265e+00
4.8887074156031805e+00
4.4077159041702991e+00
3.9687411372475658e+00
3.5687126936923335e+00
3.2047196346445626e+00
2.8740091607260458e+00
2.5739844511093368e+00
2.3022016897062993e+00
2.0563664818123337e+00
1.8343296525396535e+00
1.6340826261885952e+00
1.4537523614362666e+00
1.2915960363761652e+00
1.1459954400648578e+00
1.0154512594469083e+00
8.9857719895625099e-01
7.9409411722577006e-01
7.0082409819866665e-01
6.1768463801012774e-01
5.4368284461035854e-01
4.7790983035793927e-01
4.1953517408216362e-01
3.6780163408070327e-01
3.2201996794346682e-01
2.8156404466437895e-01
2.4586608405284324e-01
2.1441221599972990e-01
1.8673817317959662e-01
1.6242532026288162e-01
1.4109681081976233e-01
1.2241408929127182e-01
1.0607350527172046e-01
9.1803276000948161e-02
7.9360538101572967e-02
6.8528747776011326e-02
5.9115141093117572e-02
5.0948542464527208e-02
4.3877199168589912e-02
3.7766965553621204e-02
3.2499475136587193e-02
2.7970667922685141e-02
2.4089263676247877e-02
2.0775602476754491e-02
1.7960385306077048e-02
1.5583803410993103e-02
1.3594517023487438e-02
1.1949057506292665e-02
1.0611021885702121e-02
9.5507438113703463e-03
8.7446909820022047e-03
8.1754180431547752e-03
7.8311666254451441e-03
7.7061379518806646e-03
7.8003121566960400e-03
8.1201150217260747e-03
8.6784957750067164e-03
9.4961190290452947e-03
1.0601768938144508e-02
1.2034289391579679e-02
1.3843413524145927e-02
1.6092835209523881e-02
1.8861574861980607e-02
2.2248875062396520e-02
2.6376116502795876e-02
3.1394885448162775e-02
3.7489606382279772e-02
4.4881774583112807e-02
