-3.1084944318691349e-03
-2.9954441175285566e-03
-2.7690817950765663e-03
-2.3947751521822638e-03
-1.8279509008887009e-03
-1.0165568834684406e-03
1.0557468746651078e-04
1.6159684880267093e-03
3.6029554891838225e-03
6.1676124540477242e-03
9.4323645292787636e-03
1.3545536645199075e-02
1.8679128870532150e-02
2.5025048449752150e-02
3.2801488941793883e-02
4.2266407060492207e-02
5.3725079801110659e-02
6.7525478343995957e-02
8.4054329080141932e-02
1.0374689383159577e-01
1.2710463218404289e-01
1.5470359203158845e-01
1.8719156671538589e-01
2.2528913747645612e-01
2.6980255565579614e-01
3.2163737919286117e-01
3.8180379092655703e-01
4.5142163611308200e-01
5.3173417144504187e-01
6.2412124793350443e-01
7.3010180326975482e-01
8.5133505033409040e-01
9.8963568672667956e-01
1.1469943259650135e+00
1.3255855995161416e+00
1.5277666971730524e+00
1.7560852324974041e+00
2.0132931465935764e+00
2.3023520349256916e+00
2.6264318552188057e+00
2.9889210185117348e+00
3.3934393020951563e+00
3.8438366062090834e+00
4.3441813308200130e+00
4.8987606760172753e+00
5.5120831078618320e+00
6.1888686611949266e+00
6.9340333480936511e+00
7.7526863898684013e+00
8.6501209521785878e+00
9.6317881834020227e+00
1.0703267864524808e+01
1.1870251601782474e+01
1.3138513807074292e+01
1.4513871412306607e+01
1.6002148688915568e+01
1.7609149789553264e+01
1.9340610245162740e+01
2.1202143446047991e+01
2.3199194593010375e+01
2.5336991467984507e+01
2.7620474844331230e+01
3.0054239106122168e+01
3.2642478370809613e+01
3.5388920927070025e+01
3.8296755822266071e+01
4.1368577511427802e+01
4.4606321490226343e+01
4.8011189743068847e+01
5.1583585929153323e+01
5.5323061223193385e+01
5.9228243511701464e+01
6.3296777704283443e+01
6.7525281167809084e+01
7.1909294865911960e+01
7.6443232985081565e+01
8.1120359107667610e+01
8.5932759709262868e+01
9.0871317632463558e+01
9.5925706791776847e+01
1.0108439854896112e+02
1.0633466035537380e+02
1.1166258023288523e+02
1.1705310483300971e+02
1.2249007426108999e+02
1.2795627687480354e+02
1.3343352502246722e+02
1.3890272517194688e+02
1.4434396671940164e+02
1.4973663213389861e+02
1.5505950066666188e+02
1.6029086763568134e+02
1.6540868375230897e+02
1.7039068512626312e+02
1.7521453710928859e+02
1.7985799255418831e+02
1.8429904014262874e+02
1.8851606009875894e+02
1.9248799322878429e+02
1.9619449082695931e+02
1.9961607425372083e+02
2.0273429687297985e+02
2.0553188414017572e+02
2.0799288232283965e+02
2.1010279724869824e+02
2.1184871329369003e+02
2.1321941368183525e+02
2.1420548570982962e+02
2.1479940306595560e+02
2.1499560778896182e+02
2.1479056961821331e+02
2.1418282173576549e+02
2.1317299865490591e+02
2.1176383680292776e+02
2.0996016676046924e+02
2.0776889478618310e+02
2.0519894820698093e+02
2.0226122387822181e+02
1.9896850935525777e+02
1.9533538520343822e+02
1.9137812686903567e+02
1.8711457559559258e+02
1.8256400871226290e+02
1.7774699732137356e+02
1.7268524679486944e+02
1.6740144123934391e+02
1.6191907184223462e+02
1.5626226431751633e+02
1.5045560717612966e+02
1.4452397048729483e+02
1.3849233501621012e+02
1.3238561696089300e+02
1.2622849847888619e+02
1.2004526810037383e+02
1.1385965964051006e+02
1.0769470992184500e+02
1.0157261833802784e+02
9.5514619220753360e+01
8.9540872144914147e+01
8.3670351707017460e+01
7.7920766170289625e+01
7.2308478289030404e+01
6.6848441352519657e+01
6.1554160347346496e+01
5.6437647366071175e+01
5.1509410844773100e+01
4.6778447196324080e+01
4.2252242270598515e+01
3.7936800409408448e+01
3.3836665883509234e+01
2.9954968644610879e+01
2.6293477185216346e+01
2.2852654327263064e+01
1.9631728160076609e+01
1.6628767481665445e+01
1.3840759643239748e+01
1.1263695766750409e+01
8.8926641861893110e+00
6.7219325232337956e+00
4.7450472604341565e+00
2.9549256657713712e+00
1.3439414952685151e+00
-9.5975440874863621e-02
-1.3732556626004120e+00
-2.4966056519266133e+00
-3.4749220517169874e+00
-4.3172138743665158e+00
-5.0325353929907353e+00
-5.6299098974411619e+00
-6.1182705476880894e+00
-6.5064076381179587e+00
-6.8029105849585418e+00
-7.0161255933628697e+00
-7.1541213001451425e+00
-7.2246488455365308e+00
-7.2351156493287583e+00
-7.1925683855619118e+00
-7.1036699108587715e+00
-6.9746846930795359e+00
-6.8114779431143742e+00
-6.6195041483265111e+00
-6.4038042800949917e+00
-6.1690137051935086e+00
-5.9193665070456563e+00
-5.6586978025013037e+00
-5.3904636008883440e+00
-5.1177557391628277e+00
-4.8433130356546412e+00
-4.5695440210367133e+00
-4.2985519911745369e+00
-4.0321482956157357e+00
-3.7718718068050525e+00
-3.5190151522176984e+00
-3.2746389557961448e+00
-3.0395849906078092e+00
-2.8145003125678065e+00
-2.5998579294036777e+00
-2.3959684687406595e+00
-2.2030020348662691e+00
-2.0210134435215390e+00
-1.8499552780657982e+00
-1.6896883728145304e+00
-1.5400008402312606e+00
-1.4006200847860180e+00
-1.2712146400207363e+00
-1.1514040722416672e+00
-1.0407758432877356e+00
-9.3889367243462196e-01
-8.4530179387755500e-01
-7.5953874031607616e-01
-6.8114790446792839e-01
-6.0967546012124585e-01
-5.4466718816509807e-01
-4.8567640707374060e-01
-4.3226865747430882e-01
-3.8402043619961440e-01
-3.4052234696529521e-01
-3.0139068030939903e-01
-2.6626870056234042e-01
-2.3481844712354669e-01
-2.0671597503324801e-01
-1.8165670100964729e-01
-1.5935598109156013e-01
-1.3954651880839006e-01
-1.2198029863643338e-01
-1.0643614084440774e-01
-9.2716435164047789e-02
-8.0636248820839571e-02
-7.0017677761982713e-02
-6.0697110817668841e-02
-5.2530261614241645e-02
-4.5389891456590059e-02
-3.9160881837647536e-02
-3.3740893468217750e-02
-2.9038659728401878e-02
-2.4968907887807333e-02
-2.1449492834880575e-02
-1.8408530722753790e-02
-1.5790350565223456e-02
-1.3551123788064497e-02
-1.1646626933130622e-02
-1.0029098816637072e-02
-8.6551142288369860e-03
-7.4942978834333443e-03
-6.5258924959333189e-03
-5.7297111496268606e-03
-5.0812812519608324e-03
-4.5569453912499116e-03
-4.1388651131770062e-03
-3.8155892244327149e-03
-3.5762519807950445e-03
-3.4081911643259635e-03
-3.2958334540885668e-03
-3.2251883392624050e-03
-3.1811056369736735e-03
-3.1521080345571204e-03
