7.0021549850696934e-03
7.5791925201081625e-03
8.3295131525179655e-03
9.2765244515878101e-03
1.0434273288967719e-02
1.1834522303716219e-02
1.3514237199459087e-02
1.5518107180770889e-02
1.7893396200281488e-02
2.0687369309973946e-02
2.3957735239876470e-02
2.7779703037861220e-02
3.2239265221505560e-02
3.7433650981971406e-02
4.3465830328834137e-02
5.0449761962148988e-02
5.8521901850871381e-02
6.7842643384672330e-02
7.8592257007302740e-02
9.0968796125287632e-02
1.0518962061804521e-01
1.2150041064188577e-01
1.4018299319947078e-01
1.6155721299109449e-01
1.8597505639363804e-01
2.1382511943585225e-01
2.4553982380952966e-01
2.8159921811286526e-01
3.2254130415437793e-01
3.6896120461127963e-01
4.2151036064743297e-01
4.8091181428046442e-01
5.4795844666923144e-01
6.2351751176161307e-01
7.0854276678237238e-01
8.0407332624539540e-01
9.1124720602050757e-01
1.0313095686160756e+00
1.1656046412449776e+00
1.3155861995122689e+00
1.4828274298575397e+00
1.6690299832804432e+00
1.8760334723669772e+00
2.1058148084148858e+00
2.3604866717880042e+00
2.6423052534411675e+00
2.9536839506422954e+00
3.2971954569729460e+00
3.6755705207874936e+00
4.0917070527071404e+00
4.5486650859958688e+00
5.0496710985382016e+00
5.5981199771684160e+00
6.1975632302267423e+00
6.8517150829197515e+00
7.5644567743179119e+00
8.3398234820521893e+00
9.1819931481279848e+00
1.0095274338815349e+01
1.1084098576845856e+01
1.2153008157384463e+01
1.3306646830381990e+01
1.4549735210912846e+01
1.5887047682510536e+01
1.7323400882436559e+01
1.8863622116472460e+01
2.0512513936939289e+01
2.2274833357413321e+01
2.4155262390472945e+01
2.6158378406741456e+01
2.8288615188732134e+01
3.0550224634750371e+01
3.2947231566633150e+01
3.5483400635227667e+01
3.8162196638698326e+01
4.0986731529532918e+01
4.3959727111114098e+01
4.7083481155733168e+01
5.0359814784778123e+01
5.3790023060733240e+01
5.7374830606943839e+01
6.1114354274236568e+01
6.5008055771325289e+01
6.9054707822717504e+01
7.3252354172436242e+01
7.7598275604252862e+01
8.2088965063178648e+01
8.6720095610486425e+01
9.1486488563667820e+01
9.6382099493972916e+01
1.0140001463265467e+02
1.0653243766577729e+02
1.1177068203142052e+02
1.1710518880421797e+02
1.2252553664814785e+02
1.2802045086097934e+02
1.3357782373136925e+02
1.3918475144716771e+02
1.4482756934777581e+02
1.5049189273431043e+02
1.5616267328742421e+02
1.6182425674202489e+02
1.6746045057259690e+02
1.7305459408999951e+02
1.7858963318690272e+02
1.8404819944438432e+02
1.8941270219014567e+02
1.9466542152732029e+02
1.9978859563795925e+02
2.0476452378136358e+02
2.0957567372789950e+02
2.1420477971271140e+02
2.1863493469579453e+02
2.2284969915910773e+02
2.2683320627385268e+02
2.3057024947955426e+02
2.3404637669671024e+02
2.3724799437665533e+02
2.4016245922289303e+02
2.4277815039225595e+02
2.4508455248045215e+02
2.4707233546083620e+02
2.4873341100985419e+02
2.5006097640313033e+02
2.5104956740634657e+02
2.5169510051960876e+02
2.5199488933566428e+02
2.5194766152435301e+02
2.5155357935140523e+02
2.5081424222871846e+02
2.4973266525139289e+02
2.4831326451776607e+02
2.4656183592186645e+02
2.4448550969431727e+02
2.4209269049319485e+02
2.3939300799431143e+02
2.3639725659737917e+02
2.3311731268213637e+02
2.2956605415609724e+02
2.2575728859496340e+02
2.2170566722770192e+02
2.1742658024438327e+02
2.1293606532431437e+02
2.0825071640130480e+02
2.0338757588394787e+02
1.9836402094340141e+02
1.9319766788023537e+02
1.8790627522349831e+02
1.8250763377956963e+02
1.7701946866815058e+02
1.7145935377081457e+02
1.6584462396737612e+02
1.6019228053054428e+02
1.5451891287327217e+02
1.4884062639171540e+02
1.4317296849887350e+02
1.3753086313478329e+02
1.3192855368539975e+02
1.2637955568889515e+02
1.2089661243180261e+02
1.1549166232809748e+02
1.1017580387317130e+02
1.0495927207843521e+02
9.9851428190982858e+01
9.4860746215151764e+01
8.9994803943029112e+01
8.5260289864195059e+01
8.0663025480216945e+01
7.6207971635280998e+01
7.1899244223774886e+01
6.7740147866316605e+01
6.3733204805859955e+01
5.9880176656210523e+01
5.6182096535295521e+01
5.2639314423199878e+01
4.9251536343077696e+01
4.6017864445864845e+01
4.2936844872263023e+01
4.0006506148704041e+01
3.7224409577957694e+01
3.4587692394774464e+01
3.2093107582835636e+01
2.9737063082822768e+01
2.7515677540653009e+01
2.5424826301339362e+01
2.3460171018107445e+01
2.1617202488591062e+01
1.9891283166320544e+01
1.8277675273137515e+01
1.6771572927274892e+01
1.5368130590088798e+01
1.4062496029722993e+01
1.2849838111768975e+01
1.1725376764972339e+01
1.0684393873541611e+01
9.7222477454658822e+00
8.8344015647756748e+00
8.0164335310758688e+00
7.2640446010006077e+00
6.5730761093294214e+00
5.9395195338065658e+00
5.3595261287520186e+00
4.8294085018334485e+00
4.3456409477674045e+00
3.9048565638541053e+00
3.5038585387261296e+00
3.1396266051308723e+00
2.8093041610311005e+00
2.5101992661792631e+00
2.2397837211092200e+00
1.9956828960883370e+00
1.7756777830286641e+00
1.5776947143677365e+00
1.3997992298991500e+00
1.2401990749514988e+00
1.0972387773256427e+00
9.6938571909084692e-01
8.5521857376520205e-01
7.5342597574501702e-01
6.6280308659424547e-01
5.8224868919917505e-01
5.1076144782202626e-01
4.4741959884774207e-01
3.9137928552606116e-01
3.4187603640621916e-01
2.9821232255697072e-01
2.5975917756075340e-01
2.2594905728395251e-01
1.9626501869852703e-01
1.7024648120940503e-01
1.4747851692123759e-01
1.2758357601511161e-01
1.1022410660543751e-01
9.5098525971369294e-02
8.1941344732306798e-02
7.0520085211450159e-02
6.0623547332545977e-02
5.2059092047509727e-02
4.4655630631552069e-02
3.8267368784396689e-02
3.2770150894130531e-02
2.8055086836187244e-02
2.4021392304406586e-02
2.0575341017862452e-02
1.7638871528406375e-02
1.5151271901271392e-02
1.3060998774143120e-02
1.1324164393022744e-02
9.8964196749202551e-03
8.7390277258145976e-03
7.8275017858028036e-03
7.1474717370246755e-03
6.6888040605968847e-03
6.4477661628934597e-03
6.4144329183597340e-03
6.6005644566111046e-03
