-3.4177981502145121e-14
-8.5570861296726459e-15
-8.5696389780910863e-15
-1.7164307399326152e-14
1.7189260147381085e-14
-8.6070678799123229e-15
1.2929200347765904e-14
1.7263653820234707e-14
1.2966221543731163e-14
0.0000000000000000e+00
-8.6686707161900736e-15
-1.3021308773056898e-14
0.0000000000000000e+00
-2.1762889016548990e-14
8.7172364661126026e-15
8.7292765806329445e-15
2.1853189337873583e-15
2.1883084287861757e-14
3.9443176379797105e-14
2.6331075888328294e-14
3.7352648500349711e-14
2.7502030055957312e-14
2.3132546130655328e-14
3.0884367442397777e-14
3.4238604022105978e-14
3.3177711393201741e-14
3.8757983026004516e-14
1.7741004205418854e-14
1.6653737171496950e-14
1.5563520887617805e-14
2.7827637320884199e-14
3.7893863846033292e-14
2.5108645069069702e-14
3.0727086169712367e-14
4.0275064910167857e-14
6.9729300183358761e-14
8.2433289590440151e-14
9.9940560049340701e-14
1.1524159391811339e-13
1.5703279339863788e-13
1.8258246227119363e-13
2.4373776887316838e-13
3.4401592814138655e-13
4.7676914979485316e-13
6.9986696330497527e-13
1.0068240347289646e-12
1.4756884902059128e-12
2.1547532204252628e-12
3.1175596718026373e-12
4.5268303628311919e-12
6.5140912857198755e-12
9.3895583700497123e-12
1.3501408091595863e-11
1.9350399430064168e-11
2.7673187565292081e-11
3.9500946870124912e-11
5.6225246034005484e-11
7.9912601110594960e-11
1.1334259217525413e-10
1.6041477251360193e-10
2.2653277274197658e-10
3.1923088173039338e-10
4.4894778451508397e-10
6.3004794660919288e-10
8.8228539748050664e-10
1.2329786503833575e-09
1.7194159108025042e-09
2.3927528333201338e-09
3.3227613406103795e-09
4.6046092784089235e-09
6.3675929588818672e-09
8.7871171670250873e-09
1.2100582544176811e-08
1.6628634259903132e-08
2.2803171363463595e-08
3.1204930883110772e-08
4.2612765889737100e-08
5.8069077787817420e-08
7.8965801061687914e-08
1.0715739461974493e-07
1.4510879707590327e-07
1.9608952452239555e-07
2.6442572747478039e-07
3.5582941211948624e-07
4.7782485946697262e-07
6.4030131606139511e-07
8.5622685826643312e-07
1.1425681017822397e-06
1.5214724766589919e-06
2.0217846228442477e-06
2.6809854670739059e-06
3.5476666533078888e-06
4.6846799968015135e-06
6.1731358066036049e-06
8.1174666695607205e-06
1.0651823743656294e-05
1.3948137025861265e-05
1.8226245540841475e-05
2.3766597193133150e-05
3.0926129511736007e-05
4.0158077286197344e-05
5.2036613970120493e-05
6.7287427403442128e-05
8.6825560566579303e-05
1.1180212145785839e-04
1.4366178872455494e-04
1.8421342247227704e-04
2.3571653580528934e-04
3.0098690767542451e-04
3.8352522809554989e-04
4.8767337497816326e-04
6.1880374125902282e-04
7.8354797529648257e-04
9.9007257654456452e-04
1.2484100229735277e-03
1.5708555068086310e-03
1.9724409374166363e-03
2.4714996486153123e-03
3.0903372387246046e-03
3.8560261818207874e-03
4.8013442957908960e-03
5.9658798384559144e-03
7.3973289336296301e-03
9.1530142039616472e-03
1.1301656898249709e-02
1.3925438435681128e-02
1.7122391122193725e-02
2.1009161796293214e-02
2.5724196285263089e-02
3.1431396740722796e-02
3.8324308104564601e-02
4.6630894039527249e-02
5.6618966539875019e-02
6.8602336986638215e-02
8.2947759486891592e-02
1.0008273976330299e-01
1.2050428445745094e-01
1.4478866626003054e-01
1.7360227955904747e-01
2.0771365904851943e-01
2.4800672970441609e-01
2.9549535042670705e-01
3.5133920518564338e-01
4.1686108439920772e-01
4.9356558522673039e-01
5.8315924220905768e-01
6.8757207896917649e-01
8.0898054728043234e-01
9.4983179153446318e-01
1.1128691443683594e+00
1.3011587228833763e+00
1.5181169545278941e+00
1.7675388174438413e+00
2.0536265321166356e+00
2.3810183898732653e+00
2.7548173496277362e+00
3.1806189779062839e+00
3.6645382493817560e+00
4.2132346668479617e+00
4.8339351018760164e+00
5.5344537015775357e+00
6.3232081543698211e+00
7.2092315599537455e+00
8.2021791075533965e+00
9.3123287336157077e+00
1.0550574907472924e+01
1.1928414682830567e+01
1.3457925156235531e+01
1.5151731492741755e+01
1.7022964715552245e+01
1.9085208512044662e+01
2.1352434384638247e+01
2.3838924572494250e+01
2.6559182289794542e+01
2.9527828968633923e+01
3.2759488359255378e+01
3.6268657526806791e+01
4.0069564990799620e+01
4.4176016479209224e+01
4.8601229011264792e+01
5.3357654278404084e+01
5.8456792557963837e+01
6.3908998664700469e+01
6.9723281716388854e+01
7.5907100756242855e+01
8.2466158531033400e+01
8.9404195963531023e+01
9.6722790075039285e+01
1.0442115830202793e+02
1.1249597230398899e+02
1.2094118447163795e+02
1.2974787040986462e+02
1.3890409068335643e+02
1.4839477507026027e+02
1.5820163246717414e+02
1.6830308942476904e+02
1.7867426006619917e+02
1.8928694985020346e+02
2.0010969528884786e+02
2.1110784131903748e+02
2.2224365756152579e+02
2.3347649418689116e+02
2.4476297755194781e+02
2.5605724518073464e+02
2.6731121905117016e+02
2.7847491552228877e+02
2.8949678960910620e+02
3.0032411069461699e+02
3.1090336617354609e+02
3.2118068896267272e+02
3.3110230429997455e+02
3.4061499080117153e+02
3.4966655035829024e+02
3.5820628116035505e+02
3.6618544789960396e+02
3.7355774310446543e+02
3.8027973351787017e+02
3.8631128551926804e+02
3.9161596377184384e+02
3.9616139756158509e+02
3.9991960967856784e+02
4.0286730316748373e+02
4.0498610183636220e+02
4.0626274105008508e+02
4.0668920603737746e+02
4.0626281569376749e+02
4.0498625065462045e+02
4.0286752522701471e+02
3.9991990359162031e+02
3.9616176150040411e+02
3.9161639548760024e+02
3.8631178236519935e+02
3.8028029247629968e+02
3.7355836081731337e+02
3.6618612070195996e+02
3.5820700511664216e+02
3.4966732130052236e+02
3.4061580436878501e+02
3.3110315598070349e+02
3.2118157413393521e+02
3.1090428014381416e+02
3.0032504874425939e+02
2.8949774703021421e+02
2.7847588765702744e+02
2.6731220132823267e+02
2.5605823314952158e+02
2.4476396691413765e+02
2.3347748082512211e+02
2.2224463756496039e+02
2.1110881100563626e+02
2.0011065122423463e+02
1.8928788886305702e+02
1.7867517926016205e+02
1.6830398618691092e+02
1.5820250447309706e+02
1.4839562028597484e+02
1.3890490736409572e+02
1.2974865709603822e+02
1.2094193998215383e+02
1.1249669572719631e+02
1.0442184898454927e+02
9.6723447608772631e+01
8.9404820171108980e+01
8.2466749450027365e+01
7.5907658622396866e+01
6.9723806946159925e+01
6.3909491837370126e+01
5.8457254397571624e+01
5.3358085635734376e+01
4.8601630846099518e+01
4.4176389843036695e+01
4.0069911010146754e+01
3.6268977387338360e+01
3.2759783290760247e+01
2.9528100230994813e+01
2.6559431160014626e+01
2.3839152332832366e+01
2.1352642311884058e+01
1.9085397867945716e+01
1.7023136738388196e+01
1.5151887390024880e+01
1.3458066098504190e+01
1.1928541798490057e+01
1.0550689278628475e+01
9.3124313928357658e+00
8.2022710354946824e+00
7.2093136837760641e+00
6.3232813468657865e+00
5.5345187809417080e+00
4.8339928320385166e+00
4.2132857582983307e+00
3.6645833604121951e+00
3.1806587162062105e+00
2.7548522741652381e+00
2.3810490130042377e+00
2.0536533218663302e+00
1.7675621999111146e+00
1.5181373163672982e+00
1.3011764138251141e+00
1.1128844797418362e+00
9.4984505476516479e-01
8.0899199233510344e-01
6.8758193272827850e-01
5.8316770674974139e-01
4.9357284000321339e-01
4.1686728831064429e-01
3.5134449852479482e-01
2.9549985670528583e-01
2.4801055735315911e-01
2.0771690299247841e-01
1.7360502266933489e-01
1.4479098068578544e-01
1.2050623284175264e-01
1.0008437634876330e-01
8.2949131115983260e-02
6.8603484003637707e-02
5.6619923600252482e-02
4.6631690833971402e-02
3.8324970003678439e-02
3.1431945367407572e-02
2.5724650020714643e-02
2.1009536225852932e-02
1.7122699426892089e-02
1.3925691734831259e-02
1.1301864548136963e-02
9.1531840576806259e-03
7.3974675660063959e-03
5.9659927403044348e-03
4.8014360414381316e-03
3.8561005724779157e-03
3.0903974254355166e-03
2.4715482370422362e-03
1.9724800769567222e-03
1.5708869662218808e-03
1.2484352541276822e-03
9.9009276843758844e-04
7.8356409921064669e-04
6.1881658870484475e-04
4.8768358949097333e-04
3.8353333165469072e-04
3.0099332251002118e-04
2.3572160285731310e-04
1.8421741623852325e-04
1.4366492971782391e-04
1.1180458644273253e-04
8.6827490823018487e-05
6.7288935673608374e-05
5.2037789954724691e-05
4.0158992157055220e-05
3.0926839725447666e-05
2.3767147346408761e-05
1.8226670815650828e-05
1.3948465019132180e-05
1.0652076155157815e-05
8.1176605208610769e-06
6.1732843550025775e-06
4.6847935516201844e-06
3.5477532696002998e-06
2.6810513873635571e-06
2.0218346664625863e-06
1.5215103822767408e-06
1.1425967599853067e-06
8.5624843513041999e-07
6.4031756610321045e-07
4.7783701658472328e-07
3.5583854260756741e-07
2.6443257250957127e-07
1.9609462049047917e-07
1.4511262472988313e-07
1.0716019910983887e-07
7.8967902458235214e-08
5.8070611501926621e-08
4.2613880292433409e-08
3.1205765657810852e-08
2.2803772851869337e-08
1.6629057684770301e-08
1.2100887616348121e-08
8.7873243085594850e-09
6.3676979089419448e-09
4.6046696174568059e-09
3.3227710360791260e-09
2.3927604244562214e-09
1.7194110713862473e-09
1.2329637034765092e-09
8.8227533853723500e-10
6.3001786719932907e-10
4.4893853915432338e-10
3.1921471966120555e-10
2.2649587064093937e-10
1.6038712591639730e-10
1.1331727707852462e-10
7.9885014918392926e-11
5.6206875522742589e-11
3.9434427651773276e-11
2.7599868969325085e-11
1.9295472217016088e-11
1.3446542904633739e-11
9.3598734822066554e-12
6.4844403099795536e-12
4.4698747719551075e-12
3.0834258067829007e-12
2.1195225506820230e-12
1.4302826905072692e-12
9.5807016818240453e-13
6.4097848095568939e-13
4.2417184145449570e-13
2.7001578596319014e-13
1.5346452114236531e-13
6.8750186410758095e-14
1.9699454369004750e-14
-5.2842486967330050e-14
-8.0850790152275639e-14
-1.0626604338359463e-13
-7.4209897785502308e-14
-9.5093903260118553e-14
-8.2404458364228616e-14
-9.2065031919922228e-14
-1.0643717639106409e-13
-1.0685812731219535e-13
-1.1339136646692975e-13
-9.4926301877532628e-14
-8.0943331687223530e-14
-7.7515966052009020e-14
-8.8473897048537980e-14
-1.9880479754771214e-14
-4.8532577409482221e-14
-3.9655793366837706e-14
-4.1803085685055111e-14
-2.8563790029679193e-14
-4.8273639128601866e-14
-4.8208326686418679e-14
-5.2519402290868219e-14
-3.4965102940597732e-14
-1.7458553161265889e-14
-2.3972400281809654e-14
-3.4820622426478386e-14
-1.7386068435385151e-14
-2.6042617546113796e-14
-1.7337341432380147e-14
-2.1641072592929272e-14
-3.4576590783283101e-14
-3.0211394185410737e-14
-4.7407067941808307e-14
-4.3035339399561619e-14
-4.2973150368452714e-14
-5.1492922197978460e-14
-5.1417833868546524e-14
-5.9899602907708529e-14
-5.9811467628753955e-14
-5.1191201623407137e-14
-6.8153608293899570e-14
-6.8051983171409706e-14
-5.0962546434519601e-14
-5.0885884727415186e-14
-3.3872669065798400e-14
-6.7642539189508844e-14
-3.3769725635836225e-14
-5.0577057131836192e-14
-6.7332415702456253e-14
-6.7228471655190569e-14
-5.0343184380225577e-14
-8.3774675083591832e-14
-5.0186217110035196e-14
-8.3512369867865639e-14
-6.6704561126695985e-14
-6.6598953663572345e-14
-8.3116344158850565e-14
-6.6386927941837758e-14
-9.9420770002302610e-14
-8.2717291669438978e-14
-6.6066889775567628e-14
-6.5959684488850108e-14
-9.8778328967294837e-14
-9.8616744122827769e-14
-9.8454774960433884e-14
-9.8292424243737859e-14
-9.8129694739351363e-14
-1.3062211895572704e-13
-1.3040414726456249e-13
-1.3018568161244963e-13
-1.2996672570309795e-13
-1.2974728324368155e-13
-1.6190919743091973e-13
-9.6980215140040266e-14
-9.6814555264937181e-14
-9.6648541623241692e-14
-1.2864290267621868e-13
-9.6315464211048069e-14
-9.6148406031294335e-14
-3.1993668422094221e-14
-9.5813264716294982e-14
-9.5645187183438525e-14
-7.9563979559640532e-14
-6.3538688257474717e-14
-7.9282467278741661e-14
-7.9141302770867793e-14
-6.3199895311964181e-14
-7.8858168728874502e-14
-7.8716203881569644e-14
-6.2859181554395527e-14
-4.7058894155429290e-14
-7.8288746176515654e-14
-6.2516597634397619e-14
-6.2401996165480953e-14
-6.2287194413703340e-14
-7.7715242823511798e-14
-6.2056997580997250e-14
-6.1941606260867858e-14
-5.4097769406953180e-14
-5.3996466315553389e-14
-3.8496427035985947e-14
-3.8423832612808179e-14
