1.4527514086042094e-13
-1.3345740420545014e-12
2.4495231595715149e-13
3.1267687813904130e-12
-1.9336395838377350e-12
-2.4278758527087596e-12
-1.1174986326682134e-13
1.9309151613645533e-12
-1.3978741951329838e-12
8.2876560504869596e-13
-9.1633981261775833e-13
1.4010544893285601e-14
5.5094524322834284e-13
-3.6297654635750842e-13
-1.5632304175708197e-12
7.8294629805082805e-13
-6.0579692299416471e-13
-6.6802208154474590e-13
1.9167958780770502e-12
2.0451037449481067e-12
-7.7757098178286915e-13
1.6044255877763108e-12
1.4289357696093414e-12
1.1865876797211806e-12
-9.0709292811008884e-13
2.6799422804366164e-12
2.5437605876313850e-13
-6.6649799182397789e-13
-1.1753087482584169e-12
-5.7464467608500200e-12
-1.3936694441141589e-11
-2.3622862856671232e-11
-4.2242852971489146e-11
-6.9041538063468726e-11
-1.1079744075978839e-10
-1.7183062227270824e-10
-2.7135698608568070e-10
-4.1317414236073047e-10
-6.3007320271203475e-10
-9.4820065080075022e-10
-1.4134779437223666e-09
-2.0897913501504589e-09
-3.0715534611950228e-09
-4.4804796398085849e-09
-6.4983064131805603e-09
-9.3703863714217548e-09
-1.3439940422263934e-08
-1.9181609438402542e-08
-2.7242889744208407e-08
-3.8517491082768150e-08
-5.4210618578244960e-08
-7.5980869474410341e-08
-1.0604678259049512e-07
-1.4741949151440532e-07
-2.0413186551154064e-07
-2.8158500564177845e-07
-3.8697012000608947e-07
-5.2985767944032405e-07
-7.2289442713611788e-07
-9.8277254279848956e-07
-1.3314207128179861e-06
-1.7975622441121228e-06
-2.4186567220070123e-06
-3.2434316654334235e-06
-4.3349886697041278e-06
-5.7748090995587659e-06
-7.6676797915766773e-06
-1.0147928615606729e-05
-1.3387078970310560e-05
-1.7603397656881101e-05
-2.3073598294998262e-05
-3.0147209729137744e-05
-3.9264094068220595e-05
-5.0975726566671742e-05
-6.5970869016399999e-05
-8.5106480794638512e-05
-1.0944458899172873e-04
-1.4029617396885916e-04
-1.7927297024254442e-04
-2.2834832232368851e-04
-2.8992810715577910e-04
-3.6693292400096010e-04
-4.6289245772592949e-04
-5.8205305489895053e-04
-7.2949909410541627e-04
-9.1128861998436041e-04
-1.1346029924296376e-03
-1.4079098701750470e-03
-1.7411377284091969e-03
-2.1458590384552936e-03
-2.6354777236645443e-03
-3.2254144702544311e-03
-3.9332811930350119e-03
-4.7790329587331943e-03
-5.7850820954045874e-03
-6.9763549690421223e-03
-8.3802668440838366e-03
-1.0026584294800637e-02
-1.1947137764025402e-02
-1.4175338903232483e-02
-1.6745448446039250e-02
-1.9691530111729170e-02
-2.3046014937343387e-02
-2.6837787988101196e-02
-3.1089696085633660e-02
-3.5815360756573170e-02
-4.1015165670153668e-02
-4.6671272035788823e-02
-5.2741499693102906e-02
-5.9151896052348669e-02
-6.5787799846482822e-02
-7.2483193299830204e-02
-7.9008124349814107e-02
-8.5053971810924597e-02
-9.0216321135781957e-02
-9.3975217881352116e-02
-9.5672571450912292e-02
-9.4486493796867702e-02
-8.9402378429341650e-02
-7.9180554928431388e-02
-6.2320394765726636e-02
-3.7020796639915823e-02
-1.1370448737368882e-03
4.7865886658909083e-02
1.1296341898094575e-01
1.9762456660773162e-01
3.0586785301737246e-01
4.4231940816704779e-01
6.1227256265693086e-01
8.2174809013347905e-01
1.0775540772449863e+00
1.3873442207225144e+00
1.7596731684061673e+00
2.2040473386415336e+00
2.7309694760281267e+00
3.3519750363243479e+00
4.0796583455504933e+00
4.9276863550610726e+00
5.9107977224137462e+00
7.0447848947248950e+00
8.3464568644892658e+00
9.8335803144804004e+00
1.1524796975437800e+01
1.3439515193693641e+01
1.5597773951177080e+01
1.8020077900574989e+01
2.0727202376755667e+01
2.3739967821781523e+01
2.7078983613354637e+01
3.0764361910992864e+01
3.4815402824460463e+01
3.9250252954760462e+01
4.4085540148142563e+01
4.9335988122662080e+01
5.5014015457947266e+01
6.1129324262081241e+01
6.7688484623665431e+01
7.4694521698461017e+01
8.2146512944932795e+01
9.0039203586471828e+01
9.8362648816034593e+01
1.0710189154780285e+02
1.1623668463921082e+02
1.2574126643617565e+02
1.3558419821923570e+02
1.4572827163789913e+02
1.5613049350785624e+02
1.6674215441087307e+02
1.7750898638496318e+02
1.8837141363466478e+02
1.9926489864576618e+02
2.1012038438046088e+02
2.2086483138784990e+02
2.3142184672728496e+02
2.4171239960987694e+02
2.5165561666124000e+02
2.6116964774519749e+02
2.7017259141337132e+02
2.7858346731019225e+02
2.8632322131623914e+02
2.9331574790199068e+02
2.9948891313213869e+02
3.0477556104483966e+02
3.0911448576171802e+02
3.1245135168577229e+02
3.1473954452915501e+02
3.1594093668571526e+02
3.1602655161797458e+02
3.1497711344854832e+02
3.1278346980574963e+02
3.0944687813604742e+02
3.0497914811725684e+02
2.9940263543317246e+02
2.9275008494377676e+02
2.8506432414085111e+02
2.7639781065016962e+02
2.6681204035962912e+02
2.5637682545045197e+02
2.4516945412065459e+02
2.3327374605609245e+02
2.2077901967020159e+02
2.0777898875241090e+02
1.9437060740026649e+02
1.8065288293382019e+02
1.6672567688685720e+02
1.5268851413275124e+02
1.3863941973970674e+02
1.2467380227731735e+02
1.1088340104234692e+02
9.7355313072093878e+01
8.4171113914803939e+01
7.1406083979382430e+01
5.9128549948406871e+01
4.7399348269517752e+01
3.6271415202321329e+01
2.5789505353125648e+01
1.5990038137512430e+01
6.9010692278283337e+00
-1.4576181799405368e+00
-9.0743094621521028e+00
-1.5945050981902563e+01
-2.2073249276371318e+01
-2.7469188675856429e+01
-3.2149479908505953e+01
-3.6136452827322692e+01
-3.9457506669464244e+01
-4.2144431233451755e+01
-4.4232712056221949e+01
-4.5760832113210000e+01
-4.6769581780289947e+01
-4.7301387819350090e+01
-4.7399671015747444e+01
-4.7108240842867090e+01
-4.6470734194401480e+01
-4.5530103845669558e+01
-4.4328160916884841e+01
-4.2905174246114150e+01
-4.1299528267955651e+01
-3.9547439761102488e+01
-3.7682732695683505e+01
-3.5736669397003858e+01
-3.3737835358727295e+01
-3.1712074293757627e+01
-2.9682469409305881e+01
-2.7669366434018915e+01
-2.5690433605637921e+01
-2.3760753641046701e+01
-2.1892942647372234e+01
-2.0097290981270834e+01
-1.8381921210711404e+01
-1.6752958565446736e+01
-1.5214709563651773e+01
-1.3769844858758406e+01
-1.2419582747279064e+01
-1.1163870201617627e+01
-1.0001558728829279e+01
-8.9305727950956477e+00
-7.9480689862248992e+00
-7.0505844875785151e+00
-6.2341738558858433e+00
-5.4945334138439996e+00
-4.8271129228059442e+00
-4.2272144757818539e+00
-3.6900788014776928e+00
-3.2109593792804243e+00
-2.7851849362833732e+00
-2.4082110316718155e+00
-2.0756615334718260e+00
-1.7833608608706633e+00
-1.5273579048227794e+00
-1.3039425538476155e+00
-1.1096557449933162e+00
-9.4129393438209896e-01
-7.9590884192315059e-01
-6.7080327335441070e-01
-5.6352376298888796e-01
-4.7185071520544974e-01
-3.9378665403956326e-01
-3.2754312056394497e-01
-2.7152668875207753e-01
-2.2432450359262451e-01
-1.8468968179631023e-01
-1.5152685597326651e-01
-1.2387808870608449e-01
-1.0090933362659284e-01
-8.1897576603030958e-02
-6.6218751638325038e-02
-5.3336492915762986e-02
-4.2791756079362066e-02
-3.4193318577608885e-02
-2.7209149736898856e-02
-2.1558626147738239e-02
-1.7005556407476634e-02
-1.3351970793021938e-02
-1.0432625646229446e-02
-8.1101687132077369e-03
-6.2709100927043271e-03
-4.8211432778315511e-03
-3.6839619418437474e-03
-2.7965201039247046e-03
-2.1076860942244370e-03
-1.5760438783592300e-03
-1.1681988733274376e-03
-8.5734893609338181e-04
-6.2208499335798285e-04
-4.4538929266010072e-04
-3.1380285624187077e-04
-2.1673689248825418e-04
-1.4590606848153547e-04
-9.4864418597859505e-05
-5.8627151528437658e-05
-3.3364021973442706e-05
-1.6152012885388517e-05
-4.7768675373862854e-06
2.4252895600902155e-06
6.6936931103013368e-06
8.9421600996581860e-06
9.8369495898022308e-06
9.8574799161797815e-06
9.3433795040162439e-06
8.5306784889082686e-06
7.5794766875950422e-06
6.5949007255336038e-06
5.6428647934439972e-06
4.7618042443802530e-06
3.9713087900181582e-06
3.2784313146676023e-06
2.6821916859312964e-06
2.1767715393811621e-06
1.7537202580164344e-06
1.4034461939949062e-06
1.1161824557871043e-06
8.8259332206454587e-07
6.9409589724717141e-07
5.4305535741125428e-07
4.2280568942265535e-07
3.2764501389114490e-07
2.5276220394166208e-07
1.9415133139550339e-07
1.4851005932297165e-07
1.1313654175103177e-07
8.5844755755479614e-08
6.4889491242913764e-08
4.8863412003111123e-08
3.6658744297415465e-08
2.7405154825786716e-08
2.0413261073645375e-08
1.5153023341137789e-08
1.1209016744806908e-08
8.2632201710365223e-09
6.0684929644288631e-09
4.4460323935298951e-09
3.2455631147630847e-09
2.3584529230545229e-09
1.7100331146427188e-09
1.2376044819200664e-09
8.9109609250077555e-10
6.3958166428680245e-10
4.5912416171559651e-10
3.2608493920942581e-10
2.3256499808622386e-10
1.6511570841152075e-10
1.1499725472126330e-10
8.0186437730415333e-11
5.8316762561766236e-11
4.1946340776358527e-11
2.8252605690370203e-11
2.1286275205562867e-11
1.3766944823343856e-11
1.1176804934190720e-11
7.7270347959240736e-12
4.6368387827884535e-12
1.0843616906117620e-12
4.0400650212214100e-12
2.0839075822729738e-12
-9.7074166018149169e-14
1.5721337670332780e-13
6.0750323926456076e-13
7.2003368101933295e-13
-4.0808309903475003e-13
7.4906969930846354e-14
-1.2161842141112808e-12
3.0881032655798697e-13
1.8069279842908645e-12
-1.8727544188890911e-12
7.2638862776209805e-13
7.2033575087023481e-13
-2.3270277540146011e-12
-1.0070258503221612e-13
-2.3403520045750826e-13
2.7640871591741263e-13
5.7069665685208840e-13
1.1491164993870275e-12
-8.3620183264353342e-13
8.5451942356595271e-13
2.6152742925909827e-13
-1.5133775049716797e-12
-7.0918306996494482e-13
2.0294340895805718e-12
1.7229285167514082e-12
-1.2820524028426136e-12
-4.8484576717684059e-13
1.1501867375105733e-12
-1.7795766298492143e-12
1.9733319198661108e-13
7.1383883108995615e-13
6.0250743624145031e-13
-3.4431828443378204e-13
6.5991829455290581e-13
-1.6519295020313271e-12
3.6475669512094560e-13
-7.2352819095453910e-13
-1.5169229851967078e-12
8.1495796858907503e-13
1.8860436317991116e-12
-8.8309351998440070e-13
8.0936188766301080e-13
9.2506274451426386e-13
-1.1207246582205328e-12
-7.2324889407943977e-13
-4.3266717503767625e-13
-1.3990478229077231e-13
-1.7494593113773444e-12
9.9065682670507080e-13
1.9536228963838575e-12
1.9838372335872751e-12
-5.2832242819938224e-13
-1.0888261053407781e-12
-1.5671302881288584e-12
5.4726192615398050e-13
-2.7476571662476495e-13
-8.0762687786706382e-13
2.0749780061796038e-13
1.2828598668394813e-12
-2.1282274601846523e-12
-8.6885201684368537e-13
2.6339650655244744e-14
-1.2244929349761831e-12
-2.0678791424062047e-12
1.0023773948078490e-12
8.3505911485307027e-14
1.2579532797768460e-12
1.7448223528553560e-12
-4.4967332313588956e-13
1.2991141258848844e-12
9.8108767854993091e-13
9.9404349881765444e-13
-1.1411905896319514e-12
5.4212590139701585e-13
-2.3507703863717150e-13
-5.8312170046955668e-13
1.6842458457769193e-12
1.6596021250129254e-12
-1.9619798894431866e-12
3.3507718868343607e-13
1.4530757935815540e-13
-6.5314916630429191e-13
-2.3255114914254885e-12
4.2042725996711702e-13
-2.1295314072350048e-12
1.2204143885430460e-12
-9.9531233632957908e-13
-4.9341510538371696e-13
3.2058473218287105e-13
9.7473533589818825e-13
-9.3213161944978764e-13
-5.2710505744702197e-13
1.5481526183008885e-13
-3.0735006507408076e-14
-2.2499538846947223e-12
9.8821223291491016e-13
6.0286558742938411e-13
-4.9067365421837177e-13
-1.1768799834167828e-12
5.7478635759826808e-13
-9.4965875345502447e-13
1.5815104340916837e-12
9.8113169392029323e-13
6.8962054591688237e-13
-1.9387957335529952e-12
2.0936808358155591e-12
-3.7537504182481238e-13
-7.2046631597240793e-13
2.2078099073697632e-12
1.1453605511685271e-12
1.0300237166364592e-12
1.8868464370689841e-12
-1.1047872253444868e-12
-8.3551022640318970e-13
1.1961223771182557e-13
-1.3813658378949410e-12
-2.3648976596225299e-12
-4.1189520072638352e-13
2.3398455906211450e-12
-7.2906160806351377e-13
1.5805926193249547e-13
4.7551329825289039e-13
6.0157368923956864e-13
-2.0094776043170292e-12
1.4972529706212465e-12
-1.7163246509762375e-12
-2.5231076295808357e-13
1.8878398198811027e-12
4.9196440732520502e-13
-1.3185765203839447e-12
-9.8886988197444799e-14
9.1671727211912117e-13
8.8582279626792549e-14
3.8460170583274289e-13
-8.1018275876057014e-14
-3.1447269804369959e-13
1.2655728607149049e-12
