-7.1061222706882407e-02
-8.6209354361584972e-02
-1.0360748655714035e-01
-1.2370253854733344e-01
-1.4690043971726238e-01
-1.7370123527667802e-01
-2.0462767389325962e-01
-2.4027585099981247e-01
-2.8129958846344233e-01
-3.2843448848179307e-01
-3.8248913312872068e-01
-4.4436717189919817e-01
-5.1506223530587425e-01
-5.9567494428082934e-01
-6.8741148044134004e-01
-7.9159816344400380e-01
-9.0967246417065184e-01
-1.0432022134024781e+00
-1.1939018035035314e+00
-1.3636344793403905e+00
-1.5544135755583395e+00
-1.7684151559927210e+00
-2.0079722591437266e+00
-2.2755880782858942e+00
-2.5739461416057252e+00
-2.9059080788261658e+00
-3.2745159690928638e+00
-3.6829960893707256e+00
-4.1347494597464012e+00
-4.6333571976316383e+00
-5.1825803691062600e+00
-5.7863481887271204e+00
-6.4487531216252387e+00
-7.1740378223112842e+00
-7.9665726305553006e+00
-8.8308544799020599e+00
-9.7714912233671036e+00
-1.0793171940797549e+01
-1.1900645402193263e+01
-1.3098686163123107e+01
-1.4392062471576510e+01
-1.5785512539816413e+01
-1.7283706939036403e+01
-1.8891204141847634e+01
-2.0612404180599196e+01
-2.2451512103498551e+01
-2.4412491725588701e+01
-2.6499001032122834e+01
-2.8714342483108343e+01
-3.1061417829408622e+01
-3.3542672974593088e+01
-3.6160037800080502e+01
-3.8914869611660222e+01
-4.1807909433875203e+01
-4.4839222998191339e+01
-4.8008139207105415e+01
-5.1313200516836481e+01
-5.4752120080102586e+01
-5.8321733477085267e+01
-6.2017948436489483e+01
-6.5835715052015331e+01
-6.9769008682265820e+01
-7.3810798480543369e+01
-7.7953027302856071e+01
-8.2186607965798189e+01
-8.6501424422805769e+01
-9.0886335508458018e+01
-9.5329189462881203e+01
-9.9816854728014292e+01
-1.0433525781411296e+02
-1.0886943221806600e+02
-1.1340358573307338e+02
-1.1792115358997710e+02
-1.2240486919742617e+02
-1.2683686123388728e+02
-1.3119874728752782e+02
-1.3547174113979585e+02
-1.3963677393856153e+02
-1.4367459894940359e+02
-1.4756591512338477e+02
-1.5129150776026194e+02
-1.5483237961199455e+02
-1.5816989627056816e+02
-1.6128593141973670e+02
-1.6416299036721227e+02
-1.6678435125578230e+02
-1.6913421020979291e+02
-1.7119781211017266e+02
-1.7296158591828294e+02
-1.7441326365937260e+02
-1.7554198469246217e+02
-1.7633840200335101e+02
-1.7679478004880229e+02
-1.7690507803260186e+02
-1.7666500996677547e+02
-1.7607210080634323e+02
-1.7512573990954715e+02
-1.7382719940786771e+02
-1.7217963881946849e+02
-1.7018809934566852e+02
-1.6785948207242080e+02
-1.6520251195151349e+02
-1.6222767658081381e+02
-1.5894716392681178e+02
-1.5537478007828761e+02
-1.5152585480075402e+02
-1.4741713166869789e+02
-1.4306664762255127e+02
-1.3849360810954312e+02
-1.3371824000835215e+02
-1.2876163896878833e+02
-1.2364561817945062e+02
-1.1839255016863041e+02
-1.1302520039628988e+02
-1.0756655612068178e+02
-1.0203967777023892e+02
-9.6467542221212980e+01
-9.0872874740150664e+01
-8.5277997043078088e+01
-7.9704683930957472e+01
-7.4174019950511877e+01
-6.8706272777460043e+01
-6.3320773193722211e+01
-5.8035806441986509e+01
-5.2868515957757118e+01
-4.7834823634910094e+01
-4.2949356678232810e+01
-3.8225379942213976e+01
-3.3674752753811632e+01
-2.9307902314711800e+01
-2.5133804830287033e+01
-2.1159985064680232e+01
-1.7392519992989893e+01
-1.3836049171240452e+01
-1.0493808884104430e+01
-7.3676768564021424e+00
-4.4582241231335180e+00
-1.7647732734361206e+00
7.1453717321522858e-01
2.9826755048672635e+00
5.0436396688721032e+00
6.9023712745990533e+00
8.5646671722263470e+00
1.0037099574083753e+01
1.1326915399924827e+01
1.2441933453653260e+01
1.3390463303280356e+01
1.4181218190019042e+01
1.4823225690282587e+01
1.5325737816005994e+01
1.5698151964128868e+01
1.5949939119051155e+01
1.6090561812270860e+01
1.6129406524401112e+01
1.6075718830159140e+01
1.5938548579246472e+01
1.5726697725212599e+01
1.5448671468267454e+01
1.5112646561443674e+01
1.4726438317934154e+01
1.4297473406796522e+01
1.3832765955435690e+01
1.3338906190645053e+01
1.2822052231559258e+01
1.2287909316409822e+01
1.1741727804908189e+01
1.1188313140643826e+01
1.0632029385308851e+01
1.0076802987103282e+01
9.5261369577681627e+00
8.9831342410269297e+00
8.4505116528462914e+00
7.9306120381627814e+00
7.4254272898401528e+00
6.9366120905304332e+00
6.4655082153282066e+00
6.0131832166398791e+00
5.5804445783742151e+00
5.1678567723030513e+00
4.7757678949303690e+00
4.4043229574626395e+00
4.0534900768424391e+00
3.7230945722663824e+00
3.4128280181467541e+00
3.1222649079026716e+00
2.8508821800100468e+00
2.5980660407223031e+00
2.3631372987102397e+00
2.1453757360923698e+00
1.9440208472111520e+00
1.7582824881380132e+00
1.5873503362359636e+00
1.4304013479966533e+00
1.2866148132029911e+00
1.1551797870291474e+00
1.0352991042332083e+00
9.2619040309496059e-01
8.2709549894219758e-01
7.3729063718552279e-01
6.5607596218858966e-01
5.8277503868625791e-01
5.1674785200489570e-01
4.5739291646619712e-01
4.0414369466040484e-01
3.5646427581430129e-01
3.1385888412747320e-01
2.7587163475984561e-01
2.4207477535472177e-01
2.1206767210634828e-01
1.8548054692011862e-01
1.6197452619799482e-01
1.4123132196851121e-01
1.2295306008049642e-01
1.0687433084982992e-01
9.2758394610771039e-02
8.0386487910398818e-02
6.9560620334608594e-02
6.0106348972485450e-02
5.1868700989798927e-02
4.4701515779307227e-02
3.8471562048304681e-02
3.3061484641294665e-02
2.8366376628962874e-02
2.4299634259548258e-02
2.0788897166499856e-02
1.7759941851859275e-02
1.5146847396266391e-02
1.2892020259493205e-02
1.0943465893165824e-02
9.2585976251890814e-03
7.8025192310298081e-03
6.5372225376325857e-03
5.4306869413724415e-03
4.4523943179060454e-03
3.5739863190123794e-03
2.7735182967031811e-03
2.0314356226095245e-03
1.3197346259713105e-03
6.1398455159627108e-04
-1.1469467652660291e-04
-8.9323663787328712e-04
-1.7439493033293448e-03
-2.6943045929815087e-03
-3.7887359172302923e-03
-5.0726636535830243e-03
-6.6025156674536963e-03
-8.4369289825607756e-03
-1.0652280442645603e-02
-1.3333475537213991e-02
-1.6591194859944626e-02
-2.0549926014006195e-02
-2.5373198342374812e-02
-3.1247588336183733e-02
-3.8437625136029017e-02
-4.7214080858747690e-02
-5.8013624105632135e-02
