-2.7921919928861811e-03
-2.2262586236048371e-03
-1.3682548140500175e-03
-1.4463613936041076e-04
1.5312393432878749e-03
3.7644235842395775e-03
6.6854264080383934e-03
1.0443268896177067e-02
1.5211627406893352e-02
2.1189152985856212e-02
2.8609837897582483e-02
3.7745966378681398e-02
4.8907420808805648e-02
6.2446822732160220e-02
7.8764197882941353e-02
9.8314160817565596e-02
1.2161641893464438e-01
1.4926250783439138e-01
1.8192225642974846e-01
2.2035039077676735e-01
2.6538917574511839e-01
3.1797972910790206e-01
3.7917168963910070e-01
4.5013296028795691e-01
5.3215843207049651e-01
6.2667163466699127e-01
7.3524275585742738e-01
8.5960019921300312e-01
1.0016293314146612e+00
1.1633882814157299e+00
1.3471245765143449e+00
1.5552750142393219e+00
1.7904718046660371e+00
2.0555594312711984e+00
2.3535946623585602e+00
2.6878511492038295e+00
3.0618276554908626e+00
3.4792496492950633e+00
3.9440684545083666e+00
4.4604618046827067e+00
5.0328288523567029e+00
5.6657775906573429e+00
6.3641180131147825e+00
7.1328562397221198e+00
7.9771866445127948e+00
8.9024734818524429e+00
9.9142210054480291e+00
1.1018053704573939e+01
1.2219688853568224e+01
1.3524897126323030e+01
1.4939467911968762e+01
1.6469176210289174e+01
1.8119738917471640e+01
1.9896766409888105e+01
2.1805716030614843e+01
2.3851830049846985e+01
2.6040072291533793e+01
2.8375082626214933e+01
3.0861113355196508e+01
3.3501956242880254e+01
3.6300874502741465e+01
3.9260535306195763e+01
4.2382941679961796e+01
4.5669371879101554e+01
4.9120318433229514e+01
5.2735410841306631e+01
5.6513349898476157e+01
6.0451863186859292e+01
6.4547639968799729e+01
6.8796278012431429e+01
7.3192244802045366e+01
7.7728842842144900e+01
8.2398184221237145e+01
8.7191163029205342e+01
9.2097439003642677e+01
9.7105452185925373e+01
1.0220242192616567e+02
1.0737436193273663e+02
1.1260611596259210e+02
1.1788140588528938e+02
1.2318289353087152e+02
1.2849224168605826e+02
1.3379018782398583e+02
1.3905664392130882e+02
1.4427079489943958e+02
1.4941120961210780e+02
1.5445596899382463e+02
1.5938280311360248e+02
1.6416922183152894e+02
1.6879267188302197e+02
1.7323069445013874e+02
1.7746108224887544e+02
1.8146204304697770e+02
1.8521236751640782e+02
1.8869159230018914e+02
1.9188016600545529e+02
1.9475961652582677e+02
1.9731270543613925e+02
1.9952357036128939e+02
2.0137786032983618e+02
2.0286286638625467e+02
2.0396765488252342e+02
2.0468316566445199e+02
2.0500230148014975e+02
2.0492001673305231e+02
2.0443337632826274e+02
2.0354159119968054e+02
2.0224604027291457e+02
2.0055027790279090e+02
1.9846002803662100e+02
1.9598315592456652e+02
1.9312962298214080e+02
1.8991141396893499e+02
1.8634245435778945e+02
1.8243850957609737e+02
1.7821707610484211e+02
1.7369725359748327e+02
1.6889959290381557e+02
1.6384594051344948e+02
1.5855927271303213e+02
1.5306352828874063e+02
1.4738343134658592e+02
1.4154430178030023e+02
1.3557186826444422e+02
1.2949207982105085e+02
1.2333092392406526e+02
1.1711424872614029e+02
1.1086758982248455e+02
1.0461599010642558e+02
9.8383832641780387e+01
9.2194694178833473e+01
8.6071196440534749e+01
8.0034869509872891e+01
7.4106040846593643e+01
6.8303735634813918e+01
6.2645588064505560e+01
5.7147762300212584e+01
5.1824890695456695e+01
4.6690023848592212e+01
4.1754604157708300e+01
3.7028456238799514e+01
3.2519783981974577e+01
2.8235182921813792e+01
2.4179659238984964e+01
2.0356675438420631e+01
1.6768206350491209e+01
1.3414799268340213e+01
1.0295643370509866e+01
7.4086425874386155e+00
4.7505040041002777e+00
2.3168311395996466e+00
1.0222245714087065e-01
-1.8996321183500353e+00
-3.6958555231018564e+00
-5.2942874363688111e+00
-6.7033809031337741e+00
-7.9320887106645666e+00
-8.9897713054086026e+00
-9.8861059850977639e+00
-1.0630982018239079e+01
-1.1234416275861419e+01
-1.1706477399098336e+01
-1.2057213023963921e+01
-1.2296576822367378e+01
-1.2434354614309196e+01
-1.2480105789862478e+01
-1.2443112397045681e+01
-1.2332331926580478e+01
-1.2156358618040857e+01
-1.1923394453295975e+01
-1.1641218524170471e+01
-1.1317161465182162e+01
-1.0958101515384019e+01
-1.0570450096212985e+01
-1.0160143656079978e+01
-9.7326480235269202e+00
-9.2929644916945513e+00
-8.8456298160842586e+00
-8.3947341685676342e+00
-7.9439395203443306e+00
-7.4964878165425137e+00
-7.0552166749365695e+00
-6.6225770801337163e+00
-6.2006629144629049e+00
-5.7912407947098838e+00
-5.3957576917500569e+00
-5.0153718129178531e+00
-4.6509825759021819e+00
-4.3032491340467605e+00
-3.9726119785975325e+00
-3.6593110884505844e+00
-3.3634135154098481e+00
-3.0848419999193637e+00
-2.8233801210787584e+00
-2.5786966298158664e+00
-2.3503736284273375e+00
-2.1379141358254081e+00
-1.9407512686893091e+00
-1.7582630321364143e+00
-1.5897868479737109e+00
-1.4346320771852008e+00
-1.2920979322980832e+00
-1.1614797339986922e+00
-1.0420631193395671e+00
-9.3313835588235972e-01
-8.3401325026830453e-01
-7.4401215925669273e-01
-6.6248113237665607e-01
-5.8879037175488247e-01
-5.2233126722692180e-01
-4.6251880179736099e-01
-4.0880121911003614e-01
-3.6065806549490220e-01
-3.1759736479182415e-01
-2.7916388652598867e-01
-2.4493791123260361e-01
-2.1452753245293191e-01
-1.8756387890231035e-01
-1.6370026294673670e-01
-1.4261911155861287e-01
-1.2403077675712236e-01
-1.0767101506263081e-01
-9.3300764560618407e-02
-8.0704950317376054e-02
-6.9686424732993954e-02
-6.0066336291836150e-02
-5.1688421514956256e-02
-4.4408271044843094e-02
-3.8094906960645165e-02
-3.2637682017616000e-02
-2.7936313254007777e-02
-2.3895166930302619e-02
-2.0433223422347893e-02
-1.7480214676275928e-02
-1.4967736740213939e-02
-1.2836639950067381e-02
-1.1036001425193948e-02
-9.5218305560114784e-03
-8.2553705618613367e-03
-7.1996183283874636e-03
-6.3236523832127921e-03
-5.6031247864857638e-03
-5.0195016641576985e-03
-4.5590550189861913e-03
-4.2080056999543539e-03
-3.9512059051189296e-03
-3.7728625372064530e-03
-3.6558758484030729e-03
-3.5861122092652417e-03
-3.5530744675193351e-03
-3.5422759745345387e-03
-3.5374432167024623e-03
-3.5163889892369606e-03
-3.4597597919602176e-03
-3.3445549498410821e-03
-3.1394607301994610e-03
