-1.3346505286500521e-12
6.0270972140439825e-13
-4.1165472393204563e-13
-1.7424510956978566e-12
1.4721002542778978e-13
-5.0287756611340621e-13
-5.3653934354674205e-13
-1.1344014424630176e-12
5.7564080095577239e-15
1.0104154039205932e-12
-2.6660198945963791e-13
-2.4249712353802520e-13
-8.9275522937089091e-13
-1.0213305556704784e-12
1.0447119949368603e-13
-7.4842321552307725e-13
-1.7380360997095785e-12
5.4725889115184327e-13
-3.6930083063783708e-12
-5.4907922476019618e-12
-7.1426179484335975e-12
-8.3205079304539153e-12
-1.2379620494629645e-11
-1.5532182248051209e-11
-2.2671576501270281e-11
-3.2560570145225568e-11
-4.5232128719101526e-11
-6.1823606650870167e-11
-8.7502530806816701e-11
-1.1929286391434243e-10
-1.6524840865504041e-10
-2.2630739636864365e-10
-3.0772176689225170e-10
-4.1995219597161032e-10
-5.7075922017711689e-10
-7.7284781860470242e-10
-1.0431637391802583e-09
-1.4004024778083777e-09
-1.8719403419030505e-09
-2.4936542708334612e-09
-3.3100288449422000e-09
-4.3760300647381444e-09
-5.7565729767689950e-09
-7.5400440657086925e-09
-9.8282549602796231e-09
-1.2743767559553260e-08
-1.6436746485271312e-08
-2.1072565139031713e-08
-2.6843104978431680e-08
-3.3960445007279997e-08
-4.2634263052296387e-08
-5.3065695454051759e-08
-6.5411034719870664e-08
-7.9726946398592052e-08
-9.5898143766133789e-08
-1.1352427209864111e-07
-1.3175574316741484e-07
-1.4903669725931387e-07
-1.6278673660773950e-07
-1.6892210867324837e-07
-1.6118084335545542e-07
-1.3023747607910765e-07
-6.2466972513668788e-08
6.1734845523427156e-08
2.7018546386912321e-07
6.0190082049850993e-07
1.1110944230664627e-06
1.8723991688270106e-06
2.9877751982603754e-06
4.5955153218098866e-06
6.8819504995398357e-06
1.0096601697494156e-05
1.4571707784680323e-05
2.0747267657682246e-05
2.9203004184698064e-05
4.0699029955171994e-05
5.6227354049720357e-05
7.7076796787788857e-05
1.0491458274896915e-04
1.4188842123399287e-04
1.9075369675374389e-04
2.5503141287982117e-04
3.3920351114717531e-04
4.4895348438708191e-04
5.9146172970433195e-04
7.7576664133101379e-04
1.0132044534129586e-03
1.3179430091787329e-03
1.7076270467780094e-03
2.2041553503009633e-03
2.8346132302432660e-03
3.6323871037162560e-03
4.6384916713851886e-03
5.9031442037474607e-03
7.4876247800659129e-03
9.4664658098956508e-03
1.1930019133584845e-02
1.4987453778187951e-02
1.8770242671661736e-02
2.3436201522699516e-02
2.9174148070415976e-02
3.6209254356931161e-02
4.4809168947301740e-02
5.5290989206706206e-02
6.8029166348928360e-02
8.3464426999828256e-02
1.0211379479311761e-01
1.2458179307071250e-01
1.5157290538497090e-01
1.8390536314364181e-01
2.2252631949998622e-01
2.6852845475522952e-01
3.2316804091576312e-01
3.8788447092804224e-01
4.6432123149699556e-01
5.5434826675291504e-01
6.6008564308544682e-01
7.8392838317238056e-01
9.2857228961979266e-01
1.0970405253596389e+00
1.2927106600053453e+00
1.5193418282824589e+00
1.7811015799228693e+00
2.0825919301180122e+00
2.4288740475286152e+00
2.8254909437161597e+00
3.2784874556423440e+00
3.7944267433338106e+00
4.3804024599437961e+00
5.0440456935783233e+00
5.7935257321026734e+00
6.6375436660975771e+00
7.5853178240884951e+00
8.6465600311673896e+00
9.8314416995351444e+00
1.1150548800418040e+01
1.2614824833565725e+01
1.4235501005333342e+01
1.6024012951048736e+01
1.7991903493057137e+01
2.0150711113683133e+01
2.2511844041442629e+01
2.5086440099288978e+01
2.7885212742897536e+01
3.0918284022599341e+01
3.4195005530856065e+01
3.7723768743036672e+01
4.1511806517058695e+01
4.5564987880322043e+01
4.9887608592536566e+01
5.4482180321821090e+01
5.9349221599789267e+01
6.4487054019395259e+01
6.9891607397145606e+01
7.5556237828774016e+01
8.1471562715173377e+01
8.7625316913752130e+01
9.4002234171190111e+01
1.0058395790992094e+02
1.0734898526644092e+02
1.1427264801098931e+02
1.2132713361360256e+02
1.2848154926082935e+02
1.3570203107373584e+02
1.4295190013629767e+02
1.5019186622185114e+02
1.5738027931425248e+02
1.6447342817325537e+02
1.7142588430470732e+02
1.7819088878386478e+02
1.8472077846257889e+02
1.9096744718907803e+02
1.9688283680365933e+02
2.0241945186605054e+02
2.0753089134221787e+02
2.1217238984958544e+02
2.1630136054973985e+02
2.1987793140323268e+02
2.2286546627618827e+02
2.2523106232521616e+02
2.2694601519230574e+02
2.2798624382001296e+02
2.2833266714823546e+02
2.2797152557370006e+02
2.2689464083247569e+02
2.2509960889233815e+02
2.2258992149840924e+02
2.1937501318191042e+02
2.1547023179486587e+02
2.1089673194679253e+02
2.0568129206496795e+02
1.9985605714848140e+02
1.9345821060834234e+02
1.8652957985173322e+02
1.7911618145019426e+02
1.7126771280216747e+02
1.6303699813641882e+02
1.5447939748334440e+02
1.4565218784951054e+02
1.3661392625373759e+02
1.2742380451291487e+02
1.1814100569867738e+02
1.0882407202347059e+02
9.9530293562387769e+01
9.0315126685958447e+01
8.1231650383243277e+01
7.2330067812749093e+01
6.3657259451921767e+01
5.5256393148648080e+01
4.7166595235749604e+01
3.9422685679272540e+01
3.2054979020234313e+01
2.5089151664942708e+01
1.8546174906580532e+01
1.2442311944970326e+01
6.7891761341420782e+00
1.5938467481377310e+00
-3.1409622699462867e+00
-7.4166858089628702e+00
-1.1238649136688746e+01
-1.4615773709602133e+01
-1.7560253740228184e+01
-2.0087210152708789e+01
-2.2214328556887043e+01
-2.3961487741576441e+01
-2.5350384940087849e+01
-2.6404163767440426e+01
-2.7147050284152886e+01
-2.7604002120835936e+01
-2.7800375018049323e+01
-2.7761610513412872e+01
-2.7512947858989374e+01
-2.7079162592948084e+01
-2.6484333534849611e+01
-2.5751639337616066e+01
-2.4903185123358181e+01
-2.3959859165352714e+01
-2.2941219063047061e+01
-2.1865406397916946e+01
-2.0749088460116713e+01
-1.9607425302022733e+01
-1.8454060106245503e+01
-1.7301130652037994e+01
-1.6159299523247640e+01
-1.5037800619873080e+01
-1.3944499509656289e+01
-1.2885965180697305e+01
-1.1867550825064390e+01
-1.0893481390671393e+01
-9.9669457776426000e+00
-9.0901917196673701e+00
-8.2646215740280553e+00
-7.4908874400438048e+00
-6.7689842287957864e+00
-6.0983395122135802e+00
-5.4778991821455234e+00
-4.9062081459049187e+00
-4.3814854708456625e+00
-3.9016935637641592e+00
-3.4646011296207497e+00
-3.0678397964742277e+00
-2.7089544190323611e+00
-2.3854471812072267e+00
-2.0948157087816730e+00
-1.8345854772236965e+00
-1.6023368574135879e+00
-1.3957271849886026e+00
-1.2125082680631520e+00
-1.0505397648915171e+00
-9.0779886894710804e-01
-7.8238673546786863e-01
-6.7253207224836020e-01
-5.7659229968761805e-01
-4.9305266251546886e-01
-4.2052364902393774e-01
-3.5773704461538874e-01
-3.0354091590211524e-01
-2.5689379026919940e-01
-2.1685826467931041e-01
-1.8259424719928549e-01
-1.5335200550461661e-01
-1.2846516929673696e-01
-1.0734380805939102e-01
-8.9467682349354927e-02
-7.4379745702456188e-02
-6.1679955651274161e-02
-5.1019435890089330e-02
-4.2095017403625166e-02
-3.4644174386218321e-02
-2.8440360628872865e-02
-2.3288743771342640e-02
-1.9022328236662084e-02
-1.5498452441921948e-02
-1.2595642080800959e-02
-1.0210798484420915e-02
-8.2566993526322144e-03
-6.6597881002485714e-03
-5.3582278251661985e-03
-4.3001960855229716e-03
-3.4423974033741950e-03
-2.7487712289413191e-03
-2.1893745026022975e-03
-1.7394191387623478e-03
-1.3784463028775173e-03
-1.0896208430628792e-03
-8.5913069826740207e-04
-6.7567758993491913e-04
-5.3004678688324341e-04
-4.1474492847118984e-04
-3.2369628402053219e-04
-2.5198892010839722e-04
-1.9566331892874713e-04
-1.5153693657547724e-04
-1.1705914550417948e-04
-9.0191651254682104e-05
-6.9310267880933201e-05
-5.3124498865413559e-05
-4.0611934107087587e-05
-3.0964864756786696e-05
-2.3547032918301518e-05
-1.7858670596224469e-05
-1.3508339959350645e-05
-1.0190330096370203e-05
-7.6665727758826867e-06
-5.7521930097329665e-06
-4.3040424400877734e-06
-3.2116079237120717e-06
-2.3898030860886741e-06
-1.7733090203511398e-06
-1.3121390460914432e-06
-9.6813723380301048e-07
-7.1226557855377236e-07
-5.2249530266544166e-07
-3.8215864873946728e-07
-2.7868086115349752e-07
-2.0260999778127201e-07
-1.4685182874543006e-07
-1.0610867756361390e-07
-7.6426225143385427e-08
-5.4871085165386432e-08
-3.9264938003889292e-08
-2.8003445016856884e-08
-1.9904107178801560e-08
-1.4099916808687859e-08
-9.9461780114044970e-09
-6.9953387263335466e-09
-4.8985556442779330e-09
-3.4161038702376745e-09
-2.3734384651785098e-09
-1.6418437718800757e-09
-1.1308266929830079e-09
-7.7599367970222096e-10
-5.2982875506270397e-10
-3.5760444063570998e-10
-2.4183985135331320e-10
-1.6319599916537187e-10
-1.0793204541829921e-10
-7.1938814290217519e-11
-4.7805154548838965e-11
-3.0515559560144529e-11
-1.8925064913172260e-11
-1.3218294588371888e-11
-7.4837893006875934e-12
-5.4562473517066828e-12
-3.8207537941420127e-12
-2.2812190484436020e-12
2.9459918213716419e-13
-2.5331301426348188e-12
-1.7754460759188957e-12
-8.1709096455391113e-13
-3.8435861407689782e-15
-4.6668813918018249e-13
9.2911082992456882e-13
7.2367466986050719e-13
1.1353964863299320e-12
-2.3618913057397491e-13
7.0580554298795113e-13
9.5431686359319120e-13
9.2441133306668639e-13
-7.8473584917196976e-13
6.4028970783636512e-13
5.2962105170102142e-13
-8.9090840642172346e-13
-7.9742751570312116e-13
4.8724974870495972e-13
-4.3062506414801579e-13
-1.1512891792572962e-12
-4.8018329836005776e-13
3.5571972295701658e-13
-5.0887083829795071e-13
-8.5441847050841242e-14
-2.6892823376246239e-14
-5.3530669610517516e-14
-3.2513491930311843e-13
3.3553403878116670e-13
-3.4449679305659663e-13
-3.7638434169994718e-14
6.6474154450853970e-13
-2.7992539328818943e-13
1.3892761828175779e-12
6.2343460057468507e-13
3.1144537351279571e-13
-7.9246889380011059e-13
1.8944999609446008e-12
-2.8847707692717591e-13
7.3513289543853713e-13
1.7832461162144117e-13
-5.4115044320386746e-13
-1.2456145099448193e-12
8.1451944166141795e-13
-5.0369488009667732e-13
4.1928445080588410e-13
-5.6761021489572817e-13
-5.5084943662080091e-13
-4.4966752000532324e-13
-2.5591590747109049e-13
1.2767444668291105e-13
-8.2174687460932207e-13
2.3894779658167592e-13
1.3381066981482297e-12
-2.4144453192589816e-13
-3.8928228872768077e-13
-7.1384879912063597e-13
-4.7852492238624495e-13
5.1955870112532916e-13
6.0361265432342250e-14
-8.2867170319496675e-13
-7.2830557325619424e-13
1.8776133865301033e-12
-1.7501567358522845e-12
-8.9399376606323403e-14
-5.0517094550349718e-13
-8.5722748877825795e-14
-1.8372962505951877e-12
2.5608154288443509e-13
-9.5904427226203739e-13
5.8742631295563176e-13
-1.4994253367322049e-13
1.1123344891839230e-12
-1.0762402709018003e-12
1.6195896202398463e-12
-2.1661703056727905e-12
-2.4385707632381919e-12
-7.0534125072647886e-13
9.2271412372047435e-13
-1.0432991490624172e-12
8.9486805283900209e-13
-5.0209502570859521e-13
-1.2289437134723021e-12
-7.8233209083948106e-13
4.1162521821140551e-13
-5.9899789545768981e-13
-3.0478925217012472e-13
-5.9600325524273074e-13
-1.1541607508107757e-13
-1.8981323203994542e-13
3.8579181789204236e-13
4.7768755766608728e-14
-5.5115035001057486e-13
-2.2515656114970170e-13
8.4183716043767561e-13
-7.8736846805680067e-13
1.2193700821111000e-12
2.8052521316550073e-14
-1.4524652986757568e-12
3.2244246608786026e-13
1.1586361143918874e-12
-8.8886331895071439e-13
-1.5794503405709772e-13
9.5981385338480199e-13
2.5486267094749624e-13
3.2780183030479514e-14
-7.6167735170763953e-14
-7.8514936136532605e-14
-8.6396651520891695e-13
1.5405167606664578e-13
-1.4203668972253553e-12
-1.9593220829371410e-12
1.2692089185907722e-12
-7.9254759768351239e-14
-3.8516570586588311e-13
-7.6995463076213420e-13
2.9494785185549485e-13
-3.6847610267123921e-13
-8.1243732723436558e-13
4.0081026328675846e-13
-4.2742113883447943e-13
-3.9698420098319725e-13
1.1324281913854095e-12
1.4758301848072425e-13
-9.7639504495975056e-13
-2.0633215898506444e-13
-7.6062114918565583e-13
1.0707884576752796e-13
-1.0080785180156280e-12
2.6399058390129850e-14
9.2058373416483972e-13
4.1229009277986649e-13
-1.2702750549211873e-12
-1.0877064247695506e-12
-3.5393502562467177e-13
-3.6235244586309645e-13
-1.8281331400860158e-12
-2.0846398368298668e-13
6.8149993237131384e-13
-2.6929127220455512e-13
-1.0525552629909434e-12
1.1049174377967759e-12
2.6151393245176424e-13
-5.3498386908289323e-15
-9.6218509131799243e-13
7.6023881919517930e-13
