-2.4945695572597698e-13
-3.9975853106770665e-13
1.4960316168002094e-13
5.8016771668356100e-13
6.3215946791664482e-13
5.5658810906937643e-13
-7.0531199920099891e-14
-9.3108527147750417e-14
2.1261051648477136e-14
-5.5316165522665216e-13
9.1556990331433601e-14
6.8090770424100928e-13
2.9101523740254857e-13
1.4673485852771525e-13
6.0747727341989309e-15
-3.1563328341083993e-13
1.0370489675731468e-13
-1.0948837122982131e-13
-2.5452649345264294e-14
-1.3695247755829139e-13
9.9032957412609241e-14
3.6874238250192242e-13
5.2146694465901651e-13
-2.8991349137099263e-13
2.1252169304186600e-13
-6.0716790532749513e-13
-3.4682987984953473e-13
4.2674691331073225e-14
-2.1063929238619858e-13
-1.4759170423780716e-13
2.1211785198205705e-13
-1.4218900205879327e-13
-4.2476721564606616e-14
-3.3549877278111530e-13
-2.1212813952949590e-13
-1.1135315220451898e-13
-6.6332767527258025e-14
2.0024872169027402e-13
2.9580319260497007e-13
1.7793405006085598e-13
-2.3323123140099546e-13
-5.9810029539678085e-14
-2.1062732751600696e-13
-1.7427726729753762e-13
-7.1656448832125309e-14
4.1088238838097792e-13
3.2159259281185197e-14
-1.8687573554703500e-13
-1.6751663820713535e-13
2.9862149781697646e-13
-4.4493708911689783e-13
8.9092865849845291e-14
-2.1017240026976933e-13
3.6527965294774791e-13
9.7509329968872382e-14
1.6916092329386866e-13
7.8502078570632934e-14
2.5378408731324145e-13
1.0761035187450314e-13
-1.2611549055280001e-13
-1.9608873936736566e-13
-3.8841081704161912e-13
-1.0297882191636527e-12
-1.2760158012903735e-12
-1.8720194667521967e-12
-2.5054679250624411e-12
-3.4922858156057597e-12
-5.6041041349618471e-12
-7.5357746768873905e-12
-1.0221744718822980e-11
-1.4195703836632005e-11
-1.8713127059900163e-11
-2.5360168382261532e-11
-3.3408119942688802e-11
-4.4621905308141119e-11
-5.8555937351971583e-11
-7.5163189030259043e-11
-9.4990569264544766e-11
-1.1878513611250803e-10
-1.4463060348932605e-10
-1.7101760637858660e-10
-1.9375375132125180e-10
-2.0644937846625269e-10
-1.9658844885109135e-10
-1.4495456115549480e-10
-2.2800000912677685e-11
2.1594854234300010e-10
6.4015733294271332e-10
1.3528910867281268e-09
2.5034027022208723e-09
4.3100378963945818e-09
7.0843590215936742e-09
1.1271916700141261e-08
1.7498649262213552e-08
2.6640597738955564e-08
3.9913826212658984e-08
5.8995706048708458e-08
8.6180575926375836e-08
1.2459148732689257e-07
1.7844594129156878e-07
2.5340911748977961e-07
3.5704132565313923e-07
4.9937338042060960e-07
6.9363103069699432e-07
9.5714970850800803e-07
1.3125144181191038e-06
1.7889755037676557e-06
2.4241770103992590e-06
3.2662690552095424e-06
4.3764482624916155e-06
5.8319831514063308e-06
7.7297755829206289e-06
1.0190495082905511e-05
1.3363296651456713e-05
1.7431109199453424e-05
2.2616405518462785e-05
2.9187324002360386e-05
3.7463855164883063e-05
4.7823721393265402e-05
6.0707312398902272e-05
7.6620837721216379e-05
9.6136499139761847e-05
1.1988804899980519e-04
1.4855957961109497e-04
1.8286470451571438e-04
2.2351245995170594e-04
2.7115525802874375e-04
3.2631297591662593e-04
3.8926584318229668e-04
4.5990703078146821e-04
5.3754388558147417e-04
6.2063441053240279e-04
7.0644297544089152e-04
7.9059630142223046e-04
8.6651749231676550e-04
9.2471232832271684e-04
9.5187828953580491e-04
9.2980280079286407e-04
8.3401322913894999e-04
6.3213727006994206e-04
2.8192879078481911e-04
-2.7108884508244939e-04
-1.0964121059731705e-03
-2.2818303795049959e-03
-3.9372331752034768e-03
-6.1989989489412119e-03
-9.2350074167699310e-03
-1.3250308235065943e-02
-1.8493465880922655e-02
-2.5263582718111549e-02
-3.3917978848361126e-02
-4.4880477708995344e-02
-5.8650209679764989e-02
-7.5810801702185182e-02
-9.7039768453931446e-02
-1.2311785969680461e-01
-1.5493804891523522e-01
-1.9351377044316792e-01
-2.3998592658616968e-01
-2.9562809372583554e-01
-3.6184925862472705e-01
-4.4019331525453897e-01
-5.3233445114545364e-01
-6.4006745402760556e-01
-7.6529187846859970e-01
-9.0998893322188279e-01
-1.0761898886230798e+00
-1.2659347657766518e+00
-1.4812200621315672e+00
-1.7239342984905897e+00
-1.9957802476993820e+00
-2.2981828325046116e+00
-2.6321818661617979e+00
-2.9983090604842446e+00
-3.3964490473047704e+00
-3.8256845544167821e+00
-4.2841263477049960e+00
-4.7687290968560800e+00
-5.2750949393831661e+00
-5.7972672003195171e+00
-6.3275174628146944e+00
-6.8561299643570957e+00
-7.3711880968814558e+00
-7.8583685950033679e+00
-8.3007497798159076e+00
-8.6786409571215390e+00
-8.9694407168678651e+00
-9.1475324105618370e+00
-9.1842254599086228e+00
-9.0477513366092808e+00
-8.7033230150288308e+00
-8.1132664031683710e+00
-7.2372316739824205e+00
-6.0324915247558604e+00
-4.4543321703636396e+00
-2.4565413187603493e+00
8.0045139153143586e-03
2.9866532020747623e+00
6.5261930815757667e+00
1.0671977010772626e+01
1.5466962502013180e+01
2.0950679103128291e+01
2.7158137366988424e+01
3.4118696876189098e+01
4.1854913791366677e+01
5.0381391161143256e+01
5.9703657660794590e+01
6.9817102407156412e+01
8.0705994923813762e+01
9.2342620106095040e+01
1.0468655807389696e+02
1.1768413803220299e+02
1.3126809363400642e+02
1.4535744483131657e+02
1.5985762780613007e+02
1.7466089032211519e+02
1.8964696478656842e+02
2.0468402554795827e+02
2.1962993059365795e+02
2.3433374099894252e+02
2.4863750438018812e+02
2.6237828141078347e+02
2.7539038737090095e+02
2.8750781393441775e+02
2.9856679016255953e+02
3.0840843618422406e+02
3.1688145849473375e+02
3.2384483237606679e+02
3.2917041478350984e+02
3.3274543027449425e+02
3.3447477325491514e+02
3.3428307202367955e+02
3.3211646379904619e+02
3.2794403505526094e+02
3.2175888798293931e+02
3.1357880156508719e+02
3.0344646444495413e+02
2.9142926622880339e+02
2.7761864386380273e+02
2.6212898998500395e+02
2.4509614034962283e+02
2.2667546738242723e+02
2.0703961616001055e+02
1.8637592759727875e+02
1.6488360092443892e+02
1.4277065354809349e+02
1.2025074090678322e+02
9.7539901835989241e+01
7.4853296176453412e+01
5.2402000870802603e+01
3.0389928626972612e+01
9.0109294637929054e+00
-1.1553869777395274e+01
-3.1138439400257838e+01
-4.9593893364758735e+01
-6.6790175881059028e+01
-8.2617364697565179e+01
-9.6986577098155976e+01
-1.0983047408775710e+02
-1.2110336750632032e+02
-1.3078094361995792e+02
-1.3885962486779761e+02
-1.4535559869636782e+02
-1.5030354862653223e+02
-1.5375512774594375e+02
-1.5577721861775785e+02
-1.5645002610086459e+02
-1.5586505078543615e+02
-1.5412299069684386e+02
-1.5133161768277697e+02
-1.4760367257626663e+02
-1.4305481995081891e+02
-1.3780169920310755e+02
-1.3196010397807527e+02
-1.2564331676350125e+02
-1.1896062000065218e+02
-1.1201599945562614e+02
-1.0490705003434886e+02
-9.7724088851514963e+01
-9.0549475311486560e+01
-8.3457133338603299e+01
-7.6512266794839135e+01
-6.9771255610686040e+01
-6.3281717273612692e+01
-5.7082716088163934e+01
-5.1205101042204717e+01
-4.5671952165256258e+01
-4.0499114910927865e+01
-3.5695802285768039e+01
-3.1265245119966565e+01
-2.7205371962188156e+01
-2.3509501507028855e+01
-2.0167032153292677e+01
-1.7164115168755011e+01
-1.4484299929927738e+01
-1.2109141745916656e+01
-1.0018764802672383e+01
-8.1923747243885980e+00
-6.6087170975937655e+00
-5.2464800044770437e+00
-4.0846401380936577e+00
-3.1027534047244223e+00
-2.2811920474206220e+00
-1.6013312466566323e+00
-1.0456888724950433e+00
-5.9802258669951647e-01
-2.4338883633135336e-01
3.1831540645796672e-02
2.3993634306819059e-01
3.9192900284428606e-01
4.9756507785799003e-01
5.6541404406654450e-01
6.0293252538791142e-01
6.1654547848070695e-01
6.1173225343279702e-01
5.9311486545552039e-01
5.6454622385870035e-01
5.2919646222119732e-01
4.8963588899446031e-01
4.4791342449537941e-01
4.0562970370122209e-01
3.6400430182876037e-01
3.2393678006812504e-01
2.8606145226048468e-01
2.5079594086842477e-01
2.1838372444910778e-01
1.8893098152518126e-01
1.6243811051038823e-01
1.3882635542852401e-01
1.1795999601312775e-01
9.9664571891778145e-02
8.3741607033848878e-02
6.9980285736823064e-02
5.8166507759443271e-02
4.8089720341015420e-02
3.9547890918256431e-02
3.2350948186728387e-02
2.6322982248311543e-02
2.1303458198514834e-02
1.7147662502762315e-02
1.3726568636908161e-02
1.0926278170824082e-02
8.6471660438213402e-03
6.8028343323670581e-03
5.3189574175991142e-03
4.1320829358507827e-03
3.1884372220652114e-03
2.4427707465613214e-03
1.8572682942500319e-03
1.4005398142842608e-03
1.0467010304565628e-03
7.7454746586996315e-04
5.6682158595007211e-04
4.0956979117395576e-04
2.9158403835862775e-04
2.0392153759306452e-04
1.3949533060948402e-04
9.2728227626910048e-05
5.9262719870141086e-05
3.5719694143382403e-05
1.9499318177134905e-05
8.6179475262516001e-06
1.5755523532706046e-06
-2.7512558436403838e-06
-5.1948772061504590e-06
-6.3648027751210826e-06
-6.7012920767459406e-06
-6.5173727729038133e-06
-6.0314193713442990e-06
-5.3922189671043440e-06
-4.6980722982901571e-06
-4.0112140849629592e-06
-3.3685758544096075e-06
-2.7897402308213011e-06
-2.2827237988091722e-06
-1.8481398442174948e-06
-1.4821201425378854e-06
-1.1783428965201527e-06
-9.2938331113685572e-07
-7.2759666312725378e-07
-5.6565534847738730e-07
-4.3685481082570363e-07
-3.3525415326720069e-07
-2.5572416670696407e-07
-1.9391636385583338e-07
-1.4620852724447053e-07
-1.0962462631616960e-07
-8.1744349482212313e-08
-6.0626270886846186e-08
-4.4724016399645943e-08
-3.2817556356972163e-08
-2.3953442098743026e-08
-1.7390712723966793e-08
-1.2558980287055115e-08
-9.0204166378064813e-09
-6.4438608552072161e-09
-4.5766100862413378e-09
-3.2327227455844342e-09
-2.2695527561075095e-09
-1.5839534115162961e-09
-1.0981583211671405e-09
-7.5654406481929895e-10
-5.1812182145289674e-10
-3.5182684879448082e-10
-2.3706276585444730e-10
-1.5847443704340050e-10
-1.0458730895749213e-10
-6.8671949681559874e-11
-4.4601872002042756e-11
-2.8310822012552214e-11
-1.7996046940430073e-11
-1.1140716721286737e-11
-6.7297301896809275e-12
-3.5038497921032857e-12
-1.7941206639503867e-12
-1.1939189209925967e-12
-2.6054140049451983e-13
1.3673344808545759e-13
-1.3654779743324213e-13
-1.9093862200348308e-13
-1.6756419039752949e-13
1.1431906692115075e-13
7.5603645299874495e-13
-7.2643602003122109e-13
4.4349740745908541e-13
6.9195659041787311e-13
-9.0622972447980392e-14
2.4949359867510307e-13
1.3516681913365762e-13
-1.9941902083719709e-14
6.4985336436797650e-13
-3.2097367651533415e-14
1.1730462548468516e-13
3.2147392724228008e-13
5.5874445022021790e-13
-3.4080792020105226e-13
1.1444125109851340e-13
-1.4702403861416992e-13
1.3163167812389264e-13
-4.3361779349137536e-13
2.4980602407208066e-13
-3.4154062793928238e-14
-1.1188274402780739e-13
1.3232536946840213e-13
-4.2772845135357723e-14
-5.2753547987689584e-13
4.9265265095279392e-14
-2.3413221685698083e-14
-2.6910226955295582e-13
-1.1933959667295186e-13
-1.2645102849147723e-13
-7.4286201354490097e-14
-3.4125579101146636e-13
1.3442639432713155e-14
-5.6369014399953594e-14
-2.8115668703070917e-14
-3.3383945169030799e-13
9.2761746427274167e-14
-4.1519407568848468e-13
5.9577909912613013e-13
1.1252711236392914e-13
-2.0261136822395374e-13
-2.0126836524930251e-13
2.8980730237507415e-13
1.9350874321945886e-13
-1.0314075298123820e-13
-4.9630872147991940e-14
2.0883558679497663e-13
-5.3816183345844374e-13
2.4247446674212946e-13
-4.9675926613025577e-13
-3.4243308617406896e-13
-4.3559429703875316e-13
-9.6424828428490244e-14
-3.5497918055863640e-13
2.6082995760567712e-13
-4.1952805198294616e-14
-4.2002315384668435e-14
-2.1804071409746659e-14
9.6494725668726668e-14
-1.7884281495756320e-13
4.0734649787521931e-13
-3.2369164231007394e-13
8.8379347556178223e-14
-3.6798550896846412e-13
1.5280523600968126e-13
-1.6500579058600752e-13
4.1936156857335805e-13
1.2754082815008381e-15
5.7387327398506477e-15
2.0256062306736061e-13
4.7844632064808470e-13
-3.9769203922210737e-14
-2.7923366497368911e-14
8.8042633821717765e-14
-2.1817984741685926e-13
-1.7605468748135251e-13
1.7043516250309086e-13
1.1218769957359059e-13
9.0371548219647234e-14
-1.4781286583249779e-14
1.4497345293110598e-13
8.0184927178025303e-14
-1.3655462200810431e-13
2.4884159867414448e-13
-2.8973203291082100e-14
-7.4759942907374609e-14
-6.2199860817871514e-14
9.8273980732601261e-14
-1.1637608650138304e-13
-7.5236216971221858e-14
2.7878735561519154e-14
