1.0646458665810575e-12
-1.5998577171570352e-12
-6.5848328161473345e-13
1.6750192747921581e-13
-6.7294137080263550e-13
1.4957914900383886e-13
-5.2644917384337863e-13
-1.6786209136258731e-14
-7.0160740692900572e-13
3.9513186660517825e-13
-5.6948847603057289e-13
6.3043231968224971e-13
-4.5581100845558353e-13
6.8079496498912854e-13
-6.9764112435679456e-13
1.1341634882553858e-12
-1.7565668571184427e-13
-4.7943547848718085e-13
-1.7552039064535202e-13
2.6114020843582578e-13
-7.1988886833354508e-13
-7.6368977755121698e-13
2.4385097670402929e-13
3.3525693839770475e-14
-2.3979564083426686e-13
2.2388884417017401e-13
-9.3307495357403519e-13
-8.8490830927728075e-13
5.2634471616770081e-13
3.2990428639529412e-13
-1.3909312582433600e-12
1.7038337489997214e-13
-6.7563325319335264e-13
-7.7579399881935129e-13
-3.2576326327083876e-13
-5.4140555694080827e-13
-1.6265499447519907e-12
-3.1038794446028155e-14
3.2346710873905102e-13
-1.4713602833578241e-12
-4.0559980019262314e-14
-5.2872514479777170e-13
-7.3129098053224327e-13
2.7594363986271683e-13
1.2379960678469830e-12
-1.1538201035161728e-12
7.3789920557530997e-13
1.0254982377181659e-12
9.2284649495843903e-13
3.0230923915770965e-13
3.7840201926407570e-12
5.2696936395532840e-12
9.1264453175490922e-12
1.7453079439205397e-11
2.5806905951311270e-11
4.2710436317415664e-11
6.9206125258207264e-11
1.0506809151262192e-10
1.6092348800333982e-10
2.4302397689143592e-10
3.6010445953839309e-10
5.3147419116144500e-10
7.7867083961016454e-10
1.1282966777559225e-09
1.6240736284004107e-09
2.3209822701963003e-09
3.2908556274326197e-09
4.6329345240535195e-09
6.4829167678202133e-09
9.0092690861271831e-09
1.2436608125919056e-08
1.7053474438029863e-08
2.3233141438426605e-08
3.1440062628068156e-08
4.2259866505919981e-08
5.6410538337971572e-08
7.4764945709577202e-08
9.8366378002316400e-08
1.2842067697549809e-07
1.6629629161701214e-07
2.1348323169038834e-07
2.7150806641808805e-07
3.4178609759160473e-07
4.2539894357060085e-07
5.2271621936193067e-07
6.3285357387648116e-07
7.5285455730560582e-07
8.7655219680894666e-07
9.9294492269849869e-07
1.0839510558018252e-06
1.1213508285251794e-06
1.0626544551611360e-06
8.4560308043530331e-07
3.8087967877681159e-07
-4.5738598742860910e-07
-1.8439312287102952e-06
-4.0181528080563809e-06
-7.3042037927271571e-06
-1.2136307410526514e-05
-1.9090390084181274e-05
-2.8923258559211406e-05
-4.2620665546138893e-05
-6.1455734660168895e-05
-8.7059309934824815e-05
-1.2150376189501148e-04
-1.6740178142326766e-04
-2.2802144949526048e-04
-3.0741852150273683e-04
-4.1058633662791451e-04
-5.4362284490415392e-04
-7.1391307863022543e-04
-9.3032371414457978e-04
-1.2034042170350763e-03
-1.5455861895550787e-03
-1.9713689619252350e-03
-2.4974750391286026e-03
-3.1429534555004720e-03
-3.9292025830661818e-03
-4.8798760599982217e-03
-6.0206263790234414e-03
-7.3786301729747983e-03
-8.9818273050825057e-03
-1.0857792663677474e-02
-1.3032145079551936e-02
-1.5526382390614693e-02
-1.8355015548563433e-02
-2.1521858448069312e-02
-2.5015314403468068e-02
-2.8802485731150327e-02
-3.2821920755447868e-02
-3.6974804014752366e-02
-4.1114391905030391e-02
-4.5033499056559567e-02
-4.8449852511650529e-02
-5.0989152944591935e-02
-5.2165717249895958e-02
-5.1360626833682227e-02
-4.7797373249466341e-02
-4.0515079457585437e-02
-2.8339483020593397e-02
-9.8519982041040365e-03
1.6642671360687349e-02
5.3149719338643882e-02
1.0201737031151968e-01
1.6596888457339787e-01
2.4813211577561561e-01
3.5206504702548075e-01
4.8177546675864236e-01
6.4173268189058863e-01
8.3686891170343514e-01
1.0725677738446933e+00
1.3546370766118461e+00
1.6892629850651995e+00
2.0829425482976047e+00
2.5423915792092902e+00
3.0744249837734685e+00
3.6858068619431470e+00
4.3830680631614642e+00
5.1722893910477730e+00
6.0588493255310079e+00
7.0471359750134459e+00
8.1402239885879943e+00
9.3395183463917792e+00
1.0644368294683698e+01
1.2051656183635000e+01
1.3555367573924345e+01
1.5146150667990838e+01
1.6810874848852141e+01
1.8532199821206781e+01
2.0288168484500225e+01
2.2051838157941038e+01
2.3790966049022771e+01
2.5467765833022611e+01
2.7038752812657766e+01
2.8454695278464190e+01
2.9660689320271732e+01
3.0596373385684871e+01
3.1196297292727216e+01
3.1390458146203947e+01
3.1105012665908514e+01
3.0263171817187072e+01
2.8786279372999520e+01
2.6595071191055734e+01
2.3611106647579863e+01
1.9758357946159343e+01
1.4964937058651905e+01
9.1649340221301721e+00
2.3003343995761636e+00
-5.6770218836588286e+00
-1.4803483176207003e+01
-2.5101677366744916e+01
-3.6578702279999774e+01
-4.9224467881864008e+01
-6.3010243809509255e+01
-7.7887465090019361e+01
-9.3786846660520368e+01
-1.1061785339174298e+02
-1.2826856673442026e+02
-1.4660598189981192e+02
-1.6547676075693755e+02
-1.8470845554433620e+02
-2.0411120727625106e+02
-2.2347991064783875e+02
-2.4259682463507005e+02
-2.6123459520382966e+02
-2.7915964397811996e+02
-2.9613586477310679e+02
-3.1192855897928644e+02
-3.2630853128002173e+02
-3.3905625945819099e+02
-3.4996604641760729e+02
-3.5885005927354752e+02
-3.6554215964836533e+02
-3.6990143125871708e+02
-3.7181531553167082e+02
-3.7120227327985572e+02
-3.6801390025374616e+02
-3.6223643643744953e+02
-3.5389162294847972e+02
-3.4303687595528623e+02
-3.2976476369367430e+02
-3.1420178995524975e+02
-2.9650650482067590e+02
-2.7686698039162468e+02
-2.5549770532038627e+02
-2.3263596655584388e+02
-2.0853779947380087e+02
-1.8347359805474042e+02
-1.5772348470331204e+02
-1.3157254444646966e+02
-1.0530603046907281e+02
-7.9204647211177942e+01
-5.3540013620921982e+01
-2.8570402785019379e+01
-4.5368452859848540e+00
1.8340327421761625e+01
3.9864436184896576e+01
5.9864854674694406e+01
7.8198823206328257e+01
9.4752657375098067e+01
1.0944234856118452e+02
1.2221356838021850e+02
1.3304110325169552e+02
1.4192775804141866e+02
1.4890277888630504e+02
1.5401985457500163e+02
1.5735476305354089e+02
1.5900273464434835e+02
1.5907560637762697e+02
1.5769884247685559e+02
1.5500849462232455e+02
1.5114817230552589e+02
1.4626608859986848e+02
1.4051224026637908e+02
1.3403577357221278e+02
1.2698257882602223e+02
1.1949314773475760e+02
1.1170071856174145e+02
1.0372972500145188e+02
9.5694555942952093e+01
8.7698625101322449e+01
7.9833742047664799e+01
7.2179769616312598e+01
6.4804547123919818e+01
5.7764054368084842e+01
5.1102788011820358e+01
4.4854319695058813e+01
3.9042004002856579e+01
3.3679804189389152e+01
2.8773204212162174e+01
2.4320177057546204e+01
2.0312181411418109e+01
1.6735161314234539e+01
1.3570526404377752e+01
1.0796093566259328e+01
8.3869741370264101e+00
6.3163941750809274e+00
4.5564385555109927e+00
3.0787127475491260e+00
1.8549189790470815e+00
8.5734605034823974e-01
5.9274289362668139e-02
-5.6470098029137916e-01
-1.0384225619840517e+00
-1.3839950303986313e+00
-1.6216719900311292e+00
-1.7697995137718996e+00
-1.8448080813706123e+00
-1.8612453376674223e+00
-1.8318421991159559e+00
-1.7676052159411486e+00
-1.6779286085216116e+00
-1.5707200039936149e+00
-1.4525345692120293e+00
-1.3287129389724084e+00
-1.2035190475788369e+00
-1.0802746653552739e+00
-9.6148810161478493e-01
-8.4897514823269737e-01
-7.4397089336191791e-01
-6.4723152668997974e-01
-5.5912568273059615e-01
-4.7971522660467586e-01
-4.0882567926456898e-01
-3.4610670965415213e-01
-2.9108329499035823e-01
-2.4319827253980042e-01
-2.0184708379268287e-01
-1.6640555089291673e-01
-1.3625153239468876e-01
-1.1078128692124474e-01
-8.9421335119621845e-02
-7.1636557448450558e-02
-5.6935202760994751e-02
-4.4871414216128204e-02
-3.5045808094966928e-02
-2.7104570435528608e-02
-2.0737468200587608e-02
-1.5675107343103088e-02
-1.1685711005872125e-02
-8.5716376412866904e-03
-6.1658116306252302e-03
-4.3281978281315440e-03
-2.9424165229730887e-03
-1.9125658380698730e-03
-1.1602946872989179e-03
-6.2214997195149868e-04
-2.4720673243011854e-04
5.0215869860612061e-06
1.6640384854174373e-04
2.6175979187813243e-04
3.1019700026638269e-04
3.2623877538138742e-04
3.2076604253103002e-04
3.0179620449048738e-04
2.7512077401339652e-04
2.4482214703360568e-04
2.1368815973275270e-04
1.8354108202937609e-04
1.5549578836680775e-04
1.3015993093971082e-04
1.0778712621591535e-04
8.8392475441557411e-05
7.1838256012098523e-05
5.7896262498228336e-05
4.6292118126158584e-05
3.6735809237586128e-05
2.8941935107298221e-05
2.2642340558585538e-05
1.7593266595928905e-05
1.3578669707639259e-05
1.0410893051677114e-05
7.9296690195228303e-06
6.0000804235048428e-06
4.5099840820196390e-06
3.3672184742200698e-06
2.4968243914270596e-06
1.8384292836796820e-06
1.3438236937237647e-06
9.7485679931218486e-07
7.0156745642499368e-07
5.0063006717286040e-07
3.5400254988421706e-07
2.4785502036215834e-07
1.7164677828159504e-07
1.1742171474580604e-07
7.9203929051950324e-08
5.2552052902361348e-08
3.4176430542262889e-08
2.1676607882571505e-08
1.3300673601764427e-08
7.7888741537515386e-09
4.2393024550793675e-09
2.0202496166632592e-09
6.8339667449947385e-10
-7.7442669345147872e-11
-4.7076929729025175e-10
-6.3889879752626382e-10
-6.7452975778654865e-10
-6.3613142040641242e-10
-5.6297756948397018e-10
-4.7981392533245012e-10
-3.9556438655263830e-10
-3.1682602657593789e-10
-2.5089476467247161e-10
-1.9425894297626622e-10
-1.4977849494076804e-10
-1.1222771992111963e-10
-8.4716672452558214e-11
-6.3222252185117396e-11
-4.7990713289977197e-11
-3.4534971392872414e-11
-2.5195067095121518e-11
-1.7658156209583006e-11
-1.2957351349335390e-11
-8.9935293635793067e-12
-5.7287254183402107e-12
-5.5178127202880996e-12
-3.4830108401420749e-12
-3.4314413158551315e-12
-1.2129384822794998e-12
-7.1151082150251895e-13
-9.2965004169303785e-14
-7.0070980387564362e-13
9.8918782707071732e-13
-5.9236769145325903e-14
5.7263412953151392e-13
-2.0683246003803218e-13
-2.6597515952811851e-13
-5.4427875008107346e-13
-2.9167945595034967e-14
2.5863084384753269e-14
4.3351854699880130e-13
-2.7163035511064446e-13
9.2668478559054442e-13
-6.5331365172072162e-13
6.5202257859016129e-14
-1.3926870445609239e-13
-5.1981306846084286e-13
-3.9248109018764606e-13
6.6970469707385722e-13
5.9554973287267400e-14
-7.0508690036678090e-13
5.1652935609434399e-13
-1.0582472556663190e-13
-5.8662861986382627e-13
1.8393587129562661e-13
6.6475440852104294e-13
3.6822116683769675e-13
9.4757469334899416e-13
-3.5522014766678568e-13
-1.2135797297410521e-12
-1.0036971436724918e-12
4.5241701741306545e-13
-5.2986883652775499e-13
8.0135193180245044e-13
1.2323092235632557e-12
3.4919107466941454e-13
-6.7779043835252547e-13
6.4793734619358447e-13
-1.3772764458689709e-13
-4.0887557320425258e-13
6.0371423533888047e-13
-2.5278116019003197e-13
2.6939842891743949e-14
3.1105735256243161e-14
-1.2308590747672980e-14
-7.2772172509519387e-13
3.7655483668569805e-13
-5.4815459612890719e-13
-1.0321689605706402e-12
2.6995257110252680e-13
5.4950337005809179e-13
-9.2061003286507870e-13
-5.4654323937744981e-14
1.0623376299638821e-12
-8.0163214919539087e-13
6.4000328159312342e-13
4.2066038160966551e-13
5.2952271320670392e-14
-6.6919059688315088e-13
2.0688990949909601e-13
2.5999312608477671e-13
-8.0479846102291128e-13
2.3020480838732001e-13
4.3842484529573170e-13
7.8658911336222500e-13
-4.6563777095912178e-13
-2.0619256325122802e-13
-1.2557448700909955e-12
1.1258429028227210e-12
2.9228553475870599e-13
-4.8872974935035167e-15
1.7755451686468736e-13
5.5557551779911709e-13
-7.9906063957587982e-13
-2.1262404605135694e-13
2.3589430570127303e-13
-8.8402658361556607e-13
-4.3018058959296620e-13
-1.7082238568821141e-13
-6.6512733641107780e-13
5.6471465898278764e-13
-5.9948105472076599e-13
-3.6354143236917840e-13
-1.0948551396280657e-13
5.9975799877593700e-13
-4.8305733727740849e-13
-8.0172598957369026e-13
-7.5321468548464084e-13
8.1333510687032755e-13
-2.9173840217309764e-13
5.4198657247118168e-13
6.1639470829705366e-13
2.7616244227216687e-13
-5.1909212501780758e-13
-3.7851479417313146e-14
-8.8776794777044148e-13
-2.9556450853270177e-13
3.5450846222280341e-13
-5.7359543637441460e-14
3.4497192115490428e-13
7.4945516474108295e-13
6.2469511666666014e-14
-6.4542955246067355e-13
6.4213707537562770e-14
-3.9055355276562579e-13
-9.4642597617553365e-13
-2.0314462237730240e-13
-7.2613473637799994e-13
3.4492459734458064e-13
1.6522137763566427e-13
