-7.9700017415294286e-13
1.0267473029768610e-12
-1.9146100919807519e-13
-1.7559149336025671e-13
-2.0234753035751888e-12
1.0227436780032558e-12
-2.3537189411817526e-13
-8.8619178375465279e-14
1.0488875153843963e-12
-8.8878363356212425e-13
8.8061238914351375e-13
4.2893833082490973e-13
7.3080772143678440e-13
-1.2274095795678259e-12
9.5673740754889382e-13
2.3039303633878218e-13
-1.7173128172771773e-13
6.5350134114551123e-13
9.3263747796041934e-13
4.4488989964185218e-13
3.1140796857270064e-12
1.6368542344019292e-12
1.9886703630022275e-12
5.5313196279028523e-12
5.5063110443802242e-12
5.3157629206121841e-12
6.7585406805585297e-12
7.2336726986776744e-12
8.1111181604006322e-12
7.9690390238048512e-12
5.9887570380207953e-12
5.0051742871689892e-13
-8.2726555471195607e-12
-2.7487211273908099e-11
-5.7388850302909259e-11
-1.0985918400618638e-10
-1.8930910428632921e-10
-3.2150806731882825e-10
-5.2238371879061949e-10
-8.2846168953841919e-10
-1.2875657102436798e-09
-1.9755730707258996e-09
-2.9854176185103581e-09
-4.4730150362911055e-09
-6.6327421542161324e-09
-9.7548260193880195e-09
-1.4240725342824563e-08
-2.0649625154550190e-08
-2.9750948094179624e-08
-4.2622822288557444e-08
-6.0735021083480501e-08
-8.6110696717637512e-08
-1.2150851754291210e-07
-1.7068433145852679e-07
-2.3873117105344421e-07
-3.3253030209681773e-07
-4.6134919952800994e-07
-6.3762814613548946e-07
-8.7800032194542673e-07
-1.2046527102727989e-06
-1.6470613274761410e-06
-2.2442831519208081e-06
-3.0478974915899461e-06
-4.1258053541436027e-06
-5.5671275954774562e-06
-7.4884710170149694e-06
-1.0041957311531390e-05
-1.3425427533206384e-05
-1.7895425084006044e-05
-2.3783629266551002e-05
-3.1517590049259395e-05
-4.1646834701770790e-05
-5.4875587111774710e-05
-7.2103715118882890e-05
-9.4477749422443072e-05
-1.2345427236058160e-04
-1.6087845064280602e-04
-2.0908099131560003e-04
-2.7099748247540325e-04
-3.5031480066008251e-04
-4.5165017805453173e-04
-5.8076948956900477e-04
-7.4485248487873379e-04
-9.5281404351319193e-04
-1.2156920052183320e-03
-1.5471137869122883e-03
-1.9638560403982745e-03
-2.4865135244802228e-03
-3.1402959169197207e-03
-3.9559737602202711e-03
-4.9709976191311478e-03
-6.2308175276684311e-03
-7.7904331552847835e-03
-9.7162085275670149e-03
-1.2087988764682636e-02
-1.5001560112046636e-02
-1.8571498246446615e-02
-2.2934453708435755e-02
-2.8252926936713916e-02
-3.4719588801150919e-02
-4.2562205643745785e-02
-5.2049230340652543e-02
-6.3496122769275506e-02
-7.7272463893415314e-02
-9.3809927571002871e-02
-1.1361117244812742e-01
-1.3725971299040571e-01
-1.6543082348322050e-01
-1.9890352122981905e-01
-2.3857366502968083e-01
-2.8546819200551815e-01
-3.4076049965240829e-01
-4.0578696026216260e-01
-4.8206453147072498e-01
-5.7130939941520542e-01
-6.7545655953005879e-01
-7.9668020458424726e-01
-9.3741475001562347e-01
-1.1003762829532551e+00
-1.2885841742914874e+00
-1.5053825426405674e+00
-1.7544612057940361e+00
-2.0398757003195529e+00
-2.3660658937901475e+00
-2.7378726580941075e+00
-3.1605520177075208e+00
-3.6397861351531526e+00
-4.1816904487039039e+00
-4.7928162366827980e+00
-5.4801478504357188e+00
-6.2510938360727923e+00
-7.1134711558010304e+00
-8.0754817250968944e+00
-9.1456805041233071e+00
-1.0332934422804433e+01
-1.1646371480705016e+01
-1.3095319446495981e+01
-1.4689233689089972e+01
-1.6437613803801355e+01
-1.8349908852723253e+01
-2.0435411218511316e+01
-2.2703139274122304e+01
-2.5161709295990004e+01
-2.7819197292406844e+01
-3.0682991679376894e+01
-3.3759638008976580e+01
-3.7054677235364124e+01
-4.0572479286208484e+01
-4.4316073985546609e+01
-4.8286981641862667e+01
-5.2485045865061245e+01
-5.6908271400492836e+01
-6.1552669959761580e+01
-6.6412117178841143e+01
-7.1478223937047758e+01
-7.6740225318248832e+01
-8.2184890482648768e+01
-8.7796456637793696e+01
-9.3556590147338696e+01
-9.9444377592555000e+01
-1.0543634930364874e+02
-1.1150653750578516e+02
-1.1762657078115777e+02
-1.2376580603746469e+02
-1.2989149860124314e+02
-1.3596901042974665e+02
-1.4196205576786167e+02
-1.4783298287844488e+02
-1.5354308975909572e+02
-1.5905297104042432e+02
-1.6432289255576771e+02
-1.6931318939672960e+02
-1.7398468263895484e+02
-1.7829910935483133e+02
-1.8221956003974387e+02
-1.8571091718082752e+02
-1.8874028840482598e+02
-1.9127742746561981e+02
-1.9329513628122652e+02
-1.9476964131048098e+02
-1.9568093777424727e+02
-1.9601309557533116e+02
-1.9575452125148587e+02
-1.9489817090099689e+02
-1.9344170974049840e+02
-1.9138761477716599e+02
-1.8874321798687524e+02
-1.8552068836844728e+02
-1.8173695227163444e+02
-1.7741355245181606e+02
-1.7257644736469123e+02
-1.6725575325705816e+02
-1.6148543261178131e+02
-1.5530293344483385e+02
-1.4874878480864882e+02
-1.4186615461049155e+02
-1.3470037649051014e+02
-1.2729845300801755e+02
-1.1970854274586266e+02
-1.1197943915440965e+02
-1.0416004901528154e+02
-9.6298878310671029e+01
-8.8443533040627571e+01
-8.0640242145564159e+01
-7.2933409174714740e+01
-6.5365198707016702e+01
-5.7975162794881882e+01
-5.0799911881443663e+01
-4.3872833757957977e+01
-3.7223863200603752e+01
-3.0879303976095809e+01
-2.4861703954212530e+01
-1.9189783133143951e+01
-1.3878413489316523e+01
-8.9386487251466082e+00
-4.3778012213185340e+00
-1.9956281821051397e-01
3.5958345352543830e+00
7.0114227095862702e+00
1.0053270717452659e+01
1.2730232511072034e+01
1.5053674485068374e+01
1.7037187957966143e+01
1.8696291844799450e+01
2.0048130576516471e+01
2.1111172078550293e+01
2.1904910301307694e+01
2.2449576411195416e+01
2.2765862314704385e+01
2.2874659712748532e+01
2.2796817380522846e+01
2.2552918852592828e+01
2.2163082175157385e+01
2.1646782878982037e+01
2.1022700836990975e+01
2.0308591209110595e+01
1.9521179250584641e+01
1.8676078375222474e+01
1.7787730525763088e+01
1.6869367613343545e+01
1.5932992548170244e+01
1.4989378194670465e+01
1.4048082445314723e+01
1.3117477516418528e+01
1.2204791523484353e+01
1.1316160389468751e+01
1.0456688172515710e+01
9.6305139657115788e+00
8.8408836151694317e+00
8.0902246193850083e+00
7.3802227073946689e+00
6.7118987407188992e+00
6.0856847400939200e+00
5.5014979981845791e+00
4.9588123999117055e+00
4.4567262294813270e+00
3.9940258946574501e+00
3.5692451418884312e+00
3.1807194684803473e+00
2.8266355591304255e+00
2.5050756821625897e+00
2.2140570756801368e+00
1.9515664351864219e+00
1.7155896821379362e+00
1.5041372478810460e+00
1.3152651501793180e+00
1.1470921708105490e+00
9.9781346352664047e-01
8.6571093330884574e-01
7.4916073108869563e-01
6.4663820439767916e-01
5.5672063481399370e-01
4.7808807872130155e-01
4.0952260962551873e-01
3.4990623952017502e-01
2.9821777383377074e-01
2.5352883069241633e-01
2.1499923074579430e-01
1.8187193970791712e-01
1.5346772208741041e-01
1.2917964204895768e-01
1.0846752612506240e-01
9.0852482653066335e-02
7.5911554876044535e-02
6.3272568285121164e-02
5.2609218271384511e-02
4.3636431400373030e-02
3.6106022604814880e-02
2.9802661164570723e-02
2.4540150450811971e-02
2.0158019939660481e-02
1.6518422769237061e-02
1.3503328072358206e-02
1.1011994175697678e-02
8.9587066734505821e-03
7.2707637796278878e-03
5.8866907188205031e-03
4.7546644384709024e-03
3.8311301927029572e-03
3.0795918928594439e-03
2.4695589265518506e-03
1.9756329336561842e-03
1.5767191823252639e-03
1.2553481546586300e-03
9.9709424091815849e-04
7.9007945662358558e-04
6.2455137042180661e-04
4.9252537351146064e-04
3.8748263081497190e-04
3.0411590056722364e-04
2.3811638307465234e-04
1.8599556838648366e-04
1.4493689370287852e-04
1.1267254693450144e-04
8.7381558020177262e-05
6.7605744886136375e-05
5.2180605530306640e-05
4.0178692669831473e-05
3.0863349934450394e-05
2.3651040195076879e-05
1.8080755574390255e-05
1.3789266220842329e-05
1.0491150265992261e-05
7.9627213649768814e-06
6.0291355678389128e-06
4.5541023583497776e-06
3.4316537681937335e-06
2.5796172167836237e-06
1.9344468549575199e-06
1.4471269931705967e-06
1.0799483151461632e-06
8.0398108764151835e-07
5.9707593210626474e-07
4.4233701811568650e-07
3.2690252893482707e-07
2.4100299548514602e-07
1.7723659626612825e-07
1.3002069618301421e-07
9.5150954291041601e-08
6.9458856677017944e-08
5.0580102804114350e-08
3.6740020450444653e-08
2.6619945259288106e-08
1.9240131219403941e-08
1.3871283541154002e-08
9.9730604942584091e-09
7.1546055193196843e-09
5.1190904673628371e-09
3.6536093893161662e-09
2.5984835947331940e-09
1.8466166290816455e-09
1.3073890972481514e-09
9.2188949224582784e-10
6.5079275314931196e-10
4.5554406966455685e-10
3.2041395861429178e-10
2.2439330893746696e-10
1.5767282612313483e-10
1.0792267785568928e-10
7.4227654142138362e-11
5.2213521992864666e-11
3.4484477653678800e-11
2.4174220324736283e-11
1.8280402763602974e-11
1.0436393298698380e-11
6.3401904546453398e-12
5.7424305462812530e-12
2.4170244364748606e-12
2.6859814539024667e-12
7.0242743171244162e-13
1.5899184589006905e-12
1.1037629736189243e-12
1.9345918409773477e-12
7.3381562023949217e-13
-1.2329247734666013e-12
-1.1973431275969291e-12
-1.8080731123138379e-12
-6.8572689394819404e-13
1.0500289285139039e-12
3.9986871335284392e-13
-1.8707980636868922e-13
1.1197158663055812e-12
7.8364653517939611e-13
-8.7040598110827759e-13
1.6139202918250315e-13
5.5262911984550261e-13
7.6215904858946754e-13
-6.3015735617249887e-13
4.9471070561823659e-13
1.3069891874397138e-13
-6.0976083021901809e-14
-4.4125804568008809e-13
-9.0930012788723954e-13
1.9726559618671910e-13
4.3098240273959702e-13
-1.3541067984662986e-12
4.4048098195533633e-13
5.9248994128872389e-13
3.9571511942562119e-13
-2.9952085460027592e-13
1.5058732640568238e-12
4.6269758198316834e-13
4.7438174592259113e-13
5.8349384434101951e-13
1.3773131043149427e-12
-4.0085146434479385e-13
7.0179417226095454e-13
-7.5583790166193928e-13
-1.0726313478268138e-12
-1.5340564644572557e-12
-1.0242311716296858e-12
-7.6720891316668919e-13
1.3582280376162207e-12
-9.8791326335234545e-13
-5.0979214606511245e-13
4.3326488234902567e-13
2.2671413186134358e-12
-1.8414320469677361e-12
-5.1627591399397115e-13
-4.7057101898579733e-13
7.9149857991674994e-13
-1.4508857478593376e-12
4.9824571525325166e-13
-1.1401050279808560e-12
-1.4546342180120629e-13
1.8798274197443919e-13
-3.8849741966761647e-13
8.6812866048502124e-13
-8.0152820365985748e-13
-5.8952041253684330e-13
-5.7313457665418918e-13
-6.7431903978799303e-13
1.1532910507349771e-12
1.1125793824704656e-13
9.6005729667810848e-14
-3.0703215637676461e-13
5.7625056381626813e-13
1.0302498698624023e-12
-3.3791988947869991e-13
-1.5448195762984840e-12
-6.5734069861949178e-14
9.8961165063873369e-13
-4.1378710796943868e-13
9.5688481933407959e-13
-8.7236245284751729e-13
3.2062166552479387e-13
-1.0596965506860008e-12
-1.1231588659879177e-12
3.2715103108035882e-13
-7.2708014018735436e-13
1.1856280154256907e-12
7.6680736837692040e-14
4.1207106103625118e-13
1.9741439506934542e-12
6.0396812092698077e-13
-1.0883452574450666e-12
-5.7155802197758343e-13
1.2445555935910741e-12
-2.1040585489967178e-12
-2.1464172723524191e-12
-7.0441787051509743e-13
-1.3188920535190786e-13
2.9170658968240641e-13
-3.4081285676400609e-13
-1.2884415953211690e-13
-5.4647552271465734e-13
6.0324838877371573e-13
-1.3523313022404735e-12
-2.8315245834847618e-12
1.2628477834354196e-12
-6.0023229172217407e-13
1.6503790398222995e-13
9.0000856477263566e-14
4.7439952061071522e-13
-5.3465761393459422e-13
1.2011443921164237e-12
1.1483636558852273e-13
-1.3404840011022875e-12
8.1934222259198332e-13
1.2491543015203790e-12
-6.5244898855434212e-14
2.6743879494253436e-13
1.0547808184826494e-12
-8.1639842938507530e-13
-7.8196514135161796e-13
1.3193554539028156e-12
-5.2969628552610435e-13
-2.5398958925443556e-13
3.9491193859016274e-13
2.4073602286642975e-13
5.5868291370932872e-14
1.1773368024457711e-13
2.2239940941427270e-14
-6.7155702879923858e-14
4.2798201189028803e-13
1.7761952328374165e-13
-2.5268660902662682e-13
-2.6744973791849501e-13
-8.2603496133060643e-13
-4.3210282469453116e-13
1.5974056639352244e-13
2.1758755772181301e-12
-2.9256543842135235e-13
-6.8094269147321613e-13
-2.0133601368457517e-13
-5.1342148939174479e-13
-4.1150777578350524e-13
-1.9767179443219250e-13
-1.1672539010473505e-12
-6.8582637077073536e-14
9.0509189616967254e-13
3.1517372724048184e-13
