5.3811927438558740e-02
6.3910772846459837e-02
7.5337505306966299e-02
8.8293870336999675e-02
1.0300724325507980e-01
1.1973146855723309e-01
1.3874617372356357e-01
1.6036275855018234e-01
1.8492559592858251e-01
2.1281709380710082e-01
2.4446017132719494e-01
2.8032313353316540e-01
3.2092300267063584e-01
3.6683051436191899e-01
4.1867412303292362e-01
4.7714524886551296e-01
5.4300285086951594e-01
6.1707896460044764e-01
7.0028375108472796e-01
7.9361130586962991e-01
8.9814508022502970e-01
1.0150638922660802e+00
1.1456475906260393e+00
1.2912831505710536e+00
1.4534704149005246e+00
1.6338281093755880e+00
1.8340994539349125e+00
2.0561578818362007e+00
2.3020122687283942e+00
2.5738120893998584e+00
2.8738519651986918e+00
3.2045759428521428e+00
3.5685810148517918e+00
3.9686201588495251e+00
4.4076044440006727e+00
4.8886044299560414e+00
5.4148504382682159e+00
5.9897318804693818e+00
6.6167952513028094e+00
7.2997409396200661e+00
8.0424184933979550e+00
8.8488204691503025e+00
9.7230745314133600e+00
1.0669433919886687e+01
1.1692265982038759e+01
1.2796038885712665e+01
1.3985306245877799e+01
1.5264689786702045e+01
1.6638859814539558e+01
1.8112513639183248e+01
1.9690351766006916e+01
2.1377052021613295e+01
2.3177241488196962e+01
2.5095466442772139e+01
2.7136160234056128e+01
2.9303609333682491e+01
3.1601917555997392e+01
3.4034968728869579e+01
3.6606387873432325e+01
3.9319501223936001e+01
4.2177295209289674e+01
4.5182374776518046e+01
4.8336921238705614e+01
5.1642650073939649e+01
5.5100768913136804e+01
5.8711936183477171e+01
6.2476220691743208e+01
6.6393062645029104e+01
7.0461236427386268e+01
7.4678815647838348e+01
7.9043140797400056e+01
8.3550790032737581e+01
8.8197553425321559e+01
9.2978411177694824e+01
9.7887516127049494e+01
1.0291818100179735e+02
1.0806287071161434e+02
1.1331320008001978e+02
1.1865993723903613e+02
1.2409301301801854e+02
1.2960153646502397e+02
1.3517381673701991e+02
1.4079739139808112e+02
1.4645906125002514e+02
1.5214493162076442e+02
1.5784046011085033e+02
1.6353051059947930e+02
1.6919941337931149e+02
1.7483103109268629e+02
1.8040883020611383e+02
1.8591595756840960e+02
1.9133532166189065e+02
1.9664967797277407e+02
2.0184171797429516e+02
2.0689416104398643e+02
2.1178984871066433e+02
2.1651184046854263e+02
2.2104351047977252e+02
2.2536864434485602e+02
2.2947153521654445e+02
2.3333707840898421e+02
2.3695086376411632e+02
2.4029926493248092e+02
2.4336952485086906e+02
2.4614983661353654e+02
2.4862941907409387e+02
2.5079858644781729e+02
2.5264881133875889e+02
2.5417278056536142e+02
2.5536444332537496e+02
2.5621905120439260e+02
2.5673318970930814e+02
2.5690480098247917e+02
2.5673319753603812e+02
2.5621906682746044e+02
2.5536446668414146e+02
2.5417281156946510e+02
2.5264884986854295e+02
2.5079863235536536e+02
2.4862947218391534e+02
2.4614989672408515e+02
2.4336959173544972e+02
2.4029933834121124e+02
2.3695094342500354e+02
2.3333716403027972e+02
2.2947162648793207e+02
2.2536874094013990e+02
2.2104361205810869e+02
2.1651194667739739e+02
2.1178995918701634e+02
2.0689427541749166e+02
2.0184183586838381e+02
1.9664979900795791e+02
1.9133544545668224e+02
1.8591608374271280e+02
1.8040895838189479e+02
1.7483116089739462e+02
1.6919954444623986e+02
1.6353064257117200e+02
1.5784059263909575e+02
1.5214506436995882e+02
1.4645919389675208e+02
1.4079752363441111e+02
1.3517394826964050e+02
1.2960166701846856e+02
1.2409314233332235e+02
1.1866006507690155e+02
1.1331332621898243e+02
1.0806299495116554e+02
1.0291830316005432e+02
9.7887636043868525e+01
9.2978528711847702e+01
8.8197668457644255e+01
8.3550902462821782e+01
7.9043250546833647e+01
7.4678922656425073e+01
7.0461340656543896e+01
6.6393164073553351e+01
6.2476319319438915e+01
5.8712032026483321e+01
5.5100862007873268e+01
5.1642740472010153e+01
4.8337009011251219e+01
4.5182460008712134e+01
4.2177378005197411e+01
3.9319581700611948e+01
3.6606466166395002e+01
3.4035044985808561e+01
3.1601991942982220e+01
2.9303682028482520e+01
2.7136231433217645e+01
2.5095536354549903e+01
2.3177310340652344e+01
2.1377120055154023e+01
1.9690419242683664e+01
1.8112580834833938e+01
1.6638927029494123e+01
1.5264757337531105e+01
1.3985374477759146e+01
1.2796108163791551e+01
1.1692336705768307e+01
1.0669506514021109e+01
9.7231494627116870e+00
8.8488982370481448e+00
8.0424996495662331e+00
7.2998260783974098e+00
6.6168850327381854e+00
5.9898270206511901e+00
5.4149517366620641e+00
4.8887127598449096e+00
4.4077207851743250e+00
3.9687455884813261e+00
3.5687167469254968e+00
3.2047233199581133e+00
2.8740125065309576e+00
2.5739874841740646e+00
2.3022044351917876e+00
2.0563689633135911e+00
1.8343318921327012e+00
1.6340846444821648e+00
1.4537541776268592e+00
1.2915976683064982e+00
1.1459969042838647e+00
1.0154525712714653e+00
8.9857837253370898e-01
7.9409516559667415e-01
7.0082503335920121e-01
6.1768547097379900e-01
5.4368358546870577e-01
4.7791048833976146e-01
4.1953575761098771e-01
3.6780215083058920e-01
3.2202042489225602e-01
2.8156444814518666e-01
2.4586643980290282e-01
2.1441252920664622e-01
1.8673844852564689e-01
1.6242556196631500e-01
1.4109702267386498e-01
1.2241427470084305e-01
1.0607366728727273e-01
9.1803417350376670e-02
7.9360661219847403e-02
6.8528854832239555e-02
5.9115234015788894e-02
5.0948622964694962e-02
4.3877268760895267e-02
3.7767025575809840e-02
3.2499526767024070e-02
2.7970712196377541e-02
2.4089301499278227e-02
2.0775634638953724e-02
1.7960412492816491e-02
1.5583826213161376e-02
1.3594535946629318e-02
1.1949072977990699e-02
1.0611034262503130e-02
9.5507533837294271e-03
8.7446979790695503e-03
8.1754226353972868e-03
7.8311689268431017e-03
7.7061380204554580e-03
7.8003099940766570e-03
8.1201105709490760e-03
8.6784889171443308e-03
9.4961095774184299e-03
1.0601756631450561e-02
1.2034273883165914e-02
1.3843394370341516e-02
1.6092811852439212e-02
1.8861546610633970e-02
2.2248841066038336e-02
2.6376075722127492e-02
3.1394836614310369e-02
3.7489547952879711e-02
4.4881704693025132e-02
