-7.3782887419101479e-13
7.2910986173164012e-13
7.8787091571884923e-13
-1.3085199493634109e-12
-3.5195289909192521e-13
2.3761921965931281e-12
-2.0152347697934696e-12
2.2708129394334072e-12
2.3503716749068533e-12
-1.0906917545423669e-12
7.9645624170956886e-13
6.4139761133122268e-13
-1.1612254289435665e-12
7.5835943523305477e-13
-1.0776731886903719e-12
-1.0212320594366716e-12
8.2050843635238140e-14
-5.8234751709782741e-13
-7.6584850974526375e-13
8.0791088974413267e-13
6.9844914691951107e-13
1.2775325252044965e-12
9.6942756524409580e-13
4.5751600062073221e-12
3.2127637442364877e-12
6.1288904386207203e-12
1.0972418840137570e-11
1.2556789855733912e-11
1.6240599295289540e-11
2.6462067931303393e-11
3.7307675591298655e-11
5.4285477710607439e-11
7.7243041759315691e-11
1.1005078438807119e-10
1.5308849530272939e-10
2.1725950901364934e-10
3.0614568188789169e-10
4.2654207046674589e-10
5.9734054758231505e-10
8.2890357398640731e-10
1.1406158742698796e-09
1.5747451813662490e-09
2.1630541928170295e-09
2.9485803557931072e-09
4.0118869780927354e-09
5.4336852246081606e-09
7.3262424000765639e-09
9.8359943709876767e-09
1.3138965646696280e-08
1.7476123565082582e-08
2.3123008592579522e-08
3.0441710511287731e-08
3.9859296727217299e-08
5.1899925415698288e-08
6.7180155504527740e-08
8.6407269562789228e-08
1.1037872601236856e-07
1.3997404628064516e-07
1.7607462442686647e-07
2.1951531962760058e-07
2.7094563551206431e-07
3.3061177676620240e-07
3.9807012268055729e-07
4.7170893854456425e-07
5.4810170805454029e-07
6.2107718896205146e-07
6.8041515317580009e-07
7.1003091298504160e-07
6.8551382438893138e-07
5.7077529965306259e-07
3.1356267907121502e-07
-1.6056032400174847e-07
-9.5611837275789584e-07
-2.2181579672222613e-06
-4.1458454389609835e-06
-7.0100737687627605e-06
-1.1176182349870546e-05
-1.7133062282899409e-05
-2.5530159841578376e-05
-3.7224394585779424e-05
-5.3339216142652962e-05
-7.5338530606789954e-05
-1.0511877661738804e-04
-1.4512299567696985e-04
-1.9848130303444338e-04
-2.6918305868587966e-04
-3.6228660374096420e-04
-4.8417348948988012e-04
-6.4285482961039969e-04
-8.4833846507013932e-04
-1.1130663645555869e-03
-1.4524327926308015e-03
-1.8853943412034063e-03
-2.4351836492188471e-03
-3.1301390571939528e-03
-4.0046624835375147e-03
-5.1003175318373615e-03
-6.4670788137709267e-03
-8.1647420522061552e-03
-1.0264501815935386e-02
-1.2850700295645185e-02
-1.6022745694143650e-02
-1.9897192221684561e-02
-2.4609965795723391e-02
-3.0318709197369249e-02
-3.7205208120243603e-02
-4.5477844532911128e-02
-5.5374006295573368e-02
-6.7162361215653194e-02
-8.1144880315295112e-02
-9.7658468274591334e-02
-1.1707602934288423e-01
-1.3980676408476320e-01
-1.6629545726577719e-01
-1.9702047917157883e-01
-2.3249018368764385e-01
-2.7323734635483932e-01
-3.1981124578821424e-01
-3.7276695367767870e-01
-4.3265136367984813e-01
-4.9998545914466003e-01
-5.7524229680853567e-01
-6.5882016971767654e-01
-7.5101041095074972e-01
-8.5195931240667055e-01
-9.6162366322317394e-01
-1.0797194628399416e+00
-1.2056634373606532e+00
-1.3385070870940659e+00
-1.4768631208216905e+00
-1.6188242894701195e+00
-1.7618748211521882e+00
-1.9027948801705648e+00
-2.0375587254996739e+00
-2.1612275273137094e+00
-2.2678381114559754e+00
-2.3502892367800223e+00
-2.4002273644377574e+00
-2.4079342441485916e+00
-2.3622190118559279e+00
-2.2503178563358812e+00
-2.0578046576188198e+00
-1.7685163145311511e+00
-1.3644967491005491e+00
-8.2596378638924195e-01
-1.3130324501847526e-01
7.4290537939020906e-01
1.8218273130772733e+00
3.1322708362429639e+00
4.7025417055460288e+00
6.5622502707141832e+00
8.7420684832675999e+00
1.1273434740762394e+01
1.4188205406091853e+01
1.7518252883472364e+01
2.1295011310257202e+01
2.5548972221846029e+01
3.0309133944434706e+01
3.5602409941248482e+01
4.1453002850295910e+01
4.7881752469720432e+01
5.4905467429562691e+01
6.2536251692415327e+01
7.0780838303963151e+01
7.9639943920368864e+01
8.9107658525986423e+01
9.9170885376864987e+01
1.0980884652167867e+02
1.2099266922491839e+02
1.3268506821858409e+02
1.4484013791604886e+02
1.5740326752375904e+02
1.7031119038183621e+02
1.8349217686450658e+02
1.9686637779797459e+02
2.1034632264292119e+02
2.2383757368881083e+02
2.3723953427652211e+02
2.5044640567503876e+02
2.6334828376540946e+02
2.7583238321700941e+02
2.8778437346845089e+02
2.9908980764124243e+02
3.0963562261151145e+02
3.1931168593293268e+02
3.2801236322624260e+02
3.3563807810076332e+02
3.4209683571409767e+02
3.4730568075536604e+02
3.5119206098711123e+02
3.5369506851494231e+02
3.5476653266809103e+02
3.5437194074319660e+02
3.5249116584560090e+02
3.4911898459479130e+02
3.4426537146585787e+02
3.3795556092262359e+02
3.3022987315597499e+02
3.2114330405700599e+02
3.1076488490862954e+02
2.9917682204781266e+02
2.8647343131194810e+02
2.7275988631951265e+02
2.5815080343997153e+02
2.4276868958331440e+02
2.2674228160472651e+02
2.1020480811006610e+02
1.9329220571781372e+02
1.7614132235751342e+02
1.5888813995985979e+02
1.4166604793539213e+02
1.2460419718385198e+02
1.0782596207998972e+02
9.1447535014810484e+01
7.5576674719929770e+01
6.0311625863522330e+01
4.5740223383870322e+01
3.1939190830262316e+01
1.8973637721460683e+01
6.8967567181201339e+00
-4.2502826597776204e+00
-1.4438250860376600e+01
-2.3649596254201661e+01
-3.1878017888280713e+01
-3.9127889345277751e+01
-4.5413552143230639e+01
-5.0758498713634765e+01
-5.5194466057961534e+01
-5.8760461709713262e+01
-6.1501743638887049e+01
-6.3468775260003945e+01
-6.4716175785461729e+01
-6.5301684855466220e+01
-6.5285158732680685e+01
-6.4727613437714624e+01
-6.3690328087948714e+01
-6.2234019453418213e+01
-6.0418096425819513e+01
-5.8300000772500134e+01
-5.5934638274594825e+01
-5.3373902178351130e+01
-5.0666288866389600e+01
-4.7856603817386684e+01
-4.4985754297239808e+01
-4.2090623832230328e+01
-3.9204022367550245e+01
-3.6354705116552111e+01
-3.3567452455171285e+01
-3.0863202802696431e+01
-2.8259230239939946e+01
-2.5769358630133858e+01
-2.3404204203988666e+01
-2.1171438923361201e+01
-1.9076067421890340e+01
-1.7120710908429945e+01
-1.5305892084408052e+01
-1.3630315842831790e+01
-1.2091141261752993e+01
-1.0684241156185863e+01
-9.4044461908407655e+00
-8.2457712652076172e+00
-7.2016225488030283e+00
-6.2649841571168645e+00
-5.4285840105026590e+00
-4.6850389031877757e+00
-4.0269792256522621e+00
-3.4471541300697921e+00
-2.9385182069555307e+00
-2.4943009543611550e+00
-2.1080604738519040e+00
-1.7737229246406672e+00
-1.4856093155294170e+00
-1.2384512191095332e+00
-1.0273969617544376e+00
-8.4800978160187790e-01
-6.9625936218643925e-01
-5.6850804721878756e-01
-4.6149292727339930e-01
-3.7230486746078595e-01
-2.9836542012892403e-01
-2.3740244197138169e-01
-1.8742511403894943e-01
-1.4669894783165618e-01
-1.1372125307074327e-01
-8.7197444095264032e-02
-6.6018472948649556e-02
-4.9239598403464480e-02
-3.6060631551512352e-02
-2.5807740024854618e-02
-1.7916843916826578e-02
-1.1918595986536322e-02
-7.4249071319369801e-03
-4.1169530821788388e-03
-1.7345802777221561e-03
-6.7016371291115268e-05
1.0552170757838558e-03
1.7672957309922261e-03
2.1760940215037540e-03
2.3653014635366741e-03
2.3997542273257451e-03
2.3290765782610287e-03
2.1907205980800097e-03
2.0124851547399110e-03
1.8145879033122628e-03
1.6113563478380272e-03
1.4125969327424400e-03
1.2246939885201631e-03
1.0514836937184969e-03
8.9494234927493864e-04
7.5572244312533299e-04
6.3356510764648309e-04
5.2761311078532592e-04
4.3664446537843623e-04
3.5924341777172940e-04
2.9392255986805183e-04
2.3920723553423650e-04
1.9369129761408454e-04
1.5607142824474731e-04
1.2516579163360548e-04
9.9921375691830409e-05
7.9413580050102101e-05
6.2840651893166972e-05
4.9514883243800208e-05
3.8852060644616912e-05
3.0360212710361529e-05
2.3628320784291706e-05
1.8315510461220616e-05
1.4141019126607622e-05
1.0875057949387242e-05
8.3307216178802660e-06
6.3568410814452963e-06
4.8318451434295863e-06
3.6584720567002223e-06
2.7593058725706928e-06
2.0730593294221052e-06
1.5514162084417315e-06
1.1564855998610973e-06
8.5868707073266691e-07
6.3503878686303503e-07
4.6774552733491070e-07
3.4312243727608797e-07
2.5065955814903352e-07
1.8234280171739768e-07
1.3207767064383252e-07
9.5247864821499658e-08
6.8378049965403841e-08
4.8861880412973341e-08
3.4750517210749433e-08
2.4588259484375263e-08
1.7308667151903159e-08
1.2122087510042223e-08
8.4392188132736537e-09
5.8409840829498280e-09
4.0184211962803725e-09
2.7412687078505400e-09
1.8561348062324332e-09
1.2492436216325201e-09
8.3125123308703287e-10
5.4754620708979674e-10
3.5810104900431371e-10
2.2898847796344783e-10
1.4380136930300737e-10
9.0644733257616311e-11
5.2628641319032868e-11
3.0103042215108489e-11
1.6823994170813716e-11
1.0174652570146151e-11
3.0395775409206702e-12
1.9998172167829452e-12
-3.6447395280080454e-13
-1.1630168626668934e-12
-1.8894171634212011e-12
-3.0531455129283523e-12
-2.5734861280105290e-12
-2.4843455209852953e-12
4.4484473700781361e-13
-2.8489913772849212e-12
-4.3122858036681300e-14
1.2945894463960968e-12
-8.9540547803582094e-13
-8.7377268692451351e-14
-7.4804604976714802e-13
1.0410202932403957e-12
1.1273885883263293e-12
1.1536098410246241e-12
-1.2112981688129306e-12
-9.3161306330068868e-13
7.7134508502067700e-13
6.7451234951392412e-13
-9.1997336702971766e-13
2.5564445356049267e-13
2.9932685654170496e-13
-2.0301072869012779e-13
1.0118888854805896e-12
-3.1719707145239177e-13
-1.2039831698901541e-12
-2.5735710271018559e-12
6.5039885609551471e-13
4.9016499490416913e-15
1.4228671435644645e-12
9.5033206516143790e-13
-1.2039040934768837e-12
-3.5164039761808848e-13
6.4777403685859533e-13
-1.2672251439611720e-12
1.1013677602449896e-12
6.8681635393173507e-13
-1.5125622018593881e-12
-1.1296599165334124e-12
2.1395826416943229e-13
-1.4426011983964648e-12
-8.3754087938274022e-13
6.0423181469066282e-13
-8.9525489896838668e-13
7.4933917514246676e-13
2.0189417908151990e-12
3.9830787245934941e-13
-2.2372396795657190e-13
1.0480844074044810e-12
6.6198779212820702e-13
-5.6884938668378467e-13
2.2684489707712171e-12
1.7216031582474177e-12
-1.7394667535662951e-12
1.4079318078436312e-12
7.6225005730254547e-13
7.1424094370590703e-13
-7.5603799833373112e-13
7.7369033337364849e-13
-2.5332935494551424e-13
1.6721234665434298e-13
-1.3489699236719188e-13
-1.0678323231671445e-12
-1.2898606968669340e-13
7.4399523554421408e-13
-2.2743092090034088e-12
9.8245589804512855e-14
1.4379018580831294e-12
2.0999690669604077e-12
-1.0783811935262696e-12
1.4623830834776382e-12
7.0588533731047171e-13
-4.6816655534591203e-13
-8.1646041913036392e-13
7.1163636266441245e-13
-1.8822568767298660e-12
1.2916147694687268e-12
1.0458116787899179e-12
-8.9530455658545691e-13
1.5317209538620699e-12
1.0501100906506200e-12
-2.0272936010817555e-12
2.2826228509607555e-13
1.6756329978640091e-12
4.4241083880970182e-13
-3.9338548722436319e-13
2.6793955651609127e-12
-2.5815319594206192e-12
5.9720598746615188e-13
1.2979870955775398e-12
-3.4669796270144888e-13
-3.8546858547666040e-13
1.1603167788783898e-12
6.1201623005621389e-13
5.4898144409925970e-14
9.5834913062964883e-13
1.1102536978566183e-12
-2.0891733385230616e-12
2.2923215840733904e-12
-5.9268064326922694e-13
-1.5213075621594022e-12
5.7987996539686082e-14
2.3466587407271063e-12
-2.2020347670024155e-12
-7.4318650653528572e-13
1.2688329274184881e-12
-9.0361098527799314e-13
4.5724712275166660e-13
3.5026175142675202e-13
-1.1061694896274429e-12
-7.7157769802610564e-13
1.2090304858313176e-12
5.5272233180803805e-14
-4.3948646714810780e-13
1.1326087428676027e-12
1.5144529966436716e-12
-6.1373201462885271e-14
-3.8604331206738841e-13
1.7140106420613270e-12
-1.7467012824095408e-12
7.9527046858209493e-13
9.2620769055939336e-13
3.2303795769141809e-13
-1.4858096864274046e-12
9.2515693640088327e-13
1.8054871857065250e-13
-2.1683666809253000e-12
-6.9951681082801697e-13
1.9076701747441077e-12
-7.4841841947206269e-13
-4.2277352301551428e-13
-1.6283890510612789e-12
-2.6080948268253146e-12
1.2605657922487370e-12
-4.3952252734111659e-13
-4.8364230626319780e-13
-4.9888519326343187e-13
1.1114386013931880e-12
-1.5499503400114963e-12
-1.0724140319697871e-12
-7.0311753175172798e-13
2.2346652344816231e-13
