-1.3671224823672673e-01
-1.5872456991758896e-01
-1.8257620977556813e-01
-2.0858709453201879e-01
-2.3690943506796730e-01
-2.6778479146025180e-01
-3.0139779970450675e-01
-3.3795763501410186e-01
-3.7765056723325879e-01
-4.2067927530482663e-01
-4.6721573099875569e-01
-5.1742515318294746e-01
-5.7144820347634473e-01
-6.2941151744963508e-01
-6.9140489945959771e-01
-7.5749194832331668e-01
-8.2768619156960388e-01
-9.0195018388138648e-01
-9.8018971520799891e-01
-1.0622505725416371e+00
-1.1478928993903297e+00
-1.2367867183399273e+00
-1.3284976832934767e+00
-1.4224743961804609e+00
-1.5180389435184307e+00
-1.6143815907245052e+00
-1.7105320475760171e+00
-1.8053573253378707e+00
-1.8975416295499370e+00
-1.9855711025950429e+00
-2.0677265390643234e+00
-2.1420630594529051e+00
-2.2063921188263071e+00
-2.2582719819038859e+00
-2.2949827687672681e+00
-2.3135251368270389e+00
-2.3106070716509421e+00
-2.2826342206522181e+00
-2.2257082378928899e+00
-2.1356113649784576e+00
-2.0078021911411663e+00
-1.8374208864994888e+00
-1.6192815779240672e+00
-1.3478906132099953e+00
-1.0174491259926002e+00
-6.2185886373330856e-01
-1.5473691694069516e-01
3.9056271880952020e-01
1.0209255748416224e+00
1.7434413148564210e+00
2.5653689227553258e+00
3.4941097797392615e+00
4.5371665823239216e+00
5.7020852948690379e+00
6.9964059759859349e+00
8.4276083655379548e+00
1.0003054229232907e+01
1.1729922929110035e+01
1.3615146380582308e+01
1.5665330226620995e+01
1.7886682285231220e+01
2.0284945332024812e+01
2.2865321577068304e+01
2.5632383533498370e+01
2.8589997515522320e+01
3.1741257861223318e+01
3.5088412388071582e+01
3.8632777723616805e+01
4.2374671371897286e+01
4.6313357048453604e+01
5.0446984946725621e+01
5.4772527727898130e+01
5.9285736871751162e+01
6.3981108980736195e+01
6.8851854857154549e+01
7.3889875079936530e+01
7.9085754246319382e+01
8.4428754605203281e+01
8.9906826214945610e+01
9.5506637321094573e+01
1.0121361054112543e+02
1.0701195597573080e+02
1.1288473066329387e+02
1.1881391577943117e+02
1.2478049365798998e+02
1.3076454192225123e+02
1.3674534146254712e+02
1.4270147838475779e+02
1.4861097218448154e+02
1.5445141212025919e+02
1.6020009662042415e+02
1.6583417766419151e+02
1.7133081268701110e+02
1.7666730714873410e+02
1.8182126711346817e+02
1.8677075705018558e+02
1.9149444969867258e+02
1.9597178458687497e+02
2.0018312167229720e+02
2.0410987838500603e+02
2.0773467207409814e+02
2.1104143976269617e+02
2.1401555172124009e+02
2.1664391979519002e+02
2.1891509281325753e+02
2.2081934326391212e+02
2.2234874204138330e+02
2.2349721509411063e+02
2.2426057555219236e+02
2.2463654794651160e+02
2.2462477921899958e+02
2.2422682742225356e+02
2.2344615344598762e+02
2.2228808014094400e+02
2.2075973325103104e+02
2.1886997709004589e+02
2.1662934293648684e+02
2.1404993827066644e+02
2.1114534729976850e+02
2.0793051963272967e+02
2.0442164287598078e+02
2.0063601569835936e+02
1.9659192578230068e+02
1.9230850835440415e+02
1.8780559314735228e+02
1.8310356046448916e+02
1.7822321049570718e+02
1.7318561614487109e+02
1.6801197092261123e+02
1.6272345025144574e+02
1.5734109113643308e+02
1.5188566102327408e+02
1.4637752566961788e+02
1.4083653527428123e+02
1.3528193256237066e+02
1.2973225283778021e+02
1.2420522541234277e+02
1.1871769824110613e+02
1.1328558266996298e+02
1.0792379289152166e+02
1.0264619208439460e+02
9.7465560490982625e+01
9.2393570925152389e+01
8.7440770186519856e+01
8.2616577916426820e+01
7.7929289669443378e+01
7.3386077599726264e+01
6.8993010450311374e+01
6.4755091646990181e+01
6.0676285132582542e+01
5.6759555774871373e+01
5.3006915803855577e+01
4.9419467150559974e+01
4.5997458138501024e+01
4.2740347291201864e+01
3.9646859920145545e+01
3.6715047007479690e+01
3.3942346343504042e+01
3.1325635221932178e+01
2.8861288423252617e+01
2.6545244393137779e+01
2.4373058087256574e+01
2.2339967740059269e+01
2.0440951892913137e+01
1.8670778314609372e+01
1.7024056580532594e+01
1.5495279079827608e+01
1.4078859295830338e+01
1.2769176345307445e+01
1.1560612819231542e+01
1.0447594405164478e+01
9.4246218785836930e+00
8.4863019014963808e+00
7.6273575317128666e+00
6.8426538289810326e+00
6.1272162433351189e+00
5.4762439209344809e+00
4.8851286430729175e+00
4.3494613996066525e+00
3.8650283064129445e+00
3.4278195695959832e+00
3.0340398123247354e+00
2.6801088042893286e+00
2.3626537829802992e+00
2.0785105141007194e+00
1.8247155602172915e+00
1.5985050124661360e+00
1.3973120494139437e+00
1.2187599120091475e+00
1.0606441559032838e+00
9.2092934872692955e-01
7.9774976123457264e-01
6.8939857223977830e-01
5.9430738589982168e-01
5.1104208590295264e-01
4.3830425482255919e-01
3.7491981391442974e-01
3.1981944979093763e-01
2.7203542405774866e-01
2.3070141069691702e-01
1.9504238569420415e-01
1.6435997609383138e-01
1.3803104849425882e-01
1.1550070512043770e-01
9.6275554368488975e-02
7.9920014843253478e-02
6.6053930570201785e-02
5.4335924985338534e-02
4.4461915389106751e-02
3.6170892073404549e-02
2.9237077338118995e-02
2.3458815885460348e-02
1.8659957376035530e-02
1.4684860572125374e-02
1.1395411241493686e-02
8.6766413352460190e-03
6.4362595635669619e-03
4.5908208599634336e-03
3.0742230245267184e-03
1.8290462037747286e-03
8.0459053433902669e-04
-3.6538613471289313e-05
-7.2764449683179191e-04
-1.2997495253950517e-03
-1.7784770335384649e-03
-2.1944829590496455e-03
-2.5717525664492097e-03
-2.9312427040998740e-03
-3.2904655712344558e-03
-3.6596925770290552e-03
-4.0513697500318092e-03
-4.4805151254429755e-03
-4.9590672721670746e-03
-5.5064120825033883e-03
-6.1339355432692413e-03
-6.8549714444126487e-03
-7.6872049087185132e-03
-8.6541142424008868e-03
-9.7837781496680574e-03
-1.1111856643289007e-02
-1.2669799460525086e-02
-1.4491726142879571e-02
-1.6619240348590521e-02
-1.9109822861097539e-02
-2.2022356156365323e-02
-2.5433226940601416e-02
-2.9421543951340098e-02
-3.4090128907075162e-02
-3.9554437178289450e-02
-4.5972256347041419e-02
-5.3504103744501964e-02
-6.2363002895930546e-02
-7.2773712632550780e-02
-8.5067033255272942e-02
-9.9537428312763063e-02
-1.1673431935701181e-01
