-1.7098402918834693e-14
-1.7123598296421525e-14
0.0000000000000000e+00
1.7173761049522150e-14
5.1596182622688159e-14
8.6118084270871596e-15
8.6242142747395826e-15
8.6365810939164532e-15
0.0000000000000000e+00
1.7322393542353867e-14
0.0000000000000000e+00
-1.7371307424405975e-14
0.0000000000000000e+00
-1.7419900355881782e-14
8.7220376912543555e-15
8.7340844371538917e-15
4.3730451002449409e-15
1.7516109533253612e-14
2.6309933764348873e-14
8.7818594513701374e-15
5.2762194859999930e-14
1.3208245177235533e-14
3.5269008655486393e-14
3.0901377741708573e-14
1.7681270579057420e-14
1.3278393922477159e-14
4.2103272469597319e-14
1.7750775485085536e-14
3.9990983071216042e-14
2.4470431647515995e-14
2.2274371242751892e-14
3.3454177757702974e-14
2.7913860280031148e-14
3.8010775805426744e-14
6.1565239021108960e-14
5.6038317471883467e-14
8.8650566571533833e-14
3.9324114203065085e-14
6.7495648369514127e-14
7.0957095521904020e-14
5.1872957404048240e-14
2.9354964556859903e-14
5.3976380944180836e-14
1.7259155543168552e-14
2.8044090103160087e-14
1.9852618155819615e-14
4.9689946273908748e-14
5.2875110807744078e-14
8.4812451558365885e-14
1.3904818367188119e-13
2.2821005169109142e-13
3.0900710553376505e-13
4.7118556188082875e-13
6.6750421657938098e-13
9.9493113812244789e-13
1.4378359794151873e-12
2.0586304769560046e-12
2.9924502603993942e-12
4.3450816149182040e-12
6.2654031869689599e-12
9.0413790046185256e-12
1.2964498329469222e-11
1.8598035480591667e-11
2.6611788728658685e-11
3.7976991963878816e-11
5.4098182736818049e-11
7.6889326883199976e-11
1.0904828425272207e-10
1.5432736091368137e-10
2.1792239734395572e-10
3.0715386399847207e-10
4.3204072920422928e-10
6.0640366316875921e-10
8.4938414505183514e-10
1.1872635258544811e-09
1.6560513514627880e-09
2.3050792239687914e-09
3.2017661502951383e-09
4.4379935573374918e-09
6.1386626822235830e-09
8.4732205983855321e-09
1.1671108265832700e-08
1.6042236762815272e-08
2.2004248597475540e-08
3.0118772090525786e-08
4.1139264485949909e-08
5.6074441909660566e-08
7.6271486548354146e-08
1.0352574653261370e-07
1.4022429848663228e-07
1.8953395591987855e-07
2.5564637740553320e-07
3.4409705887059490e-07
4.6217989178365826e-07
6.1948381072311837e-07
8.2858609513852520e-07
1.1059464627180752e-06
1.4730562822953392e-06
1.9579128531699058e-06
2.5969055909803562e-06
3.4372231761972906e-06
4.5399187401011469e-06
5.9838019419230943e-06
7.8703694246346997e-06
1.0330035173200159e-05
1.3529983335113538e-05
1.7684040473239603e-05
2.3065056151161290e-05
3.0020388451397988e-05
3.8991224649859479e-05
5.0536623421375021e-05
6.5363356154843469e-05
8.4362849843622913e-05
1.0865680177446972e-04
1.3965335389998470e-04
1.7911608953331609e-04
2.2924855391685044e-04
2.9279751553563590e-04
3.7317878502413424e-04
4.7463010603775391e-04
6.0239643754615995e-04
7.6295387676949265e-04
9.6427953570018968e-04
1.2161758990699885e-03
1.5306595734544397e-03
1.9224258967396838e-03
2.4094026347072756e-03
3.0134079545175987e-03
3.7609300541589811e-03
4.6840482419249008e-03
5.8215179222385945e-03
7.2200448446547308e-03
8.9357771212151688e-03
1.1036046902597458e-02
1.3601397211861601e-02
1.6727933249148914e-02
2.0530041463164062e-02
2.5143523799340442e-02
3.0729198717753758e-02
3.7477024761444294e-02
4.5610806554404901e-02
5.5393547019690376e-02
6.7133513200819811e-02
8.1191086206173976e-02
9.7986468307049795e-02
1.1800832191880051e-01
1.4182341587674416e-01
1.7008735385050494e-01
2.0355645767961913e-01
2.4310087459226670e-01
2.8971897141145997e-01
3.4455307067227348e-01
4.0890657277848186e-01
4.8426249462976412e-01
5.7230343827485730e-01
6.7493298283215364e-01
7.9429846894162193e-01
9.3281511718186194e-01
1.0931913900713359e+00
1.2784554714049612e+00
1.4919826967707130e+00
1.7375237252509756e+00
2.0192331947575610e+00
2.3416985525087788e+00
2.7099686983065068e+00
3.1295820221196737e+00
3.6065933597945752e+00
4.1475993324196985e+00
4.7597614770522449e+00
5.4508265204177011e+00
6.2291430942146286e+00
7.1036741423423031e+00
8.0840042283799374e+00
9.1803409177616029e+00
1.0403509385151169e+01
1.1764939385420080e+01
1.3276643728251253e+01
1.4951187413578735e+01
1.6801646619570484e+01
1.8841556788256995e+01
2.1084849127585581e+01
2.3545774943738248e+01
2.6238817334761908e+01
2.9178589916294960e+01
3.2379722412352784e+01
3.5856733128169147e+01
3.9623888526843061e+01
4.3695050355284614e+01
4.8083511005348797e+01
5.2801818050138905e+01
5.7861589159661648e+01
6.3273318870157297e+01
6.9046178952766169e+01
7.5187814394496669e+01
8.1704137262063682e+01
8.8599120961081312e+01
9.5874597623113743e+01
1.0353006154491692e+02
1.1156248176160467e+02
1.1996612695242143e+02
1.2873240594864038e+02
1.3784972713272299e+02
1.4730337998186045e+02
1.5707544191382581e+02
1.6714471343617583e+02
1.7748668437987354e+02
1.8807353371525366e+02
1.9887416510317399e+02
2.0985427992985356e+02
2.2097648911442357e+02
2.3220046446915543e+02
2.4348312984066510e+02
2.5477889167437570e+02
2.6603990803364263e+02
2.7721639447969369e+02
2.8825696459027262e+02
2.9910900227553577e+02
3.0971906245168867e+02
3.2003329606844295e+02
3.2999789496786411e+02
3.3955955159127529e+02
3.4866592815851004e+02
3.5726612962985564e+02
3.6531117453399179e+02
3.7275445761207919e+02
3.7955219819403180e+02
3.8566386829110849e+02
3.9105259456040727e+02
3.9568552857057489e+02
3.9953418017083987e+02
4.0257470923195041e+02
4.0478817158031598e+02
4.0616071557625548e+02
4.0668372648265347e+02
4.0635391651895458e+02
4.0517335928348808e+02
4.0314946803992143e+02
4.0029491818594352e+02
3.9662751503858573e+02
3.9217000886557219e+02
3.8694985985090756e+02
3.8099895639151748e+02
3.7435329076730710e+02
3.6705259679803532e+02
3.5913995458713669e+02
3.5066136784721135e+02
3.4166531959843610e+02
3.3220231222595783e+02
3.2232439797383154e+02
3.1208470594190857e+02
3.0153697154099109e+02
2.9073507415526541e+02
2.7973258846608013e+02
2.6858235451571642e+02
2.5733607114350400e+02
2.4604391692017413e+02
2.3475420215128665e+02
2.2351305492904160e+02
2.1236414359618658e+02
2.0134843735842281e+02
1.9050400615475809e+02
1.7986586028016526e+02
1.6946582966238404e+02
1.5933248213448101e+02
1.4949107952540649e+02
1.3996356991953471e+02
1.3076861401892137e+02
1.2192164318321659e+02
1.1343494642482379e+02
1.0531778340257141e+02
9.7576520286051206e+01
9.0214785253785550e+01
8.3233640339233176e+01
7.6631766346008348e+01
7.0405657613341816e+01
6.4549823519787822e+01
5.9056993761930563e+01
5.3918324629411309e+01
4.9123603711778536e+01
4.4661450710166918e+01
4.0519512281391506e+01
3.6684649107659070e+01
3.3143113655998931e+01
2.9880717362359466e+01
2.6882986241253420e+01
2.4135304178552008e+01
2.1623043408810627e+01
1.9331681906254637e+01
1.7246907627782587e+01
1.5354709735195964e+01
1.3641457091066982e+01
1.2093964467502088e+01
1.0699547029358987e+01
9.4460637534986542e+00
8.3219505240917346e+00
7.3162437018798920e+00
6.4185950039398652e+00
5.6192785514598285e+00
4.9091909480286864e+00
4.2798452417811959e+00
3.7233596033208771e+00
3.2324415195463150e+00
2.8003682631982083e+00
2.4209643509110292e+00
2.0885766504935428e+00
1.7980477426430028e+00
1.5446880847556110e+00
1.3242474662071997e+00
1.1328861865693642e+00
9.6714633165358654e-01
8.2392346784438131e-01
7.0043902353712495e-01
5.9421357813912601e-01
5.0304123438613813e-01
4.2496520891771367e-01
3.5825473926461826e-01
3.0138337267392434e-01
2.5300867347157285e-01
2.1195336082733679e-01
1.7718786766110559e-01
1.4781429379599051e-01
1.2305171207005472e-01
1.0222277469031532e-01
8.4741558364889988e-02
7.0102580390259503e-02
5.7870913613333741e-02
4.7673325750869446e-02
3.9190367666100803e-02
3.2149335620911428e-02
2.6318034009454448e-02
2.1499267424212536e-02
1.7525993913319056e-02
1.4257074793028266e-02
1.1573560227985738e-02
9.3754538593766763e-03
7.5789039351313089e-03
6.1137725891415324e-03
4.9215390494976854e-03
3.9534965748761110e-03
3.1692067710411467e-03
2.5351785991216619e-03
2.0237428236083510e-03
1.6120958502189105e-03
1.2814898628125261e-03
1.0165488813404142e-03
8.0469283649574829e-04
6.3565399423038261e-04
5.0107207745408652e-04
3.9415623473405831e-04
3.0940360943678476e-04
2.4236568319442847e-04
1.8945481887141843e-04
1.4778452553939857e-04
1.1503792609841303e-04
8.9359741187470471e-05
6.9267822832139541e-05
5.3580893265526291e-05
4.1359676996101623e-05
3.1859070701803415e-05
2.4489383171530738e-05
1.8785007169906979e-05
1.4379164741168353e-05
1.0983600630618041e-05
8.3722961465906611e-06
6.3684421430576880e-06
4.8340441345968643e-06
3.6616496778080477e-06
2.7677811506654524e-06
2.0877355363876447e-06
1.5714768671534815e-06
1.1804002084442794e-06
8.8478824384465469e-07
6.6181743180505111e-07
4.9399872751594279e-07
3.6796137602668089e-07
2.7350637905176897e-07
2.0287168033419748e-07
1.5016343600878591e-07
1.1091641159220667e-07
8.1755307712014792e-08
6.0134699988969857e-08
4.4139069500858127e-08
3.2330311134519985e-08
2.3631179677778624e-08
1.7236535698161604e-08
1.2545929278432924e-08
9.1126477101630723e-09
6.6050168651485430e-09
4.7774007440908549e-09
3.4482550059075030e-09
2.4836597037590797e-09
1.7851702390481926e-09
1.2804199075148312e-09
9.1644199833384681e-10
6.5456840522604269e-10
4.6651789550429055e-10
3.3179926598055770e-10
2.3551253569413359e-10
1.6680557308256947e-10
1.1788322653428420e-10
8.3157185725267047e-11
5.8517396825551097e-11
4.1089894315370758e-11
2.8776086408029739e-11
2.0116960634000168e-11
1.4020093040575215e-11
9.7598339910378518e-12
6.7595451077661631e-12
4.6663108203902523e-12
3.1840588736575031e-12
2.1936085720092089e-12
1.4471274026727953e-12
9.5607952808793453e-13
6.6125214616822492e-13
4.2032267731684399e-13
2.5713171868376913e-13
1.5073484551216822e-13
7.3599191066946546e-14
4.1207586799091006e-14
1.6684385214215451e-15
-3.4436679866880480e-14
-7.7659642747249223e-15
-2.2159617089261744e-14
-2.0747490503870562e-14
2.2101588223821775e-15
-1.9589266246975971e-14
-8.2661739036296232e-15
-3.4671643590243273e-14
-3.6274008966249953e-14
7.1352608042382370e-15
-8.7699779214496244e-15
-2.1895136916567015e-15
6.5595676503674110e-15
6.5505633278654196e-15
2.6166113073763063e-14
1.0887437722426114e-14
1.3046733169306298e-14
8.6856537122029875e-15
8.6734451925909307e-15
2.1652991927942333e-14
4.3244543327926973e-15
-1.0795726367395566e-14
-8.6242142747395826e-15
-6.4588563203153693e-15
-2.1498409426120070e-14
1.2880320787141611e-14
-8.5743589104087776e-15
-8.5617991482107623e-15
-1.2823802189126020e-14
-2.1341415164257723e-14
-2.1309732972900798e-14
-2.5533549156878040e-14
-2.5495307634025957e-14
-1.6971303779230171e-14
-8.4728313108107114e-15
-1.6919948731359359e-14
-3.3788325114740247e-14
-2.5302456823987105e-14
-5.0527125472878404e-14
-2.5224562250094246e-14
-4.1975760071156542e-14
-5.0292489586038720e-14
-5.0213858361743219e-14
-5.0135019774104381e-14
-3.3370650124458103e-14
-4.9976725964979424e-14
-3.3264848984235372e-14
-3.3211746060016562e-14
-1.6579254725672530e-14
-6.6210280146828108e-14
-6.6103277685137473e-14
-6.5996013352560645e-14
-4.9416366739680145e-14
-8.2225883031833500e-14
-9.8509001267441061e-14
-8.1955467610191408e-14
-6.5455828000467674e-14
-1.1435730441788659e-13
-1.1416647414166490e-13
-1.6282173058794327e-13
-1.3003830796583255e-13
-1.2981874464326676e-13
-1.2959869821523626e-13
-1.2937817239757954e-13
-1.2915717090929146e-13
-9.6701773104314747e-14
-9.6535316858971236e-14
-6.4245674827880705e-14
-3.2067120683601608e-14
-6.4022579390562444e-14
-9.5866036148761856e-14
-3.1899288681069989e-14
-3.1843120524862532e-14
-6.3573683699977814e-14
-9.5191360778014602e-14
-6.3347913379278069e-14
-6.3234704156201399e-14
-3.1560640695720892e-14
-9.4511470441780844e-14
-6.2893802742433974e-14
-4.7084812959701771e-14
-9.3998238676728977e-14
-6.2551030136200912e-14
-7.8045456934752276e-14
-7.7901875707789062e-14
-6.2206437072269149e-14
-7.7613971183936395e-14
-4.6481791554380976e-14
-4.6395055747751650e-14
-6.1744235602924382e-14
-6.1628207772819702e-14
-4.6133994542077012e-14
