-5.8612875873689500e-15
-4.8426968464894796e-16
2.1545311057901985e-15
7.7384116959400571e-15
6.2036196859932600e-15
5.3129700069246061e-15
7.5438567219466735e-16
1.5275982388484931e-14
1.3609448654455147e-14
1.6268196371891235e-14
3.1701922050506013e-14
4.0540196948919627e-14
2.2121316730316749e-14
1.9541721181717714e-14
2.2446328007681880e-14
1.0807437200753448e-14
4.3296398848823145e-15
2.4132194766554528e-14
1.7451481012925876e-14
2.8173827210743541e-14
2.4649916631300486e-14
2.9473705042503777e-14
1.4470433047538921e-14
3.6882318794648748e-14
4.8259365338791893e-14
4.5382615003146029e-14
6.3399899502449466e-14
7.5018963942805946e-14
5.7592178596712535e-14
7.5171986717599205e-14
6.9631770524746424e-14
4.6840986069907242e-14
4.2061755030902262e-14
4.5873511693003978e-14
5.5841059149079575e-14
5.2812162885358505e-14
5.3836593909185217e-14
3.6744878646167480e-14
3.4350551304434022e-14
2.8243764627036698e-14
-6.6229848858393266e-16
-5.8163087700327049e-15
1.3292851028681983e-14
-6.1870860585126089e-16
1.7745239898009558e-14
5.1774255120238954e-15
1.2428804275090347e-14
-3.8554793425865781e-15
-7.6852412104966305e-15
-2.0465312328154293e-14
-2.4965644961878156e-14
-7.8480782929516949e-15
1.8919475440846990e-14
-6.7336436531578256e-15
5.7833158602250504e-15
5.5295768170476297e-15
-1.3717733325040730e-14
-1.9595555028543192e-14
-4.3284360157213799e-15
3.4974477871762358e-15
1.8386359839127810e-14
6.6215061894719749e-15
2.2252683282051290e-14
9.7387074023462353e-15
8.5009342467834472e-15
1.9547740792530909e-14
2.6671964303425649e-14
3.1381937370880247e-14
4.3297216125427078e-14
2.7268319089685700e-14
5.5517908700849882e-14
4.7576400038518881e-14
3.5567767449859870e-14
5.4177322927434949e-14
5.5343146724313797e-14
4.9276077446232536e-14
6.6894948087508995e-14
3.5879342654116129e-14
3.5105264893270283e-14
5.1291744543919787e-14
2.4889617757586652e-14
1.8309052975502000e-14
1.0264139284994043e-14
6.1388398356693589e-15
1.0059438646238928e-14
-3.6054131281139911e-15
6.5118284821940756e-15
1.4055696182368630e-14
-1.7765881565253362e-14
-6.5880931655458905e-15
1.4509479156040071e-14
1.0971417557520408e-14
1.1644510103058300e-15
-9.8600743552079375e-15
7.2253305204429873e-15
-7.7220394063631710e-15
-3.1338179799942326e-14
-1.1985201871084943e-14
-6.0756844556575282e-14
-7.0626169447734402e-14
-5.4866480149610077e-14
-6.7595454548471973e-14
-3.4495607641478616e-14
-2.3825706146405334e-14
2.4539924643544797e-15
2.6880270577698796e-16
2.3219186501131206e-15
2.1725431573657080e-14
2.1622835470034984e-14
2.1433404794035886e-14
8.0806261142572216e-15
-1.8343443194785300e-14
-4.8936814925594535e-14
-5.6787233207692779e-14
-7.2201499405482040e-14
-9.0981255558293021e-14
-1.1830560707476227e-13
-1.0561850566104463e-13
-1.0725477047831004e-13
-1.3083285290488003e-13
-1.3814695202720148e-13
-1.1134402868042385e-13
-1.3494813781026922e-13
-1.2330484369375392e-13
-1.3253925868524866e-13
-1.3610752889231511e-13
-1.3541409666330120e-13
-1.6028948632318571e-13
-1.7050240974981637e-13
-1.5711259115987272e-13
-1.7867228461383716e-13
-1.9935352929257848e-13
-2.0368922469369747e-13
-1.9012389265972292e-13
-1.9543675445680076e-13
-2.0112808693774009e-13
-2.1544750280668693e-13
-2.0765790867278551e-13
-2.6160996473130421e-13
-2.7147260829689563e-13
-3.4179842580964515e-13
-3.4740496522774439e-13
-3.9610106801166942e-13
-4.4156175688467032e-13
-4.9847647659143441e-13
-5.3565425153837355e-13
-6.1266025256520237e-13
-6.5034975602628946e-13
-7.0413692567881540e-13
-7.2878614897489398e-13
-7.7574304106297943e-13
-8.5003156688290297e-13
-9.1205412676622962e-13
-9.7526373467530298e-13
-1.0746360934529958e-12
-1.1664175195978244e-12
-1.2808456393311073e-12
-1.3760857253132048e-12
-1.5220906037297065e-12
-1.6725174730224397e-12
-1.8526577662342449e-12
-2.0283361231396276e-12
-2.2421011422819466e-12
-2.4555581126858315e-12
-2.7244293124887688e-12
-2.9488190359175072e-12
-3.2517328498165969e-12
-3.5838930150095696e-12
-3.9265242046771592e-12
-4.3328672354204428e-12
-4.8025147383997296e-12
-5.3089596473370982e-12
-5.8949880136187587e-12
-6.4955197593119426e-12
-7.1895313277400882e-12
-7.9348614495366096e-12
-8.7669296778977331e-12
-9.6668254302229243e-12
-1.0628168522846650e-11
-1.1648921881091169e-11
-1.2787381039504210e-11
-1.3951290362913617e-11
-1.5234312477859904e-11
-1.6609617054940205e-11
-1.8078985304288576e-11
-1.9629661963377085e-11
-2.1310940317877779e-11
-2.3066284619497964e-11
-2.4967733641429812e-11
-2.6924027259290769e-11
-2.8989336470393267e-11
-3.1196443990379885e-11
-3.3498701155027276e-11
-3.5891939488493649e-11
-3.8368949629597059e-11
-4.0895669062127193e-11
-4.3538081027994664e-11
-4.6196059946033638e-11
-4.8934361187514112e-11
-5.1730049677874778e-11
-5.4575871967079060e-11
-5.7444543509342178e-11
-6.0368750083542821e-11
-6.3304295298796140e-11
-6.6240225814643931e-11
-6.9160907559388292e-11
-7.2032125347659334e-11
-7.4908422981120033e-11
-7.7733817978687995e-11
-8.0477138273967782e-11
-8.3143398831410381e-11
-8.5687092026151617e-11
-8.8152242312357335e-11
-9.0495992500880451e-11
-9.2648687475936004e-11
-9.4711403507913185e-11
-9.6604147323776474e-11
-9.8308966602812051e-11
-9.9838437431874407e-11
-1.0117737324599374e-10
-1.0231409569895526e-10
-1.0320354498421504e-10
-1.0390180748829689e-10
-1.0440500318382975e-10
-1.0468228727748295e-10
-1.0473760469476931e-10
-1.0458594949593517e-10
-1.0423717142186186e-10
-1.0363994501276935e-10
-1.0280318391806250e-10
-1.0175641181149252e-10
-1.0057471489399075e-10
-9.9174846009889756e-11
-9.7583626964067501e-11
-9.5825802060866741e-11
-9.3887883801594906e-11
-9.1802436047960985e-11
-8.9546482025455232e-11
-8.7162861308526713e-11
-8.4678788646696055e-11
-8.2060247776119418e-11
-7.9415011974465062e-11
-7.6658922805220436e-11
-7.3875813821818519e-11
-7.1085529981413654e-11
-6.8200894899904012e-11
-6.5339995170166453e-11
-6.2475057713143913e-11
-5.9602359047071945e-11
-5.6803376297702940e-11
-5.3993258628947521e-11
-5.1246862180804022e-11
-4.8530245382105213e-11
-4.5840853281926451e-11
-4.3221422872823218e-11
-4.0682462203902575e-11
-3.8177614321100331e-11
-3.5787689964628792e-11
-3.3467066570464135e-11
-3.1279358853491572e-11
-2.9140933627595073e-11
-2.7138043010199616e-11
-2.5205424724911641e-11
-2.3401867894649350e-11
-2.1653003477258413e-11
-2.0035233099805917e-11
-1.8458562377147333e-11
-1.6995502391668780e-11
-1.5589632014193145e-11
-1.4296365035017246e-11
-1.3077544591705462e-11
-1.1966120777455150e-11
-1.0879373558122089e-11
-9.9232069388653569e-12
-8.9778642795757094e-12
-8.1831481490118092e-12
-7.3951475091552255e-12
-6.7379756155222787e-12
-6.0837266691972974e-12
-5.5172827585613719e-12
-4.9637385067045012e-12
-4.5164255952825161e-12
-4.0558659971023474e-12
-3.6726279520110573e-12
-3.2923876654057786e-12
-2.9827114470162533e-12
-2.6593426649437078e-12
-2.3952498362821916e-12
-2.1211754270318632e-12
-1.9073358840145378e-12
-1.6967789804722004e-12
-1.5306222370686690e-12
-1.3303244805918523e-12
-1.2196743625829429e-12
-1.0730243145005735e-12
-9.5041085091509811e-13
-8.0339895620636238e-13
-6.9971675433438634e-13
-5.6953918135916618e-13
-4.9543326503009993e-13
-3.9601713604613089e-13
-3.3045533819475591e-13
-2.4336240573399203e-13
-1.9181407724058630e-13
-1.3664204603910201e-13
-1.0600332587605180e-13
-9.5995301419935400e-14
-9.7153073909036105e-14
-6.3336202929869414e-14
-6.1377282766516865e-14
-5.2817606907915772e-14
-5.3066346205006852e-14
-5.3980326035823441e-14
-7.9851283834942068e-14
-5.3688867946865029e-14
-7.4748846143127139e-14
-4.9083872067339213e-14
-4.1961127006907863e-14
-3.5180091705540007e-14
-1.9058676435969099e-14
2.0586540875680445e-15
-7.0442436582895440e-15
-1.3379173021516269e-14
-1.5354190896431305e-14
-1.6680359925068967e-14
7.8623442837228680e-15
-2.4644706310483186e-14
-5.4382589365639423e-15
-4.2327569596343799e-15
-2.6162544828383599e-14
-1.8121241548043926e-14
-3.1314948136891317e-14
-2.6837514795597410e-14
2.3339267500860503e-14
2.2488808867088260e-14
3.9095083912867354e-14
8.0284390531587077e-14
8.7119968128460904e-14
6.5141946903904180e-14
8.8161987882734042e-14
9.2089875003134383e-14
1.4622405257319725e-13
1.2917067411566174e-13
1.3672313053981934e-13
1.5872934233533897e-13
1.5634563949953186e-13
1.2324474781296943e-13
1.1956442410576333e-13
1.3668714646507505e-13
1.5257435433035320e-13
1.1548318047278190e-13
1.4096192386769507e-13
1.5775364167838646e-13
1.4997654385946954e-13
1.6866929726597870e-13
1.5875483277649191e-13
1.4740791360552483e-13
1.6159873524296688e-13
1.1365648670841457e-13
1.1070289842046099e-13
4.2659852242451855e-14
2.7066473287847187e-14
-1.1105635540403366e-14
-3.2179971744393422e-14
-5.8995756875835011e-14
-3.2438869849575036e-14
-4.5465614712487887e-14
-3.1212087400462932e-14
-7.6909654044110858e-15
1.1326086069565159e-14
-3.5980255322905016e-15
-2.1731536530701050e-14
4.9871489569617653e-15
3.7184081892864664e-14
9.1678583326022132e-15
6.3856366725954983e-15
3.9074536938613698e-14
3.8426818063410481e-14
2.2460556884571285e-14
4.0234566825740759e-14
3.1462100107109293e-14
3.4686422750888236e-14
-1.0561655462643957e-14
1.1831364251612767e-14
5.2257131981745866e-15
-5.2377809305795200e-16
-2.2982630514194596e-15
-3.2168386897562083e-15
-7.1792869055970862e-15
-3.5269694750762895e-15
-2.2208049234956379e-14
-2.7404789008655973e-14
-1.7687019304061752e-14
-1.4869847772981817e-14
-1.4598938226191549e-14
-7.3181203961911950e-16
-1.1021341166753222e-14
-2.0598165043964311e-14
-1.5282238519591790e-14
-1.6056301334853954e-14
1.3610854463404505e-14
6.8819930181945395e-15
1.8080658599065422e-14
1.9043640619200375e-15
-1.7695731239200397e-15
3.1584395199073264e-15
-1.2273368813508008e-14
-2.5459552090865554e-14
-3.4426040556269776e-16
2.3679798087351204e-14
5.9055757606011538e-15
1.3089986598534450e-14
8.8301220834375533e-15
-4.9060721662840684e-15
-1.9515161396153661e-14
6.7350888141007804e-15
1.5279200290561602e-14
1.0092791041665429e-14
6.5825891424589990e-15
2.1285813649823647e-14
1.3325572340382850e-14
9.6714997593039891e-15
1.6115137793736242e-14
2.3324299995990887e-14
3.9111930551496840e-14
6.0495413193893838e-14
4.3804171464526645e-14
6.5403143978003257e-14
6.9947766866141486e-14
4.4506531788710357e-14
3.3909177816708106e-14
4.8807489941197077e-14
4.9437922467590635e-14
4.3683454152312272e-14
6.3318102466012742e-14
5.7808904447159396e-14
5.4931406937551668e-14
3.0508468648044569e-14
2.9309070425576398e-14
3.5514510055434323e-14
3.4633197432078800e-14
4.2028212057937566e-14
5.4128514418754980e-14
4.6301864782906843e-14
4.7210198651529332e-14
2.7608486959383256e-14
3.1338335458038818e-14
3.4675378311421979e-14
3.0561072064902162e-14
2.8293223789994447e-14
4.4082841638299695e-14
6.0313982772316207e-14
6.1865468607665324e-14
2.2113293728359427e-14
2.7548254793380720e-14
2.5083276968090904e-14
3.2282952033041270e-14
2.3564618216766949e-14
3.3255799055239336e-14
3.1347562297959381e-14
5.7517863452973490e-14
3.7387118568497818e-14
1.7525276570731980e-14
4.4415924433384212e-14
2.2847103401251480e-14
2.9685880929343686e-14
5.0740675737884643e-14
5.2357906764275704e-14
4.0244426747226094e-14
3.4968312745983616e-14
1.5839768346144071e-14
4.3234801025344702e-14
2.3414933168521717e-14
1.9254791700890724e-14
2.5815343322049546e-14
3.3317592861278325e-14
4.0351822828498515e-14
1.6207556482185627e-14
3.1977025063029973e-14
3.2212074492361161e-14
1.8044956480783107e-14
4.2684828660364052e-15
2.4222721219217424e-14
5.4131759039618833e-14
4.1117030071903817e-14
3.6280379838389871e-14
1.9624892058617034e-14
4.0134174132381425e-14
3.2352357929355866e-14
2.5570075345924810e-14
3.3297282117345544e-14
3.0174243433875453e-14
4.0018719194434106e-14
1.8987088206685700e-14
1.6206674384936859e-14
1.4090418738194356e-14
-1.9888330827366325e-14
3.2560044582265050e-15
1.4934121391414596e-15
1.8294701346913113e-14
3.2423933787998164e-14
-1.7570061706629025e-14
2.3340255926608142e-15
1.8225028729286266e-14
-1.1449721413939656e-14
-4.6673148732587525e-16
-1.0314416499152698e-15
-1.4765115749828931e-15
1.2816899849467956e-14
-7.5690331441597188e-15
-1.1665621406131117e-14
4.2341438745233094e-15
