-2.3387468926487361e-02
-2.7952615386850031e-02
-3.3141683773784653e-02
-3.9075918829214226e-02
-4.5859291411268023e-02
-5.3629139432234421e-02
-6.2527011298207855e-02
-7.2709908675114288e-02
-8.4344778100396173e-02
-9.7619176539086541e-02
-1.1273859132995377e-01
-1.2993171255002423e-01
-1.4944774928591570e-01
-1.7156113447555124e-01
-1.9657230024217973e-01
-2.2481522286152406e-01
-2.5665843620709639e-01
-2.9250026693926051e-01
-3.3276287286710116e-01
-3.7790108960535129e-01
-4.2840974802729798e-01
-4.8481737097358479e-01
-5.4768217464769875e-01
-6.1760069760326353e-01
-6.9520932334072139e-01
-7.8117864699055051e-01
-8.7620545614124745e-01
-9.8101528368777735e-01
-1.0963631956881423e+00
-1.2230316492766966e+00
-1.3618256636580852e+00
-1.5135666728049739e+00
-1.6790851861646237e+00
-1.8592130928823454e+00
-2.0547760978471654e+00
-2.2665899885447471e+00
-2.4954541841350508e+00
-2.7421393614246963e+00
-3.0073604761200028e+00
-3.2917702991860267e+00
-3.5959539071790214e+00
-3.9203965379501251e+00
-4.2654762701683335e+00
-4.6314486415054317e+00
-5.0184118665884361e+00
-5.4262922772682787e+00
-5.8548278346040554e+00
-6.3035477704122940e+00
-6.7717469333891334e+00
-7.2584606375791951e+00
-7.7624407195092591e+00
-8.2821323935197988e+00
-8.8156509555345561e+00
-9.3607579125747087e+00
-9.9148359599395572e+00
-1.0474866823405870e+01
-1.1037418362058784e+01
-1.1598635610614025e+01
-1.2154225388996631e+01
-1.2699430145698077e+01
-1.3229032682145558e+01
-1.3737356006714318e+01
-1.4218248156390617e+01
-1.4665095340344189e+01
-1.5070838130592046e+01
-1.5427980987710683e+01
-1.5728607195392684e+01
-1.5964402445019759e+01
-1.6126690119270517e+01
-1.6206469355797516e+01
-1.6194460451572986e+01
-1.6081154166122083e+01
-1.5856869783715972e+01
-1.5511818850225334e+01
-1.5036177327196077e+01
-1.4420156358084567e+01
-1.3654074998298837e+01
-1.2728437608192957e+01
-1.1634034262659458e+01
-1.0362035794641987e+01
-8.9040704169795255e+00
-7.2523334991709358e+00
-5.3996857248579291e+00
-3.3397363787436829e+00
-1.0669446447513766e+00
1.4232802170241041e+00
4.1344875959489862e+00
7.0691023207767483e+00
1.0228347493737028e+01
1.3612169359224493e+01
1.7219171764840354e+01
2.1046556430191018e+01
2.5090076928559427e+01
2.9344002805957739e+01
3.3801099172606456e+01
3.8452613321182739e+01
4.3288267259872178e+01
4.8296263255146343e+01
5.3463325963429696e+01
5.8774739916971058e+01
6.4214402489770762e+01
6.9764898231179060e+01
7.5407574199366749e+01
8.1122641095505472e+01
8.6889292547463285e+01
9.2685817606094318e+01
9.8489730549394906e+01
1.0427791122094392e+02
1.1002675909247628e+02
1.1571235200486056e+02
1.2131061191988120e+02
1.2679747371589548e+02
1.3214905788130312e+02
1.3734184297139254e+02
1.4235283297476647e+02
1.4715972007912731e+02
1.5174104715082390e+02
1.5607637947542190e+02
1.6014645740452704e+02
1.6393332180399250e+02
1.6742046159570819e+02
1.7059293014960193e+02
1.7343744032477676e+02
1.7594246886609793e+02
1.7809833694799369e+02
1.7989726668844420e+02
1.8133342247672087e+02
1.8240293783301183e+02
1.8310393022932752e+02
1.8343649604478784e+02
1.8340269169209495e+02
1.8300649530560577e+02
1.8225375527966614e+02
1.8115211864416713e+02
1.7971094477091196e+02
1.7794120730504756e+02
1.7585539521349432e+02
1.7346740685847823e+02
1.7079240894885260e+02
1.6784670403047687e+02
1.6464760453426169e+02
1.6121327199418803e+02
1.5756257525266514e+02
1.5371495185867221e+02
1.4969025418607100e+02
1.4550859775594162e+02
1.4119021457693100e+02
1.3675531614217141e+02
1.3222396014381320e+02
1.2761592366160021e+02
1.2295058278220610e+02
1.1824680113584037e+02
1.1352282695454419e+02
1.0879619696079236e+02
1.0408364735091409e+02
9.9401035712162468e+01
9.4763289824926929e+01
9.0184360770464863e+01
8.5677170127101903e+01
8.1253585293813885e+01
7.6924396592477024e+01
7.2699304344696046e+01
6.8586928417941564e+01
6.4594807820950379e+01
6.0729409965001572e+01
5.6996158137598954e+01
5.3399464731209839e+01
4.9942770090116333e+01
4.6628583010815476e+01
4.3458526821131436e+01
4.0433388879093137e+01
3.7553175392273779e+01
3.4817169493311368e+01
3.2223992104894236e+01
2.9771656486611143e+01
2.7457620876684889e+01
2.5278844106286535e+01
2.3231861632193738e+01
2.1312835899487428e+01
1.9517602186164471e+01
1.7841738778834213e+01
1.6280611709482240e+01
1.4829414016662692e+01
1.3483219600680115e+01
1.2237029433434675e+01
1.1085812389626213e+01
1.0024535998049341e+01
9.0481986646644188e+00
8.1518576529238711e+00
7.3306565664234196e+00
6.5798469375834934e+00
5.8948078665773416e+00
5.2710603071362723e+00
4.7042846623100756e+00
4.1903378585975455e+00
3.7252653663115662e+00
3.3052968351594005e+00
2.9268437232388389e+00
2.5865186333973855e+00
2.2811269180604259e+00
2.0076578246495513e+00
1.7632955102912542e+00
1.5454141750060806e+00
1.3515664651617900e+00
1.1794749446371759e+00
1.0270282931955057e+00
8.9227849421951588e-01
7.7343319327221882e-01
6.6884865017805817e-01
5.7702029359083717e-01
4.9657611846548178e-01
4.2626938291671773e-01
3.6497321208157690e-01
3.1166858617821114e-01
2.6543084543607387e-01
2.2541763306337959e-01
1.9087925433706482e-01
1.6114604103707617e-01
1.3561258568856513e-01
1.1374669039625361e-01
9.5073764552475376e-02
7.9166051871049484e-02
6.5650782346805395e-02
5.4203939737223900e-02
4.4542494892726693e-02
3.6415994724806056e-02
2.9603424068857458e-02
2.3911250140379797e-02
1.9171418054691150e-02
1.5239968846887704e-02
1.1994077519762468e-02
9.3287573133561813e-03
7.1499367777875184e-03
5.3699381684970760e-03
3.9126300648756416e-03
2.7191475877855892e-03
1.7412704483277070e-03
9.3152027353095095e-04
2.4949414802316383e-04
-3.3540178799063979e-04
-8.5104878352657541e-04
-1.3283915070649340e-03
-1.7969835908720946e-03
-2.2802028415535238e-03
-2.7969170208408949e-03
-3.3673225055091249e-03
-4.0127517194479311e-03
-4.7592476742886513e-03
-5.6342359664423294e-03
-6.6717637938047848e-03
-7.9097416553886198e-03
-9.4015763191880024e-03
-1.1210753798388774e-02
-1.3422892194773788e-02
-1.6116157537548716e-02
-1.9418462477231287e-02
