6.2849562731670694e-14
4.1908969432833214e-13
-4.8156704301920819e-13
7.3800517216089565e-13
-6.5002920407034602e-13
-1.0129353200898331e-12
-2.9397834802520926e-13
1.2929516757330943e-12
-1.0115901979540367e-12
6.8780443178917453e-13
3.7760038718727746e-13
-5.1636633468034219e-14
-6.6271676221887994e-13
6.4477798970874334e-13
6.2834355517965258e-13
5.5029502045190072e-13
6.3120275730713112e-13
1.0012893034627294e-14
-7.0619623157999971e-14
1.2756243331409761e-12
8.8827151416239400e-13
6.2684729300077425e-13
2.4920052475740752e-12
1.4440336081647070e-12
1.3472860810472086e-12
1.1313106463405242e-12
2.0093706009928222e-12
-8.8660037761253727e-13
-3.1796361960242923e-12
-9.3575615508252759e-12
-1.6800779581657787e-11
-3.2723112024088635e-11
-5.6309547513332844e-11
-9.4527363749695727e-11
-1.5084340384732822e-10
-2.3879632663743722e-10
-3.7313405918059445e-10
-5.7214835049908317e-10
-8.6685917852432024e-10
-1.3041117834200506e-09
-1.9428416457451347e-09
-2.8715806950276787e-09
-4.2119820714330231e-09
-6.1429935432392746e-09
-8.9046389930564061e-09
-1.2837874457691778e-08
-1.8412253836995108e-08
-2.6279984603949350e-08
-3.7336423789607816e-08
-5.2816355357194381e-08
-7.4395891348259186e-08
-1.0437753111744485e-07
-1.4587333147904873e-07
-2.0310397244191024e-07
-2.8176486117887103e-07
-3.8951329516132699e-07
-5.3661974548861670e-07
-7.3680930428031407e-07
-1.0083709834518928e-06
-1.3755990760403796e-06
-1.8706644531000696e-06
-2.5360456693191725e-06
-3.4276564825626460e-06
-4.6188829240756877e-06
-6.2057570176660883e-06
-8.3135704858187428e-06
-1.1105327272600618e-05
-1.4792470572494540e-05
-1.9648482136662838e-05
-2.6026081639522421e-05
-3.4378874758760973e-05
-4.5288546689855959e-05
-5.9498911975954429e-05
-7.7958404620646058e-05
-1.0187295015205024e-04
-1.3277154723157969e-04
-1.7258736199597397e-04
-2.2375768978233582e-04
-2.8934679548487736e-04
-3.7319637537141419e-04
-4.8010929854984711e-04
-6.1607323993919554e-04
-7.8853203893814209e-04
-1.0067138604933313e-03
-1.2820268001711168e-03
-1.6285342380145643e-03
-2.0635241148657555e-03
-2.6081884336814089e-03
-3.2884316535278678e-03
-4.1358291034305971e-03
-5.1887594393372413e-03
-6.4937380790778942e-03
-8.1069818311627073e-03
-1.0096238236784327e-02
-1.2542916790279116e-02
-1.5544562732280736e-02
-1.9217717862572103e-02
-2.3701216426982419e-02
-2.9159967622025922e-02
-3.5789279564707385e-02
-4.3819782369221676e-02
-5.3523010381951390e-02
-6.5217705129974407e-02
-7.9276901287504142e-02
-9.6135857414473155e-02
-1.1630089132976724e-01
-1.4035917642785234e-01
-1.6898954967803592e-01
-2.0297437425510370e-01
-2.4321248944048693e-01
-2.9073326720435771e-01
-3.4671177853258861e-01
-4.1248505288719678e-01
-4.8956939077189848e-01
-5.7967866222500786e-01
-6.8474349294116743e-01
-8.0693120462916346e-01
-9.4866633719667182e-01
-1.1126515375312660e+00
-1.3018885533708255e+00
-1.5196990213986368e+00
-1.7697446868378390e+00
-2.0560466382954914e+00
-2.3830030871764749e+00
-2.7554051669404993e+00
-3.1784501750439809e+00
-3.6577516309558846e+00
-4.1993454789788691e+00
-4.8096917264768733e+00
-5.4956707782968977e+00
-6.2645737089413691e+00
-7.1240857071960431e+00
-8.0822619357128840e+00
-9.1474950723953778e+00
-1.0328473843298445e+01
-1.1634131919754624e+01
-1.3073586637142737e+01
-1.4656067100195111e+01
-1.6390831370615370e+01
-1.8287072587386085e+01
-2.0353814048117101e+01
-2.2599793479955764e+01
-2.5033336949610124e+01
-2.7662223101193781e+01
-3.0493538665012167e+01
-3.3533526445967709e+01
-3.6787427272513369e+01
-4.0259317660468867e+01
-4.3951945214725548e+01
-4.7866564049251252e+01
-5.2002772744904718e+01
-5.6358357578091343e+01
-6.0929143933902132e+01
-6.5708858957607788e+01
-7.0689008591226155e+01
-7.5858772180731208e+01
-8.1204917818401668e+01
-8.6711741498696910e+01
-9.2361033011492907e+01
-9.8132071270297530e+01
-1.0400165147509352e+02
-1.0994414613966075e+02
-1.1593160157480924e+02
-1.2193387091576584e+02
-1.2791878422084086e+02
-1.3385235555723523e+02
-1.3969902633874145e+02
-1.4542194350066302e+02
-1.5098327040272372e+02
-1.5634452765533857e+02
-1.6146696038374057e+02
-1.6631192779370386e+02
-1.7084131029813634e+02
-1.7501792892125221e+02
-1.7880597123138196e+02
-1.8217141767881677e+02
-1.8508246194360413e+02
-1.8750991874069135e+02
-1.8942761249408986e+02
-1.9081274038367371e+02
-1.9164620349048528e+02
-1.9191290011856367e+02
-1.9160197585011429e+02
-1.9070702548961927e+02
-1.8922624276149187e+02
-1.8716251443279992e+02
-1.8452345642198506e+02
-1.8132139040888853e+02
-1.7757326046149564e+02
-1.7330049021946178e+02
-1.6852878220207523e+02
-1.6328786181658921e+02
-1.5761116960983242e+02
-1.5153550621043297e+02
-1.4510063523115014e+02
-1.3834885012243268e+02
-1.3132451157402417e+02
-1.2407356253800263e+02
-1.1664302828443566e+02
-1.0908050909323613e+02
-1.0143367322964184e+02
-9.3749757746868355e+01
-8.6075084411409748e+01
-7.8454597661856624e+01
-7.0931431001357836e+01
-6.3546507600042261e+01
-5.6338180162725649e+01
-4.9341914316541100e+01
-4.2590018911862991e+01
-3.6111425728074977e+01
-2.9931520153774958e+01
-2.4072023489245154e+01
-1.8550926616989006e+01
-1.3382473922510920e+01
-8.5771955390711287e+00
-4.1419852520221401e+00
-8.0220743206237302e-02
3.6080777058860569e+00
6.9260543944007820e+00
9.8797959630397632e+00
1.2478084679700288e+01
1.4732132333169004e+01
1.6655299852718016e+01
1.8262807706245024e+01
1.9571441972236961e+01
2.0599260739795636e+01
2.1365305176947693e+01
2.1889319231650614e+01
2.2191481504389902e+01
2.2292152368428120e+01
2.2211638926147941e+01
2.1969979889406009e+01
2.1586751970096394e+01
2.1080898874779660e+01
2.0470583523896661e+01
1.9773063670175880e+01
1.9004590679501458e+01
1.8180330866433891e+01
1.7314308449917387e+01
1.6419368915676184e+01
1.5507161341548134e+01
1.4588138061108314e+01
1.3671569908315618e+01
1.2765575199764800e+01
1.1877160568583559e+01
1.1012271761546680e+01
1.0175852544613008e+01
9.3719099271680211e+00
8.6035840071240468e+00
7.8732208529290988e+00
7.1824469694226520e+00
6.5322440379134949e+00
5.9230227722725548e+00
5.3546948881385781e+00
4.8267423378755652e+00
4.3382831164131206e+00
3.8881330896224138e+00
3.4748634352934893e+00
3.0968534151096856e+00
2.7523383128708780e+00
2.4394524787265022e+00
2.1562675107738225e+00
1.9008256838447448e+00
1.6711688008459753e+00
1.4653626950514309e+00
1.2815176528868233e+00
1.1178050568641966e+00
9.7247056834404721e-01
8.4384418085965907e-01
7.3034747775867936e-01
6.3049842429324343e-01
5.4291401487566560e-01
4.6631108214483430e-01
3.9950555699499407e-01
3.4141044832408984e-01
2.9103278916784986e-01
2.4746977274373949e-01
2.0990427826505159e-01
1.7759996297503736e-01
1.4989607398527913e-01
1.2620211166971898e-01
1.0599245572608616e-01
8.8801045973867440e-02
7.4216192433844641e-02
6.1875573426955502e-02
5.1461466434068244e-02
4.2696244043927155e-02
3.5338156665048623e-02
2.9177414505922747e-02
2.4032573777513722e-02
1.9747225648001177e-02
1.6186981552596277e-02
1.3236744411951941e-02
1.0798252397623732e-02
8.7878796774567437e-03
7.1346772324268216e-03
5.7786359773463530e-03
4.6691541492989161e-03
3.7636910273098493e-03
3.0265894908306839e-03
2.4280505801209063e-03
1.9432441366634932e-03
1.5515405410286005e-03
1.2358496567482261e-03
9.8205420468245696e-04
7.7852590453395443e-04
6.1571379048371683e-04
4.8579522812481507e-04
3.8238111917348542e-04
3.0026774241655445e-04
2.3522858999554060e-04
1.8384033588819389e-04
1.4333781819304500e-04
1.1149361753007612e-04
8.6518371798271790e-05
6.6978529321069216e-05
5.1728699670181462e-05
3.9856198302943848e-05
3.0635725779371322e-05
2.3492433052985373e-05
1.7971933822337051e-05
1.3716019058955640e-05
1.0443042459932486e-05
7.9321518384507681e-06
6.0106204296752267e-06
4.5437105435415395e-06
3.4266078048920031e-06
2.5779802658616744e-06
1.9348837313724690e-06
1.4487345221131940e-06
1.0821334271882607e-06
8.0635971669275522e-07
5.9942007618795588e-07
4.4451501160864396e-07
3.2884702731333088e-07
2.4268821276885719e-07
1.7867107205448740e-07
1.3122156839834883e-07
9.6137953635760284e-08
7.0264130590561358e-08
5.1226859608344314e-08
3.7256658577523730e-08
2.7030864052108483e-08
1.9562462949905822e-08
1.4122468560649387e-08
1.0171174110101051e-08
7.3060395621118593e-09
5.2344681228035723e-09
3.7409736491940962e-09
2.6687828808734398e-09
1.8978021538443608e-09
1.3457357581512797e-09
9.5260612869092279e-10
6.7202086263927249e-10
4.7342223554511568e-10
3.3235914597873897e-10
2.3247706832396647e-10
1.6266346853593267e-10
1.1405114258629697e-10
7.8754002307581368e-11
5.4977542296108787e-11
3.7762293343041286e-11
2.5875538245476178e-11
1.7157051247986608e-11
1.2267630666399651e-11
7.9288510001472441e-12
5.2413139393884734e-12
4.2809292050026902e-12
3.0477016919780418e-12
8.9335508960651927e-13
2.1643932573722865e-12
2.4432558568315848e-13
4.2601832349386524e-13
-3.8066427562192978e-14
1.0733344890845117e-12
-1.1677577101090055e-12
7.4643044652839914e-13
-2.8096030189716031e-13
-2.6635264170942261e-13
-1.3507993170248913e-13
2.3472544080273811e-13
-2.1477119289746399e-13
3.3612466930139550e-13
5.9780642747960133e-13
7.3869765818586863e-13
1.9405770679830015e-13
9.0733632952247982e-14
-1.9154053042931656e-13
-5.7393417395011802e-13
9.8235835299543390e-14
7.9783190897820691e-14
-5.0789154403335980e-13
1.3789728932187323e-12
-7.6314885957038303e-14
-1.9899655709058796e-13
6.9779155768540543e-13
6.0687633553945133e-13
9.1191768455013772e-13
5.7228203661054681e-13
5.4343775011325454e-13
-3.8686953042195982e-13
3.8747206918738750e-13
8.9657867387792954e-13
-3.9896966060929289e-13
-1.8470642517958469e-13
-4.9844608789017806e-16
2.5312950026951524e-13
-1.5353208429927104e-13
8.5945764523449820e-13
1.3086522843846352e-14
-3.3472894272787818e-13
1.3269391744883680e-13
-6.6913345574663926e-13
-1.0829256645313119e-12
4.1716871949540469e-13
1.0032616339501633e-13
3.7530253101615629e-15
-5.1630674850709066e-14
-2.9791937751117366e-14
-9.6434655413743490e-13
5.7361765284260606e-13
-5.2067348475748837e-13
3.7322919732640156e-13
-3.4624355995641442e-14
5.9720686892131034e-13
3.9877196567237558e-13
9.6032082525637708e-13
-1.0779839536145019e-12
-1.1924551345431795e-12
-3.4263284981407520e-14
1.2500211564196964e-12
5.7289708151596956e-14
-3.2971288787475009e-13
2.2544737263686312e-13
5.8253105383016859e-13
-5.8854029973884438e-13
1.5065827074947494e-13
-5.8383541812498997e-13
-4.4919777617748148e-13
-9.1351491719196510e-14
-8.0541505391167462e-14
-8.9857622328337943e-13
1.1451562267478472e-12
8.6158907064372059e-13
-1.0509430993146065e-12
-1.9698007457154725e-13
6.7808140431302753e-13
-8.9963760209949114e-13
-5.9141702567914882e-13
6.0122323595438666e-13
1.1025396633134612e-13
9.0041202899714064e-13
3.7924065190391640e-13
-4.5168835862864003e-14
-2.3751383329671848e-13
1.0849152678722809e-12
2.2715526664987497e-13
-1.9627498344670303e-14
5.8795848558280475e-13
3.8020629214979970e-13
5.4961030656294215e-13
3.2845215612758435e-13
-1.0647047429734450e-12
2.7260994732242938e-14
7.1676563322912119e-14
7.6593312311761716e-13
-1.9309155377591362e-13
8.0830937110340402e-13
5.5338621452223250e-13
-3.9556248596848050e-13
-6.1482713726098134e-13
3.1631106968351902e-13
-9.0003523764519145e-13
8.5606268668048136e-14
-8.6852478520833302e-13
2.4611690567911663e-13
1.2157992976637373e-13
9.5901290362991332e-13
-5.9428225938354409e-13
-3.7721627283388267e-13
9.8999509900230388e-13
1.9149977045143540e-13
-4.7258616845634242e-13
6.5331633914380608e-13
1.8012315204809132e-13
-3.4527776218212762e-13
-5.0577509311797897e-13
2.9752183543567892e-13
-1.1320047535255524e-12
3.1797159422931312e-13
9.3265612990238119e-13
-9.3578410840075948e-13
2.1187705473198342e-13
3.1083149608363443e-13
-4.4415850531541757e-13
-6.6918763120088771e-13
5.9345784751799093e-14
-8.5870586610544962e-15
-3.3896177206205194e-13
1.0007141650507787e-13
-3.8865789169536088e-13
-1.8819102534877059e-13
2.8513544227539448e-13
6.8747057397099017e-13
-3.8935848251175255e-13
6.3075067397688976e-13
-2.0838750638487435e-14
6.5849426271356112e-13
-6.5143468924078460e-13
6.9740404737288988e-13
-1.4549223909313350e-13
6.0786612562980393e-13
