-1.0556283348698658e-13
-1.3655171374052446e-12
-9.8002236718248916e-13
1.7940980516456167e-12
5.8439484699133264e-13
-4.3157696378116512e-13
1.8534591944627205e-12
-6.0710340049216767e-13
5.3117514390125842e-13
-6.6035639258682549e-13
1.4955591042004591e-12
-3.2298241598551291e-14
-3.9993505103536348e-13
6.9202300106870799e-13
7.0324896610621097e-13
2.6409350459768774e-13
5.6127871907921008e-13
-3.7585929525947504e-13
-6.7563626770906823e-13
7.4495841489066464e-13
6.8441160214028654e-13
-1.0472839337135686e-12
-1.2005211865908811e-12
-1.7432781546239555e-12
-2.8846364464708041e-12
5.7978281358690178e-13
1.2864552971219249e-12
-1.0391572426211552e-12
3.9746137241266663e-13
-9.1415681743754729e-13
4.5877925972610360e-13
2.0505981327743930e-12
-9.7213557698736019e-13
-1.1518458471109962e-12
-4.9338040211499540e-13
5.2045503475574405e-13
8.8261224441987059e-13
1.8741019169315892e-12
-1.1669315219288763e-12
-2.0244862232166033e-12
-1.6728392579772799e-13
7.0272760667577992e-13
-1.5998957304204010e-13
2.0828340383339562e-13
2.8831989320155569e-13
1.4656576974227133e-12
-1.8676910713529497e-12
2.8320110494583909e-12
-1.1656884244674950e-12
-2.1656697686838293e-12
4.7828325672416745e-14
8.8056172773512825e-13
1.8634745969565345e-12
2.7643029620470656e-12
1.8681166709486107e-12
-1.5206134951853491e-12
1.1904615859231614e-12
-1.9817298333704411e-12
-2.2968011023389678e-12
5.9862053943116697e-13
1.1544861072180950e-12
-2.6424874720239525e-12
5.7546835545766072e-14
-8.7402601619954407e-13
5.9832429051885458e-13
-2.2123896635473414e-12
-7.2346993625414537e-14
3.7098471956447185e-13
2.4131560906968260e-12
-3.1268384457218359e-13
-2.6847629461921922e-14
-1.0897550490703875e-12
-1.0686807098545635e-13
-2.6949399004560901e-12
-1.0866487690800827e-12
-3.1210330922269653e-13
-2.6715464122287084e-12
-3.4834894492282270e-12
-3.6211279730011172e-12
-4.1351322443898350e-12
-6.3678482048350225e-12
-1.0617274663248070e-11
-1.1785300728426375e-11
-1.8969202376307539e-11
-2.2532160579199718e-11
-3.3000242865251600e-11
-4.9994432827707319e-11
-7.2778572126351641e-11
-1.0299423840359293e-10
-1.4361926620521720e-10
-2.0146504965800939e-10
-2.8641897852200566e-10
-4.0104128518262057e-10
-5.6179363925389939e-10
-7.8317863164892487e-10
-1.0906127604051064e-09
-1.5173736697655666e-09
-2.0985313777536431e-09
-2.9007668667929608e-09
-3.9964549873590194e-09
-5.4968670065233607e-09
-7.5337802189398594e-09
-1.0307682816080764e-08
-1.4057016115000674e-08
-1.9124473275445673e-08
-2.5945403327279328e-08
-3.5111715247709408e-08
-4.7388957503274927e-08
-6.3782394348936925e-08
-8.5619775345396689e-08
-1.1462542276760755e-07
-1.5303717095148405e-07
-2.0376788625998148e-07
-2.7056958352266855e-07
-3.5827808873123036e-07
-4.7309038024327116e-07
-6.2295462438273548e-07
-8.1796693496334154e-07
-1.0709597301838153e-06
-1.3981656106307045e-06
-1.8200289655437450e-06
-2.3622116924261178e-06
-3.0567836594966910e-06
-3.9436577097437625e-06
-5.0723125952611341e-06
-6.5037587262334727e-06
-8.3129208590451782e-06
-1.0591315832020939e-05
-1.3450181288357303e-05
-1.7023922219890964e-05
-2.1474020215773840e-05
-2.6993210622956044e-05
-3.3809972348877740e-05
-4.2193066837055897e-05
-5.2456008499195617e-05
-6.4961039785602781e-05
-8.0122225813346879e-05
-9.8406922750038562e-05
-1.2033481466992210e-04
-1.4647327599739008e-04
-1.7742754574585258e-04
-2.1382366289831244e-04
-2.5628159234714380e-04
-3.0537526128439769e-04
-3.6157533984070266e-04
-4.2516958955154553e-04
-4.9615441052176345e-04
-5.7408963186951403e-04
-6.5790698479895645e-04
-7.4566050529017622e-04
-8.3420486417261515e-04
-9.1878467021036948e-04
-9.9251480318723819e-04
-1.0457279956961362e-03
-1.0651618342719684e-03
-1.0329526956725991e-03
-9.2539888217025809e-04
-7.1144947795290453e-04
-3.5086914715739371e-04
2.0797776338726652e-04
1.0307879026736399e-03
2.2004961282669953e-03
3.8210493755058941e-03
6.0218656319164145e-03
8.9630750577003766e-03
1.2841648726959332e-02
1.7898528728628956e-02
2.4426880687526457e-02
3.2781596592812011e-02
4.3390180944973843e-02
5.6765156858131910e-02
7.3518129985688477e-02
9.4375646621881304e-02
1.2019697756952819e-01
1.5199395039217153e-01
1.9095293938812330e-01
2.3845910375101237e-01
2.9612293993450023e-01
3.6580918301987286e-01
4.4966805367708118e-01
5.5016880151249081e-01
6.7013544191965391e-01
8.1278452139843271e-01
9.8176467619757579e-01
1.1811976705559926e+00
1.4157205147219298e+00
1.6905281693382306e+00
2.0114162432992475e+00
2.3848229875666469e+00
2.8178697795554113e+00
3.3183991834920978e+00
3.8950095640558029e+00
4.5570851261739582e+00
5.3148201564827797e+00
6.1792361546110310e+00
7.1621904692720859e+00
8.2763749986306259e+00
9.5353034808699793e+00
1.0953285892981372e+01
1.2545388498098756e+01
1.4327378137249140e+01
1.6315649454359701e+01
1.8527133876082228e+01
2.0979189343463279e+01
2.3689470011604147e+01
2.6675775397616899e+01
2.9955878765236747e+01
3.3547334885677230e+01
3.7467267704952953e+01
4.1732138874665317e+01
4.6357498559703373e+01
5.1357720416098807e+01
5.6745723126646972e+01
6.2532681381096346e+01
6.8727729681347284e+01
7.5337662827514549e+01
8.2366637386182447e+01
8.9815878843740492e+01
9.7683399492511342e+01
1.0596373237217999e+02
1.1464768678087653e+02
1.2372213096781307e+02
1.3316980761208816e+02
1.4296918757097689e+02
1.5309436714028953e+02
1.6351501370370499e+02
1.7419636415708598e+02
1.8509927987887610e+02
1.9618036128354331e+02
2.0739212415016604e+02
2.1868323897374012e+02
2.2999883355747554e+02
2.4128085796797734e+02
2.5246850983195827e+02
2.6349871678598385e+02
2.7430667172423790e+02
2.8482641534922323e+02
2.9499145944369684e+02
3.0473544327493107e+02
3.1399281464113949e+02
3.2269952629877588e+02
3.3079373789046952e+02
3.3821651304668552e+02
3.4491250107515600e+02
3.5083059259308993e+02
3.5592453860556645e+02
3.6015352289197097e+02
3.6348267812866646e+02
3.6588353694270785e+02
3.6733441004618220e+02
3.6782068472605880e+02
3.6733503823899395e+02
3.6587756205838934e+02
3.6345579441347155e+02
3.6008466011553685e+02
3.5578631825142099e+02
3.5058991990452171e+02
3.4453127960483306e+02
3.3765246567802365e+02
3.3000131602789952e+02
3.2163088711723083e+02
3.1259884498329649e+02
3.0296680801461082e+02
2.9279965190657964e+02
2.8216478769426533e+02
2.7113142402250753e+02
2.5976982485533523e+02
2.4815057365175363e+02
2.3634385465142384e+02
2.2441876133521362e+02
2.1244264136921666e+02
2.0048048642826905e+02
1.8859437425011043e+02
1.7684296912135770e+02
1.6528108576942239e+02
1.5395932035954837e+02
1.4292375100262015e+02
1.3221570889554479e+02
1.2187161996903583e+02
1.1192291573224597e+02
1.0239601090260658e+02
9.3312344411244638e+01
8.4688479495729055e+01
7.6536257844686901e+01
6.8863002151383654e+01
6.1671760970636527e+01
5.4961589456150982e+01
4.8727859381271799e+01
4.2962591809462637e+01
3.7654805873139914e+01
3.2790877329730712e+01
2.8354900879194940e+01
2.4329050633139701e+01
2.0693933606712395e+01
1.7428931644448696e+01
1.4512527774129261e+01
1.1922613592517649e+01
9.6367749083326082e+00
7.6325534870555121e+00
5.8876833458485356e+00
4.3803006241641036e+00
3.0891265961248373e+00
1.9936238872654748e+00
1.0741264039326264e+00
3.1194387445156080e-01
-3.1055776560811815e-01
-8.0989863722796951e-01
-1.2014481077928463e+00
-1.4994070242946154e+00
-1.7168070013554919e+00
-1.8655247195339690e+00
-1.9563091788552862e+00
-1.9988198823654606e+00
-2.0016739893621649e+00
-1.9725005720801760e+00
-1.9180002277281039e+00
-1.8440084340518308e+00
-1.7555611861422893e+00
-1.6569616099894307e+00
-1.5518464099347824e+00
-1.4432511687910154e+00
-1.3336736774901445e+00
-1.2251346229511504e+00
-1.1192351059137287e+00
-1.0172105931473161e+00
-9.1998102923497416e-01
-8.2819694135195110e-01
-7.4228146560497310e-01
-6.6246830537947832e-01
-5.8883570133621155e-01
-5.2133654936891105e-01
-4.5982484785068045e-01
-4.0407868985723633e-01
-3.5382004043216492e-01
-3.0873155482628339e-01
-2.6847070173673249e-01
-2.3268145711565830e-01
-2.0100383038894290e-01
-1.7308147638973614e-01
-1.4856763469624026e-01
-1.2712962341226411e-01
-1.0845209814693467e-01
-9.2239269446101169e-02
-7.8216253788854939e-02
-6.6129715040831205e-02
-5.5747935451125552e-02
-4.6860437975654347e-02
-3.9277265428743525e-02
-3.2828006723567657e-02
-2.7360646412055670e-02
-2.2740301019834316e-02
-1.8847894154127860e-02
-1.5578812333507240e-02
-1.2841574453543064e-02
-1.0556540235277172e-02
-8.6546763234214008e-03
-7.0763932754009879e-03
-5.7704619642761469e-03
-4.6930142440005061e-03
-3.8066296571226837e-03
-3.0795076404898820e-03
-2.4847228541714276e-03
-1.9995599120989820e-03
-1.6049228997732465e-03
-1.2848144672999095e-03
-1.0258788754794902e-03
-8.1700339256744108e-04
-6.4897230753271191e-04
-5.1416818683284364e-04
-4.0631506965973726e-04
-3.2025882067495017e-04
-2.5178001355410711e-04
-1.9743525415914274e-04
-1.5442320710774477e-04
-1.2047191545526012e-04
-9.3744356521349297e-05
-7.2759734634837838e-05
-5.6327962395992636e-05
-4.3495481497509347e-05
-3.3500507054257408e-05
-2.5736264404756816e-05
-1.9720873494155622e-05
-1.5072759184120343e-05
-1.1490645026324152e-05
-8.7373648402669144e-06
-6.6267317577037610e-06
-5.0130247633138615e-06
-3.7825151067374567e-06
-2.8466853146343223e-06
-2.1368508428558150e-06
-1.5998646695132920e-06
-1.1947139394654753e-06
-8.8984262920780131e-07
-6.6103981933006738e-07
-4.8978589545418302e-07
-3.6194404739565532e-07
-2.6676854199893015e-07
-1.9610029373841918e-07
-1.4377061880892540e-07
-1.0512209224248513e-07
-7.6659322545479400e-08
-5.5749779433058940e-08
-4.0436828649959825e-08
-2.9250237302960034e-08
-2.1099158965964297e-08
-1.5180738897696216e-08
-1.0886870605837035e-08
-7.7877033245309374e-09
-5.5540286306990859e-09
-3.9524689496974614e-09
-2.8016036004745091e-09
-1.9810185293181886e-09
-1.3976825625639666e-09
-9.8319521518897371e-10
-6.8743323686461452e-10
-4.8222550245489412e-10
-3.3508495131172582e-10
-2.3229102292851465e-10
-1.6194885210570376e-10
-1.1193022127882702e-10
-7.6304316869551538e-11
-5.3536109285530759e-11
-3.8159232224046467e-11
-2.3309708086873640e-11
-1.6042883418487562e-11
-1.2932193201920613e-11
-5.1254172863266748e-12
-4.9388608753370126e-12
-3.7340839414337257e-12
-3.1093638606579150e-12
-1.7775410001894998e-12
8.3716669534092425e-13
-1.8877663220263916e-12
-2.2272871967245929e-12
-2.6084513758641464e-13
-4.7951896890820705e-13
5.3086677076069592e-13
1.7283318432724933e-13
-1.5374993103898726e-12
2.2569566848544879e-14
7.1735053449677546e-13
3.4832237285066668e-13
5.7029510573520569e-13
-5.1183172121730300e-13
-8.4314019203737625e-13
7.3022882210627590e-14
-6.8412120525436485e-13
1.8134212688469997e-12
4.4302595562471282e-13
2.4593378792157725e-14
-1.4862603572443145e-12
8.2695270233757946e-13
-4.2401923054109718e-13
-2.4884269010555551e-12
-3.5232720920498171e-12
-4.9585410245257375e-13
-1.0084961407239958e-12
2.3536673074561962e-13
9.9730441628668050e-13
2.6156595378162111e-12
5.9548463925971139e-13
3.5149824629678400e-13
-1.1406880373421821e-12
-1.6258814211065153e-12
-1.5349722730228100e-13
-3.1916326908843890e-12
-8.6994794360576201e-14
7.1197647352779284e-13
6.3860997353386722e-13
-1.4657976092914838e-12
1.6799966859664933e-13
1.7688935158622601e-12
-2.0944640126789649e-12
-2.2579255528957599e-12
4.0926243429963625e-13
-6.6304308229216066e-13
1.7581196559535343e-12
1.1117629100309757e-12
6.1118659670936889e-13
-1.0673228915828805e-12
9.4629994171232587e-13
-7.8246485737495388e-13
1.6510869645574192e-12
8.8399402761886175e-13
-1.6505641526980844e-12
-1.3275683586472266e-12
1.4264392467918736e-12
-3.6866353320488354e-15
1.9106328258124857e-13
-1.4506980570292814e-12
4.6546151283488646e-13
-1.4637248361757500e-12
-1.3548084793790652e-12
-9.7146978831806464e-13
1.6690131014490447e-12
1.4324188962251159e-12
2.3502088978275766e-12
-8.1645593767266869e-14
-1.3920458029799126e-12
9.0803277049452846e-13
-8.5858360634520627e-13
-1.3215117494531772e-12
-9.4375970677916016e-13
-3.1470623388724397e-13
1.4994704624910172e-13
-7.6862928680868423e-13
1.7591439331200053e-12
-7.1680857668635080e-13
1.9709035607001540e-12
1.5987548275186755e-12
-4.0106719663102461e-13
-2.7278414533468077e-12
