-1.7088992589107842e-14
8.5570870500445084e-15
1.7139279799626181e-14
8.5821546227311232e-15
1.7189261996201014e-14
-1.7214137611320113e-14
0.0000000000000000e+00
8.6318278385280858e-15
-4.3220743127783449e-15
8.6564299682285656e-15
8.6686716485636028e-15
-4.3404367245285899e-15
4.3465175763432817e-15
8.7051565429173207e-15
1.7434474807419407e-14
1.3093916279287562e-14
2.6223830025996355e-14
4.8142790611374522e-14
4.3825756246860668e-14
3.0719591840480270e-14
4.6141511933848004e-14
4.2903171501816039e-14
3.1944948092511775e-14
4.4120529663168736e-14
3.9760963786099630e-14
3.5389562625799006e-14
4.5402213570916585e-14
3.2709980021917822e-14
3.3862602557526194e-14
1.5007682470093650e-14
5.0089752565078981e-14
2.7305875414217959e-14
4.9659325588907746e-14
7.0951642968658876e-14
6.5446987518283364e-14
8.6531550498443199e-14
1.0682682555101915e-13
8.8149829299903365e-14
1.0568498530178609e-13
1.3029783362653364e-13
1.5891438240241616e-13
2.3245363790875921e-13
3.3893198536216861e-13
4.5640895049486824e-13
6.7042279423878123e-13
9.6600694803234341e-13
1.4166611029690392e-12
2.0456520115665067e-12
2.9605442111381499e-12
4.3103995811143337e-12
6.2130205079930761e-12
8.9488529207347755e-12
1.2900178471969613e-11
1.8464700105665647e-11
2.6417609450747648e-11
3.7746219825189635e-11
5.3768195935721524e-11
7.6418358317641984e-11
1.0842226958155080e-10
1.5347088535586042e-10
2.1680447967482030e-10
3.0559705480597509e-10
4.2990701026795946e-10
6.0345549939448209e-10
8.4532105919412435e-10
1.1816413525091170e-09
1.6482833638294662e-09
2.2943825801374125e-09
3.1870558518510700e-09
4.4176907888078345e-09
6.1107823264356056e-09
8.4350020337669880e-09
1.1618844856115084e-08
1.5970897663470923e-08
2.1907070580587707e-08
2.9986638904402065e-08
4.0960087119651724e-08
5.5831820625571169e-08
7.5943746589323623e-08
1.0308398494034966e-07
1.3963008095354653e-07
1.8873639014179971e-07
2.5457810259983733e-07
3.4266926504456925e-07
4.6027574799567947e-07
6.1694971159360343e-07
8.2522096634057086e-07
1.1014873781319300e-06
1.4671602580620339e-06
1.9501336467952683e-06
2.5866636726419066e-06
3.4237680795938816e-06
4.5222804355818525e-06
5.9607295008388212e-06
7.8402537998234388e-06
1.0290810974600704e-05
1.3479005754998497e-05
1.7617930539934913e-05
2.2979506867602084e-05
2.9909922819581870e-05
3.8848893851791816e-05
5.0353631608568795e-05
6.5128596113983253e-05
8.4062327695870814e-05
1.0827292840670242e-04
1.3916407305017894e-04
1.7849380846848031e-04
2.2845883486836423e-04
2.9179747929264507e-04
3.7191516803423817e-04
4.7303690284790145e-04
6.0039204710195194e-04
7.6043765854503728e-04
9.6112766406348258e-04
1.2122363878827183e-03
1.5257463205584001e-03
1.9163115762894094e-03
2.4018102377253788e-03
3.0040007509713083e-03
3.7492997148012206e-03
4.6697008254620864e-03
5.8038573920528849e-03
7.1983537382376188e-03
8.9091939491763635e-03
1.1003539804568916e-02
1.3561733345189855e-02
1.6679643330982617e-02
2.0471378829857081e-02
2.5072417288263347e-02
3.0643198618240351e-02
3.7373241022570940e-02
4.5485838381596921e-02
5.5243402938128079e-02
6.6953520616551354e-02
8.0975789455953837e-02
9.7729514156941533e-02
1.1770233145538168e-01
1.4145984173203247e-01
1.6965632172084871e-01
2.0304659113778525e-01
2.4249910226034960e-01
2.8901031565893431e-01
3.4372041713648671e-01
4.0793042017540088e-01
4.8312068453706714e-01
5.7097086482877490e-01
6.7338128259063001e-01
7.9249569152861499e-01
9.3072537774611941e-01
1.0907745050675666e+00
1.2756665797370885e+00
1.4887718689248581e+00
1.7338355636881064e+00
2.0150064295273005e+00
2.3368656367832998e+00
2.7044554093066613e+00
3.1233070737066515e+00
3.5994680338174172e+00
4.1395271367263202e+00
4.7506378388755923e+00
5.4405385246171631e+00
6.2175692765695301e+00
7.0906843487317710e+00
8.0694595512222289e+00
9.1640937214965170e+00
1.0385403432808401e+01
1.1744810078395455e+01
1.3254318471286496e+01
1.4926486116583339e+01
1.6774382347312258e+01
1.8811536568060784e+01
2.1051874923999016e+01
2.3509644807637017e+01
2.6199326732565115e+01
2.9135533242842904e+01
3.2332894688568850e+01
3.5805931881896683e+01
3.9568915852236209e+01
4.3635715142868790e+01
4.8019631331389100e+01
5.2733223710306241e+01
5.7788124328225926e+01
6.3194844862122842e+01
6.8962577062570219e+01
7.5098988781190769e+01
8.1610017847375318e+01
8.8499666303492859e+01
9.5769797728186361e+01
1.0341994056961720e+02
1.1144710056844872e+02
1.1984558546791331e+02
1.2860684527983312e+02
1.3771933139582862e+02
1.4716837779774420e+02
1.5693610752697984e+02
1.6700136741640418e+02
1.7733969386944875e+02
1.8792331218871507e+02
1.9872117161219970e+02
2.0969901781171237e+02
2.2081950414931927e+02
2.3204234247924069e+02
2.4332449373150536e+02
2.5462039792806868e+02
2.6588224267150224e+02
2.7706026852123682e+02
2.8810310904403354e+02
2.9895816270581491e+02
3.0957199317353383e+02
3.1989075403079966e+02
3.2986063339173916e+02
3.3942831343577905e+02
3.4854143949263545e+02
3.5714909299167226e+02
3.6520226236148903e+02
3.7265430583108514e+02
3.7946140004841203e+02
3.8558296849877706e+02
3.9098208387556014e+02
3.9562583882801914e+02
3.9948567988239137e+02
4.0253769979770505e+02
4.0476288416928503e+02
4.0614730872152705e+02
4.0668228442608034e+02
4.0636444832954942e+02
4.0519579876243148e+02
4.0318367441357765e+02
4.0034067757673205e+02
3.9668454269220808e+02
3.9223795210214786e+02
3.8702830169722915e+02
3.8108741984209678e+02
3.7445124361330869e+02
3.6715945695573453e+02
3.5925509585133187e+02
3.5078412599014183e+02
3.4179499873129373e+02
3.3233819133805792e+02
3.2246573756393798e+02
3.1223075465706768e+02
3.0168697274045650e+02
2.9088827232062977e+02
2.7988823538344457e+02
2.6873971516151767e+02
2.5749442921232833e+02
2.4620257994036223e+02
2.3491250614221124e+02
2.2367036856243979e+02
2.1251987183268474e+02
2.0150202453922512e+02
1.9065493853721804e+02
1.8001366801446457e+02
1.6961008821466186e+02
1.5947281316935855e+02
1.4962715126782834e+02
1.4009509702210354e+02
1.3089535696636642e+02
1.2204340727025387e+02
1.1355158034740842e+02
1.0542917750539263e+02
9.7682604511091640e+01
9.0315526835873285e+01
8.3329041294807666e+01
7.6721860800843515e+01
7.0490509013792320e+01
6.4629521770320480e+01
5.9131652329350132e+01
5.3988077651379719e+01
4.9188603144043007e+01
4.4721863543442986e+01
4.0575517855183740e+01
3.6736436544521723e+01
3.3190879435923073e+01
2.9924663053193431e+01
2.6923316397383495e+01
2.4172224416546083e+01
2.1656758665410187e+01
1.9362394881023594e+01
1.7274817409922729e+01
1.5380010611532818e+01
1.3664337530016498e+01
1.2114606271951134e+01
1.0718124649829258e+01
9.4627437517117841e+00
8.3368911760968789e+00
7.3295947292276251e+00
6.4304974209715553e+00
5.6298646166005470e+00
4.9185842070047876e+00
4.2881606509012355e+00
3.7307037213356518e+00
3.2389127571138370e+00
2.8060571795954612e+00
2.4259539883339047e+00
2.0929428970449342e+00
1.8018597159055130e+00
1.5480085286613849e+00
1.3271331547363709e+00
1.1353883286133564e+00
9.6931097216189888e-01
8.2579188111961255e-01
7.0204809524606293e-01
5.9559617326249814e-01
5.0422654893125596e-01
4.2597910376265069e-01
3.5912005499221067e-01
3.0212022468455041e-01
2.5363472704046292e-01
2.1248408609446451e-01
1.7763677481340970e-01
1.4819314892696145e-01
1.2337073438177762e-01
1.0249081584486806e-01
8.4966264897641322e-02
7.0290540171276061e-02
5.8027787389930231e-02
4.7803964827470007e-02
3.9298918779500987e-02
3.2239334056401031e-02
2.6392485975084406e-02
2.1560722662669913e-02
1.7576609485469370e-02
1.4298670914273302e-02
1.1607668983617767e-02
9.4033615664586932e-03
7.6016878597932637e-03
6.1323326693116164e-03
4.9366252162288083e-03
3.9657322091272759e-03
3.1791087810730634e-03
2.5431745528520159e-03
2.0301855240317337e-03
1.6172756987849813e-03
1.2856453153534423e-03
1.0198752654474283e-03
8.0734976532570804e-04
6.3777158247390166e-04
5.0275613838540116e-04
3.9549261293500391e-04
3.1046178281523635e-04
2.4320174950132384e-04
1.9011396480832522e-04
1.4830306274794090e-04
1.1544496537942554e-04
8.9678565426104393e-05
6.9517009844019323e-05
5.3775231789144586e-05
4.1510912076255194e-05
3.1976508171999970e-05
2.4580379017220446e-05
1.8855362659763346e-05
1.4433444314346700e-05
1.1025387167410777e-05
8.4043957259070291e-06
6.3930472185101895e-06
4.8528638907594106e-06
3.6760133723384014e-06
2.7787202976007810e-06
2.0960486652684846e-06
1.5777807770077588e-06
1.1851702478488207e-06
8.8838983532118792e-07
6.6453093114975174e-07
4.9603874404648552e-07
3.6949180691277540e-07
2.7465196465407574e-07
2.0372742082995501e-07
1.5080127493250735e-07
1.1139078341787729e-07
8.2107403162400861e-08
6.0395430420703944e-08
4.4331729543834155e-08
3.2472396385314939e-08
2.3735720581963931e-08
1.7313280668760124e-08
1.2602162096914437e-08
9.1537616492413957e-09
6.6350157294970427e-09
4.7992459683953614e-09
3.4641251920398592e-09
2.4951938948525125e-09
1.7934963566010780e-09
1.2864299397969311e-09
9.2076917449779007e-10
6.5766322940101535e-10
4.6874446366035692e-10
3.3338196359528220e-10
2.3661399091848560e-10
1.6760060193026660e-10
1.1844014484663170e-10
8.3519504724091559e-11
5.8776457107440880e-11
4.1248801113052098e-11
2.8903568362635001e-11
2.0188041600406130e-11
1.4045489372989774e-11
9.7914471355220026e-12
6.7900741748514629e-12
4.6908629690879553e-12
3.2267883869284373e-12
2.2058947524725498e-12
1.4983915512172529e-12
9.9321841135719826e-13
6.5456820113178309e-13
4.5358113791435470e-13
2.9713037383416787e-13
1.7151918913656020e-13
7.7203086486280180e-14
-9.0054658230001658e-15
-2.7826631768289423e-14
-6.9060057349605818e-14
-7.9068674029888195e-14
-8.6811587878697063e-14
-8.1668890407430544e-14
-1.0782415033819815e-13
-8.5648387392104941e-14
-9.7520983622207000e-14
-9.1831213035978142e-14
-1.0338625701620070e-13
-9.2150688927038507e-14
-7.3736056659577458e-14
-5.0939068884442996e-14
-5.7508039266923374e-14
-2.7611780407013623e-14
-3.3090397247376549e-14
-1.7624798947592703e-14
-3.0802276975662788e-14
-4.3944297079855244e-14
-3.0719591840480270e-14
-1.3147726874058200e-14
-4.3766173283067749e-15
-6.5559575064990887e-15
-4.3646387597625206e-15
-4.3586187018548519e-15
-8.7051565429173207e-15
-4.3465175763432817e-15
-4.3404367245285899e-15
0.0000000000000000e+00
-8.6564299682285656e-15
-8.6441486255566898e-15
-8.6318278385280858e-15
-2.1548669563979832e-14
-1.7214137611320113e-14
-3.4378523992402028e-14
-3.4328618490924493e-14
-2.5708919699439275e-14
-3.4228348200178034e-14
-4.2722481472769611e-14
-4.2659339274469458e-14
-3.4076807812138050e-14
-4.2532494056784854e-14
-4.2468793263235346e-14
-3.3923926800355015e-14
-5.0809009063545859e-14
-5.0731909848687358e-14
-3.3769729267996139e-14
-3.3718041714491371e-14
-5.0499317208381025e-14
-5.0421359164546845e-14
-3.3562126529981242e-14
-6.7019747275294889e-14
-3.3457481671932398e-14
-3.3404951540071890e-14
-5.0028426225913344e-14
-8.3248701033419201e-14
-3.3246541239427774e-14
-6.6386935082195997e-14
-6.6280520463781049e-14
-6.6173840452989668e-14
-3.3033448440751813e-14
-9.8939537374883193e-14
-6.5852226394376641e-14
-9.8616754729718366e-14
-9.8454785549903605e-14
-9.8292434815745670e-14
-1.3083960705847540e-13
-1.3062213300500980e-13
-6.5202080645200480e-14
-9.7639271711092990e-14
-1.2996673968188880e-13
-9.7310472899152414e-14
-9.7145528907202264e-14
-9.6980225570911219e-14
-1.2908608757065376e-13
-1.2886473602458527e-13
-6.4321458256311750e-14
-9.6315474570420607e-14
-6.4098944248465778e-14
-6.3987343726454604e-14
-6.3875516681101737e-14
-4.7822598735359145e-14
-4.7738392870367301e-14
-4.7654021318614293e-14
-6.3425980644881148e-14
-7.9141311283044380e-14
-7.8999877636919663e-14
-6.3086541768478504e-14
-4.7229727408814394e-14
-6.2859188315321036e-14
-3.1372599477952125e-14
-4.6973252758196445e-14
-4.6887453268856962e-14
-4.6801502157924842e-14
-3.1143600556553904e-14
-4.6629150709383656e-14
-6.2057004255642518e-14
-3.0970806461551004e-14
-3.0913014414588693e-14
-6.1710253855125254e-14
-3.0797144941227371e-14
-2.3054302047329066e-14
