-9.9867650325284748e-15
-9.6845885805304335e-13
2.5116531308002663e-13
2.0836001912694525e-15
5.4920296391454258e-13
-1.0174703046503721e-12
1.1441253335916718e-12
2.2103795704656977e-13
1.5327935111626384e-13
6.4643820500266696e-13
-2.3286033012020115e-13
9.2847663840968256e-13
2.8865852263918883e-13
-1.1601191043985238e-12
-9.3174219373216279e-13
9.2706003837458548e-13
-1.0747734053987449e-12
-1.7614229026935674e-13
-5.0673018797844069e-13
1.2008255722266826e-12
-2.9519962544181439e-13
-3.8921273964234354e-13
-7.7033914900938118e-13
1.4335523745585371e-13
-1.1676556034389050e-12
2.8553448005308592e-13
1.9541992521991204e-14
2.6180413218726684e-13
-8.7520129529277372e-13
-1.0341356097158219e-12
-7.0285055536425617e-13
-1.4577204932759886e-13
-2.5159673764189191e-13
3.0756551099538811e-13
2.5153882940259216e-13
-6.1335958711711190e-13
-1.0204079667871934e-12
1.3303272988369014e-12
-2.9366960892306871e-13
-1.1016244446706349e-12
-4.6779463539228452e-14
5.8599074050138318e-13
-1.6145667883871129e-13
-2.7346488566182321e-14
1.2111088739854784e-12
6.7640717213892416e-13
1.0643814070093073e-12
-9.7048380754853068e-13
5.7076728094305909e-13
9.8338118606706961e-13
1.3214133348865845e-12
-2.0718685168836928e-13
6.0111642765901370e-13
1.6358644691791199e-13
5.3045245473333520e-13
-9.8219807310467991e-13
1.6018311494862618e-12
-9.7928570469968108e-13
1.6794258525774660e-12
-3.0612390782672984e-13
-8.6031867517452810e-13
-1.5945792598318319e-13
5.4536948195045480e-13
-3.8746914982866180e-14
-7.2065989799739102e-13
4.7724373204295453e-13
-8.2963419218811187e-14
-4.1970324566486023e-13
-5.0913017649414433e-13
-8.2613196268221304e-13
-1.7088755871208234e-13
6.6399037566810808e-13
9.7626307067479403e-13
9.5616057428837243e-14
8.2690035070568325e-13
-3.8797346848567742e-13
1.9202670114867632e-13
-1.5812683631339320e-13
1.3204164131636610e-13
4.1744203636000209e-13
1.0115486457866811e-12
2.1297907075117010e-12
1.3121465442314230e-12
2.5025996050341445e-12
3.5464530555167941e-12
5.5266667185495107e-12
7.7783134522933439e-12
1.0363012123194515e-11
1.2805866034010804e-11
1.9421503684475508e-11
2.5333015819840761e-11
3.3521606316151248e-11
4.3391583308908229e-11
5.8863113345814162e-11
7.3655775084533508e-11
9.5704022503725966e-11
1.2037291114243231e-10
1.5056295888989381e-10
1.8293654170671391e-10
2.1966058926276741e-10
2.5450335254621716e-10
2.8596127553150356e-10
3.0137950392142376e-10
2.8541465415166652e-10
2.1374362662557497e-10
5.0373535971115605e-11
-2.6478865912278990e-10
-8.2073476954266442e-10
-1.7433510578605335e-09
-3.2211936194747260e-09
-5.5276340552966558e-09
-9.0527861992017175e-09
-1.4356354808279172e-08
-2.2221497878422493e-08
-3.3761132628524397e-08
-5.0515795092972922e-08
-7.4639853936560341e-08
-1.0909968573076110e-07
-1.5798344317466437e-07
-2.2688367136932313e-07
-3.2342300589838529e-07
-4.5794716886719645e-07
-6.4444138480810565e-07
-9.0172239428705015e-07
-1.2550298529900480e-06
-1.7380839851925109e-06
-2.3957593771754979e-06
-3.2875805203858745e-06
-4.4922121738204784e-06
-6.1132675686303277e-06
-8.2867616491475397e-06
-1.1190648378745218e-05
-1.5056999714952766e-05
-2.0187485428456297e-05
-2.6973012046449861e-05
-3.5918523086457149e-05
-4.7674252526125395e-05
-6.3074959410960507e-05
-8.3189029967489772e-05
-1.0937975227216867e-04
-1.4338150452807195e-04
-1.8739420862727479e-04
-2.4420006804621951e-04
-3.1730733431338347e-04
-4.1112687835613765e-04
-5.3118829346528900e-04
-6.8440356245538477e-04
-8.7938772675580856e-04
-1.1268476481153869e-03
-1.4400517448769404e-03
-1.8353958148288546e-03
-2.3330822978093256e-03
-2.9579331293174901e-03
-3.7403591845961847e-03
-4.7175127011080909e-03
-5.9346526198068433e-03
-7.4467567197782289e-03
-9.3204187101513670e-03
-1.1636072975116495e-02
-1.4490594474536512e-02
-1.8000326457543597e-02
-2.2304593823300009e-02
-2.7569765285024288e-02
-3.3993932983497191e-02
-4.1812283305950097e-02
-5.1303237726978236e-02
-6.2795447061893703e-02
-7.6675726414786968e-02
-9.3398021281855079e-02
-1.1349349712571159e-01
-1.3758184542561361e-01
-1.6638389801151393e-01
-2.0073563827931670e-01
-2.4160369229608508e-01
-2.9010237437500125e-01
-3.4751235000770109e-01
-4.1530096396427929e-01
-4.9514426207044715e-01
-5.8895071169173507e-01
-6.9888659786289731e-01
-8.2740303878368160e-01
-9.7726452621064952e-01
-1.1515788527638990e+00
-1.3538282393120140e+00
-1.5879014216378717e+00
-1.8581263966425463e+00
-2.1693034649136926e+00
-2.5267381390621519e+00
-2.9362734168082065e+00
-3.4043208450781068e+00
-3.9378897278652003e+00
-4.5446137576045587e+00
-5.2327742789975815e+00
-6.0113193274459693e+00
-6.8898775237174990e+00
-7.8787658542427410e+00
-8.9889903250169567e+00
-1.0232238448929460e+01
-1.1620862514011574e+01
-1.3167852585981800e+01
-1.4886798225220765e+01
-1.6791837948051214e+01
-1.8897595537041568e+01
-2.1219102406703414e+01
-2.3771705360873518e+01
-2.6570959236805006e+01
-2.9632504119197744e+01
-3.2971927024265455e+01
-3.6604608198671599e+01
-4.0545552448599430e+01
-4.4809206207900878e+01
-4.9409261367184634e+01
-5.4358447213872971e+01
-5.9668312171089305e+01
-6.5348997364647289e+01
-7.1409004385836639e+01
-7.7854959945485035e+01
-8.4691380424086930e+01
-9.1920439605433899e+01
-9.9541743128745239e+01
-1.0755211339827780e+02
-1.1594538884190058e+02
-1.2471224150335446e+02
-1.3384001698007646e+02
-1.4331260067352653e+02
-1.5311031419727681e+02
-1.6320984558616320e+02
-1.7358421666596931e+02
-1.8420279057731759e+02
-1.9503132200146044e+02
-2.0603205211352747e+02
-2.1716384969610345e+02
-2.2838239919074854e+02
-2.3964043575686756e+02
-2.5088802665774239e+02
-2.6207289751562251e+02
-2.7314080118597298e+02
-2.8403592621092918e+02
-2.9470134103979984e+02
-3.0507946946684973e+02
-3.1511259205017910e+02
-3.2474336765629465e+02
-3.3391536873838726e+02
-3.4257362351632679e+02
-3.5066515789520321e+02
-3.5813952974727420e+02
-3.6494934809727124e+02
-3.7105076979845484e+02
-3.7640396646912495e+02
-3.8097355477579623e+02
-3.8472898359661860e+02
-3.8764487217014778e+02
-3.8970129402084893e+02
-3.9088400224163775e+02
-3.9118459259059307e+02
-3.9060060180712696e+02
-3.8913553955371094e+02
-3.8679885342299923e+02
-3.8360582749633664e+02
-3.7957741597708440e+02
-3.7474001443025321e+02
-3.6912517211857170e+02
-3.6276924981542567e+02
-3.5571302827971721e+02
-3.4800127328165172e+02
-3.3968226365856844e+02
-3.3080728934650938e+02
-3.2143012666848665e+02
-3.1160649836058815e+02
-3.0139352588057977e+02
-2.9084918147265097e+02
-2.8003174726096654e+02
-2.6899928832134219e+02
-2.5780914624444620e+02
-2.4651745916795477e+02
-2.3517871363236696e+02
-2.2384533292175928e+02
-2.1256730580239679e+02
-2.0139185878614342e+02
-1.9036317423865793e+02
-1.7952215584170901e+02
-1.6890624212013788e+02
-1.5854926797249163e+02
-1.4848137341383423e+02
-1.3872895806168270e+02
-1.2931467928199362e+02
-1.2025749136991702e+02
-1.1157272267605377e+02
-1.0327218720740322e+02
-9.5364326935512679e+01
-8.7854380832559514e+01
-8.0744576527822360e+01
-7.4034340428829736e+01
-6.7720522178770324e+01
-6.1797629418248476e+01
-5.6258068978347787e+01
-5.1092390845049046e+01
-4.6289531494118037e+01
-4.1837053491731290e+01
-3.7721378580577664e+01
-3.3928011815315159e+01
-3.0441754666524862e+01
-2.7246905371142745e+01
-2.4327445162139792e+01
-2.1667209354888467e+01
-1.9250042596241347e+01
-1.7059937890238562e+01
-1.5081159297738798e+01
-1.3298348463028033e+01
-1.1696615346830056e+01
-1.0261613740485778e+01
-8.9796023005412806e+00
-7.8374919762085993e+00
-6.8228808055978893e+00
-5.9240771314630596e+00
-5.1301123352252018e+00
-4.4307442117588032e+00
-3.8164521090839725e+00
-3.2784249394838034e+00
-2.8085431342436875e+00
-2.3993555662102830e+00
-2.0440524050302824e+00
-1.7364348020807201e+00
-1.4708822281001324e+00
-1.2423182085886504e+00
-1.0461751221303435e+00
-8.7835864686758769e-01
-7.3521236170867255e-01
-6.1348293293642686e-01
-5.1028624485525564e-01
-4.2307476537936095e-01
-3.4960637519134519e-01
-2.8791483223209058e-01
-2.3628199233028110e-01
-1.9321186158918699e-01
-1.5740651697039137e-01
-1.2774389777043363e-01
-1.0325744254717757e-01
-8.3117522715192363e-02
-6.6614605648339875e-02
-5.3144065673096791e-02
-4.2192550947211006e-02
-3.3325807044006679e-02
-2.6177853816815599e-02
-2.0441410368557306e-02
-1.5859463379456953e-02
-1.2217875978226767e-02
-9.3389378671313462e-03
-7.0757618162779210e-03
-5.3074369117951398e-03
-3.9348547099180868e-03
-2.8771305629253854e-03
-2.0685485815768604e-03
-1.4559650124913838e-03
-9.9661085532306757e-04
-6.5624054073023760e-04
-4.0757903876772989e-04
-2.2902514069130572e-04
-1.0357356839001675e-04
-1.7923089474101875e-05
3.8257980337588861e-05
7.2933744243450438e-05
9.2191683689554269e-05
1.0064097646881805e-04
1.0173402046263058e-04
9.8024508575741167e-05
9.1373382777271015e-05
8.3112226399765932e-05
7.4172041535406808e-05
6.5184037764571856e-05
5.6557962337560606e-05
4.8542450012029590e-05
4.1271129102715374e-05
3.4797478937397553e-05
2.9120884364198689e-05
2.4205867883684376e-05
1.9996027024911100e-05
1.6423967241676410e-05
1.3418210441905246e-05
1.0907804437317016e-05
8.8252896946509034e-06
7.1084456880438036e-06
5.7011939979791284e-06
4.5538768688503568e-06
3.6231909273381623e-06
2.8718148438953646e-06
2.2679377881803564e-06
1.7846926325187888e-06
1.3995777249404848e-06
1.0938798686937094e-06
8.5215056620370243e-07
6.6171204126307383e-07
5.1222006363734198e-07
3.9527733115888356e-07
3.0411267140781522e-07
2.3327649243807034e-07
1.7841621875077466e-07
1.3606101906809092e-07
1.0346833206710428e-07
7.8458894037088543e-08
5.9330945543392364e-08
4.4742226007973601e-08
3.3649539166707945e-08
2.5237087192977376e-08
1.8878171057798418e-08
1.4083744862241419e-08
1.0480443776583491e-08
7.7783031780004675e-09
5.7573457192285421e-09
4.2507893998525362e-09
3.1309921204678439e-09
2.2989120908618530e-09
1.6846396613001958e-09
1.2305859981361745e-09
8.9726560868502295e-10
6.5173028577519139e-10
4.7293509359983995e-10
3.4205601288218089e-10
2.4790052313164080e-10
1.7823889341085500e-10
1.2806498185379607e-10
9.2258145634129332e-11
6.6219742167851604e-11
4.7160340889127171e-11
3.3059010750173320e-11
2.3581382020739444e-11
1.6901016629930215e-11
1.2768393749986455e-11
8.7499036798782854e-12
5.1970525127164069e-12
3.7198045184248945e-12
3.0616828852864707e-12
3.6785990333814725e-12
9.3694082453367745e-13
5.8007464368182386e-13
7.5672224348073122e-14
3.5149756202721986e-13
-4.3096442642425728e-13
1.1334506736658788e-13
-9.5419580440550377e-14
1.4363539988136947e-12
8.0119778156758716e-13
7.5304986137802568e-14
8.6196998467546952e-13
1.7717741257734116e-12
1.0819796531405780e-12
-6.0545924367164382e-13
2.7009851681688217e-13
9.5917760295969402e-13
5.8635395597578708e-13
-1.9141042719682609e-13
5.7387324634778415e-13
-2.4092880421701995e-13
9.4243162398177841e-13
1.1547437843502448e-12
-1.5130959640057605e-12
1.1010971309693598e-13
4.4962986482193096e-13
-5.4168969679531502e-13
7.7170575911292974e-15
-4.8269899492941150e-13
7.7213717645077691e-13
2.5022157101521362e-13
-2.6662579184673742e-14
-6.6547081520456946e-14
-5.9224900628379637e-14
1.4043181263625306e-13
5.1518291195853688e-13
-1.3722787029006378e-12
-1.7724025042749476e-13
5.0481771094496301e-13
3.4241707034717008e-14
-5.0444481917199860e-13
6.5375853979111329e-13
4.3902834338125057e-13
-6.2697572175293479e-13
6.3918021035707708e-13
-1.2522727718954173e-12
-1.6994836244111025e-13
2.8981113900173277e-13
6.8189599183756778e-13
4.4784736954299928e-13
3.4872593251232648e-13
-3.8782066818073731e-13
-1.0088530383253867e-12
-3.0225938996985742e-13
-9.3715083827158703e-13
-1.3467505521579410e-12
2.8018217776672853e-13
1.4631090474733351e-12
-2.4122833467001527e-13
1.7090120952918555e-13
3.8848769025152976e-14
3.2592506595316683e-13
-3.1356902675039641e-13
-4.0418306906554587e-14
-1.2153043892036263e-13
-1.3466517374756023e-12
1.0447198390681353e-13
1.2023404039010756e-13
3.6840764750822715e-13
1.6520841417021245e-12
5.2437804548373443e-13
-9.4844758671486210e-13
-6.1591783480943191e-13
2.7326592485281141e-13
-7.3697339155159857e-13
-6.3546717995446129e-13
-1.1062668078774646e-12
-5.5538587391794551e-14
-1.0938196421752794e-12
1.6004888939858024e-12
