2.9668465307818600e-12
-7.0396920756198188e-13
2.5358735450124351e-12
-6.7916779495286900e-13
2.5225583945387896e-12
8.4850368975823274e-13
6.3532675914538208e-13
7.8442432580362482e-13
2.2604216924726378e-12
1.2886545796987520e-12
-2.1339114911125193e-13
-1.6031718024611321e-12
3.0965548482708569e-13
2.8262145478386265e-13
-1.2686712606252133e-12
-1.0619389248861534e-12
2.0578261863159848e-12
7.5422709441178624e-13
3.2219520754232601e-13
-1.5044318500081580e-12
-1.6350615906429192e-12
-1.7664543255876968e-12
1.2106593055332959e-12
-3.4926900578002400e-13
1.2171789787032606e-12
9.3107063094200301e-13
1.1150434375242577e-13
1.7419360721531647e-12
1.1223114825722017e-12
1.3690959598418846e-12
1.2507300957859802e-12
-1.7376513563186576e-12
-6.9470154076079317e-13
2.5090791717761504e-12
-2.7317895471493515e-13
1.4334286590530703e-13
4.2903748191536071e-14
-3.1472121900925766e-14
-1.2145794808858321e-12
1.7319392087193147e-14
-2.2051986100499257e-12
6.9225542240845324e-13
4.7831156189800679e-13
-1.0107408513535689e-12
-8.7565810279965311e-13
3.2768256640374399e-13
-7.3490574825165928e-13
-4.1670081890452010e-13
-2.9405013565127024e-13
-1.4127558887053132e-12
1.1195888139006547e-13
1.1666273975611019e-12
-4.3097695945034085e-13
-2.0171179632947920e-12
-5.3421018654713197e-13
9.9701095170793324e-13
-7.1412560955056898e-13
4.0588727557757169e-13
-1.0888060721530877e-12
1.8563976529288433e-12
6.5554415952081808e-13
-4.1425734983482292e-14
-2.4805667002575948e-12
-1.8476819869381613e-13
1.7726800041283192e-12
-7.9057387382266041e-13
-1.9576410257579414e-13
6.2550366757099329e-13
-2.2902798554268367e-14
-2.0624697722629168e-12
1.9108265747645903e-12
-2.4527457231585453e-15
-3.4203934468630312e-13
-4.7905008274469044e-13
1.2828854716654526e-12
-5.9627500347976325e-13
-5.0603952355078215e-13
-1.9393270697508713e-12
6.2897509407738905e-13
-1.0739873998835469e-12
2.1346237748884047e-12
2.0190264932434859e-12
6.7519587061916043e-12
1.0393112907918285e-11
1.3986947543854719e-11
2.3269832895467197e-11
3.7378705880081889e-11
5.4239309535454490e-11
8.3786797052840073e-11
1.2350210151356907e-10
1.8591674816809582e-10
2.7303684081147230e-10
3.9956426179381061e-10
5.8036172808746878e-10
8.4234371347431707e-10
1.2162641222738511e-09
1.7503028711042497e-09
2.5053340168305588e-09
3.5799603917265042e-09
5.0852985782127813e-09
7.2043522496354947e-09
1.0163864211644637e-08
1.4293988435563956e-08
2.0026370687774963e-08
2.7971174951952502e-08
3.8925605821246873e-08
5.3996252160055971e-08
7.4654445123591041e-08
1.0287913826735867e-07
1.4132819301817367e-07
1.9352787942295118e-07
2.6417473522297320e-07
3.5948389847948846e-07
4.8767014924784622e-07
6.5953043862990969e-07
8.8923666797136798e-07
1.1953081171168979e-06
1.6018741061650977e-06
2.1402660410711017e-06
2.8510454557377116e-06
3.7865274855929139e-06
5.0139677386851017e-06
6.6195518697495199e-06
8.7133095810571849e-06
1.1435296975628113e-05
1.4963091106116055e-05
1.9521134135199941e-05
2.5392035840187494e-05
3.2930433653172784e-05
4.2579704969099413e-05
5.4892149321160426e-05
7.0553197061732058e-05
9.0410266863564473e-05
1.1550699101331441e-04
1.4712362500692356e-04
1.8682434068270488e-04
2.3651230308109470e-04
2.9849335072401671e-04
3.7554896580932354e-04
4.7101929238091986e-04
5.8889661502589913e-04
7.3392949272684633e-04
9.1173742917455346e-04
1.1289352438472804e-03
1.3932657506856587e-03
1.7137382643300436e-03
2.1007693152445546e-03
2.5663203179255543e-03
3.1240250941059291e-03
3.7892976842024890e-03
4.5794081237355132e-03
5.5135101752917812e-03
6.6126012454114343e-03
7.8993894258331115e-03
9.3980374031237129e-03
1.1133746140021696e-02
1.3132133977245159e-02
1.5418358364898046e-02
1.8015918033919193e-02
2.0945062995530089e-02
2.4220728429087460e-02
2.7849896196221430e-02
3.1828274624541082e-02
3.6136173388607633e-02
4.0733436279727406e-02
4.5553280158043136e-02
5.0494874316373173e-02
5.5414481135199596e-02
6.0114966429390237e-02
6.4333477689837812e-02
6.7727080312116106e-02
6.9856137464831602e-02
7.0165218833064355e-02
6.7961328366999724e-02
6.2389252305974571e-02
5.2403846992033667e-02
3.6739112931461530e-02
1.3873937697852341e-02
-1.8005562962845466e-02
-6.1047118341412403e-02
-1.1777673232182016e-01
-1.9114632835063108e-01
-2.8458437224225358e-01
-4.0204912593946623e-01
-5.4808406278436039e-01
-7.2787484026948368e-01
-9.4730708096672500e-01
-1.2130240576116267e+00
-1.5324832172958618e+00
-1.9140103144706100e+00
-2.3668497574409977e+00
-2.9012096117260153e+00
-3.5282995512669317e+00
-4.2603599102174456e+00
-5.1106798697188491e+00
-6.0936027218375228e+00
-7.2245160930650982e+00
-8.5198249892994991e+00
-9.9969055486017968e+00
-1.1674037464598738e+01
-1.3570313176314212e+01
-1.5705522115391076e+01
-1.8100008562163215e+01
-2.0774501990541946e+01
-2.3749919178985927e+01
-2.7047137830367713e+01
-3.0686741974038735e+01
-3.4688740014272859e+01
-3.9072256933283519e+01
-4.3855202844383747e+01
-4.9053920810160008e+01
-5.4682817577418305e+01
-6.0753981619267329e+01
-6.7276793596858312e+01
-7.4257535040008207e+01
-8.1699001676123729e+01
-8.9600128390136490e+01
-9.7955633252826715e+01
-1.0675568839092206e+02
-1.1598562567001608e+02
-1.2562568520363305e+02
-1.3565081457366384e+02
-1.4603052633734077e+02
-1.5672882089636977e+02
-1.6770418111135652e+02
-1.7890964416086936e+02
-1.9029295507592741e+02
-2.0179680513988214e+02
-2.1335915694732847e+02
-2.2491365638770074e+02
-2.3639013018613113e+02
-2.4771516592948117e+02
-2.5881276976436862e+02
-2.6960509521679626e+02
-2.8001323489004506e+02
-2.8995806519219582e+02
-2.9936113276917683e+02
-3.0814557001435440e+02
-3.1623702593085181e+02
-3.2356459777220658e+02
-3.3006174831110474e+02
-3.3566719330895057e+02
-3.4032574379790981e+02
-3.4398908815206016e+02
-3.4661649961640563e+02
-3.4817545597576486e+02
-3.4864215936395749e+02
-3.4800194581440621e+02
-3.4624957600464762e+02
-3.4338940071138558e+02
-3.3943539672429006e+02
-3.3441107131748697e+02
-3.2834923579325584e+02
-3.2129165103791252e+02
-3.1328855040905171e+02
-3.0439804755068042e+02
-2.9468543885501020e+02
-2.8422241220841511e+02
-2.7308617532910966e+02
-2.6135851838917876e+02
-2.4912482668244689e+02
-2.3647305983129340e+02
-2.2349271440615686e+02
-2.1027378685743668e+02
-1.9690575333560329e+02
-1.8347658231514308e+02
-1.7007179496369059e+02
-1.5677358693860765e+02
-1.4366002378524564e+02
-1.3080432039541552e+02
-1.1827421310667285e+02
-1.0613143103083623e+02
-9.4431271142973316e+01
-8.3222279589480351e+01
-7.2546039633524600e+01
-6.2437064693198110e+01
-5.2922793083881288e+01
-4.4023679387808386e+01
-3.5753375872044835e+01
-2.8118996085955569e+01
-2.1121451708647214e+01
-1.4755852898359031e+01
-9.0119618235725003e+00
-3.8746887288864427e+00
6.7538020042834890e-01
4.6614337750905701e+00
8.1098757965242889e+00
1.1049763837390504e+01
1.3512255846071396e+01
1.5530072789740347e+01
1.7136984621776616e+01
1.8367325854239049e+01
1.9255545963045257e+01
1.9835798780637425e+01
2.0141573963458946e+01
2.0205372583428598e+01
2.0058427904949610e+01
1.9730471488683197e+01
1.9249543926149478e+01
1.8641848765286849e+01
1.7931647544979320e+01
1.7141193320212142e+01
1.6290699631398780e+01
1.5398341548796692e+01
1.4480285203770169e+01
1.3550742095449532e+01
1.2622044427691003e+01
1.1704737777127056e+01
1.0807687509449606e+01
9.9381955363330921e+00
9.1021242297748799e+00
8.3040245722067603e+00
7.5472659101899309e+00
6.8341649861171092e+00
6.1661122375724853e+00
5.5436936694313914e+00
4.9668069125216148e+00
4.4347703783527184e+00
3.9464246974685318e+00
3.5002258853621844e+00
3.0943299117257173e+00
2.7266685546139500e+00
2.3950165994781436e+00
2.0970505944635751e+00
1.8303994977099991e+00
1.5926876514607200e+00
1.3815705927143080e+00
1.1947642632008539e+00
1.0300682143207796e+00
8.8538341857584379e-01
7.5872529935206567e-01
6.4823257872594897e-01
5.5217252058626998e-01
4.6894311540664740e-01
3.9707271643747638e-01
3.3521759586307320e-01
2.8215784585106068e-01
2.3679200462711253e-01
1.9813074282491530e-01
1.6528990177468816e-01
1.3748313339071208e-01
1.1401435202311656e-01
9.4270172148864698e-02
7.7712472497956847e-02
6.3871197280049807e-02
5.2337478840450403e-02
4.2757142769388280e-02
3.4824636773922280e-02
2.8277407767091051e-02
2.2890737730423997e-02
1.8473037447384245e-02
1.4861588389740360e-02
1.1918715984266977e-02
9.5283723822281070e-03
7.5931033259330379e-03
6.0313714929312642e-03
4.7752073701052737e-03
3.7681586383017255e-03
2.9635092560207519e-03
2.3227405384427351e-03
1.8142077822989224e-03
1.4120075922133338e-03
1.0950129523404554e-03
8.4605494161783291e-04
6.5123182677267208e-04
4.9932834677572993e-04
3.8132964552645100e-04
2.9001622963956315e-04
2.1962783421916430e-04
1.6558563717030281e-04
1.2426367705686373e-04
9.2801501360603486e-05
6.8951276670225098e-05
5.0953499287996443e-05
3.7436402839009863e-05
2.7334836240077740e-05
1.9825168103929252e-05
1.4273207119489830e-05
1.0192769094480005e-05
7.2127861335080429e-06
5.0513678249051621e-06
3.4953912491027056e-06
2.3845267940118654e-06
1.5987940825805085e-06
1.0488824211146608e-06
6.6871942671680958e-07
4.0970829710986081e-07
2.3634623285066686e-07
1.2288468519880427e-07
5.0786246111382723e-08
6.8340572232390241e-09
-1.8313423167093646e-08
-3.1193568067473138e-08
-3.6300456894026197e-08
-3.6693649851180571e-08
-3.4418118768808682e-08
-3.0793154024053598e-08
-2.6669415868124295e-08
-2.2537205433447426e-08
-1.8685155971574337e-08
-1.5255015022410677e-08
-1.2298202944211714e-08
-9.7985136803448927e-09
-7.7372028930592220e-09
-6.0587607001145104e-09
-4.7078278577969536e-09
-3.6295199047770421e-09
-2.7798203853801139e-09
-2.1193961044732996e-09
-1.6060734536638922e-09
-1.2097816959304214e-09
-9.0881929680599836e-10
-6.7609421047019472e-10
-5.0446538729684423e-10
-3.7297463870431080e-10
-2.7368998020636882e-10
-2.0294062978841972e-10
-1.4894116181854505e-10
-1.0579800376922189e-10
-7.6987309097015673e-11
-5.8203435184194300e-11
-3.8999916503954939e-11
-2.7069983600912839e-11
-2.2490659615092247e-11
-1.4255211935768592e-11
-1.0028345499624951e-11
-7.1247183928911689e-12
-3.5251627367407628e-12
-1.4218209673951541e-12
-2.5815511454222184e-12
-2.3376714220643769e-12
9.1375858006543038e-14
-5.0103761506902405e-13
2.8070679968222622e-13
-5.3899756157162157e-13
5.9507351933266243e-13
-3.9793605225610343e-13
5.1462106998024799e-13
2.5315490034182713e-13
-1.8621564529252134e-12
1.5910940855288680e-12
-9.2440107808597579e-13
-7.0754251171707342e-13
-6.1074008155126846e-13
3.1255219672229907e-13
-1.7514456847028487e-12
-1.2544549420818943e-13
-1.6521932446580043e-12
-1.0765760135054622e-12
-9.5903374114667131e-13
-8.8808290262311730e-13
-1.3479529981681013e-12
1.2744637473436913e-13
-9.1278503193941157e-13
2.2291081884124935e-12
-1.2589958599352914e-12
1.5752614453356325e-12
6.0469052244851750e-13
-3.7009906061852774e-13
1.3436329929032004e-13
1.7668522913270127e-12
6.5718263033761376e-13
2.3281751032641656e-12
3.7084287977209397e-13
3.0186415247425676e-13
7.9368570062022447e-13
2.3283673104563677e-12
-8.0842581342135261e-13
1.7146815068395711e-12
4.0253913753050963e-13
6.0903919433045979e-13
-2.3624386848087515e-12
9.2692298179847785e-13
-7.7152480168386000e-13
-6.3964179255674836e-13
-1.0785248165456148e-12
-2.5092470836095143e-12
9.1642881677505266e-13
1.0622971875601775e-13
-2.1992718663050963e-12
9.6184220117088620e-13
-1.2678845379607087e-13
-1.2543956912449164e-12
-7.5508305254984088e-13
-7.9807420725482790e-13
1.3429038803290383e-12
-4.6753124363931814e-12
-1.3922508259518849e-12
1.6480109400868188e-12
-6.5894259892099972e-14
2.7893987578561207e-12
-7.6935272770139902e-13
1.2194651777195884e-12
7.1590435409588890e-13
3.2199935088778414e-12
-7.9226430514617014e-13
1.0921748577772700e-12
8.4607403050926123e-13
4.8164417816406928e-13
-1.3108864605280195e-12
-3.9686932854331380e-13
-8.5753305966707476e-13
-5.6570345509052581e-13
-3.3142955921886080e-13
2.2876029205160024e-13
-1.1886213766558791e-12
5.5478030105564408e-13
3.4488737559896465e-13
-4.2533552540005459e-13
-9.8370652129838844e-13
-1.6595795823909519e-12
-2.7082390264997789e-14
