-1.7088990751072343e-14
1.7114172259345074e-14
3.4278555912363910e-14
3.4328614798651869e-14
4.2973150368452171e-14
1.7214135759824428e-14
3.0168134144786723e-14
2.5895480730351731e-14
3.4576590783282660e-14
8.6564290371715995e-15
2.6006012148569888e-14
2.1702181288427887e-14
2.6079102653077397e-14
4.3525778033097431e-15
2.1793091165281228e-14
2.1823191451582086e-14
1.5297232536511315e-14
3.2824626431792217e-14
4.1634463956451968e-14
4.8273639128601254e-14
4.3944292353352045e-14
3.8502842078339750e-14
3.4148044288109809e-14
5.0738603655367136e-14
3.8656488412054638e-14
4.3131024811161713e-14
3.7650612082403917e-14
3.9917259462191922e-14
2.2760107467712212e-14
1.8342721046120753e-14
5.5655274641767691e-14
2.2290508144725181e-14
4.1568756836570414e-14
4.5531954960573197e-14
5.9853221463720927e-14
7.7850383337242951e-14
8.8040996365298911e-14
8.4219573075286033e-14
1.1439836274310137e-13
1.5421858563163524e-13
1.9159888016112671e-13
2.3019678171354500e-13
3.6152741216828340e-13
5.1013733465593370e-13
7.0552931737701300e-13
1.0102254672787119e-12
1.4847696501456225e-12
2.1456614346850450e-12
3.1209730583045718e-12
4.5222739155610478e-12
6.5289167735899541e-12
9.4260936166256618e-12
1.3499122042138937e-11
1.9334378992924899e-11
2.7654857916299981e-11
3.9482596740923958e-11
5.6225246034004766e-11
7.9889612617092250e-11
1.1334029080282273e-10
1.6041707639670025e-10
2.2652354721671444e-10
3.1922857286336255e-10
4.4895009585526846e-10
6.3003406380463236e-10
8.8229247968229083e-10
1.2329837757164205e-09
1.7194339311112597e-09
2.3927729110865569e-09
3.3228060962659951e-09
4.6046606731805496e-09
6.3676712940304276e-09
8.7872325772178454e-09
1.2100752120036754e-08
1.6628862178313649e-08
2.2803477834180704e-08
3.1205358403133660e-08
4.2613339296362877e-08
5.8069875752768636e-08
7.8966890348337303e-08
1.0715882081112906e-07
1.4511075118033290e-07
1.9609208869152213e-07
2.6442916423894151e-07
3.5583400106475343e-07
4.7783097038828701e-07
6.4030947208931643e-07
8.5623771641494722e-07
1.1425824298327714e-06
1.5214914211341277e-06
2.0218096268193983e-06
2.6810184060096912e-06
3.5477099687552168e-06
4.6847367854607801e-06
6.1732101021667791e-06
8.1175635739278838e-06
1.0651949943817056e-05
1.3948301016901947e-05
1.8226458160288362e-05
2.3766872215753499e-05
3.0926484593833866e-05
4.0158534720562957e-05
5.2037201932587828e-05
6.7288181530673126e-05
8.6826525736716123e-05
1.1180335392378698e-04
1.4366335922245496e-04
1.8421541939342710e-04
2.3571906936288586e-04
3.0099011510645681e-04
3.8352927989368898e-04
4.8767848224232015e-04
6.1881016499569486e-04
7.8355603728408850e-04
9.9008267252704684e-04
1.2484226385714810e-03
1.5708712365518588e-03
1.9724605071958666e-03
2.4715239428276660e-03
3.0903673320268900e-03
3.8560633770726663e-03
4.8013901684967894e-03
5.9659362892506554e-03
7.3973982496146930e-03
9.1530991305708923e-03
1.1301760722874274e-02
1.3925565084855729e-02
1.7122545274004128e-02
2.1009349010423436e-02
2.5724423152167546e-02
3.1431671053067940e-02
3.8324639052887362e-02
4.6631292435275494e-02
5.6619445068276431e-02
6.8602910493023264e-02
8.2948445298907839e-02
1.0008355805302432e-01
1.2050525864602839e-01
1.4478982346873370e-01
1.7360365110927020e-01
2.0771528101474793e-01
2.4800864352206278e-01
2.9549760355819449e-01
3.5134185184614775e-01
4.1686418634445060e-01
4.9356921260287617e-01
5.8316347446547512e-01
6.8757700583269565e-01
8.0898626978941257e-01
9.4983842312884459e-01
1.1128768120312049e+00
1.3011675683270447e+00
1.5181271354167361e+00
1.7675505086425809e+00
2.0536399269521106e+00
2.3810337013944749e+00
2.7548348118467945e+00
3.1806388470006537e+00
3.6645608048349536e+00
4.2132602125041352e+00
4.8339639668807148e+00
5.5344862411749398e+00
6.3232447505243918e+00
7.2092726217621355e+00
8.2022250714113003e+00
9.3123800631024540e+00
1.0550632092916235e+01
1.1928478240514096e+01
1.3457995627211346e+01
1.5151809441212000e+01
1.7023050726785627e+01
1.9085303189796985e+01
2.1352538348048991e+01
2.3839038452436970e+01
2.6559306724663966e+01
2.9527964599559429e+01
3.2759635824738709e+01
3.6268817456789499e+01
4.0069738000176550e+01
4.4176203160813301e+01
4.8601429928360190e+01
5.3357869956735875e+01
5.8457023477424045e+01
6.3909245250682567e+01
6.9723544330914109e+01
7.5907379688953696e+01
8.2466453990160232e+01
8.9404508066947912e+01
9.6723118841534173e+01
1.0442150364291960e+02
1.1249633401522900e+02
1.2094156222654037e+02
1.2974826375260696e+02
1.3890449902339566e+02
1.4839519767780428e+02
1.5820206846984266e+02
1.6830353780557053e+02
1.7867471966293795e+02
1.8928741935641747e+02
2.0011017325636149e+02
2.1110832616219312e+02
2.2224414756313823e+02
2.3347698750594330e+02
2.4476347223302335e+02
2.5605773916515483e+02
2.6731171018977608e+02
2.7847540158978239e+02
2.8949726831983526e+02
3.0032457971966477e+02
3.1090382315895863e+02
3.2118113154863426e+02
3.3110273014072078e+02
3.4061539758541051e+02
3.4966693582988773e+02
3.5820664313902734e+02
3.6618578430135568e+02
3.7355805196150561e+02
3.8028001299774036e+02
3.8631153394292494e+02
3.9161617963044512e+02
3.9616157953174536e+02
3.9991975663586817e+02
4.0286741419804184e+02
4.0498617624629748e+02
4.0626277837274097e+02
4.0668920603819555e+02
4.0626277837274262e+02
4.0498617624630089e+02
4.0286741419804679e+02
3.9991975663587493e+02
3.9616157953175377e+02
3.9161617963045512e+02
3.8631153394293659e+02
3.8028001299775372e+02
3.7355805196152045e+02
3.6618578430137200e+02
3.5820664313904490e+02
3.4966693582990644e+02
3.4061539758543023e+02
3.3110273014074130e+02
3.2118113154865557e+02
3.1090382315898052e+02
3.0032457971968711e+02
2.8949726831985816e+02
2.7847540158980547e+02
2.6731171018979956e+02
2.5605773916517830e+02
2.4476347223304688e+02
2.3347698750596678e+02
2.2224414756316159e+02
2.1110832616221629e+02
2.0011017325638429e+02
1.8928741935643990e+02
1.7867471966295977e+02
1.6830353780559179e+02
1.5820206846986329e+02
1.4839519767782417e+02
1.3890449902341479e+02
1.2974826375262532e+02
1.2094156222655796e+02
1.1249633401524574e+02
1.0442150364293555e+02
9.6723118841549294e+01
8.9404508066962208e+01
8.2466453990173704e+01
7.5907379688966387e+01
6.9723544330926032e+01
6.3909245250693708e+01
5.8457023477434440e+01
5.3357869956745489e+01
4.8601429928369079e+01
4.4176203160821466e+01
4.0069738000184053e+01
3.6268817456796370e+01
3.2759635824744983e+01
2.9527964599565134e+01
2.6559306724669092e+01
2.3839038452441603e+01
2.1352538348053113e+01
1.9085303189800577e+01
1.7023050726788746e+01
1.5151809441214686e+01
1.3457995627213561e+01
1.1928478240515952e+01
1.0550632092917747e+01
9.3123800631036513e+00
8.2022250714122844e+00
7.2092726217628629e+00
6.3232447505249398e+00
5.5344862411753351e+00
4.8339639668809840e+00
4.2132602125042542e+00
3.6645608048349412e+00
3.1806388470005484e+00
2.7548348118466253e+00
2.3810337013942031e+00
2.0536399269517727e+00
1.7675505086421957e+00
1.5181271354163275e+00
1.3011675683266029e+00
1.1128768120307475e+00
9.4983842312833888e-01
8.0898626978895172e-01
6.8757700583224857e-01
5.8316347446501837e-01
4.9356921260244818e-01
4.1686418634404609e-01
3.5134185184575706e-01
2.9549760355780524e-01
2.4800864352171070e-01
2.0771528101442063e-01
1.7360365110896278e-01
1.4478982346840188e-01
1.2050525864575082e-01
1.0008355805273463e-01
8.2948445298642842e-02
6.8602910492746152e-02
5.6619445068019109e-02
4.6631292435033021e-02
3.8324639052654826e-02
3.1431671052830651e-02
2.5724423151948988e-02
2.1009349010194658e-02
1.7122545273783835e-02
1.3925565084589883e-02
1.1301760722624664e-02
9.1530991303504401e-03
7.3973982494110174e-03
5.9659362890173246e-03
4.8013901682951608e-03
3.8560633768602763e-03
3.0903673318215166e-03
2.4715239425852748e-03
1.9724605069564877e-03
1.5708712363280224e-03
1.2484226383848893e-03
9.9008267233091142e-04
7.8355603714447058e-04
6.1881016486867624e-04
4.8767848213305501e-04
3.8352927978333535e-04
3.0099011498254974e-04
2.3571906921298887e-04
1.8421541930375206e-04
1.4366335914528850e-04
1.1180335390106175e-04
8.6826525635998986e-05
6.7288181483166003e-05
5.2037201935878640e-05
4.0158534671970256e-05
3.0926484558821353e-05
2.3766872214592878e-05
1.8226458145610795e-05
1.3948300989888828e-05
1.0651949890994238e-05
8.1175635346337340e-06
6.1732100292263182e-06
4.6847366991231184e-06
3.5477098579030616e-06
2.6810183589808978e-06
2.0218095652556931e-06
1.5214913228385375e-06
1.1425822780220908e-06
8.5623759037060724e-07
6.4030932494764932e-07
4.7783081116403869e-07
3.5583385533968100e-07
2.6442905752356368e-07
1.9609194599893919e-07
1.4511063410902993e-07
1.0715870546495568e-07
7.8966765716011220e-08
5.8069734076098186e-08
4.2613239155955117e-08
3.1205274355078443e-08
2.2803410982997251e-08
1.6628788781492954e-08
1.2100707954373642e-08
8.7871395307010146e-09
6.3675695844868898e-09
4.6045617950171945e-09
3.3226889454299184e-09
2.3926777547037958e-09
1.7193544898833700e-09
1.2329057760042247e-09
8.8223364606086179e-10
6.2995770837959340e-10
4.4889693503089495e-10
3.1917546892174547e-10
2.2646588768384379e-10
1.6035947931919064e-10
1.1331267433366328e-10
7.9866624123590549e-11
5.6195393953202561e-11
3.9420665054872429e-11
2.7615907412192513e-11
1.9268008610491800e-11
1.3423682410066021e-11
9.3393224060074994e-12
6.4707552442531694e-12
4.4675965483200072e-12
3.0788746247802301e-12
2.1115672381593289e-12
1.4416341404319119e-12
9.6147160073215244e-13
6.4324342258449978e-13
4.4000759020212459e-13
2.8583261024554913e-13
1.7828966426833388e-13
1.1834048480540178e-13
5.5158472233212602e-14
-7.3080035167583187e-15
-4.0706126986388250e-14
-9.4770244495130671e-14
-8.1210831538850561e-14
-6.4887604577491840e-14
-9.8326675743078316e-14
-7.2815070700301200e-14
-8.5818456357191946e-14
-5.9551143866691448e-14
-6.8368323899177356e-14
-6.0508578389771493e-14
-4.3243697750707910e-14
-3.3221128308003440e-14
-1.8800703122814080e-14
2.2089421949745509e-15
0.0000000000000000e+00
-4.4061992629819106e-15
-1.2100893224621064e-14
-2.6366575412011228e-14
-4.3885126480546598e-15
0.0000000000000000e+00
-4.3766168575722958e-15
8.7412757351493226e-15
4.3646382903164170e-15
1.0896545582640614e-14
4.3525778033097431e-15
1.7386068435384930e-14
1.7361745030742310e-14
8.6686707161899631e-15
1.7312858074343199e-14
1.7288295391641330e-14
1.2947740365175865e-14
4.3097334492552460e-15
-2.5821203639736642e-14
-3.4378520294761736e-14
-1.7164307399325934e-14
-2.5708916934272934e-14
-2.5671258389017614e-14
-4.2722476877680858e-14
-3.4127467748937662e-14
-2.5557603110212015e-14
-5.1038987378556636e-14
-3.3975030956345973e-14
-5.0885884727414542e-14
-3.3872669065797971e-14
-3.3821269594753993e-14
-5.0654588453753693e-14
-5.0577057131835549e-14
-5.0499311776841559e-14
-5.0421353741392283e-14
-5.0343184380224934e-14
-6.7019740066872620e-14
-5.0186217110034558e-14
-6.6809895894291655e-14
-3.3352280563347570e-14
-6.6598953663571499e-14
-4.9869806495309698e-14
-6.6386927941836912e-14
-6.6280513334867565e-14
-8.2717291669437918e-14
-1.3213377955113359e-13
-1.3191936897769855e-13
-6.5852219311529050e-14
-9.8616744122826520e-14
-1.3127303328057683e-13
-9.8292424243736609e-14
-6.5419796492900084e-14
-3.2655529738931343e-14
-9.7803110448420641e-14
-6.5092840806223996e-14
-1.2996672570309630e-13
-1.2974728324367988e-13
-9.7145518458550601e-14
-1.2930695352005206e-13
-1.2908607368658129e-13
-9.6648541623240468e-14
-6.4321451338108518e-14
-9.6315464211046845e-14
0.0000000000000000e+00
-6.3987336844187621e-14
-3.1937754905431255e-14
-1.5940864530572887e-14
-3.1825591823855810e-14
-4.7654016193105438e-14
-3.1712986911496259e-14
-4.7484781662520067e-14
-7.8999869139954220e-14
-4.7314901237324099e-14
-4.7229722328941187e-14
-7.8573976942993412e-14
-3.1372596103619129e-14
-4.6973247705908802e-14
-3.1258298817198412e-14
-6.2401996165480158e-14
-4.6715395810276918e-14
-4.6629145694106488e-14
-4.6542748185747354e-14
-4.6456204695650300e-14
-3.0913011089687141e-14
-4.6282685413330899e-14
-3.8496427035985455e-14
-2.3054299567684618e-14
