-1.1479005179185004e-02
-1.3999161558865287e-02
-1.6838421590811684e-02
-2.0062245938240564e-02
-2.3736506603034491e-02
-2.7941986655696856e-02
-3.2763001234798583e-02
-3.8289577391113952e-02
-4.4612889964683107e-02
-5.1843436970565017e-02
-6.0101673903124063e-02
-6.9516039456356593e-02
-8.0236330198284467e-02
-9.2435406674540380e-02
-1.0630277909370679e-01
-1.2204416951863611e-01
-1.3987490438369651e-01
-1.6003314088532999e-01
-1.8278544551781029e-01
-2.0841555502131343e-01
-2.3723143893906287e-01
-2.6957557820873446e-01
-3.0582112081548279e-01
-3.4636752061137605e-01
-3.9163939221563182e-01
-4.4208845895532428e-01
-4.9820020178004715e-01
-5.6049140380933649e-01
-6.2950758161288789e-01
-7.0582114641526172e-01
-7.9003368108980088e-01
-8.8277340352310196e-01
-9.8469381974915071e-01
-1.0964790400927278e+00
-1.2188303013574280e+00
-1.3524603401342776e+00
-1.4980998173291955e+00
-1.6564830199736709e+00
-1.8283336197675608e+00
-2.0143639016997725e+00
-2.2152722924240473e+00
-2.4317348560806411e+00
-2.6643941610396564e+00
-2.9138413828939580e+00
-3.1806060203494715e+00
-3.4651439980053609e+00
-3.7678289406717052e+00
-4.0889341282422258e+00
-4.4286140262828537e+00
-4.7868845296952554e+00
-5.1635978403094054e+00
-5.5584377409892367e+00
-5.9709021874359971e+00
-6.4002742606246068e+00
-6.8456066008966037e+00
-7.3057031913279289e+00
-7.7791003336058697e+00
-8.2640427671366368e+00
-8.7584764309776340e+00
-9.2600264646526806e+00
-9.7659698415132556e+00
-1.0273231522040726e+01
-1.0778372399307484e+01
-1.1277572407461353e+01
-1.1766622619303259e+01
-1.2240926790766201e+01
-1.2695496677465663e+01
-1.3124945586603735e+01
-1.3523509385978949e+01
-1.3885052842113808e+01
-1.4203076584483965e+01
-1.4470740791965707e+01
-1.4680891566494431e+01
-1.4826085681730435e+01
-1.4898620305542916e+01
-1.4890582510178708e+01
-1.4793886324994684e+01
-1.4600309861048714e+01
-1.4301559701454035e+01
-1.3889328047986812e+01
-1.3355355901914058e+01
-1.2691497869952375e+01
-1.1889793325150649e+01
-1.0942535594175132e+01
-9.8423436141802547e+00
-8.5822521060369361e+00
-7.1557905327756659e+00
-5.5570573796287368e+00
-3.7807953829594187e+00
-1.8224643193323113e+00
3.2167296206058638e-01
2.6544747045861059e+00
5.1778556333342669e+00
7.8927190887153937e+00
1.0798898798325027e+01
1.3895111101889768e+01
1.7178905498623433e+01
2.0646621787378894e+01
2.4293364131676562e+01
2.8112990590616562e+01
3.2098096158702937e+01
3.6240010281907857e+01
4.0528824826288421e+01
4.4953413117744169e+01
4.9501459673000717e+01
5.4159502501578523e+01
5.8912986635102733e+01
6.3746343156292923e+01
6.8643070186299852e+01
7.3585813630144514e+01
7.8556474241927006e+01
8.3536315147925976e+01
8.8506071214594698e+01
9.3446073712240548e+01
9.8336378038215116e+01
1.0315689645065831e+02
1.0788753645740938e+02
1.1250833976067496e+02
1.1699962393740148e+02
1.2134211846740801e+02
1.2551709914535834e+02
1.2950652551715706e+02
1.3329317372480116e+02
1.3686076018838270e+02
1.4019405238399875e+02
1.4327897845045848e+02
1.4610273128567067e+02
1.4865385334134183e+02
1.5092230798887309e+02
1.5289954978022271e+02
1.5457858048672463e+02
1.5595399210442824e+02
1.5702198807328671e+02
1.5778039310977283e+02
1.5822865793351781e+02
1.5836784774328297e+02
1.5820060867571183e+02
1.5773112922915948e+02
1.5696509343272888e+02
1.5590962049375119e+02
1.5457318945781321e+02
1.5296555522410324e+02
1.5109765716668156e+02
1.4898152269468906e+02
1.4663016346886323e+02
1.4405746224539345e+02
1.4127805701795515e+02
1.3830722649951915e+02
1.3516076517100055e+02
1.3185486875927043e+02
1.2840601983449531e+02
1.2483086222113111e+02
1.2114609103340909e+02
1.1736835041305983e+02
1.1351411926557094e+02
1.0959960763245455e+02
1.0564065883899281e+02
1.0165266188208793e+02
9.7650486517593308e+01
9.3648404673919259e+01
8.9660019029410876e+01
8.5698216476741052e+01
8.1775122310699615e+01
7.7902054701913073e+01
7.4089491073232566e+01
7.0347051274930536e+01
6.6683480747827218e+01
6.3106644073960041e+01
5.9623529699412572e+01
5.6240252701693620e+01
5.2962061907970487e+01
4.9793368166364097e+01
4.6737772986863391e+01
4.3798100643886443e+01
4.0976430654954626e+01
3.8274122875325382e+01
3.5691863748503884e+01
3.3229713618989422e+01
3.0887150140211489e+01
2.8663112866653680e+01
2.6556049371988703e+01
2.4563963119394447e+01
2.2684451839480690e+01
2.0914766899663928e+01
1.9251861691641938e+01
1.7692423358450640e+01
1.6232919804356150e+01
1.4869643339552105e+01
1.3598747330236664e+01
1.2416276388117668e+01
1.1318208684908484e+01
1.0300486322319161e+01
9.3590313847161930e+00
8.4897829274383518e+00
7.6887231215755163e+00
6.9518918739848621e+00
6.2754056979011423e+00
5.6554802104199444e+00
5.0884433839079026e+00
4.5707375416449274e+00
4.0989427344816924e+00
3.6697841306062520e+00
3.2801273432616207e+00
2.9269865638793298e+00
2.6075283058287533e+00
2.3190714567543451e+00
2.0590833808910447e+00
1.8251869067770723e+00
1.6151554355605542e+00
1.4268964193311247e+00
1.2584574394231463e+00
1.1080241557044181e+00
9.7391745448776479e-01
8.5458712255363656e-01
7.4860088638490552e-01
6.5463864750665524e-01
5.7148512726415879e-01
4.9802885221452659e-01
4.3325957362234319e-01
3.7625877162493243e-01
3.2618903953050521e-01
2.8228241435062057e-01
2.4384453750564239e-01
2.1025568170527287e-01
1.8095422862054428e-01
1.5543510533225877e-01
1.3325383834481830e-01
1.1401131183370984e-01
9.7350402763622002e-02
8.2952004421953718e-02
7.0531617390135692e-02
5.9836152434239467e-02
5.0642515154866334e-02
4.2756720537549898e-02
3.6006704411835823e-02
3.0235251524951587e-02
2.5302605227721882e-02
2.1087607263896361e-02
1.7491942673946492e-02
1.4428015426101181e-02
1.1813545661487061e-02
9.5809579580841409e-03
7.6730103829471480e-03
6.0282457705803953e-03
4.5904514173076292e-03
3.3078868261175167e-03
2.1407598852480714e-03
1.0569202989169225e-03
2.0571093395654868e-05
-1.0059731119005759e-03
-2.0525574808669062e-03
-3.1612640535439956e-03
-4.3793694938615560e-03
-5.7632877307377131e-03
-7.3667276370777040e-03
-9.2605428570801101e-03
