3.5317126771782513e-13
-2.3303126013029115e-12
-2.2010179286138542e-13
1.0066240287500905e-12
7.7241044405296882e-13
-1.5185798189893207e-13
9.0869093655810783e-13
2.9305052343378576e-13
3.3717224908404969e-13
8.1098460094389979e-13
4.9367200188118976e-13
-1.6389473231120205e-12
-7.7935484305639601e-13
-8.8870608231225704e-13
-1.3410002681641841e-12
6.3305185951505038e-13
-9.0222369338057286e-13
-4.6497894302077145e-12
-5.1921566328439312e-12
-6.1288869320792431e-12
-9.1713799435541894e-12
-1.3122205569309122e-11
-1.7025394318860557e-11
-2.7863949099135980e-11
-3.5659641546329158e-11
-4.8750178477922604e-11
-7.3076783457506584e-11
-1.0306477639732001e-10
-1.3962668456848165e-10
-1.9929107914762400e-10
-2.7957818330175670e-10
-3.8848718923086411e-10
-5.4194600444041073e-10
-7.5654984962500935e-10
-1.0472921930269267e-09
-1.4511272807204772e-09
-2.0081054698842868e-09
-2.7679431493657597e-09
-3.8111411923663055e-09
-5.2363462997722690e-09
-7.1735068635857751e-09
-9.8103018456647109e-09
-1.3388503047062248e-08
-1.8233631436153674e-08
-2.4774781274862305e-08
-3.3597060594159571e-08
-4.5459135249260154e-08
-6.1379730576007826e-08
-8.2697485713978843e-08
-1.1117965912788300e-07
-1.4915494555912385e-07
-1.9967275314830628e-07
-2.6672783370150547e-07
-3.5554240678515996e-07
-4.7291908816020898e-07
-6.2769650730670044e-07
-8.3134287490627282e-07
-1.0987085980543825e-06
-1.4489522812920949e-06
-1.9067557190916423e-06
-2.5038290059290644e-06
-3.2808277227138908e-06
-4.2897304049510456e-06
-5.5968677413519070e-06
-7.2866553754108614e-06
-9.4662730665993366e-06
-1.2271494659519830e-05
-1.5873882097118871e-05
-2.0489702535636067e-05
-2.6390952193883332e-05
-3.3918827383081437e-05
-4.3500353433803058e-05
-5.5668642655364339e-05
-7.1087641488575698e-05
-9.0582199761903655e-05
-1.1517457603546402e-04
-1.4612855743397467e-04
-1.8500264827327870e-04
-2.3371406238201301e-04
-2.9461542552762141e-04
-3.7058642780265469e-04
-4.6514310509829612e-04
-5.8256765243794957e-04
-7.2806219456234434e-04
-9.0793041733813339e-04
-1.1297913547007742e-03
-1.4028302934931400e-03
-1.7380923114399610e-03
-2.1488245370604839e-03
-2.6508738926764152e-03
-3.2631478892560565e-03
-4.0081465155745359e-03
-4.9125741559002505e-03
-6.0080410869701312e-03
-7.3318647916637645e-03
-8.9279819234105804e-03
-1.0847982331027054e-02
-1.3152276984634755e-02
-1.5911411942975497e-02
-1.9207540652856743e-02
-2.3136066786158267e-02
-2.7807469447977434e-02
-3.3349322004440907e-02
-3.9908514724328402e-02
-4.7653689980063543e-02
-5.6777896926216209e-02
-6.7501470123927904e-02
-8.0075133521506164e-02
-9.4783327689131711e-02
-1.1194775383924473e-01
-1.3193112310407629e-01
-1.5514109390777250e-01
-1.8203437368470546e-01
-2.1312095393482403e-01
-2.4896843965962759e-01
-2.9020642555750042e-01
-3.3753086193226595e-01
-3.9170834358266216e-01
-4.5358024457764856e-01
-5.2406661132913546e-01
-6.0416971579711354e-01
-6.9497716022047451e-01
-7.9766441467336513e-01
-9.1349665940696290e-01
-1.0438297956117986e+00
-1.1901104810922836e+00
-1.3538750420806291e+00
-1.5367471091760554e+00
-1.7404338245816158e+00
-1.9667204697991054e+00
-2.2174633684011931e+00
-2.4945809272058295e+00
-2.8000426919867345e+00
-3.1358563108380944e+00
-3.5040523195291158e+00
-3.9066666889694397e+00
-4.3457211053422702e+00
-4.8232009881055253e+00
-5.3410312902855646e+00
-5.9010501685011025e+00
-6.5049806568471578e+00
-7.1544005282999734e+00
-7.8507105792998901e+00
-8.5951016263527311e+00
-9.3885205572890946e+00
-1.0231635832797650e+01
-1.1124802885049331e+01
-1.2068029908198168e+01
-1.3060944578886199e+01
-1.4102762282527515e+01
-1.5192256451105644e+01
-1.6327731639861639e+01
-1.7506999981674898e+01
-1.8727361658309832e+01
-1.9985590015945252e+01
-2.1277921927634782e+01
-2.2600053967086982e+01
-2.3947144905872086e+01
-2.5313824980285343e+01
-2.6694212294206974e+01
-2.8081936632004236e+01
-2.9470170850765744e+01
-3.0851669906250187e+01
-3.2218817442856398e+01
-3.3563679747220100e+01
-3.4878066729524292e+01
-3.6153599459433778e+01
-3.7381783646943973e+01
-3.8554088325678912e+01
-3.9662028870086708e+01
-4.0697253361748409e+01
-4.1651631216363498e+01
-4.2517342894954545e+01
-4.3286969452796725e+01
-4.3953580630128620e+01
-4.4510820161215129e+01
-4.4952986975036652e+01
-4.5275110982012130e+01
-4.5473022187657499e+01
-4.5543411945793714e+01
-4.5483885259779150e+01
-4.5293003159524446e+01
-4.4970314322371642e+01
-4.4516375265423193e+01
-4.3932758612051209e+01
-4.3222049123557589e+01
-4.2387827383914825e+01
-4.1434641227785981e+01
-4.0367965204961649e+01
-3.9194148574421000e+01
-3.7920352513410954e+01
-3.6554477408000999e+01
-3.5105081257116332e+01
-3.3581290368822849e+01
-3.1992703652560579e+01
-3.0349291911594879e+01
-2.8661293613737030e+01
-2.6939108664711824e+01
-2.5193191725919323e+01
-2.3433946607112023e+01
-2.1671623224959166e+01
-1.9916218552156451e+01
-1.8177382889772861e+01
-1.6464332681079814e+01
-1.4785770950220272e+01
-1.3149816297506399e+01
-1.1563941217859265e+01
-1.0034920334507570e+01
-8.5687889590982369e+00
-7.1708122072051106e+00
-5.8454647174840337e+00
-4.5964208475919728e+00
-3.4265550538200418e+00
-2.3379520071555886e+00
-1.3319258588473768e+00
-4.0904794583812931e-01
4.3081787762501095e-01
1.1884731800491373e+00
1.8653371258345004e+00
2.4633938853018318e+00
2.9851363073888413e+00
3.4335068825370940e+00
3.8118370061524418e+00
4.1237855183294663e+00
4.3732774452645682e+00
4.5644438035207031e+00
4.7015632527307325e+00
4.7890062974046952e+00
4.8311826466231516e+00
4.8324922441108074e+00
4.7972803825992081e+00
4.7297972175500425e+00
4.6341618986316959e+00
4.5143314442574614e+00
4.3740743966973570e+00
4.2169492142224332e+00
4.0462872833961381e+00
3.8651803698284501e+00
3.6764722699963004e+00
3.4827543806017713e+00
3.2863648650644808e+00
3.0893910694598472e+00
2.8936748217443808e+00
2.7008202383322990e+00
2.5122036599168927e+00
2.3289853436816146e+00
2.1521225502330319e+00
1.9823836804374768e+00
1.8203631384017320e+00
1.6664966217202344e+00
1.5210765673684770e+00
1.3842675108996059e+00
1.2561211468610531e+00
1.1365909086719388e+00
1.0255459165694372e+00
9.2278417127725265e-01
8.2804489892736655e-01
7.4101997874868719e-01
6.6136440910738159e-01
5.8870578891315428e-01
5.2265281084794102e-01
4.6280277939715725e-01
4.0874818102328786e-01
3.6008234542254147e-01
3.1640424639700671e-01
2.7732249787901087e-01
2.4245860597942173e-01
2.1144954109389708e-01
1.8394969581010340e-01
1.5963229456306471e-01
1.3819031990199332e-01
1.1933701827244350e-01
1.0280604513889494e-01
8.8351305962951848e-02
7.5746545399310070e-02
6.4784732727630565e-02
5.5277287126922925e-02
4.7053181753642648e-02
3.9957961088472965e-02
3.3852701573475232e-02
2.8612941399702028e-02
2.4127601297424184e-02
2.0297914506044540e-02
1.7036380743489940e-02
1.4265755885876695e-02
1.1918086422356665e-02
9.9337952713588768e-03
8.2608234928590631e-03
6.8538306089247058e-03
5.6734548345183907e-03
4.6856330942031026e-03
3.8609798719791808e-03
3.1742230097014162e-03
2.6036940415632101e-03
2.1308701147950797e-03
1.7399643555332676e-03
1.4175612345642731e-03
1.1522934751494031e-03
9.3455702586209136e-04
7.5626067141779162e-04
6.1060695121907722e-04
4.9190128581461893e-04
3.9538625554803072e-04
3.1709831889401767e-04
2.5374435020909954e-04
2.0259568110506007e-04
1.6139740953403770e-04
1.2829115438049398e-04
1.0174938224520045e-04
8.0519835318252413e-05
6.3578621067183596e-05
5.0090744832960984e-05
3.9377035660877320e-05
3.0886500756561707e-05
2.4173275378760692e-05
1.8877494714384688e-05
1.4709434662629299e-05
1.1436458019565228e-05
8.8722069453680236e-06
6.8677918964884779e-06
5.3045543799171857e-06
4.0881605536690803e-06
3.1437950203437743e-06
2.4122895947570593e-06
1.8469448474369830e-06
1.4110006531236141e-06
1.0756052056361250e-06
8.1814185879524785e-07
6.2094807953185144e-07
4.7025782728869782e-07
3.5536212696237269e-07
2.6795199546289662e-07
2.0160359051334967e-07
1.5135482926129678e-07
1.1338218223526601e-07
8.4752306517822212e-08
6.3215697733633289e-08
4.7047679953144390e-08
3.4939420624872220e-08
2.5891353694474852e-08
1.9143920687587151e-08
1.4125595990851399e-08
1.0400851219988888e-08
7.6406813536820561e-09
5.6004393800552609e-09
4.0977515685021798e-09
2.9891281221389248e-09
2.1767594665148355e-09
1.5857469714414916e-09
1.1480011478680064e-09
8.3001280049638692e-10
5.9940849269229949e-10
4.3450764295503963e-10
3.1038473392456348e-10
2.2403448135083133e-10
1.5938603127034472e-10
1.1544310052827626e-10
8.1579255133354434e-11
6.0142294649302186e-11
4.1128146333635888e-11
3.0228055397237931e-11
2.1521685607524110e-11
1.2343844115802910e-11
1.0173781298533695e-11
8.7747759231349137e-12
4.9732819314857918e-12
4.8332485297596196e-12
3.9596534205994423e-12
2.9093688430309499e-12
1.3369852369414776e-13
1.1151938350317652e-12
-9.5682925148779684e-14
9.7996684329808545e-13
-2.0215400526924914e-13
1.0137378904004237e-12
-7.7817950945902733e-13
1.6124569775116948e-12
5.5230179473029304e-13
4.6189190042753126e-13
-6.5021787389719266e-13
7.6594235492607099e-13
-1.7875319195664586e-12
3.6557920758395202e-13
-8.0648801722014046e-13
-1.8355713739207708e-12
-2.0012887133946975e-13
1.9875051661112334e-12
-3.5831950755114975e-13
5.3612593987714849e-13
5.5103479824998094e-13
-4.9053983804959614e-13
6.0671179444491469e-13
9.0434302466708105e-14
-2.3873380110959414e-13
-8.1495385254673358e-13
-2.8584877780286287e-13
7.4262375797073951e-13
-2.6610825775720572e-12
4.4017616505783084e-14
1.5699268915941216e-13
-1.3071690654429386e-12
1.3111692822721646e-12
-1.0331384772181310e-13
-5.0173503458419975e-13
7.7327335754596626e-13
-1.0884479256005248e-13
-1.5327785594981378e-12
1.2574234110580405e-12
1.3298997875287739e-12
8.1887104611266675e-13
4.5567323785345408e-13
1.3929391791768241e-12
-2.4863727752000461e-13
9.7187053198254564e-15
-2.4698483546227953e-13
-8.7761587501221827e-13
-7.5793287686209890e-13
1.0487674633100707e-12
-2.0678747647659527e-12
1.6643818869975571e-12
1.9008268014473006e-12
-1.2134620160406419e-12
-2.2900208157209000e-12
1.7850199931876446e-12
-1.6096233225449462e-12
-9.7251758901422277e-13
9.7085560191245314e-13
2.9812097962372433e-12
4.1225303094815922e-13
2.0008334173825965e-13
-1.1363185811449736e-12
-1.6627228418653647e-12
1.2130277879731561e-12
8.6710834648444169e-13
-1.4136534575448827e-12
1.4888456738365495e-12
8.5559967987478510e-13
1.5683850610931769e-13
1.1480193926462562e-12
1.3320832099612431e-12
4.8842185414619376e-13
-5.6963038030249519e-13
4.7996670543952975e-13
-1.2409694419219625e-12
-2.3757536074200693e-12
1.9320861120424070e-12
9.0705150973775292e-14
-1.8638447616080600e-12
2.3546689562603043e-12
1.1385390212774075e-12
-1.5257497355359118e-12
3.3781354572812996e-13
-1.1741296412628617e-12
2.3528718142614941e-12
3.1045692411919912e-13
3.3064865985928111e-12
-2.2182400078991617e-12
2.5335767398945719e-12
1.0968472065203163e-12
6.3919282740235408e-13
-3.2931506901172853e-13
5.8161787583102327e-13
-1.4716631353736365e-12
-1.6890880945753121e-12
1.0163460525827373e-12
-9.1074097216387957e-13
-1.6869922412333375e-12
2.9418247461586173e-12
-7.6468871595014551e-13
5.1365149835287226e-13
1.1767558760990980e-12
1.3938060331408002e-12
-2.2949901587595553e-12
1.5582817497090466e-14
3.1254503616759922e-13
1.9196180673240963e-12
-1.0749938071314753e-12
7.2968152200594308e-13
-9.6551664365268550e-13
2.1335962713358226e-13
2.0351560478315453e-12
-1.1661473619266169e-12
-1.3728483150300911e-13
1.8303179173101032e-12
-1.2785397202427265e-12
-9.1012607056569341e-14
1.0720531122560195e-12
-1.0288252514793847e-13
1.0423274166635978e-12
-7.3841391479666891e-13
4.7429570551872665e-13
-1.9622185037697323e-12
1.7568288559182399e-13
1.4516617427669341e-12
3.2361690947210509e-13
-6.1542270783489195e-13
1.4107913074649155e-12
-8.2201727509711547e-13
6.8764063349230473e-15
1.7999660849426470e-12
-1.7755925328760579e-12
-4.2733356914577143e-14
2.7773696452882630e-12
-8.9923983867364410e-13
1.7772574945926797e-13
1.2414346201365653e-12
1.1218032620919853e-12
-1.6265066670670726e-12
-1.8583722733176866e-13
-1.7635435097006758e-12
1.4498420746434488e-12
-7.0742129013296240e-13
