9.6269816569500032e-15
1.0358006626776322e-14
1.0803155721009576e-14
3.4888273657785051e-14
3.1123845563229053e-14
2.0006277962969953e-14
2.6038852493297406e-14
1.5923869567587536e-14
1.4108924775276913e-14
1.4171279933355519e-14
2.4897125797615182e-14
4.1184850012680351e-14
4.2414008600332297e-14
3.9681509073508944e-14
3.2497606571363020e-14
4.1452347715737547e-14
3.3510272659431647e-14
3.6972512575905431e-14
4.1656053990800108e-14
4.5153489703517211e-14
4.3662153898433474e-14
6.3648820742150327e-14
6.7174125577294205e-14
5.6603922069084072e-14
6.5497345329077571e-14
7.5051583138399062e-14
5.5403397842218280e-14
7.8393530627130766e-14
7.4198109937144612e-14
7.7507491821713901e-14
9.3798229202045174e-14
8.5448129539380899e-14
6.2682968299706496e-14
6.7534899594451498e-14
6.8229820503237959e-14
8.6201804602732638e-14
5.7421140266334657e-14
5.7695305399586311e-14
6.8043048936028574e-14
4.6367784440523006e-14
7.7795641394379924e-15
1.3223694573360603e-14
1.2091302712649177e-14
7.7904500260155001e-15
-8.6800675296100604e-16
2.2011795811595486e-14
1.5997719230612680e-14
2.6612333450207566e-14
8.2998854950075187e-15
1.6409835179314667e-14
7.6521361046953250e-15
1.8377638571311444e-14
2.4938924675266560e-14
1.7971235157593854e-14
2.4720015683531388e-14
2.4359666720506048e-14
2.0657148400384049e-14
2.0966148646718501e-14
1.8207789805215023e-14
6.3919084495795108e-15
2.5352866688002420e-15
6.8539277808157415e-15
9.7697148090903423e-15
1.9587367260791873e-14
2.9462140694836291e-14
3.9147404194587256e-14
5.7426295514922297e-14
5.7993642447378230e-14
7.8710515611250237e-14
5.2976841083106092e-14
8.0100559340980773e-14
7.9503963503363058e-14
7.6456066957288008e-14
7.3865295582892112e-14
8.2219487167545006e-14
8.3802936962298521e-14
7.9502534829508838e-14
8.3586136564557939e-14
8.0008395953282928e-14
8.7351119605589681e-14
6.5248734319294481e-14
7.9400082950888838e-14
7.7481874633031018e-14
6.3073543778002370e-14
7.6186695223516919e-14
4.9207589546779087e-14
6.3677469534307388e-14
4.4909099274065146e-14
8.3596731152631768e-14
5.2568071262120534e-14
6.4459798977354216e-14
6.6977739538222067e-14
5.1161409119029756e-14
4.1814261744221592e-14
3.9967428663950367e-14
3.8861999747829868e-14
2.0531251881852798e-14
2.6491945934804378e-14
2.3570700165742770e-14
1.0069183327890383e-16
-3.1207151805948958e-15
-1.2519666757151636e-14
1.6865545674319753e-15
3.8402528785618390e-15
7.4123347553843695e-15
2.5976395600581797e-14
3.0562459586975373e-14
3.3788018149970470e-14
2.3456565554125929e-14
3.7569026880240713e-14
3.8090875009799172e-14
2.0756756814317783e-14
4.2015440025743293e-15
-2.3810659301308202e-14
-2.8767047066665835e-14
-5.8498038063259125e-14
-8.5280685061155868e-14
-9.5966797266271273e-14
-1.1329791763472595e-13
-1.2923117598243454e-13
-1.1683857045365740e-13
-1.2267934704489602e-13
-1.1800393616454763e-13
-1.4019855371426556e-13
-1.5726095810324891e-13
-1.5841852066302367e-13
-1.6902673086249420e-13
-1.8853342504856105e-13
-1.7722374647874529e-13
-1.7651558921406751e-13
-2.0061183889054137e-13
-2.3938894129396975e-13
-2.3408339849255117e-13
-2.4694587964335279e-13
-2.6234009734557093e-13
-2.8141073284707001e-13
-2.9840330655490497e-13
-3.0590129910998096e-13
-3.1606081847647265e-13
-3.5440815020753140e-13
-3.9513487171851351e-13
-4.2314741632778241e-13
-4.7346724827217725e-13
-5.1050999131362585e-13
-5.7409714062686672e-13
-6.3966918453250629e-13
-6.7429821941835512e-13
-7.5973419697399574e-13
-7.8658945533253449e-13
-8.3384032140798909e-13
-8.8483471884448375e-13
-9.4179972386419007e-13
-9.7695224641619181e-13
-1.0411592309727313e-12
-1.0984674334161055e-12
-1.1824891012207520e-12
-1.3119234996713564e-12
-1.3983080035579352e-12
-1.5249339038950720e-12
-1.6543256932962149e-12
-1.7948782518699625e-12
-1.9544797579738105e-12
-2.1437199971606832e-12
-2.3636909674221109e-12
-2.5710292239218918e-12
-2.7960303619720144e-12
-3.0748219146928266e-12
-3.3444185308265253e-12
-3.5979322064084940e-12
-3.9674988621956932e-12
-4.3395938669624172e-12
-4.7903236123250095e-12
-5.2810979250077805e-12
-5.8273482971442397e-12
-6.4307894015120393e-12
-7.0762829110025275e-12
-7.8089871992083819e-12
-8.5880942320771445e-12
-9.4562253142814309e-12
-1.0363517552313610e-11
-1.1363507633462812e-11
-1.2406376577179245e-11
-1.3539966218056740e-11
-1.4739517800350781e-11
-1.6025991267902250e-11
-1.7401427362860508e-11
-1.8878613574070329e-11
-2.0431496510846976e-11
-2.2106797517782426e-11
-2.3851657194773828e-11
-2.5711668209320782e-11
-2.7627634097413778e-11
-2.9692577093140987e-11
-3.1808951022653776e-11
-3.4016746106527839e-11
-3.6278459262618463e-11
-3.8622305689678648e-11
-4.0995870146992781e-11
-4.3450853860544811e-11
-4.5905921679096106e-11
-4.8453408026487694e-11
-5.1030432050733075e-11
-5.3614138972491341e-11
-5.6225390875989113e-11
-5.8829011326599569e-11
-6.1458723800714807e-11
-6.4034825054801359e-11
-6.6587369281181101e-11
-6.9131745604057396e-11
-7.1581217661871383e-11
-7.4007124624219692e-11
-7.6307966089172559e-11
-7.8531026314862484e-11
-8.0607365353375038e-11
-8.2571373886422916e-11
-8.4431192906840964e-11
-8.6137004313451293e-11
-8.7677811108389932e-11
-8.9040881352287003e-11
-9.0254447713566322e-11
-9.1291044467829622e-11
-9.2126069603951095e-11
-9.2768450195528763e-11
-9.3234358727548820e-11
-9.3503611216288431e-11
-9.3572621309288338e-11
-9.3450624146904662e-11
-9.3132170092538613e-11
-9.2649300547013926e-11
-9.1914318147510001e-11
-9.1020299584635163e-11
-8.9971878084189421e-11
-8.8685359415451614e-11
-8.7297728954906584e-11
-8.5728189153735904e-11
-8.4022251036088932e-11
-8.2158132060968392e-11
-8.0125167385433964e-11
-7.8044994731896124e-11
-7.5814770810693425e-11
-7.3498610372498433e-11
-7.1129149911775169e-11
-6.8660805924611805e-11
-6.6166944581309857e-11
-6.3651471105360202e-11
-6.1098491357016337e-11
-5.8529157141273351e-11
-5.5981021614917451e-11
-5.3420271455979231e-11
-5.0926203273946597e-11
-4.8422574522490591e-11
-4.5958628323185267e-11
-4.3531199644850965e-11
-4.1135684365077239e-11
-3.8774408792025363e-11
-3.6509361317611407e-11
-3.4261459291252512e-11
-3.2133978003952035e-11
-3.0057755225146601e-11
-2.8080104725039662e-11
-2.6190990300256893e-11
-2.4381401498390441e-11
-2.2657873472360428e-11
-2.1049123468891391e-11
-1.9466493352636168e-11
-1.8002681819150178e-11
-1.6602376484814820e-11
-1.5286521610176385e-11
-1.4053817711480898e-11
-1.2871354302860179e-11
-1.1784700003118166e-11
-1.0790179418167760e-11
-9.8055639319817504e-12
-8.9284598812432043e-12
-8.1104647554621968e-12
-7.3342955394226705e-12
-6.6641880038126743e-12
-6.0400271128777186e-12
-5.4549387144320680e-12
-4.9460636437273841e-12
-4.4554215367966668e-12
-4.0441754240990279e-12
-3.6561311341165550e-12
-3.3200525806652235e-12
-2.9550001799190193e-12
-2.6614600186080009e-12
-2.3834967530318337e-12
-2.1432350998247836e-12
-1.9191919837207119e-12
-1.7440739147067110e-12
-1.5439124086477983e-12
-1.3744277018855563e-12
-1.2370078616105690e-12
-1.0873752333657431e-12
-9.4660021490957626e-13
-8.2140190180638232e-13
-7.0493523076666045e-13
-5.9958775256060048e-13
-5.0155535529478904e-13
-4.3676213013350763e-13
-3.5699525161535230e-13
-3.0222361536162034e-13
-2.2959928868378461e-13
-1.8834658023567729e-13
-1.5878862058863041e-13
-1.3020649258071508e-13
-1.1004306700128897e-13
-1.1812953577470057e-13
-1.0609605694901360e-13
-9.3872870177173624e-14
-6.6922357898467756e-14
-8.2047933542243032e-14
-8.5990515461606146e-14
-8.0724454644090870e-14
-8.8549728659136046e-14
-1.0109481869351108e-13
-9.5336272731267562e-14
-8.0902788948529436e-14
-6.7981845749074920e-14
-6.7355888721798727e-14
-7.2622692179724948e-14
-7.6225417665440466e-14
-8.4614735828193224e-14
-8.4027615676060463e-14
-8.9903820395120227e-14
-6.8615313697690515e-14
-5.4061632712064869e-14
-6.1614600300458988e-14
-5.7951336408472979e-14
-5.3810666348379883e-14
-6.5785475558687793e-14
-8.4774676695014533e-14
-6.8670248047293251e-14
-5.0776002746182981e-14
-2.7113524647203711e-14
-3.3304977075723800e-14
1.2319488380709587e-14
-5.7571850363311082e-16
-2.6156909372656420e-15
9.8803505399073495e-15
2.3194508681874765e-14
5.0129030717840195e-14
6.4760548747326769e-14
7.2807645735968648e-14
5.7542078154661158e-14
8.0361034638118397e-14
6.5115410301741591e-14
4.0419923297944346e-14
6.5059208432580429e-14
8.2647478826536946e-14
6.7160831836016445e-14
6.5963416736004745e-14
8.8064045266970185e-14
9.3922947676382503e-14
9.0909428028257190e-14
8.0932379880892331e-14
9.1122830711659723e-14
9.5174434769962887e-14
6.8853561038256031e-14
5.7494769187378077e-14
7.3129966238329735e-15
-1.4617508662091042e-14
-5.0281039213007001e-14
-7.3845168354175860e-14
-7.0562984798039040e-14
-7.0060640129389879e-14
-9.6192203251323959e-14
-9.9703900494434386e-14
-6.2481847267006386e-14
-6.3042551289290671e-14
-4.1195764518136114e-14
-4.3377145883724443e-14
-2.9399283568814715e-14
-1.9751167402737574e-14
-2.3129446867804630e-14
-5.2975957448897274e-15
8.8764128986305880e-17
2.0960618847081215e-14
1.2308999904154058e-14
4.3366222260684618e-15
2.1038065974045649e-14
1.3440392473190929e-14
-3.1254324625679390e-15
-1.8575517887206294e-15
-1.0407478422608699e-14
-9.6211579268516489e-15
-1.3769750294587961e-14
-4.0154712970820086e-15
-1.7331874429502124e-14
-1.6182374434973240e-15
-2.5122376322444468e-14
-1.4272585354799460e-15
-1.2563649070114964e-14
8.1390301747283865e-15
-1.4919590513506096e-14
9.1025513718797910e-15
-1.1057172327978560e-15
5.3333879890759313e-16
-1.3886042690951888e-14
2.2659927180098505e-15
-1.5149270182383272e-15
2.0353690200436031e-15
1.5914398313566450e-14
1.9451744786293892e-14
1.3298814673556050e-14
6.6264613710162569e-15
-1.2448440992627669e-14
1.7284553096359953e-14
-5.2948910937234299e-15
-1.5393134783728221e-16
2.0272931904955117e-14
2.5490931706481770e-14
3.4577281189383440e-14
1.9850213999586310e-14
4.7738834363714753e-15
5.2154780551013643e-15
2.2509136189195497e-14
4.0615650835993238e-14
3.2266090665685634e-14
4.1082838878269056e-14
7.0165986733778241e-14
4.8099589866661425e-14
4.0441102799826564e-14
4.9977574116685730e-14
5.6220424393986405e-14
5.7046532579869273e-14
4.7038838804595545e-14
7.3581513361714068e-14
7.3863245664110647e-14
4.3242201608613139e-14
5.0501625781730060e-14
2.9997983336247898e-14
2.9823820663985624e-14
4.1906873706617823e-14
3.7821817531727305e-14
6.1040941437005540e-14
7.3693415187741837e-14
5.8275533517973323e-14
4.2886263574489619e-14
4.0295554711706334e-14
3.2406447152264077e-14
4.3418692548828986e-14
4.0752213215336695e-14
7.2674652524696168e-14
7.7564922134975272e-14
6.2153081911596883e-14
3.9049405639541591e-14
4.1641885480093055e-14
2.8553999150913302e-14
3.4259038989897267e-14
4.3900387416048871e-14
4.7627579498174966e-14
5.6524670088286353e-14
4.5792088584866955e-14
3.5303695839452078e-14
3.0832749877295453e-14
3.5030974951191565e-14
3.0671459192412975e-14
1.9014584273089576e-14
1.7886314138337593e-14
2.6783043870165598e-14
1.5906030498635911e-14
2.1229343447357365e-14
1.3784872129148913e-14
2.4316786538043655e-14
3.3765827510055163e-14
4.1731176410802319e-14
5.1940464289043579e-14
5.4187592322868177e-14
3.9923011951803523e-14
1.4228834702653480e-14
4.2186176230035142e-14
1.2553091321158058e-14
1.7143603698077317e-14
1.9869066368574550e-15
1.6483257364041962e-14
1.6818385895769457e-14
5.9816170063283401e-15
1.5543306547216036e-14
3.3569866323286598e-14
2.9669056131482187e-14
8.7068849037485573e-15
1.5637665999391846e-14
2.5751396372933553e-14
4.7033286969320048e-14
3.0301727597345570e-14
4.1598711450350870e-14
5.4234911600367248e-14
2.2063397825438366e-14
2.8321906029464943e-14
3.2195513732436630e-14
4.4059493875164308e-14
3.8064376965159609e-14
-2.6126424751089099e-15
2.7008132996612402e-14
2.6163111072812594e-14
2.0442589246935025e-14
2.2757037231675545e-14
8.8684788932867956e-15
5.5759406956867384e-15
1.1043324522505936e-14
4.3761177653248973e-15
3.7708688429406888e-15
1.0849861185446844e-14
-1.0968196174392076e-14
-1.4295475884041593e-14
-2.7221853208472080e-15
1.0405834467959976e-14
1.3859995884851122e-14
2.9176631826018368e-15
1.8252475505804363e-14
6.7791404761988341e-15
