-1.0157223361510073e-12
9.5060312006400022e-13
-7.8250527931137295e-13
1.2779568741632713e-13
-4.4735699340022292e-13
1.1282801996283033e-12
-2.1842662951648685e-13
2.2101124226507234e-12
4.1219028381043585e-13
-1.1709836207505274e-12
1.4299191254180850e-12
1.2340462592680996e-12
-2.4983960212253366e-12
9.4678959034012040e-13
1.6560910822448378e-13
9.6288273827172538e-13
7.0803391864786481e-13
2.2564241736691348e-12
-4.6518924863917756e-13
-6.9441591351601139e-13
-9.4058970027544081e-13
1.1378500711531102e-12
-8.4927870509195830e-13
2.4942184760104296e-12
-8.4653098216310429e-13
-2.5620814500482336e-13
1.3503340261972055e-12
3.9382150517067126e-13
-2.0503756306686860e-12
-3.0428493414515043e-13
-3.5888699479412739e-13
3.0641617148246689e-13
1.0384416235279385e-12
2.1192805906088014e-12
-6.8855229642867057e-13
9.6301542197997434e-13
1.6612520612351271e-12
-3.6830194192467620e-13
4.7448292917571980e-13
-2.1839820548224652e-13
-5.8321477077521311e-13
9.9670138719564194e-13
3.3481111784875607e-14
-1.3033697698351113e-12
-7.8454414770429449e-13
-1.5828003146668687e-12
-6.5242026202155741e-13
-1.4845523623776085e-12
-4.7597159812715753e-13
4.1338710891776371e-13
-4.9144917867785434e-13
-1.6908623035446172e-12
-1.8335632241106867e-12
-4.5198504924020313e-12
-3.9819179101323826e-12
-7.5813856523008350e-12
-1.3566226103461254e-11
-1.8733044293003686e-11
-3.0847662794658000e-11
-5.3058158813320360e-11
-7.6112588495733222e-11
-1.1872718400827056e-10
-1.7780161821334227e-10
-2.6580307127953315e-10
-3.9114288659536333e-10
-5.7225909879331396e-10
-8.3454225522815607e-10
-1.1995219037006671e-09
-1.7194681194639822e-09
-2.4393576741110003e-09
-3.4424446722618136e-09
-4.8236967709804875e-09
-6.7124375508408213e-09
-9.2814874467416623e-09
-1.2751236933602956e-08
-1.7397986478950340e-08
-2.3582537185350818e-08
-3.1750870682967452e-08
-4.2453801904110312e-08
-5.6356058464586319e-08
-7.4264277612830860e-08
-9.7108266665797328e-08
-1.2594018144144972e-07
-1.6191715769535531e-07
-2.0622231055260368e-07
-2.5995648897582004e-07
-3.2396680327554316e-07
-3.9854739958070940e-07
-4.8300790362280781e-07
-5.7505289592864025e-07
-6.6985915530790050e-07
-7.5878956947157152e-07
-8.2764196497166611e-07
-8.5417316615117767e-07
-8.0483123981263402e-07
-6.3033632469411457e-07
-2.5984261683247895e-07
4.0671187582897769e-07
1.5085353108618251e-06
3.2367561676243713e-06
5.8507393061167684e-06
9.6986651357048274e-06
1.5243335187489865e-05
2.3094231347919056e-05
3.4046931923758316e-05
4.9131189337380770e-05
6.9668998916448579e-05
9.7343953258249849e-05
1.3428331713431291e-04
1.8315391184789149e-04
2.4727276462148417e-04
3.3073296515382576e-04
4.3854453593104425e-04
5.7678901313824242e-04
7.5278522885041709e-04
9.7526184209221090e-04
1.2545298452341254e-03
1.6026452013666115e-03
2.0335480185623023e-03
2.5631599472551959e-03
3.2094157665069956e-03
3.9921984938512487e-03
4.9331391907766961e-03
6.0552335738083135e-03
7.3822169537459533e-03
8.9376272588823618e-03
1.0743472912156037e-02
1.2818408432379960e-02
1.5175305789275846e-02
1.7818094557521279e-02
2.0737728979946548e-02
2.3907126023084674e-02
2.7274906264815678e-02
3.0757760036312053e-02
3.4231255893558389e-02
3.7518908734006859e-02
4.0379332497012921e-02
4.2491318977694932e-02
4.3436712098200152e-02
4.2680988108952836e-02
3.9551508586965052e-02
3.3213487051071959e-02
2.2643803405987758e-02
6.6029147839273229e-03
-1.6394751977169119e-02
-4.8111381417350225e-02
-9.0616597165352697e-02
-1.4631760547656836e-01
-2.1798750098038938e-01
-3.0879034220333662e-01
-4.2230135567061833e-01
-5.6252037456308124e-01
-7.3387637035039743e-01
-9.4122070335808450e-01
-1.1898065133194808e+00
-1.4852515070652013e+00
-1.8334812932265319e+00
-2.2406503789122856e+00
-2.7130379983681578e+00
-3.2569161053316775e+00
-3.8783871457337975e+00
-4.5831896510116881e+00
-5.3764702671928735e+00
-6.2625215711145321e+00
-7.2444859277757461e+00
-8.3240267125076670e+00
-9.5009694520548109e+00
-1.0772916816749881e+01
-1.2134842900542232e+01
-1.3578673827219479e+01
-1.5092863381300297e+01
-1.6661974033768495e+01
-1.8266275360525480e+01
-1.9881373372160816e+01
-2.1477885618512907e+01
-2.3021178026160385e+01
-2.4471180195989216e+01
-2.5782296255132927e+01
-2.6903428250603220e+01
-2.7778128424841427e+01
-2.8344895470343644e+01
-2.8537627979502549e+01
-2.8286245761670976e+01
-2.7517486487716379e+01
-2.6155881261829432e+01
-2.4124908255095097e+01
-2.1348318536932588e+01
-1.7751622807664535e+01
-1.3263721994434052e+01
-7.8186587748924250e+00
-1.3574612131468990e+00
6.1699559773657411e+00
1.4802872282122271e+01
2.4567868706245452e+01
3.5477009709809003e+01
4.7526150633658361e+01
6.0693422991364550e+01
7.4937950106104097e+01
9.0198844149845215e+01
1.0639453260908878e+02
1.2342245751825998e+02
1.4115918448349774e+02
1.5946095063836265e+02
1.7816467136039026e+02
1.9708941502333619e+02
2.1603834350979801e+02
2.3480110395928628e+02
2.5315664461637363e+02
2.7087641504488397e+02
2.8772789878129595e+02
3.0347841511596704e+02
3.1789911651141074e+02
3.3076909956942478e+02
3.4187954078455556e+02
3.5103776386299637e+02
3.5807114337415231e+02
3.6283075009503432e+02
3.6519464668225891e+02
3.6507074825317414e+02
3.6239917097725623e+02
3.5715400268389698e+02
3.4934444251111864e+02
3.3901527140314067e+02
3.2624663139845944e+02
3.1115310866691738e+02
2.9388213265089996e+02
2.7461172091780588e+02
2.5354761591514566e+02
2.3091987522788440e+02
2.0697899069924483e+02
1.8199162347173123e+02
1.5623605128314631e+02
1.2999743094041969e+02
1.0356298260959417e+02
7.7217203315036940e+01
5.1237214844070579e+01
2.5888346210328184e+01
1.4200431360698069e+00
-2.1937813050149611e+01
-4.3978106788692806e+01
-6.4519153321933871e+01
-8.3406785629264306e+01
-1.0051583705332045e+02
-1.1575100915445063e+02
-1.2904712980606760e+02
-1.4036882129705003e+02
-1.4970961182933004e+02
-1.5709053593186374e+02
-1.6255827966251218e+02
-1.6618293481228827e+02
-1.6805543251390506e+02
-1.6828473061511306e+02
-1.6699483091036973e+02
-1.6432170190497303e+02
-1.6041018035296028e+02
-1.5541092055754893e+02
-1.4947745459223233e+02
-1.4276341946655322e+02
-1.3541999912262114e+02
-1.2759362031627391e+02
-1.1942393222119057e+02
-1.1104209029418543e+02
-1.0256935583538751e+02
-9.4116014018846499e+01
-8.5780605174354861e+01
-7.7649456947286794e+01
-6.9796498786108785e+01
-6.2283335099205452e+01
-5.5159549434638201e+01
-4.8463209178442519e+01
-4.2221538512668744e+01
-3.6451726664589692e+01
-3.1161838727328831e+01
-2.6351797432017829e+01
-2.2014406079013582e+01
-1.8136385257899498e+01
-1.4699398865324795e+01
-1.1681048129860288e+01
-9.0558157432180941e+00
-6.7959456551142754e+00
-4.8722475059022070e+00
-3.2548179516109181e+00
-1.9136742016070012e+00
-8.1929787759959061e-01
5.6910231423558347e-02
7.4226182925826134e-01
1.2624947502830495e+00
1.6415627559537063e+00
1.9014946449794121e+00
2.0623151411947429e+00
2.1420196387978168e+00
2.1565947729601223e+00
2.1200769072895902e+00
2.0446409486833592e+00
1.9407123751590372e+00
1.8170959547709549e+00
1.6811153075286678e+00
1.5387581842085019e+00
1.3948230768346124e+00
1.2530635105040462e+00
1.1163270740697713e+00
9.8668691189797797e-01
8.6556400808082412e-01
7.5383913984845330e-01
6.5195385355047031e-01
5.6000022285629247e-01
4.7779948530817645e-01
4.0496992309420454e-01
3.4098456143744948e-01
2.8521940866352297e-01
2.3699306261160588e-01
1.9559856513615223e-01
1.6032840696446313e-01
1.3049357580589838e-01
1.0543750782575137e-01
8.4545752045323774e-02
6.7252094192820758e-02
5.3041815828155377e-02
4.1452689429174246e-02
3.2074234485863426e-02
2.4545685502052460e-02
1.8553052290474572e-02
1.3825587398724507e-02
1.0131915922480880e-02
7.2760298198340347e-03
5.0933021899918695e-03
3.4466370294416646e-03
2.2228362851093148e-03
1.3292379620540576e-03
6.9065669297107809e-04
2.4664019087330453e-04
-5.0958574780648420e-05
-2.4010374850583018e-04
-3.5041083855504637e-04
-4.0471493262596477e-04
-4.2039752082032158e-04
-4.1049770715790603e-04
-3.8463360120001957e-04
-3.4975867246661102e-04
-3.1077635013780099e-04
-2.7103433861851405e-04
-2.3271789007415174e-04
-1.9715919627688917e-04
-1.6507785347640220e-04
-1.3676532824660157e-04
-1.1222440310530573e-04
-9.1272852112242464e-05
-7.3619053830504183e-05
-5.8915840765181401e-05
-4.6797697705587836e-05
-3.6905508382560699e-05
-2.8901991913320496e-05
-2.2480483707363258e-05
-1.7369013908487605e-05
-1.3331142442026051e-05
-1.0164713493168379e-05
-7.6993414028290201e-06
-5.7932249530028935e-06
-4.3296633615743559e-06
-3.2136080707620394e-06
-2.3683903722694398e-06
-1.7327071054494943e-06
-1.2579593091614989e-06
-9.0593978363466821e-07
-6.4684202837832164e-07
-4.5758873377889483e-07
-3.2045732745149804e-07
-2.2192989117636142e-07
-1.5176818295942782e-07
-1.0229514103087943e-07
-6.7779550115326352e-08
-4.3981321066856067e-08
-2.7795419212260199e-08
-1.6958297890887354e-08
-9.8341525445674752e-09
-5.2578509821412751e-09
-2.4066904318815668e-09
-7.0236422840894246e-10
2.5863323332730060e-10
7.4443882856456518e-10
9.4087808582808039e-10
9.6710793820632678e-10
9.0107624834971698e-10
7.9239269104022902e-10
6.7100825687445716e-10
5.4995752232846126e-10
4.4131999368204399e-10
3.5019049436854112e-10
2.6996040656130218e-10
2.0634316147472838e-10
1.5701769182217714e-10
1.1820524806854300e-10
8.6644100970464152e-11
6.3558563988050041e-11
4.6935569362041221e-11
3.3414907024114182e-11
2.4765808932781898e-11
1.6890083570862510e-11
1.2291315986434971e-11
7.6967723393460117e-12
7.1842917375275167e-12
3.8060813591800559e-12
3.1450945086048817e-12
2.9960555321508305e-12
2.0479767073387202e-12
1.7352981912372654e-13
9.0746914730334454e-13
-1.8405555242824468e-13
2.5036973569421370e-13
6.5715428346658134e-13
3.7541319879903754e-13
1.6305426974456166e-13
1.1556732488553031e-12
2.3076815089877993e-13
-8.1779837483193325e-14
-7.0177349065493728e-13
-9.1511436056997278e-13
-4.8732076287482331e-13
1.8905529851150557e-12
1.7015785565058338e-12
-1.9482785335072641e-13
1.9393786873243398e-12
6.2760450433616897e-13
-3.2522033289408053e-13
9.5686799693423310e-14
5.1992072217732137e-13
-7.4283795220436284e-13
-7.1668055228467159e-13
1.8842121683809821e-12
-5.3671718576325368e-13
7.1130761093533896e-13
8.0821415516324929e-13
-4.7945267621303580e-13
-4.8011598176090811e-13
9.4715637883158814e-13
-6.0130230624618680e-13
-3.0713609676277052e-13
8.6122615498612624e-13
-1.7668842959756067e-13
-1.1661750704148607e-12
4.9409998375792465e-13
2.3016521960018191e-13
-1.3551823247602947e-12
-6.4661428194034317e-13
4.8263880115199245e-13
1.0325782669383179e-14
1.6180927126997277e-12
2.2371976809020587e-13
-1.3664105601548278e-13
5.1895938222934599e-13
-5.7090305165466765e-13
-1.3386081096153268e-12
6.6802675500322796e-13
2.2852833568912543e-12
3.2309711523346231e-13
1.2105945137900118e-12
1.5776565194680695e-12
-6.8967405090681608e-13
6.9617828059420813e-13
1.6086976347982031e-13
6.2071308671628621e-13
6.3498971542908829e-13
1.9302086661124045e-12
-8.9310343851819973e-13
7.8688542958482295e-14
-1.0222075200575021e-12
-9.1672063025337612e-13
-1.7958770503603597e-12
9.2264677408263718e-13
7.1471974190207474e-13
-9.8658895110591457e-13
-3.1049158671185958e-13
9.9408092503855909e-13
-8.0501708955502044e-13
-1.0965520938429610e-13
-3.6434638230409092e-13
-4.3502898456152714e-13
-3.8311182088421535e-13
8.1661341793299258e-13
-2.1884821204518552e-12
-8.0554476576554805e-13
-1.1150069094085974e-12
-1.0593746840086860e-12
-1.6373074893963689e-12
-2.1525016030830362e-13
5.4906461382619158e-13
4.8734976228736884e-13
7.9742909369152003e-13
2.8970108917013752e-13
-7.2944346413379455e-13
6.0591414251832315e-14
-5.2736193488471198e-13
-1.1582244986987307e-12
-8.1237207926794287e-13
1.0112761065277083e-13
-3.2860089861522539e-13
-3.8558382728036095e-13
4.6788026773976001e-13
-8.4435024847071983e-13
-3.8698134719463902e-13
5.5496377584633850e-13
-1.0362684406906698e-12
-1.1937523681017766e-12
2.0115124452222580e-13
3.7504717761371165e-13
-1.7697483381872480e-12
-1.0183265799964706e-12
1.0543316388509347e-12
8.1512899321799605e-13
4.2066599361467017e-13
-1.1649980672992386e-12
-1.1686364369378709e-13
