4.3477572728237686e-15
1.0622304918148127e-14
1.2371682120645099e-14
9.0709806601820719e-15
1.1960138541877941e-14
2.0029249904784650e-14
1.2455296238079306e-14
6.2535495275571882e-15
-6.1451571869303878e-16
-1.3645897563552806e-15
4.9052029767655744e-15
2.2571536711014180e-15
4.0006896389125978e-15
6.6058902195636405e-15
6.1164119496920074e-15
1.9098187823261549e-14
1.1371267810285871e-14
1.4659628521431033e-14
1.4453234847257898e-14
2.1477112979972847e-14
3.1623773187141085e-14
2.4952659621579591e-14
4.0174684676998532e-14
4.2850357162718005e-14
3.2987048545118229e-14
6.2962803440612362e-14
4.0371108307063254e-14
4.1688823753760332e-14
7.0313127328411950e-14
6.0270370272963128e-14
6.4076560508309521e-14
4.8605764135078640e-14
3.7548386130201980e-14
3.2474838243024423e-14
4.3856988731034487e-14
4.3842204462285788e-14
4.6948363932733877e-14
4.7051469236819659e-14
5.1057755218010590e-14
4.4158655924714568e-14
6.4427146895144925e-15
-5.0584425789759392e-15
1.3886363308837424e-14
1.1974448149939317e-14
2.8829959855313180e-15
3.1656770634614679e-15
-8.6656754079089385e-16
1.0703637166891670e-14
-4.5469806607037983e-15
-2.4775888704491655e-15
-8.4729966899313810e-15
2.0737120870764345e-15
1.7658644321276098e-14
8.4519164149018114e-15
1.1947208579951738e-15
-3.8082894180210315e-15
-1.0116579721549600e-14
-1.7815510476506072e-14
-9.3790276874931232e-15
7.1376231138326054e-15
2.7236977774097859e-15
6.7384320922841891e-15
2.0963489138956936e-14
1.9016893935805126e-14
1.3348648620589716e-14
4.0792345469027661e-14
4.1751982325867120e-14
5.3269527951380836e-14
5.0822743664966813e-14
5.3001616605102845e-14
6.0381695691667494e-14
7.2748796392891323e-14
7.5193391261241823e-14
9.0734356031176156e-14
9.1417644216322180e-14
1.1028032569786007e-13
9.3278991221466723e-14
1.0051221611615502e-13
8.9652580320496128e-14
8.3041383598743448e-14
7.1982252724146100e-14
7.0748913895873662e-14
5.2571166827421400e-14
6.8413485640981210e-14
2.9387612254584071e-14
2.6653966931209736e-14
4.0948880670941237e-14
4.4416999033562080e-14
3.8212004335328950e-14
5.6894803900020013e-14
4.2718353511783780e-14
5.8787205097386873e-14
4.3763976144697277e-14
3.6960861971892151e-14
4.5634903413500847e-14
4.4990094283864290e-14
1.8853254024903567e-14
2.3649316185237893e-14
1.7434581101457102e-14
7.2744437245861565e-15
-6.2233094511874138e-15
-7.4756793247695936e-15
1.9665717213873314e-15
3.3490706218491496e-14
3.5054879629722384e-14
6.2409702465207305e-14
4.0071732038612744e-14
6.5476178812715904e-14
6.9293424032808172e-14
4.7550069054546920e-14
6.4027203072655085e-14
2.6486465911489682e-14
-1.6581418921543836e-14
1.5981194490630966e-15
-3.2402618405259899e-14
-3.5394464345358242e-14
-4.0965471268515772e-14
-5.0739801326777613e-14
-5.2139227880839972e-14
-4.1185917732846375e-14
-5.3119903647938393e-14
-6.7583202831197485e-14
-7.1203046694057693e-14
-8.1442613443225836e-14
-9.5904075476475867e-14
-8.8793044078284184e-14
-8.9457700589309252e-14
-1.0677772630781739e-13
-1.1970354793125520e-13
-1.1261134072399629e-13
-1.1314832541884222e-13
-1.3170220482506401e-13
-1.3340367367632229e-13
-1.5373479241886079e-13
-1.6493731930251042e-13
-1.6474532317102592e-13
-1.7020230626606511e-13
-2.0556329025607951e-13
-2.3545396061956556e-13
-2.6320483742634583e-13
-2.9092548222883989e-13
-3.2509543235578295e-13
-3.6034397441591232e-13
-4.3219264928136277e-13
-4.7572081261258954e-13
-5.3646577597359544e-13
-5.8145926819249058e-13
-6.4306416577621701e-13
-6.9134405021268314e-13
-7.1407918178575874e-13
-7.7161644622321840e-13
-8.0371347857734501e-13
-8.8954430674427689e-13
-9.9026342515354320e-13
-1.0706635100847362e-12
-1.1838569210516587e-12
-1.3113020170391088e-12
-1.4125923780076886e-12
-1.5779723788625693e-12
-1.7401359963176064e-12
-1.8974659741212261e-12
-2.0929957283357533e-12
-2.3251021921748111e-12
-2.5650991536224723e-12
-2.8267097684117629e-12
-3.1018128813480576e-12
-3.4276128555849327e-12
-3.7657261562317899e-12
-4.1431360199904373e-12
-4.5865256607659041e-12
-5.0913902232523935e-12
-5.6196495126516454e-12
-6.2310833724548380e-12
-6.8725187242220758e-12
-7.6290629759762831e-12
-8.4388874010542299e-12
-9.3687212642110397e-12
-1.0317548984026895e-11
-1.1355830876594497e-11
-1.2481655021433532e-11
-1.3700228377570802e-11
-1.4986664165944727e-11
-1.6384319597877395e-11
-1.7867873452592003e-11
-1.9456301573279498e-11
-2.1164789535165797e-11
-2.2949211049370794e-11
-2.4881135237443925e-11
-2.6921963965494046e-11
-2.9037235819208427e-11
-3.1335516077830569e-11
-3.3712465622597451e-11
-3.6219247344719375e-11
-3.8820709164375926e-11
-4.1501932258023970e-11
-4.4269617100187862e-11
-4.7109983071439631e-11
-4.9996449808688409e-11
-5.2991355022595986e-11
-5.6011835696305752e-11
-5.9086334847019185e-11
-6.2215317229004756e-11
-6.5348392742487414e-11
-6.8506746527583020e-11
-7.1690232227298174e-11
-7.4810899213876627e-11
-7.7972774812790399e-11
-8.1070712413317939e-11
-8.4116441627906867e-11
-8.7071757331855610e-11
-8.9958864452490021e-11
-9.2720200365417844e-11
-9.5383227358139265e-11
-9.7894056474807371e-11
-1.0029522338513455e-10
-1.0246666208557746e-10
-1.0448712264136680e-10
-1.0631668204071789e-10
-1.0796392890853343e-10
-1.0939719399281971e-10
-1.1062557465197348e-10
-1.1158006026813330e-10
-1.1237056963822677e-10
-1.1289148154968565e-10
-1.1319128192063719e-10
-1.1325939645063739e-10
-1.1310350393888785e-10
-1.1270087064993271e-10
-1.1205000260586041e-10
-1.1111329839732748e-10
-1.1004947743795622e-10
-1.0867852078807957e-10
-1.0715966801970950e-10
-1.0544051523390986e-10
-1.0350110378088152e-10
-1.0141256385857134e-10
-9.9181549807741541e-11
-9.6747721740528530e-11
-9.4158206155233831e-11
-9.1476978936612734e-11
-8.8627162905182024e-11
-8.5741034511736419e-11
-8.2772677736221173e-11
-7.9782702125874688e-11
-7.6701216421419359e-11
-7.3610023165001076e-11
-7.0488158046692113e-11
-6.7411481077922739e-11
-6.4320545999584480e-11
-6.1239108725807252e-11
-5.8227657708705886e-11
-5.5235497447348251e-11
-5.2291408861628478e-11
-4.9413033838337114e-11
-4.6567587853313617e-11
-4.3812985626432524e-11
-4.1099115659066285e-11
-3.8501625974348048e-11
-3.6025815818166695e-11
-3.3622046435854048e-11
-3.1342406211948978e-11
-2.9147922857819744e-11
-2.7077889365920668e-11
-2.5112405213050354e-11
-2.3238760878978996e-11
-2.1454074594939113e-11
-1.9772330948395395e-11
-1.8206898193987570e-11
-1.6722299143458635e-11
-1.5332588631663225e-11
-1.4007222558911249e-11
-1.2787206488760869e-11
-1.1611609156799505e-11
-1.0554078089443634e-11
-9.5811353708665214e-12
-8.7004775340027768e-12
-7.8667785865288784e-12
-7.1226256079154769e-12
-6.4439749544663646e-12
-5.8498611716394957e-12
-5.2703040537904196e-12
-4.7658768941084979e-12
-4.2911318540524672e-12
-3.8794811051137386e-12
-3.4673866842567290e-12
-3.1188844862414850e-12
-2.7949456293635819e-12
-2.4927731856955454e-12
-2.2355993247552635e-12
-2.0117044787650149e-12
-1.7796401601054106e-12
-1.6001575745913255e-12
-1.4272966004964167e-12
-1.2579061001167672e-12
-1.1141129374369764e-12
-9.9237514937712501e-13
-8.2531872927992875e-13
-7.1869479719549612e-13
-5.9858905269441002e-13
-5.2124311015000955e-13
-4.4191234026447100e-13
-3.7218870879802306e-13
-2.9734833332663782e-13
-2.5500124496551695e-13
-2.0232848984773115e-13
-1.7531373162263454e-13
-1.3732841914762351e-13
-1.3079202839014721e-13
-1.1393715646137092e-13
-1.0902976888321566e-13
-9.7093332025784808e-14
-1.0240065680833585e-13
-9.4346213813269767e-14
-1.0741194735361000e-13
-1.0814768999048260e-13
-1.1011002371359993e-13
-8.5333041055900075e-14
-9.0822361773903556e-14
-8.5500479042531881e-14
-5.8174086091098783e-14
-4.8141750091083109e-14
-6.7582413734904790e-14
-5.9668690308303776e-14
-8.8987748308016051e-14
-8.4655947973340326e-14
-6.8589214261867102e-14
-4.7113491005743201e-14
-6.1777707478474803e-14
-5.9266274067463395e-14
-7.0641947994902714e-14
-7.6846116867651210e-14
-9.1662579944472144e-14
-8.1857453334853836e-14
-4.7007073813259227e-14
-3.0870590001303753e-14
3.3255557467386943e-15
1.9237176356623696e-14
3.1556522176392335e-14
5.3827239332258773e-14
2.8986526557705272e-14
7.0900835489986437e-14
9.5288076475846044e-14
8.2494731185271024e-14
8.5913839864870967e-14
1.2030180495269119e-13
9.8323481902911918e-14
1.1102014538435048e-13
8.6410072446356339e-14
9.8266145138833285e-14
1.0485020179466289e-13
1.1343499489739930e-13
9.9137673560590904e-14
1.4041228211811498e-13
1.1807536672475138e-13
1.2524483232771589e-13
1.4195805593559437e-13
1.4188256082013165e-13
1.2707330899664646e-13
1.3631475147890020e-13
7.3372328841578073e-14
4.7997987343390811e-14
7.8660784194343218e-15
-1.4153345623007881e-14
-5.6115997893362003e-14
-5.2372958084880316e-14
-3.3592322154967752e-14
-7.0861126557090150e-14
-5.4136620049910743e-14
-2.8256506830477660e-15
-1.1748716124373828e-14
8.4329976414740892e-15
5.5500554418190085e-15
1.8284751111228400e-16
3.0527063255205163e-14
2.9182810331923179e-14
2.6501363160398133e-14
4.1463480384182593e-14
4.7386876234566618e-14
5.0510211509758835e-14
2.7549831015802170e-14
3.3514445159796078e-14
2.0595556643898409e-14
2.6562879387727052e-14
3.5933976784582779e-15
1.6295617603976652e-14
4.5475072926663642e-15
1.3347197555636286e-14
5.1437728501943752e-15
3.6125561097362155e-15
-6.2014077334327727e-15
-7.4102413299300872e-15
-2.0924349504133398e-14
-2.9492971937062785e-15
5.4349515658352477e-15
-3.9788708623215598e-15
-2.1969547851718295e-15
4.2083231914895934e-15
-1.3619901188144003e-14
-4.4115402663064101e-16
-1.6514098813557453e-14
-1.0914913121325305e-14
-1.2048732879782868e-14
1.3525768679820228e-15
8.5894741214443944e-15
8.8936254387854967e-16
-1.4901874059134520e-15
9.5703713827376249e-15
-1.2994198122073053e-15
1.1120430812528139e-14
1.0054962451660216e-14
1.8502421606977357e-14
2.4252668632492266e-14
-7.5037304832407984e-16
-1.9988262017008185e-15
1.0701507070231107e-14
1.7443125905206193e-14
1.9693349636641534e-14
3.2392784764567768e-14
3.0278377775843994e-14
4.7957438210485330e-14
4.6475665541378937e-14
1.5413288412887190e-14
1.0423234957237005e-14
2.1265053864958424e-14
4.1656706320620886e-14
5.6824166090370756e-14
6.2007654012131039e-14
6.4449707285244847e-14
8.1896513950775098e-14
5.5725408278751826e-14
6.0519639750105367e-14
6.2824466708492509e-14
6.5563602689471899e-14
4.3455410180639143e-14
4.8566228372331485e-14
6.5088769506264188e-14
5.3732783693337296e-14
3.1887006913643251e-14
2.7136054706437372e-14
3.1032696531222627e-14
3.1539094530319237e-14
4.5857117391161660e-14
4.7244577426523680e-14
7.7674664590344139e-14
5.8402530928073607e-14
4.9172525805983611e-14
3.4428184987012090e-14
2.1860998977660981e-14
3.2199962039541361e-14
2.4573854820578626e-14
2.3748394509198028e-14
5.5633064683379344e-14
5.4258675422707228e-14
2.0769812452888925e-14
3.2493948172811686e-14
3.8249187577383373e-14
2.2929309127380095e-14
2.7283241942088590e-14
3.4093658479878011e-14
4.1018201591159722e-14
5.7676821967490453e-14
2.7324985589984435e-14
2.6009793802905851e-14
4.3070038111426627e-14
3.6681778437043434e-14
2.5659955601933520e-14
2.4765666140527671e-14
3.4253403010200235e-14
2.8100124210208950e-14
2.1538129852764818e-14
3.2232134436616733e-14
1.1155907640597516e-14
-1.5200048728334777e-15
-6.0062334308251485e-15
4.2843368416114506e-15
2.5277340846612311e-14
2.5389035270133729e-14
-4.6705429075742163e-15
6.7261600163738758e-15
1.9122260131577024e-14
5.6750011636267619e-15
3.2826595911461425e-14
3.6491302279538336e-14
3.6226715531509353e-14
4.7509627479077527e-14
2.3546849421512910e-14
4.4169622559300616e-14
2.4866628807120868e-14
4.3164543839677591e-15
2.0203122554394270e-14
1.5486056674607908e-15
1.5541646046325702e-14
3.0331696495135419e-14
1.0066759051512677e-14
6.4392372787030383e-15
2.0947270003284455e-14
-7.0212423255373942e-15
3.2243149478073489e-15
-7.9648268953959493e-15
9.0818886958137913e-15
7.2970727821439736e-15
-1.1051803421901364e-14
-1.0577683984521679e-14
6.0781639803421734e-15
-1.1832777883851091e-14
-1.1890132678240636e-15
-8.3177266071450305e-15
-4.7709413701961983e-15
1.3324439703059863e-14
5.4748932377832081e-15
8.6930806683447974e-15
2.8318302147688862e-14
