-6.8378719739574458e-13
1.4945809270540169e-12
4.8727654408182478e-13
2.0143341917950173e-12
-1.0481017072633091e-12
-1.0986737502490298e-12
1.0207101705520359e-12
-1.8578297591917649e-12
-3.8889406476792403e-12
1.3153885818023853e-12
1.8439168906694575e-12
1.6126527615731562e-12
1.1210005437722909e-12
-1.0601594588599157e-12
3.3349779822238414e-12
-1.5099021740171098e-12
-8.9164592076316769e-13
4.2709026995644081e-13
5.5803295779398702e-13
1.5192149036899355e-12
-3.2335489217963685e-12
-3.2308929439775927e-12
-1.0620661459785182e-12
-2.5012412273048934e-12
-8.7015670435622675e-13
1.6923118689547956e-12
-9.0019830619830613e-13
-8.6849368527310133e-13
1.2396316375359991e-12
3.7019853870045954e-13
-6.5358616818715403e-13
-1.2953495979337213e-12
1.4142293244560820e-12
-3.0391461661331544e-13
5.9185930613497996e-14
5.4523041415146481e-13
5.9953402190554416e-13
6.6625754589616476e-13
1.3131515291370239e-14
-2.1420004328794416e-13
1.5332836762435762e-13
1.0140019958228207e-13
6.0941559871240162e-13
-7.8278716216268178e-13
-1.4429883160539305e-13
1.7726917838002875e-12
-1.7699108691215000e-12
-1.1358294866903139e-12
3.2179785962126589e-13
-7.8373473054049829e-13
-6.1787876765308428e-13
7.3359127773100105e-13
-9.7279624341088651e-17
-7.5252770160946033e-13
-1.2372767678861558e-12
-2.4431888212105656e-12
4.3359153712927248e-13
-4.6157916172795277e-13
-1.1605357064385416e-12
6.6290560365420549e-13
1.6442876465484477e-14
2.0529255476404605e-12
-6.2427339046350113e-13
2.1168793569212190e-13
-1.4848982966739577e-12
-1.9619868901805955e-12
4.6177482801094028e-13
-5.0822436131884140e-14
1.7431880253992287e-13
-1.9937512626302979e-12
-1.8926251398096642e-12
-2.9920865246907876e-12
-2.8031160923383745e-12
-3.9055499965573519e-12
-2.5314564740826880e-12
-3.4487317000104175e-13
4.4070646668099396e-12
8.1885824649529670e-12
1.5595794598721850e-11
3.0897866835302415e-11
5.3700431226527640e-11
9.1144219695490364e-11
1.5367600193829937e-10
2.4132000428674731e-10
3.8000245150970650e-10
5.8478644676247020e-10
8.9038156131608551e-10
1.3411123232058118e-09
1.9984122248095183e-09
2.9476710028635044e-09
4.3147421989240562e-09
6.2654391249576830e-09
9.0333804459055141e-09
1.2936342436207840e-08
1.8412935299441278e-08
2.6046590336456184e-08
3.6632952685121103e-08
5.1237053624978692e-08
7.1272435187052795e-08
9.8620609629180803e-08
1.3576796407329226e-07
1.8596158770709055e-07
2.5344778334594836e-07
3.4373449049748146e-07
4.6391775459487393e-07
6.2310039116970872e-07
8.3286709788502785e-07
1.1078800317228885e-06
1.4665746528597584e-06
1.9319346434532703e-06
2.5324305049049075e-06
3.3030029689211709e-06
4.2861712640822618e-06
5.5331541102910121e-06
7.1049517487755320e-06
9.0733096268531189e-06
1.1521359965669679e-05
1.4543715983178281e-05
1.8245747335935614e-05
2.2741478120538933e-05
2.8149635010908170e-05
3.4586947958229984e-05
4.2157698362983616e-05
5.0938120645437406e-05
6.0953948959140045e-05
7.2148832639795234e-05
8.4340881550115399e-05
9.7163807166278983e-05
1.0998835872150839e-04
1.2181886636566057e-04
1.3115834921579027e-04
1.3583462483053178e-04
1.3277815688481418e-04
1.1774084259551988e-04
8.4942978625503511e-05
2.6633717508255627e-05
-6.7452005704887237e-05
-2.1075918187829626e-04
-4.2072284579504235e-04
-7.1974646109496901e-04
-1.1363748489831541e-03
-1.7066898626340822e-03
-2.4759586380252432e-03
-3.5005652275796810e-03
-4.8502565346221892e-03
-6.6107324668270018e-03
-8.8866077452242655e-03
-1.1804768505217939e-02
-1.5518140117642725e-02
-2.0209873508219831e-02
-2.6097944577797155e-02
-3.3440145130897554e-02
-4.2539423361791992e-02
-5.3749506526611132e-02
-6.7480708390621758e-02
-8.4205787854310613e-02
-1.0446568362642436e-01
-1.2887490200962939e-01
-1.5812628127074391e-01
-1.9299479679174708e-01
-2.3434000687756329e-01
-2.8310667052447430e-01
-3.4032299710229041e-01
-4.0709591518123689e-01
-4.8460267613247970e-01
-5.7407803994574391e-01
-6.7679622957582863e-01
-7.9404678895647696e-01
-9.2710344381771403e-01
-1.0771850468542143e+00
-1.2454076959121694e+00
-1.4327271496124103e+00
-1.6398707354461679e+00
-1.8672580553066789e+00
-2.1149099482544065e+00
-2.3823453736576972e+00
-2.6684661341276610e+00
-2.9714296686462247e+00
-3.2885105137105719e+00
-3.6159514529303660e+00
-3.9488058514513948e+00
-4.2807731952407320e+00
-4.6040304197855084e+00
-4.9090622075105026e+00
-5.1844940454928574e+00
-5.4169324488055368e+00
-5.5908173512463932e+00
-5.6882922231639785e+00
-5.6890979717411740e+00
-5.5704970871463049e+00
-5.3072347916539808e+00
-4.8715441011393965e+00
-4.2332016926326643e+00
-3.3596412627572056e+00
-2.2161306371065335e+00
-7.6601823131070446e-01
1.0289464431566022e+00
3.2082146995303695e+00
5.8119609144473561e+00
8.8805246462329563e+00
1.2453774096085013e+01
1.6570394482846964e+01
2.1267107178681897e+01
2.6577827852425020e+01
3.2532774333821799e+01
3.9157537380594476e+01
4.6472129929687256e+01
5.4490032665570332e+01
6.3217255761177853e+01
7.2651438357402085e+01
8.2781008663318261e+01
9.3584428404141676e+01
1.0502954564660037e+02
1.1707307973242557e+02
1.2966026110286356e+02
1.4272464717062675e+02
1.5618813307785982e+02
1.6996117317878873e+02
1.8394322543385229e+02
1.9802342665174569e+02
2.1208150174245162e+02
2.2598890494613798e+02
2.3961018549665047e+02
2.5280456449986076e+02
2.6542770410536849e+02
2.7733364448435583e+02
2.8837687886124922e+02
2.9841453204762098e+02
3.0730860375264069e+02
3.1492823454474257e+02
3.2115194984647655e+02
3.2586983587019444e+02
3.2898560103144013e+02
3.3041847716521153e+02
3.3010491683989665e+02
3.2800004620210387e+02
3.2407883704450063e+02
3.1833696708473633e+02
3.1079134365869515e+02
3.0148027301824027e+02
2.9046326500705726e+02
2.7782047087178142e+02
2.6365176013718661e+02
2.4807545061277713e+02
2.3122671347981907e+02
2.1325568281512523e+02
1.9432530563419505e+02
1.7460897439532494e+02
1.5428798873514179e+02
1.3354889687428616e+02
1.1258076954156614e+02
9.1572460357463612e+01
7.0709906372587128e+01
5.0173520893835025e+01
3.0135727908658147e+01
1.0758683431009855e+01
-7.8077759313985338e+00
-2.5427922794050712e+01
-4.1981639410135749e+01
-5.7365608011531805e+01
-7.1494177823508309e+01
-8.4299903013409846e+01
-9.5733753236495787e+01
-1.0576500554045742e+02
-1.1438083300484331e+02
-1.2158561146426131e+02
-1.2739997086214505e+02
-1.3185962209949523e+02
-1.3501399360608775e+02
-1.3692471422669314e+02
-1.3766398036928081e+02
-1.3731284572407847e+02
-1.3595947127714206e+02
-1.3369737188005385e+02
-1.3062369339024170e+02
-1.2683755147339825e+02
-1.2243845968131905e+02
-1.1752487051560075e+02
-1.1219284899240138e+02
-1.0653489386823021e+02
-1.0063891729896302e+02
-9.4587389401624762e+01
-8.8456650079325712e+01
-8.2316386645319852e+01
-7.6229272321060392e+01
-7.0250757644634874e+01
-6.4429004253084230e+01
-5.8804948420832162e+01
-5.3412480155700351e+01
-4.8278722567667899e+01
-4.3424395614669656e+01
-3.8864248161998191e+01
-3.4607542527651781e+01
-3.0658576275736408e+01
-2.7017226911623734e+01
-2.3679506268729966e+01
-2.0638112701135633e+01
-1.7882970652258653e+01
-1.5401748703961351e+01
-1.3180348773319476e+01
-1.1203360671304035e+01
-9.4544777299458893e+00
-7.9168706099345796e+00
-6.5735176930323584e+00
-5.4074916239310920e+00
-4.4022025810008003e+00
-3.5415997176399658e+00
-2.8103329237503392e+00
-2.1938776130300961e+00
-1.6786256528192005e+00
-1.2519458293749588e+00
-9.0221739475946694e-01
-6.1884028628238064e-01
-3.9222556049264207e-01
-2.1376945704080183e-01
-7.5814317878754450e-02
2.8400649630251698e-02
1.0479604890702995e-01
1.5851398514400053e-01
1.9398264946730129e-01
2.1498197779184738e-01
2.2470886127508943e-01
2.2584066656911669e-01
2.2059608612259929e-01
2.1079257791456102e-01
1.9789986814726898e-01
1.8308917814543235e-01
1.6727799795244461e-01
1.5117036430285227e-01
1.3529271126292836e-01
1.2002544924359881e-01
1.0563049470290960e-01
9.2275020629235774e-02
8.0051729446859524e-02
6.8995967550164086e-02
5.9100006613898727e-02
5.0324813435246432e-02
4.2609619054235583e-02
3.5879581698107496e-02
3.0051817555332701e-02
2.5040050535307421e-02
2.0758107917553295e-02
1.7122464058320543e-02
1.4054009980586413e-02
1.1479203335836080e-02
9.3307312485893436e-03
7.5477981123954416e-03
6.0761322158621369e-03
4.8677882915569241e-03
3.8808088016227082e-03
3.0787939123434432e-03
2.4304194376285507e-03
1.9089327836392569e-03
1.4916492524840264e-03
1.1594648885057163e-03
8.9639682813205744e-04
6.8915827957607826e-04
5.2677185452160917e-04
4.0022287535070841e-04
3.0215229032227759e-04
2.2658771085342654e-04
1.6871020272010552e-04
1.2465393829497282e-04
9.1335549044909898e-05
6.6310008502798624e-05
4.7649765676233886e-05
3.3844246472379314e-05
2.3716729435802201e-05
1.6356253452044634e-05
1.1062030325163137e-05
7.2985072952034882e-06
4.6591988773493522e-06
2.8377907268623479e-06
1.6052140941016558e-06
7.9154762770800449e-07
2.7184642034998319e-07
-4.4872586770512879e-08
-2.2417871679793713e-07
-3.1274106750688382e-07
-3.4332926415504088e-07
-3.3858085131716193e-07
-3.1382955968550089e-07
-2.7919425191577667e-07
-2.4114670393569016e-07
-2.0361939755311958e-07
-1.6885017262264206e-07
-1.3793209391968404e-07
-1.1124969423201035e-07
-8.8736820764347991e-08
-7.0084950982178827e-08
-5.4862904349335157e-08
-4.2601577855092493e-08
-3.2834105372792910e-08
-2.5129293853102074e-08
-1.9108735900480237e-08
-1.4438335152320253e-08
-1.0845435588760282e-08
-8.1014611988419494e-09
-6.0166118060799187e-09
-4.4462421414194818e-09
-3.2677146774493946e-09
-2.3882733734057135e-09
-1.7352665784202265e-09
-1.2586253602621408e-09
-9.0669311174381129e-10
-6.4885080663717361e-10
-4.6267679245755398e-10
-3.3035933672227598e-10
-2.3212326890976428e-10
-1.6183409335984306e-10
-1.1309176824244535e-10
-7.9750687061182038e-11
-5.6918200279124262e-11
-3.7840103063662738e-11
-2.5509355309274088e-11
-1.8065770567580356e-11
-1.4444521515752104e-11
-6.5893529117800831e-12
-6.7558323715617956e-12
-2.7530567402383472e-12
-4.2992534319270029e-12
-3.4687892824260751e-12
-8.0944997853287823e-13
8.8369074902930665e-13
-1.2499602293631933e-12
-3.1164762659991698e-13
-8.3147212314918995e-13
-1.1264806380176109e-12
-1.0723987450903747e-13
-8.3298419842770136e-13
1.6258998748787932e-13
3.4908221497957303e-12
1.0742842245800915e-12
6.2732130952338031e-13
5.5236400021808414e-13
3.4288717363052264e-12
2.4652849980403302e-13
2.2325143148400239e-12
-1.8689603473944670e-12
8.4258938647918719e-15
3.4571107709816595e-13
-1.1501936994209433e-13
-9.8573871253781672e-13
-7.3648482234110127e-14
-5.4981686547801296e-13
-5.2650770258264984e-14
1.1900245773600065e-12
-2.2048576738256190e-14
-2.4285227807609958e-13
-4.9938149873347571e-13
-7.5004053398637042e-13
9.8217759808495914e-13
-1.4435414309285614e-14
-1.0333527416362740e-12
8.7607343393911761e-13
-1.5933188633715197e-12
1.4783451384067257e-12
-1.0859466603121258e-12
2.6052801252190778e-13
2.6430304868800152e-13
-5.8857579497864674e-13
1.2602103661914130e-12
4.5057362307230692e-13
-1.0487156282773917e-12
1.0924941458572910e-12
4.6606506771192270e-13
1.6598440607006705e-13
-1.0004308223412318e-12
2.2719606441295314e-12
-1.2618412873802803e-12
9.0168743646322634e-13
-1.1173034445169619e-12
-7.3891815170723463e-13
-2.6539250004004161e-12
2.6582730341795943e-12
-2.3889807299044445e-12
6.2881202284088662e-13
1.4401498869494152e-12
-6.7310705379511400e-14
-3.8575041230094905e-13
-9.8236467371453956e-14
-8.5169474638746315e-14
8.3304497547561027e-13
-2.1148134160462008e-13
1.6976707188009966e-12
-1.7891462363470835e-12
3.7543169333717181e-13
3.8582013967359418e-14
-7.2298361082128640e-13
-8.4518196283794676e-13
6.3059053572136655e-13
3.9146275917164080e-13
5.5744852406339736e-14
-4.6980342819836324e-13
1.0050737143643550e-12
-1.4253842645024978e-12
9.3964251827902208e-13
2.1492139220845942e-13
-5.3528155167195507e-13
1.2839772764119024e-12
1.5705332476650325e-12
-2.7376113697318402e-12
-2.7996254110786093e-13
-3.7742882450503294e-13
-2.0178658948897669e-12
3.4238482586624668e-13
2.2509087202211403e-12
-2.8723873489479857e-13
-2.4401759679248006e-12
2.3037924700866312e-13
1.7728818553544151e-12
-8.9420682424150049e-13
