7.8107830438881976e-02
9.2384425343502607e-02
1.0829621757227001e-01
1.2615354431923856e-01
1.4618202756189336e-01
1.6867136719332945e-01
1.9390512373809432e-01
2.2221564996515869e-01
2.5394821521531902e-01
2.8947707549444973e-01
3.2919239047173299e-01
3.7352356832985001e-01
4.2292404946665108e-01
4.7787584294713054e-01
5.3887737451147422e-01
6.0645738711792208e-01
6.8117334862445300e-01
7.6360727192951594e-01
8.5435092386589695e-01
9.5401516095081018e-01
1.0632268203345283e+00
1.1826270977421729e+00
1.3128564109891971e+00
1.4545473503064832e+00
1.6083254599761347e+00
1.7748071930285514e+00
1.9545757256969745e+00
2.1481744228788791e+00
2.3560916391565594e+00
2.5787530645532133e+00
2.8165079876050640e+00
3.0696039589856956e+00
3.3381717063489149e+00
3.6222158193438978e+00
3.9215875034054508e+00
4.2359751983437723e+00
4.5648788648511172e+00
4.9075865627501818e+00
5.2631557316536259e+00
5.6303888937847129e+00
6.0078125025332536e+00
6.3936564939031264e+00
6.7858179869689579e+00
7.1818448938428006e+00
7.5789227731319695e+00
7.9738552908718683e+00
8.3630377481757421e+00
8.7424417923890090e+00
9.1076019661064649e+00
9.4536134543866410e+00
9.7751204616893439e+00
1.0066301279174910e+01
1.0320874933108611e+01
1.0532111059528379e+01
1.0692833191674943e+01
1.0795443213363781e+01
1.0831936941317192e+01
1.0793926345280605e+01
1.0672673639160070e+01
1.0459129068183184e+01
1.0143978458912370e+01
9.7176931534652713e+00
9.1705765940108019e+00
8.4928300679295550e+00
7.6746354513719286e+00
6.7062266568520776e+00
5.5779613955577911e+00
4.2804118948242875e+00
2.8044492556236351e+00
1.1413371525704139e+00
-7.1716580244148687e-01
-2.7787108406039631e+00
-5.0502582099839763e+00
-7.5379792142026947e+00
-1.0247158727164880e+01
-1.3182089708441286e+01
-1.6345976275559291e+01
-1.9740857115670906e+01
-2.3367523228491468e+01
-2.7225428975227786e+01
-3.1312627772530856e+01
-3.5625707984605725e+01
-4.0159735273986648e+01
-4.4908221048499996e+01
-4.9863100914719105e+01
-5.5014714717402207e+01
-6.0351802643804412e+01
-6.5861517997693198e+01
-7.1529455031529665e+01
-7.7339694940350071e+01
-8.3274861571019471e+01
-8.9316187043698292e+01
-9.5443605144554581e+01
-1.0163584913907687e+02
-1.0787056555769698e+02
-1.1412445065610227e+02
-1.2037338933997444e+02
-1.2659259077934784e+02
-1.3275675093308388e+02
-1.3884022981480553e+02
-1.4481721987501061e+02
-1.5066193078410166e+02
-1.5634877968214423e+02
-1.6185256489439743e+02
-1.6714864157433186e+02
-1.7221311321510555e+02
-1.7702301195551175e+02
-1.8155646736837699e+02
-1.8579287752164927e+02
-1.8971306222460771e+02
-1.9329939773362017e+02
-1.9653594943526096e+02
-1.9940859470404894e+02
-2.0190512444380238e+02
-2.0401532989595276e+02
-2.0573107396332313e+02
-2.0704633740127747e+02
-2.0795725169865011e+02
-2.0846211600617676e+02
-2.0856139526608015e+02
-2.0825769822202344e+02
-2.0755574002065461e+02
-2.0646228203011034e+02
-2.0498605870310089e+02
-2.0313769080663803e+02
-2.0092958313261769e+02
-1.9837580775149337e+02
-1.9549197864279367e+02
-1.9229511220876421e+02
-1.8880347804768687e+02
-1.8503644792916228e+02
-1.8101433796232905e+02
-1.7675824540606473e+02
-1.7228988413379503e+02
-1.6763142233009981e+02
-1.6280531576885193e+02
-1.5783414673625933e+02
-1.5274046912306937e+02
-1.4754665922714634e+02
-1.4227477178023727e+02
-1.3694640495736911e+02
-1.3158257670568804e+02
-1.2620360526291915e+02
-1.2082900171699522e+02
-1.1547737535688627e+02
-1.1016635562377091e+02
-1.0491251925879335e+02
-9.9731332938503897e+01
-9.4637110705461680e+01
-8.9642973624535827e+01
-8.4760820394126284e+01
-8.0001318432327949e+01
-7.5373909678581484e+01
-7.0886813210060481e+01
-6.6547048972734160e+01
-6.2360468449087520e+01
-5.8331777699768523e+01
-5.4464573138201857e+01
-5.0761399461367411e+01
-4.7223806915564552e+01
-4.3852401745375012e+01
-4.0646918166753622e+01
-3.7606280793993946e+01
-3.4728657714385299e+01
-3.2011528741802877e+01
-2.9451762768374810e+01
-2.7045684527295759e+01
-2.4789137157971645e+01
-2.2677555470731733e+01
-2.0706024988871047e+01
-1.8869340213332723e+01
-1.7162063991104198e+01
-1.5578583792480210e+01
-1.4113165436720987e+01
-1.2759995509067416e+01
-1.1513228120645406e+01
-1.0367032431102327e+01
-9.3156331246180919e+00
-8.3533340463238215e+00
-7.4745467757251305e+00
-6.6738223393344205e+00
-5.9458613208352098e+00
-5.2855391704672661e+00
-4.6879319649498807e+00
-4.1483263194548039e+00
-3.6622198328415037e+00
-3.2253295273866418e+00
-2.8335999159981777e+00
-2.4832011625312038e+00
-2.1705289945553261e+00
-1.8922013542688381e+00
-1.6450571575984803e+00
-1.4261561074181466e+00
-1.2327643396460479e+00
-1.0623592227340390e+00
-9.1261839845903636e-01
-7.8140022458499980e-01
-6.6673288531754071e-01
-5.6681570667182701e-01
-4.8001048872092550e-01
-4.0482682041146173e-01
-3.3991368518357462e-01
-2.8405269220262580e-01
-2.3614859838986219e-01
-1.9522204402834509e-01
-1.6039031832939807e-01
-1.3086900556882483e-01
-1.0595654759545059e-01
-8.5022826428116025e-02
-6.7512917426563707e-02
-5.2943583521822705e-02
-4.0890972095635816e-02
-3.0981957010515100e-02
-2.2888851748180700e-02
-1.6333521606695434e-02
-1.1075961396334053e-02
-6.9046536744421082e-03
-3.6295524492425458e-03
-1.0919492525435673e-03
8.4135131935170020e-04
2.2854767249705058e-03
3.3354898159526267e-03
4.0701658072216686e-03
4.5542280824246179e-03
4.8387124358475779e-03
4.9716998917980976e-03
4.9891526573111467e-03
4.9251964570929865e-03
4.8148775281240319e-03
4.6854891122431516e-03
4.5577929809909479e-03
4.4487664557322955e-03
4.3734339095569718e-03
4.3488081036099002e-03
4.3802455686407660e-03
4.4716626440504175e-03
4.6322458723666183e-03
4.8776453027052618e-03
5.2221303649100277e-03
5.6787039754411951e-03
6.2641623685751307e-03
7.0081549743127962e-03
7.9400202321780623e-03
9.0902877965766665e-03
1.0489264826126426e-02
1.2184580721054611e-02
1.4230964357743636e-02
1.6694715537682318e-02
1.9646328251548304e-02
2.3184937362871170e-02
2.7426194074880894e-02
3.2524135363370982e-02
3.8636022308884015e-02
4.5987474519559576e-02
5.4802642779985027e-02
6.5470158000330597e-02
