-9.8544042796865378e-02
-1.1226752116895405e-01
-1.2659373138498478e-01
-1.4162064075999706e-01
-1.5729742679735212e-01
-1.7361185753395203e-01
-1.9049402664358156e-01
-2.0787008301035573e-01
-2.2561319348521733e-01
-2.4356916156985323e-01
-2.6152758738799181e-01
-2.7923749151627392e-01
-2.9638898940179231e-01
-3.1261427033422806e-01
-3.2746949908492873e-01
-3.4043833288265246e-01
-3.5091207068989666e-01
-3.5819217422980515e-01
-3.6147184727525888e-01
-3.5982709842925859e-01
-3.5220749686454395e-01
-3.3743294735441209e-01
-3.1417916681978647e-01
-2.8096521790264378e-01
-2.3614266917207957e-01
-1.7787965815417778e-01
-1.0414371126025856e-01
-1.2710276029177077e-02
9.8852479152759798e-02
2.3319759036951523e-01
3.9320573232465900e-01
5.8199836606482502e-01
8.0294880976724947e-01
1.0596745847714184e+00
1.3560402148172364e+00
1.6961628400727382e+00
2.0844173255629528e+00
2.5254262133825836e+00
3.0240518861591577e+00
3.5853955422430142e+00
4.2147946505170140e+00
4.9178021095604727e+00
5.7001686276385506e+00
6.5678229799227514e+00
7.5268383205180784e+00
8.5834078708085464e+00
9.7438297122107489e+00
1.1014462728208882e+01
1.2401687262688363e+01
1.3911860634058417e+01
1.5551270016304253e+01
1.7326087313960539e+01
1.9242315540954927e+01
2.1305735226104645e+01
2.3521844115843084e+01
2.5895796916847704e+01
2.8432343788962296e+01
3.1135757968178176e+01
3.4009781517353211e+01
3.7057562419413664e+01
4.0281583379316551e+01
4.3683602728169333e+01
4.7264594804272164e+01
5.1024682305998084e+01
5.4963084726200314e+01
5.9078071189324845e+01
6.3366905833693536e+01
6.7825809630104771e+01
7.2449920706076512e+01
7.7233259848890498e+01
8.2168714407845854e+01
8.7248027487545571e+01
9.2461791415825743e+01
9.7799444711627331e+01
1.0324928925172892e+02
1.0879850604818810e+02
1.1443318418062545e+02
1.2013837574141202e+02
1.2589814503143832e+02
1.3169562532758184e+02
1.3751309824535016e+02
1.4333206836030240e+02
1.4913334780103364e+02
1.5489717080011124e+02
1.6060330204668014e+02
1.6623114318779892e+02
1.7175985441318062e+02
1.7716847922288557e+02
1.8243608485062444e+02
1.8754188566725912e+02
1.9246537278212139e+02
1.9718645781829682e+02
2.0168560887524441e+02
2.0594397906175658e+02
2.0994353752402543e+02
2.1366719999546871e+02
2.1709895349380577e+02
2.2022396838393746e+02
2.2302870344981011e+02
2.2550099808325930e+02
2.2763016797558188e+02
2.2940708294540664e+02
2.3082422083977963e+02
2.3187572528531510e+02
2.3255744815493117e+02
2.3286697679879771e+02
2.3280364535716032e+02
2.3236852831423977e+02
2.3156444159891299e+02
2.3039591635701180e+02
2.2886915114822622e+02
2.2699196467721680e+02
2.2477373355639617e+02
2.2222531053830005e+02
2.1935894321649019e+02
2.1618818254806115e+02
2.1272777371201732e+02
2.0899355072119502e+02
2.0500231687480817e+02
2.0077171433967263e+02
1.9632010818291229e+02
1.9166646601299681e+02
1.8683022146922988e+02
1.8183113796268557e+02
1.7668918456265203e+02
1.7142441013287328e+02
1.6605681520659834e+02
1.6060623005249798e+02
1.5509220140130452e+02
1.4953388572886314e+02
1.4394995061894025e+02
1.3835848210076736e+02
1.3277689509514099e+02
1.2722185160055213e+02
1.2170919234360687e+02
1.1625387754494309e+02
1.1086994133988381e+02
1.0557044207703068e+02
1.0036742679353920e+02
9.5271919245533368e+01
9.0293909101452925e+01
8.5442335414554321e+01
8.0725087242748714e+01
7.6149017648166179e+01
7.1719954033330154e+01
6.7442723013976590e+01
6.3321185617128755e+01
5.9358266527653740e+01
5.5555995862371688e+01
5.1915557089948109e+01
4.8437325029946507e+01
4.5120918035736914e+01
4.1965263619417300e+01
3.8968644085547716e+01
3.6128750087597332e+01
3.3442735257862104e+01
3.0907274701845960e+01
2.8518624640464193e+01
2.6272664540895498e+01
2.4164952235935171e+01
2.2190781307934923e+01
2.0345226274145620e+01
1.8623186824761515e+01
1.7019434134553194e+01
1.5528657724074348e+01
1.4145503590958521e+01
1.2864607955238428e+01
1.1680625963638258e+01
1.0588260995132327e+01
9.5823008953505013e+00
8.6576333856442709e+00
7.8092597356178963e+00
7.0323218756971873e+00
6.3221170722439153e+00
5.6741114192816191e+00
5.0839418620352586e+00
4.5474280927204589e+00
4.0605917568098464e+00
3.6196514015384391e+00
3.2210184348259192e+00
2.8613041900517562e+00
2.5373120407447782e+00
2.2460323135501854e+00
1.9846508331514314e+00
1.7505411207865653e+00
1.5412524952879880e+00
1.3545096134649719e+00
1.1881977597337565e+00
1.0403600108841342e+00
9.0919408720212580e-01
7.9304723913823338e-01
6.9040148760242648e-01
5.9986561307800912e-01
5.2017006426695656e-01
4.5015373124588942e-01
3.8875933937526591e-01
3.3503382139899446e-01
2.8811236550567865e-01
2.4721529245155532e-01
2.1164381114498187e-01
1.8076739973226058e-01
1.5401748398583978e-01
1.3089341218953029e-01
1.1094756703986507e-01
9.3782556763205571e-02
7.9044808744084066e-02
6.6418923543238848e-02
5.5627850576297821e-02
4.6428093084930101e-02
3.8606443911087057e-02
3.1975884737816325e-02
2.6371754498732147e-02
2.1647457042688594e-02
1.7665314070815518e-02
1.4311634566983897e-02
1.1494835039856861e-02
9.1340383574266409e-03
7.1593441973741801e-03
5.5083238757463026e-03
4.1196742047565488e-03
2.9432601853830427e-03
1.9416336523762688e-03
1.0846164483013475e-03
3.4250044346869208e-04
-3.1005358616962935e-04
-8.8943367139932992e-04
-1.4092981073702342e-03
-1.8902403542747713e-03
-2.3535642587475900e-03
-2.8169677238735918e-03
-3.2979311995392441e-03
-3.8081165658396888e-03
-4.3506847394037410e-03
-4.9387338082179412e-03
-5.5889976715012626e-03
-6.3174017922889326e-03
-7.1406741122881888e-03
-8.0731779861771269e-03
-9.1275179835166708e-03
-1.0322816298622719e-02
-1.1683079747043490e-02
-1.3237834215875252e-02
-1.5015372346007262e-02
-1.7054338611498313e-02
-1.9393254920421106e-02
-2.2079382543629587e-02
-2.5163190851373845e-02
-2.8708332606347874e-02
-3.2780772787864690e-02
-3.7472247278894769e-02
-4.2879015983600319e-02
-4.9131326172930631e-02
-5.6352893069990473e-02
-6.4726735148283421e-02
-7.4400166948538085e-02
-8.5695776300094853e-02
