-3.8826588103720180e-13
2.4710553407824546e-13
4.0859190373683338e-14
-1.1654503777944708e-12
4.5896835842519024e-13
-6.5833371267692285e-13
-7.8878021905061717e-13
-2.1596196943309747e-13
-8.5591830756506024e-13
-4.8874459707739523e-13
-2.5909562618714138e-13
2.1161231407112738e-13
-2.6030336153249195e-13
-1.4618242578057254e-13
2.8679553682446228e-14
-9.5407954769437607e-13
-5.1809401649801721e-15
4.5848838005356339e-13
-9.7965600053820135e-13
-1.0305788839917148e-13
6.0001816136196311e-13
4.5837096929559332e-13
1.5558854764323848e-12
-8.6722738888036142e-13
-3.0760734447688978e-13
-1.7799876105700303e-12
5.6826520697423754e-13
-8.0271366311857501e-13
5.3757477856294956e-13
-3.4304537378640431e-13
1.5083295851882904e-12
-7.6765641271878638e-13
5.5977657388183771e-13
-1.9520446094380800e-12
1.7850844681768589e-13
2.3436211302918770e-12
-8.8464832289786902e-13
-3.3678794633566405e-13
9.9789015067913244e-13
6.0525994740463122e-13
-1.6027461479840510e-12
-5.0139111704686749e-14
-2.7739827614126733e-13
2.4415801983660387e-12
-7.1278041804600221e-13
-1.3592993958248522e-13
9.6866716828971128e-13
1.8090998534496085e-12
-1.2329811960656769e-12
-2.9001966568651796e-12
2.3556662817653193e-12
1.0984537100051200e-12
-7.5665044764765361e-13
1.3517868756086644e-12
1.1275072883774776e-12
5.0852096900882483e-13
3.0754850538518937e-13
-8.6776402542228119e-13
3.1558329606712292e-13
-7.0600158863725523e-13
1.2395837067174687e-12
1.1022163262441830e-13
-1.0072967234009204e-12
3.2486884941951798e-14
3.5530134267552563e-13
-2.4958926012670122e-13
3.9601056909608792e-13
-8.3231235401932104e-13
1.0673313905966462e-12
8.0068550902250557e-13
-9.8162832815500415e-13
-8.2300003173783799e-13
1.1230448256817737e-12
-8.6541146369285824e-13
4.0368098807694764e-13
-1.5284756079728941e-12
8.8193934884609042e-13
-3.0851492424852713e-12
-1.4999416601099197e-12
-1.9751662493350932e-12
-3.4668762555891715e-12
-4.8636769207864797e-12
-7.5716412512294280e-12
-1.1196599450845538e-11
-1.3182831984488184e-11
-1.8905280405308052e-11
-2.9615324331139391e-11
-4.0560747159526290e-11
-5.3427714949843376e-11
-7.6645146361542827e-11
-1.0721877200520635e-10
-1.4922642559565538e-10
-2.0354293313127471e-10
-2.8132335341497297e-10
-3.8769949004473565e-10
-5.3288526121287186e-10
-7.2730544979132595e-10
-9.9198370940956210e-10
-1.3508280193380899e-09
-1.8308396874489247e-09
-2.4781741347937622e-09
-3.3409969795328941e-09
-4.4915182811774184e-09
-6.0176887063082594e-09
-8.0387701059534335e-09
-1.0704622607767257e-08
-1.4208952597247983e-08
-1.8795181911582895e-08
-2.4777768233259782e-08
-3.2550392363538073e-08
-4.2605714245557127e-08
-5.5562485821896282e-08
-7.2178507308530122e-08
-9.3389356277765302e-08
-1.2033315156871985e-07
-1.5437164233610079e-07
-1.9714010206954943e-07
-2.5054072238405902e-07
-3.1678432696001013e-07
-3.9836144231544340e-07
-4.9801372834942478e-07
-6.1864610418242416e-07
-7.6316823639999482e-07
-9.3423995618280451e-07
-1.1338449384725608e-06
-1.3626949581446256e-06
-1.6193104978622547e-06
-1.8987517916397725e-06
-2.1907455447955152e-06
-2.4772061410262859e-06
-2.7287096966454339e-06
-2.8997819160630762e-06
-2.9225425358883578e-06
-2.6981706184850409e-06
-2.0856810221515780e-06
-8.8708821853703221e-07
1.1719590097198857e-06
4.4673405834580432e-06
9.5089570319299020e-06
1.6982511012792145e-05
2.7802885499320437e-05
4.3182032578114523e-05
6.4714922423077622e-05
9.4487792923642901e-05
1.3521395766457516e-04
1.9040332718251674e-04
2.6457322016985906e-04
3.6350928688831462e-04
4.9458722699117857e-04
6.6716778030455803e-04
8.9307969404448515e-04
1.1872079563732467e-03
1.5682073417127352e-03
2.0593645429225664e-03
2.6896357774324319e-03
3.4948906214998052e-03
4.5193972974764789e-03
5.8175892923089442e-03
7.4561584056934494e-03
9.5165247608080834e-03
1.2097740242772293e-02
1.5319887821937815e-02
1.9328045619757057e-02
2.4296890859805180e-02
3.0436025350176570e-02
3.7996110087671217e-02
4.7275902555180757e-02
5.8630295285014872e-02
7.2479458606753117e-02
8.9319193583268147e-02
1.0973260276368019e-01
1.3440318598816045e-01
1.6412946605192988e-01
1.9984124360032629e-01
2.4261757219139238e-01
2.9370653233416866e-01
3.5454686704546035e-01
4.2679152054057790e-01
5.1233309584108488e-01
6.1333121563174053e-01
7.3224173356234490e-01
8.7184769987880639e-01
1.0352919357796424e+00
1.2261110150594703e+00
1.4482703895394970e+00
1.7062003269535087e+00
2.0048322564404177e+00
2.3496350388341627e+00
2.7466505969050550e+00
3.2025282562715853e+00
3.7245570620373414e+00
4.3206952511255770e+00
4.9995959779019410e+00
5.7706283130257967e+00
6.6438924653801301e+00
7.6302281167244681e+00
8.7412147116657799e+00
9.9891625143466669e+00
1.1387093231117802e+01
1.2948709008301314e+01
1.4688348649048509e+01
1.6620929955696482e+01
1.8761877196632032e+01
2.1127032821128406e+01
2.3732552703871750e+01
2.6594784393170681e+01
2.9730128063879981e+01
3.3154880136751252e+01
3.6885059818705770e+01
4.0936219141028616e+01
4.5323237420713674e+01
5.0060101439946465e+01
5.5159673023788507e+01
6.0633446090428265e+01
6.6491295643476647e+01
7.2741221564181885e+01
7.9389090433059110e+01
8.6438378956191173e+01
9.3889922881140635e+01
1.0174167555090187e+02
1.0998848045179474e+02
1.1862186225313643e+02
1.2762984090412185e+02
1.3699677333910938e+02
1.4670322723973425e+02
1.5672589110649122e+02
1.6703752460037734e+02
1.7760695272614953e+02
1.8839910694415099e+02
1.9937511572076136e+02
2.1049244636504946e+02
2.2170509925928556e+02
2.3296385478467215e+02
2.4421657238412351e+02
2.5540854030656405e+02
2.6648287365854947e+02
2.7738095746787155e+02
2.8804293055930395e+02
2.9840820517477869e+02
3.0841601645906786e+02
3.1800599519736414e+02
3.2711875655097538e+02
3.3569649700981080e+02
3.4368359137970663e+02
3.5102718136251679e+02
3.5767774717651611e+02
3.6358965371146047e+02
3.6872166291936190e+02
3.7303740450879803e+02
3.7650579753294835e+02
3.7910141613236834e+02
3.8080479350053452e+02
3.8160265907012405e+02
3.8148810495150275e+02
3.8046067877315699e+02
3.7852640125320966e+02
3.7569770804837253e+02
3.7199331665594781e+02
3.6743802036107058e+02
3.6206241239932456e+02
3.5590254462041923e+02
3.4899952596861306e+02
3.4139906701962565e+02
3.3315097761326308e+02
3.2430862528138499e+02
3.1492836267980579e+02
3.0506893258249215e+02
2.9479085918245022e+02
2.8415583446551875e+02
2.7322610828376804e+02
2.6206389046171950e+02
2.5073077283053163e+02
2.3928717851632720e+02
2.2779184512429183e+02
2.1630134767812004e+02
2.0486966631401305e+02
1.9354780281042798e+02
1.8238344908000892e+02
1.7142070977975780e+02
1.6069988022976688e+02
1.5025727988947449e+02
1.4012514074107077e+02
1.3033154908886988e+02
1.2090043851497140e+02
1.1185163104708847e+02
1.0320092300319675e+02
9.4960211486065930e+01
8.7137657112757125e+01
7.9737878281058769e+01
7.2762172095496084e+01
6.6208756996699449e+01
6.0073032154028461e+01
5.4347848785441549e+01
4.9023788752064945e+01
4.4089446027866551e+01
3.9531706957156764e+01
3.5336025572773885e+01
3.1486690645059053e+01
2.7967081554550955e+01
2.4759910519522769e+01
2.1847449152194880e+01
1.9211737756092390e+01
1.6834776202638874e+01
1.4698695630559657e+01
1.2785910590828822e+01
1.1079251607688679e+01
9.5620784388545825e+00
8.2183745928289635e+00
7.0328238966758354e+00
5.9908701031143536e+00
5.0787606820125903e+00
4.2835760592246368e+00
3.5932456475148911e+00
2.9965520622905024e+00
2.4831249323700382e+00
2.0434257058754199e+00
1.6687248175854443e+00
1.3510725300131252e+00
1.0832646897698472e+00
8.5880455706920666e-01
6.7186177278218007e-01
5.1722942745641520e-01
3.9028009304460359e-01
2.8692157325312595e-01
2.0355302491635827e-01
1.3702200201065770e-01
8.4582878161824887e-02
4.3857013279008365e-02
1.2794946759424141e-02
-1.0359176075828641e-02
-2.7100805561761539e-02
-3.8695738453054560e-02
-4.6208390813305411e-02
-5.0527610224175248e-02
-5.2390081040498776e-02
-5.2401406256862376e-02
-5.1054972684424847e-02
-4.8748723720595438e-02
-4.5799976052959615e-02
-4.2458424387746968e-02
-3.8917481968862314e-02
-3.5324104896095040e-02
-3.1787245978267743e-02
-2.8385079108684114e-02
-2.5171128852826519e-02
-2.2179432199388303e-02
-1.9428851003729489e-02
-1.6926644390598735e-02
-1.4671401141063587e-02
-1.2655422638167615e-02
-1.0866637712639871e-02
-9.2901218489649176e-03
-7.9092847771113414e-03
-6.7067825212513022e-03
-5.6652026525860176e-03
-4.7675647800230299e-03
-3.9976722138830257e-03
-3.3403452764537399e-03
-2.7815618469064210e-03
-2.3085265186439516e-03
-1.9096858927725492e-03
-1.5747044008629476e-03
-1.2944122451913754e-03
-1.0607346168969190e-03
-8.6660947487214308e-04
-7.0589943703607883e-04
-5.7330198710936692e-04
-4.6426108725424402e-04
-3.7488238865978127e-04
-3.0185348972944264e-04
-2.4237018100525478e-04
-1.9406911382890149e-04
-1.5496708846216917e-04
-1.2340679107817115e-04
-9.8008826386930160e-05
-7.7629573817530897e-05
-6.1324470161042610e-05
-4.8316240141681174e-05
-3.7967573032213298e-05
-2.9757749487549249e-05
-2.3262774877982964e-05
-1.8138586638342546e-05
-1.4106910193197744e-05
-1.0943399248367978e-05
-8.4677859864758320e-06
-6.5356653238745493e-06
-5.0317197131333775e-06
-3.8641526826338384e-06
-2.9601092723431729e-06
-2.2619337220239215e-06
-1.7241525005035124e-06
-1.3109865795889847e-06
-9.9437424417410732e-07
-7.5237388330976981e-07
-5.6787778112897874e-07
-4.2757615188159865e-07
-3.2115506550584431e-07
-2.4063380595663778e-07
-1.7986518094877131e-07
-1.3411609283713274e-07
-9.9763255030580103e-08
-7.4031972366757168e-08
-5.4802754174774329e-08
-4.0472851463354614e-08
-2.9816858503673116e-08
-2.1914434358203748e-08
-1.6066934351827214e-08
-1.1754489910344105e-08
-8.5766087549901307e-09
-6.2433693745743468e-09
-4.5374906628260736e-09
-3.2858499187583839e-09
-2.3758926892501814e-09
-1.7117347735529415e-09
-1.2313622276276691e-09
-8.8332893185477032e-10
-6.3379511668431868e-10
-4.5273944398720568e-10
-3.2287862653315109e-10
-2.3153249386558034e-10
-1.6361897168710632e-10
-1.1554075451483704e-10
-8.0529026684439455e-11
-5.6858270425609255e-11
-3.8635127583500429e-11
-2.7864504464710343e-11
-2.0073637190482558e-11
-1.2093118647750378e-11
-1.0063155109866673e-11
-8.7895838358783774e-12
-3.1902978351727377e-12
-2.7748172457242421e-12
-1.8054809921816515e-12
-1.2747473055172340e-12
9.8520144959913760e-13
-1.8001612006629485e-12
1.3641532024934462e-13
-1.0209264542141853e-12
-6.3063687878025048e-13
1.7800273411543059e-13
8.8144136552832721e-13
-1.6543689635100147e-12
1.7176852075956526e-12
-1.5212181110681522e-13
2.0441724328824235e-13
-1.9185218906126597e-12
1.5352778394648378e-12
4.9274687874523964e-14
3.0526629473352951e-13
-6.3007012474729373e-13
1.5381363387912613e-12
-2.6393897905441174e-13
2.2659778215765486e-12
-5.7749356425819527e-14
1.2126038886802055e-12
-2.3555703875853825e-13
5.0623053306258411e-13
-2.0092857257020948e-12
6.0931890478495666e-13
8.2722112985768663e-13
-6.4586290910047176e-13
5.9340166127296422e-13
7.5028193706278882e-13
1.0766909399708948e-12
7.0248078898830421e-13
-1.6831236464277673e-12
-1.4945119717254210e-12
1.0148038358029540e-12
1.4601812554747779e-12
-3.9621397507793926e-13
-2.4882255640593794e-13
8.9760026345855176e-13
1.4215937059770727e-12
-2.7863174682731875e-12
-4.7689157272056294e-14
3.3817163240885863e-13
1.1390075278120229e-12
2.0050518368379083e-13
1.3167047674515490e-13
1.3620883347002513e-12
1.4178542948833454e-13
9.3822869329620640e-13
-1.0693868493010077e-12
7.2180928297241624e-13
-6.9500465051293016e-13
1.3627884117000782e-12
-1.7888056266645710e-12
-6.3414218164101743e-13
3.1089151087819565e-13
7.3315001892253064e-13
-1.2293327128473546e-12
3.5336489302814386e-14
-9.0026249414829319e-13
6.8514423043461627e-13
4.7268949500686266e-13
1.0028608870791100e-13
-1.7510768759704370e-12
2.0143949510067094e-12
5.1174153832163145e-13
1.0605297098258713e-12
-1.1242869397709635e-12
1.1743167889452400e-12
-1.1524732438164920e-12
1.4653584999238338e-12
-5.6422456671919314e-13
-2.2804017561557334e-13
-9.5481108617189919e-13
-2.7776163248370919e-13
-1.1893899977542731e-12
8.6718093234748447e-13
-7.2155187875481369e-13
7.3659841746447775e-14
