-2.5633486126608516e-14
0.0000000000000000e+00
8.5696389780909775e-15
0.0000000000000000e+00
1.7189260147380868e-14
0.0000000000000000e+00
4.3097334492552460e-15
0.0000000000000000e+00
-4.3220738479103324e-15
-1.2984643555757399e-14
1.3003006074284944e-14
8.6808725153711548e-15
1.7386068435384930e-14
1.7410311213238972e-14
8.7172364661124921e-15
2.4005510596740288e-14
4.1521059741959282e-14
3.5012934860578367e-14
3.0678026073175132e-14
4.1690870156519266e-14
4.6141506971019648e-14
4.0703004482816304e-14
3.8554243551091719e-14
3.7502446180053973e-14
3.4238604022105542e-14
2.9859940253881191e-14
4.6509579631204834e-14
3.3264382885159928e-14
5.6622706383088925e-14
5.3916483074961010e-14
3.3949717531478296e-14
4.7924592511159140e-14
3.6547027822756546e-14
5.4470743664489403e-14
6.9642299740497689e-14
7.5610084536171203e-14
1.1523837422336896e-13
9.2922262293065606e-14
1.1355513156809078e-13
1.5928415961223643e-13
1.8370951450743326e-13
2.2455470373036992e-13
3.6378695849433519e-13
4.9656383572938996e-13
7.2025143796433429e-13
1.0272326300275118e-12
1.4893102301154868e-12
2.1615720597303788e-12
3.1380399908144398e-12
4.5313868101012206e-12
6.5528656386109824e-12
9.4215267108036532e-12
1.3528840685076756e-11
1.9354976697817930e-11
2.7682352389787608e-11
3.9505534402424526e-11
5.6243616545267667e-11
7.9933290754745455e-11
1.1336790727198217e-10
1.6042859581220219e-10
2.2656736846169606e-10
3.1925858813471130e-10
4.4897552059736015e-10
6.3004563280842612e-10
8.8230495213859820e-10
1.2329840938561589e-09
1.7194473704082084e-09
2.3927585411374189e-09
3.3228136157340253e-09
4.6046541913514118e-09
6.3676587752236865e-09
8.7872280695100245e-09
1.2100765150737583e-08
1.6628864949200294e-08
2.2803488551667922e-08
3.1205340282967969e-08
4.2613340454220076e-08
5.8069849642492620e-08
7.8966880103565087e-08
1.0715879436324917e-07
1.4511073458691633e-07
1.9609208848618739e-07
2.6442917840797212e-07
3.5583401510394628e-07
4.7783095104968541e-07
6.4030942798252098e-07
8.5623763351495960e-07
1.1425823354292084e-06
1.5214913606066477e-06
2.0218095037539653e-06
2.6810182703872214e-06
3.5477097621451929e-06
4.6847365210024590e-06
6.1732097684025163e-06
8.1175631223910148e-06
1.0651949331508190e-05
1.3948300207468308e-05
1.8226457100491130e-05
2.3766870799268894e-05
3.0926482680228809e-05
4.0158532269539991e-05
5.2037198782862759e-05
6.7288177440506241e-05
8.6826520463602119e-05
1.1180334724855459e-04
1.4366335069997756e-04
1.8421540850734736e-04
2.3571905554166267e-04
3.0099009764510392e-04
3.8352925783904197e-04
4.8767845445212249e-04
6.1881013000421943e-04
7.8355599337880588e-04
9.9008261753931307e-04
1.2484225698724443e-03
1.5708711508457983e-03
1.9724604005858111e-03
2.4715238104439674e-03
3.0903671680967788e-03
3.8560631744292487e-03
4.8013899186068933e-03
5.9659359817012892e-03
7.3973978719771676e-03
9.1530986678500167e-03
1.1301760157192866e-02
1.3925564394785154e-02
1.7122544434108815e-02
2.1009347990361336e-02
2.5724421916072007e-02
3.1431669558471688e-02
3.8324637249714189e-02
4.6631290264596101e-02
5.6619442460997364e-02
6.8602907368224317e-02
8.2948441562221822e-02
1.0008355359449721e-01
1.2050525333809951e-01
1.4478981716355735e-01
1.7360364363624964e-01
2.0771527217730351e-01
2.4800863309443466e-01
2.9549759128177944e-01
3.5134183742554681e-01
4.1686416944314364e-01
4.9356919283871292e-01
5.8316345140554193e-01
6.8757697898814940e-01
8.0898623860968455e-01
9.4983838699585255e-01
1.1128767702530611e+00
1.3011675201316413e+00
1.5181270799449906e+00
1.7675504449417436e+00
2.0536398539687832e+00
2.3810336179678799e+00
2.7548347167018794e+00
3.1806387387415778e+00
3.6645606819389620e+00
4.2132600733156984e+00
4.8339638096064119e+00
5.5344860638792124e+00
6.3232445511260655e+00
7.2092723980321578e+00
8.2022248209719955e+00
9.3123797834278861e+00
1.0550631781334864e+01
1.1928477894212884e+01
1.3457995243242275e+01
1.5151809016500946e+01
1.7023050258143758e+01
1.9085302673934617e+01
2.1352537781592702e+01
2.3839037831949373e+01
2.6559306046666695e+01
2.9527963860559257e+01
3.2759635021256635e+01
3.6268816585393274e+01
4.0069737057515830e+01
4.4176202143657996e+01
4.8601428833641300e+01
5.3357868781588827e+01
5.8457022219234119e+01
6.3909243907131959e+01
6.9723542900030324e+01
7.5907378169158548e+01
8.2466452380319183e+01
8.9404506366418701e+01
9.6723117050214498e+01
1.0442150176129263e+02
1.1249633204440654e+02
1.2094156016830246e+02
1.2974826160943712e+02
1.3890449679851162e+02
1.4839519537518237e+02
1.5820206609423613e+02
1.6830353536252068e+02
1.7867471715877699e+02
1.8928741679826388e+02
2.0011017065210575e+02
2.1110832352047495e+02
2.2224414489331380e+02
2.3347698481804369e+02
2.4476346953770280e+02
2.5605773647363031e+02
2.6731170751375754e+02
2.7847539894139447e+02
2.8949726571153172e+02
3.0032457716413484e+02
3.1090382066902811e+02
3.2118112913716107e+02
3.3110272782048571e+02
3.4061539536900716e+02
3.4966693372960867e+02
3.5820664116675221e+02
3.6618578246843936e+02
3.7355805027866961e+02
3.8028001147496900e+02
3.8631153258936655e+02
3.9161617845432102e+02
3.9616157854026613e+02
3.9991975583516023e+02
4.0286741359308434e+02
4.0498617584087151e+02
4.0626277816938881e+02
4.0668920603819538e+02
4.0626277857609426e+02
4.0498617665172645e+02
4.0286741480300378e+02
3.9991975743658247e+02
3.9616158052323289e+02
3.9161618080657900e+02
3.8631153529649470e+02
3.8028001452052490e+02
3.7355805364435645e+02
3.6618578613428843e+02
3.5820664511131992e+02
3.4966693793018538e+02
3.4061539980183358e+02
3.3110273246097637e+02
3.2118113396012888e+02
3.1090382564891092e+02
3.0032458227521704e+02
2.8949727092816170e+02
2.7847540423819351e+02
2.6731171286581815e+02
2.5605774185670299e+02
2.4476347492836757e+02
2.3347699019386658e+02
2.2224415023298613e+02
2.1110832880393463e+02
2.0011017586064025e+02
1.8928742191459369e+02
1.7867472216712102e+02
1.6830354024864201e+02
1.5820207084547008e+02
1.4839519998044642e+02
1.3890450124829923e+02
1.2974826589579550e+02
1.2094156428479623e+02
1.1249633598606857e+02
1.0442150552456287e+02
9.6723120632869353e+01
8.9404509767491746e+01
8.2466455600015138e+01
7.5907381208761919e+01
6.9723545761810229e+01
6.3909246594244671e+01
5.8457024735624714e+01
5.3357871131892864e+01
4.8601431023088310e+01
4.4176204177977112e+01
4.0069738942845092e+01
3.6268818328192914e+01
3.2759636628227334e+01
2.9527965338565618e+01
2.6559307402666654e+01
2.3839039072929463e+01
2.1352538914509662e+01
1.9085303705663204e+01
1.7023051195430899e+01
1.5151809865925959e+01
1.3457996011182901e+01
1.1928478586817402e+01
1.0550632404499334e+01
9.3123803427784022e+00
8.2022253218517758e+00
7.2092728454929862e+00
6.3232449499234411e+00
5.5344864184712073e+00
4.8339641241554228e+00
4.2132603516928704e+00
3.6645609277310953e+00
3.1806389552597607e+00
2.7548349069917069e+00
2.3810337848209615e+00
2.0536399999352244e+00
1.7675505723432021e+00
1.5181271908882297e+00
1.3011676165221722e+00
1.1128768538090277e+00
9.4983845926148780e-01
8.0898630096883384e-01
6.8757703267695047e-01
5.8316349752506513e-01
4.9356923236673356e-01
4.1686420324544432e-01
3.5134186626651082e-01
2.9549761583438039e-01
2.4800865394947919e-01
2.0771528985198806e-01
1.7360365858210139e-01
1.4478982977369867e-01
1.2050526395383691e-01
1.0008356251137712e-01
8.2948449035446625e-02
6.8602913617655442e-02
5.6619447675410897e-02
4.6631294605803043e-02
3.8324640855947938e-02
3.1431672547524762e-02
2.5724424388119369e-02
2.1009350030312526e-02
1.7122546113757870e-02
1.3925565774721035e-02
1.1301761288390999e-02
9.1530995931297966e-03
7.3973986271637570e-03
5.9659365966749471e-03
4.8013904183138714e-03
3.8560635795917694e-03
3.0903674958590705e-03
2.4715240750478075e-03
1.9724606136578633e-03
1.5708713221019364e-03
1.2484227071682663e-03
9.9008272741377720e-04
7.8355608113113656e-04
6.1881019991413821e-04
4.8767851001017262e-04
3.8352930190719143e-04
3.0099013251422903e-04
2.3571908309484875e-04
1.8421543024876969e-04
1.4366336778438236e-04
1.1180336069165254e-04
8.6826530985957608e-05
6.7288185689671955e-05
5.2037205213084464e-05
4.0158537237981353e-05
3.0926486579388504e-05
2.3766873777378088e-05
1.8226459370703973e-05
1.3948301990334055e-05
1.0651950681815614e-05
8.1175641454621622e-06
6.1732105233009607e-06
4.6847370777964303e-06
3.5477102043719560e-06
2.6810185694606764e-06
2.0218097642638005e-06
1.5214914971784058e-06
1.1425824470827547e-06
8.5623769105655701e-07
6.4030944195308346e-07
4.7783091278424770e-07
3.5583396241613188e-07
2.6442912824609066e-07
1.9609202549596510e-07
1.4511070329066797e-07
1.0715877114928961e-07
7.8966844489679406e-08
5.8069825899458143e-08
4.2613299762931296e-08
3.1205328815936514e-08
2.2803483938463799e-08
1.6628850899577933e-08
1.2100739364722765e-08
8.7872082308110862e-09
6.3676396382522615e-09
4.6046241559774022e-09
3.3227492760719170e-09
2.3927366708145438e-09
1.7193961938646332e-09
1.2329452740150729e-09
8.8227070603985023e-10
6.2999241539097479e-10
4.4891542575241618e-10
3.1919855759201379e-10
2.2650048340356616e-10
1.6038251815019453e-10
1.1332648256824300e-10
7.9903405713193261e-11
5.6227542347912636e-11
3.9464246611723502e-11
2.7647984297928080e-11
1.9302338118646851e-11
1.3451115003547080e-11
9.3735741996725633e-12
6.4969849535619153e-12
4.4881005610353965e-12
3.1016305347933874e-12
2.1274778632046631e-12
1.4348232704771154e-12
9.5920397903231229e-13
6.5456813072859312e-13
4.3322084073885277e-13
2.9938988820185976e-13
1.7377600188179379e-13
9.1291231135595667e-14
1.0131147961202316e-14
-2.5296935250317257e-15
-6.0357360703954989e-14
-9.7293712543817593e-14
-7.6730233936707065e-14
-8.3347009327985211e-14
-1.1061751021096311e-13
-9.0112137303437879e-14
-9.8635498540408923e-14
-1.0463191632652329e-13
-9.7272005547610059e-14
-8.3268685857483699e-14
-8.3160957212899820e-14
-4.5402208687604708e-14
-3.3177711393201318e-14
-2.0984950852258230e-14
-3.4193406811225676e-14
-1.5421697420436688e-14
-4.7303491696245972e-14
-5.2733150824022456e-14
-3.2913844860409943e-14
-3.5060601226485869e-14
-2.4071392716647625e-14
-1.0926594668936653e-14
-8.7292765806328340e-15
-1.5255163815696858e-14
-1.3057733409929228e-14
-1.3039551326538698e-14
-1.3021308773056732e-14
-8.6686707161899631e-15
-1.7312858074343199e-14
-3.0254516935372322e-14
-3.8843221095527606e-14
-3.4477867594041968e-14
-5.1642407279473284e-14
-5.1567780442142600e-14
-5.1492922197977803e-14
-4.2848194890454886e-14
-5.1342516778035228e-14
-5.1266972253217031e-14
-5.1191201623406487e-14
-7.6672809330636062e-14
-5.9545485274982732e-14
-6.7950061912691947e-14
-6.7847846303219381e-14
-6.7745338131595941e-14
-6.7642539189507986e-14
-8.4424314089589483e-14
-5.0577057131835549e-14
-3.3666207851227704e-14
-5.0421353741392283e-14
-5.0343184380224934e-14
-5.0264805050154462e-14
-6.6914956146712748e-14
-6.6809895894291655e-14
-8.3380701408368918e-14
-6.6598953663571499e-14
-8.3116344158849505e-14
-4.9790195956377687e-14
-6.6280513334867565e-14
-8.2717291669437918e-14
-6.6066889775566795e-14
-1.3191936897769855e-13
-6.5852219311529050e-14
-9.8616744122826520e-14
-1.3127303328057683e-13
-1.3105656565831549e-13
-9.8129694739350126e-14
-1.3062211895572537e-13
-1.3040414726456085e-13
-1.3018568161244799e-13
-1.6245840712887035e-13
-1.6218410405459987e-13
-1.6190919743091766e-13
-1.2930695352005206e-13
-1.6135759210822660e-13
-9.6648541623240468e-14
-9.6482177007162771e-14
-9.6315464211046845e-14
-6.4098937354195424e-14
-9.5981005266281438e-14
-9.5813264716293758e-14
-7.9704322652864423e-14
-7.9563979559639523e-14
-4.7654016193105438e-14
-6.3425973822992519e-14
-3.1656521108346716e-14
-6.3199895311963374e-14
-6.3086534983098811e-14
-6.2972963105254907e-14
-4.7144386165796040e-14
-7.8431490259047820e-14
-6.2630996941211735e-14
-6.2516597634396824e-14
-6.2401996165480158e-14
-6.2287194413702557e-14
-6.2172194258808651e-14
-4.6542748185747354e-14
-4.6456204695650300e-14
-3.8641263862108925e-14
-4.6282685413330899e-14
-3.8496427035985455e-14
-3.0739066090246156e-14
