5.3697373148167866e-02
6.3775297617076884e-02
7.5178657095358412e-02
8.8108849317474772e-02
1.0279286306789870e-01
1.1948411819742476e-01
1.3846178363561970e-01
1.6003675700191633e-01
1.8455286625006737e-01
2.1239192464082329e-01
2.4397620583388172e-01
2.7977331288590979e-01
3.2029950762032955e-01
3.6612470183800166e-01
4.1787646044499999e-01
4.7624524403575857e-01
5.4198897964333315e-01
6.1593859471110957e-01
6.9900306397442058e-01
7.9217521552171011e-01
8.9653715052887950e-01
1.0132662523577056e+00
1.1436408496527426e+00
1.2890463116580997e+00
1.4509807897686571e+00
1.6310612336906549e+00
1.8310290048881297e+00
2.0527555983169115e+00
2.2982478756697446e+00
2.5696532269175583e+00
2.8692641242033821e+00
3.1995224079878022e+00
3.5630228165420101e+00
3.9625160355054772e+00
4.4009108162590218e+00
4.8812753881608426e+00
5.4068377451204208e+00
5.9809849901657683e+00
6.6072613470966894e+00
7.2893649911665177e+00
8.0311433357621240e+00
8.8365869048030987e+00
9.7098214569623948e+00
1.0655098478735921e+01
1.1676783744502837e+01
1.2779344057547734e+01
1.3967331906432406e+01
1.5245368157308214e+01
1.6618122557920341e+01
1.8090292190043446e+01
1.9666577693049110e+01
2.1351657420585557e+01
2.3150159405579480e+01
2.5066631329050860e+01
2.7105508425468599e+01
2.9271079560646154e+01
3.1567451476316737e+01
3.3998511483138991e+01
3.6567888659905208e+01
3.9278913889460959e+01
4.2134578852755851e+01
4.5137494360610788e+01
4.8289848205626463e+01
5.1593362960152767e+01
5.5049253958092933e+01
5.8658187926747324e+01
6.2420242552944437e+01
6.6334867480501458e+01
7.0400847057616772e+01
7.4616265349321353e+01
7.8978473752769503e+01
8.3484061732836636e+01
8.8128831017147007e+01
9.2907773752135739e+01
9.7815054940751594e+01
1.0284399962762464e+02
1.0798708511273817e+02
1.1323593860296576e+02
1.1858134052172186e+02
1.2401323380926704e+02
1.2952073935287504e+02
1.3509217778374824e+02
1.4071509768078144e+02
1.4637631030632295e+02
1.5206193080024630e+02
1.5775742583358470e+02
1.6344766752408279e+02
1.6911699348383146e+02
1.7474927267265986e+02
1.8032797679497236e+02
1.8583625678644958e+02
1.9125702400078310e+02
1.9657303552355117e+02
2.0176698310739980e+02
2.0682158505080446e+02
2.1171968041645866e+02
2.1644432482736411e+02
2.2097888716223667e+02
2.2530714633012019e+02
2.2941338739991244e+02
2.3328249623677661e+02
2.3690005190729750e+02
2.4025241601049385e+02
2.4332681821673361e+02
2.4611143721097673e+02
2.4859547637681882e+02
2.5076923349055266e+02
2.5262416384876053e+02
2.5415293620239754e+02
2.5534948103710764e+02
2.5620903070316615e+02
2.5672815107514208e+02
2.5690476439601440e+02
2.5673816314387199e+02
2.5622901474118186e+02
2.5537935711302143e+02
2.5419258508561776e+02
2.5267342780202995e+02
2.5082791731562219e+02
2.4866334870260977e+02
2.4618823201352234e+02
2.4341223655550223e+02
2.4034612796690672e+02
2.3700169870594345e+02
2.3339169253240988e+02
2.2952972370744084e+02
2.2543019157883410e+02
2.2110819134910739e+02
2.1657942174980502e+02
2.1186009045797570e+02
2.0696681800008875e+02
2.0191654098386414e+02
1.9672641539102662e+02
1.9141372074288293e+02
1.8599576582741417e+02
1.8048979674084455e+02
1.7491290785952597e+02
1.6928195641001795e+02
1.6361348115664677e+02
1.5792362576855859e+02
1.5222806727108778e+02
1.4654195002294327e+02
1.4087982549804298e+02
1.3525559818486391e+02
1.2968247775117794e+02
1.2417293765679791e+02
1.1873868023264151e+02
1.1339060828302668e+02
1.0813880310716780e+02
1.0299250888105092e+02
9.7960123185544731e+01
9.3049193520672574e+01
8.8266419497968286e+01
8.3617660467462429e+01
7.9107948196251755e+01
7.4741504291873540e+01
7.0521761932997066e+01
6.6451391558348888e+01
6.2532330042841544e+01
5.8765812990352039e+01
5.5152409658752362e+01
5.1692060144797274e+01
4.8384114349609895e+01
4.5227372368108519e+01
4.2220125844349020e+01
3.9360199966750827e+01
3.6644995679571991e+01
3.4071531827004506e+01
3.1636486850558704e+01
2.9336239806991827e+01
2.7166910378324918e+01
2.5124397697278841e+01
2.3204417713888546e+01
2.1402538984791910e+01
1.9714216665535055e+01
1.8134824644879007e+01
1.6659685653816599e+01
1.5284099342766689e+01
1.4003368207689611e+01
1.2812821408241330e+01
1.1707836400814609e+01
1.0683858473098168e+01
9.7364181381009836e+00
8.8611465108646073e+00
8.0537886533219876e+00
7.3102150398911405e+00
6.6264311490502283e+00
5.9985853557363953e+00
5.4229751421226853e+00
4.8960518172186474e+00
4.4144237682161149e+00
3.9748584437045493e+00
3.5742830908600691e+00
3.2097844513963896e+00
2.8786074322657336e+00
2.5781529565654777e+00
2.3059750001676047e+00
2.0597770172512835e+00
1.8374077463679848e+00
1.6368565960348200e+00
1.4562485850549813e+00
1.2938390314414805e+00
1.1480079469376905e+00
1.0172543258375097e+00
9.0019026575726757e-01
7.9553510460344912e-01
7.0210949139880918e-01
6.1882957212396550e-01
5.4470118792803435e-01
4.7881426569729796e-01
4.2033727787733521e-01
3.6851195274270065e-01
3.2264809141638578e-01
2.8211867679353864e-01
2.4635510981021150e-01
2.1484276526456803e-01
1.8711668122469086e-01
1.6275758470395976e-01
1.4138804526617085e-01
1.2266897349592433e-01
1.0629623209076915e-01
9.1997594981219760e-02
7.9529796068577491e-02
6.8675926239268575e-02
5.9242890897231774e-02
5.1059215483630932e-02
4.3972877520085517e-02
3.7849488095560713e-02
3.2570461768079470e-02
2.8031541400597718e-02
2.4141269513579752e-02
2.0819826564746274e-02
1.7997769877352562e-02
1.5615160892436281e-02
1.3620542457751295e-02
1.1970338970357429e-02
1.0628049661353908e-02
9.5639175798188925e-03
8.7543258972378381e-03
8.1817487477196076e-03
7.8343501969868889e-03
7.7062545618246554e-03
7.7973646143817575e-03
8.1140255874340515e-03
8.6691016850216473e-03
9.4831645333029561e-03
1.0584895710486349e-02
1.2013022211704529e-02
1.3817143792624420e-02
1.6060797707205018e-02
1.8822821621956198e-02
2.2202239068273479e-02
2.6320171876179892e-02
3.1327891340799843e-02
3.7409446619661328e-02
4.4785890123450238e-02
