1.8634615712069169e-14
2.1043697758848823e-14
3.8354212220790304e-14
3.3494789502300808e-14
5.5642970998805669e-14
2.1606742685511669e-14
2.8839825657020886e-14
3.1776099438281646e-14
3.8872940243611825e-14
4.8083892531676014e-14
4.7311637662581899e-14
4.0848450585772457e-14
4.4231764242997421e-14
2.4354088803510416e-14
4.1988659438936926e-14
3.5977626052196156e-14
4.4997628441538691e-14
4.9811583945584996e-14
5.2259257031090079e-14
4.6452951607661883e-14
7.4756301172572668e-14
7.1650264715808049e-14
7.9412390628168839e-14
7.8343994912851397e-14
8.0165521840727329e-14
8.9513185503220155e-14
8.5627874019906105e-14
7.7659589029257625e-14
9.6085816103441582e-14
8.0160534832427738e-14
9.9010331395726869e-14
9.0797163025499987e-14
6.4229275821802089e-14
7.0317118256422063e-14
7.0992768920406670e-14
6.7664465765545935e-14
7.8531579383590791e-14
6.8349121433382720e-14
6.7030740718403521e-14
6.5157489772836996e-14
3.4089660489438185e-14
1.5780235409059350e-14
2.2170045802191875e-14
2.0248095736894350e-14
3.8715822412178317e-15
-2.3360378721480543e-16
1.8495311537231873e-14
1.0086313383697631e-14
-1.2614497424913118e-14
-9.5055589502682348e-15
4.4598236312124927e-15
-7.9953039021712502e-15
2.5081584216045265e-15
-7.0207477626773915e-15
-9.9756319584175423e-16
-1.4960861336142375e-14
-1.8298308075465880e-14
-1.6575950336682607e-14
-1.8930836021347642e-14
-2.3106004727529654e-14
-5.8517032550872325e-15
-6.3717623855018469e-15
4.1100880590698013e-15
6.4412296941505112e-15
7.2001473529730706e-15
2.0984469776733292e-14
2.1157995745215667e-14
3.5971154409564974e-14
2.6405009774141134e-14
3.6082201616600509e-14
4.9535172475914692e-14
5.6980835216431924e-14
4.6945592299424081e-14
5.7987764371614916e-14
4.4035145286679624e-14
6.3046548838057550e-14
7.1562948712195224e-14
4.3127925429003654e-14
4.6760855222001279e-14
5.3790209117104872e-14
1.6039423965609233e-14
3.0627167020422198e-14
3.0572453685802188e-14
3.6767288446890428e-14
4.7625120570948065e-15
1.9622725191086611e-15
1.8566515332039636e-14
2.6179075381912067e-14
1.7408042073003653e-14
1.9352311022195830e-14
2.7653791207235741e-14
2.3904534647617322e-14
3.3541127366723405e-14
3.0940270739740531e-14
1.5342226133731163e-14
1.7094257541496494e-14
-7.3043030909721632e-15
3.2900692816870682e-15
-1.8921533780307581e-14
-3.6129062977956624e-14
-3.9757004837976170e-14
-2.6772765917754457e-14
-2.3467587590167236e-14
-5.3876591553504323e-15
-3.4711264407979197e-15
2.9619367981137412e-14
3.5796657304629435e-14
5.0340306743890184e-14
6.0712486525367209e-14
6.2626420139185477e-14
5.8418312661112271e-14
4.1953055402421272e-14
1.7561356076422335e-14
-6.8112357384069930e-15
-2.9176789111602423e-14
-3.1885645142433246e-14
-3.4507704754117615e-14
-5.0956018125638174e-14
-2.7344952629793814e-14
-3.5330060480025768e-14
-3.7892148496943856e-14
-3.7779654225448088e-14
-2.0970861564288952e-14
-3.8022209192912676e-14
-5.9714445054204861e-14
-5.8198049115643751e-14
-6.1594656916222953e-14
-7.6300382229967918e-14
-6.9127206795998130e-14
-8.1124746503383418e-14
-9.3253673686379273e-14
-1.1116872160255197e-13
-1.1543891485014976e-13
-1.0534456866413557e-13
-1.2910475557855577e-13
-1.3325273848280283e-13
-1.4005407984307842e-13
-1.5677369071431249e-13
-1.5289782650835801e-13
-1.9729969721552556e-13
-2.2811144091627188e-13
-2.5080781114057099e-13
-3.2470140261994997e-13
-3.4899738027213734e-13
-4.0320812157524829e-13
-4.5237079630586967e-13
-5.1908349249823738e-13
-5.6550867837748701e-13
-6.0324561874773856e-13
-6.2694110402851729e-13
-6.6318622027212780e-13
-7.0939663028335702e-13
-7.3753736494847844e-13
-7.8701336269271422e-13
-8.5633242913087923e-13
-9.3522673315382058e-13
-1.0342992817417455e-12
-1.0924119947321626e-12
-1.2259886690187547e-12
-1.3501357356296799e-12
-1.4401046939948693e-12
-1.6081335588584369e-12
-1.7474896843825236e-12
-1.9312277597925546e-12
-2.1142725578881998e-12
-2.2809661750743589e-12
-2.5276429778888920e-12
-2.7202507683008188e-12
-2.9602477960864914e-12
-3.2261341953855165e-12
-3.5497217997348953e-12
-3.9026809830129396e-12
-4.3217493388472897e-12
-4.7375062529072962e-12
-5.2533309966505857e-12
-5.7793583076474523e-12
-6.3663903572188021e-12
-7.0154150643391864e-12
-7.7204598720486211e-12
-8.4473699462441680e-12
-9.2796854224022031e-12
-1.0104314752237726e-11
-1.1055124794483778e-11
-1.1985634897565174e-11
-1.3052835542072104e-11
-1.4170149011821947e-11
-1.5372649106068260e-11
-1.6630308742466421e-11
-1.7998140000827786e-11
-1.9398412726615503e-11
-2.0932858869097810e-11
-2.2526943826721232e-11
-2.4209739009053434e-11
-2.5957850236963622e-11
-2.7772159267735575e-11
-2.9610389291653971e-11
-3.1520332838914334e-11
-3.3478143915131978e-11
-3.5476023497750668e-11
-3.7487536235401803e-11
-3.9583521393883986e-11
-4.1653048628183790e-11
-4.3787520250005822e-11
-4.5923868869727111e-11
-4.8069838912358178e-11
-5.0186274631284079e-11
-5.2356418225949368e-11
-5.4427402608836841e-11
-5.6513579655338020e-11
-5.8528825679832582e-11
-6.0473824648036488e-11
-6.2356855804328539e-11
-6.4187923013991123e-11
-6.5866142194123971e-11
-6.7533723469653954e-11
-6.9005341664048765e-11
-7.0431255925988361e-11
-7.1686704794253484e-11
-7.2833525610584928e-11
-7.3841972241240390e-11
-7.4701628280176795e-11
-7.5362422032437643e-11
-7.5881059272222113e-11
-7.6269612916834953e-11
-7.6483664032985416e-11
-7.6547293891026734e-11
-7.6481641602957023e-11
-7.6223830264186789e-11
-7.5817204350724520e-11
-7.5197780222809183e-11
-7.4496580927128333e-11
-7.3608614168123432e-11
-7.2610852084768858e-11
-7.1466493024349895e-11
-7.0163424502852380e-11
-6.8807879669510594e-11
-6.7280165381394108e-11
-6.5664616862120009e-11
-6.3939411453470458e-11
-6.2104966249854720e-11
-6.0199012846103346e-11
-5.8260849083106907e-11
-5.6261663700440411e-11
-5.4233897390600660e-11
-5.2173324970334840e-11
-5.0078350327953048e-11
-4.7974997207096162e-11
-4.5920060054159719e-11
-4.3827799123132343e-11
-4.1779991144744256e-11
-3.9740924786881330e-11
-3.7747910021894373e-11
-3.5760235821648830e-11
-3.3807951301343730e-11
-3.1882395151865756e-11
-3.0009373538971017e-11
-2.8162841642377970e-11
-2.6416387679067338e-11
-2.4718336560729942e-11
-2.3107113368845944e-11
-2.1550238510662195e-11
-2.0069572538873308e-11
-1.8666750541118560e-11
-1.7344746855153684e-11
-1.6063612563942298e-11
-1.4865829714480794e-11
-1.3720253182065520e-11
-1.2656926584646438e-11
-1.1627823943683746e-11
-1.0696099038890741e-11
-9.7617558975723035e-12
-8.9551473789041180e-12
-8.1417607387728414e-12
-7.4036727767814252e-12
-6.7287102964829582e-12
-6.1335123634282375e-12
-5.5598252915101945e-12
-5.0521863877326741e-12
-4.5824641623354054e-12
-4.1929171565472430e-12
-3.8103337960385227e-12
-3.4494467874037011e-12
-3.1336328585934726e-12
-2.8525095762095284e-12
-2.5718436180815803e-12
-2.3099808905366926e-12
-2.0691168601440727e-12
-1.8586870329466057e-12
-1.6787870591491714e-12
-1.5123397072643708e-12
-1.3719229603046226e-12
-1.2360580368137438e-12
-1.0945155264048555e-12
-9.8629670039085643e-13
-8.5844740688368816e-13
-7.8088778848149226e-13
-6.5620000768020808e-13
-5.7697313998104374e-13
-5.0041557851415362e-13
-4.3303475517034910e-13
-3.7160164361533783e-13
-3.1658194535023947e-13
-2.3676212469104209e-13
-2.1617145137331579e-13
-1.8146657164150613e-13
-1.6812447355548648e-13
-1.3814134952797388e-13
-1.4165499304561962e-13
-1.3025472416853760e-13
-1.1582313238893359e-13
-1.2404048037789717e-13
-1.2418368862762374e-13
-1.2766471463680541e-13
-1.2572926514382897e-13
-1.2814650653330847e-13
-1.5211003251522676e-13
-1.2385432572961793e-13
-1.3412091720860342e-13
-1.0334856614920614e-13
-9.1039376284221329e-14
-8.2291813207171033e-14
-8.1543344163785222e-14
-8.1330517828197985e-14
-9.3350494857422561e-14
-9.6460889607649531e-14
-8.6297023345037178e-14
-7.9109282931077475e-14
-8.5107794361215593e-14
-7.4924377010624491e-14
-8.4063190705578881e-14
-9.1675749686047877e-14
-8.5687629130029700e-14
-9.0600431513627340e-14
-2.4009610945013016e-14
-2.0290383272607627e-14
6.0059455950677412e-16
3.0156604816305143e-14
1.7743525386790219e-14
3.1302938041858453e-14
3.7582325438471844e-14
5.9409731469490177e-14
7.0134014182287880e-14
5.9731678062614492e-14
6.7396968304175588e-14
9.9215233343298734e-14
8.7503795281080403e-14
6.8655441732727218e-14
7.8357020357696343e-14
6.0871135312022434e-14
7.1718328367481823e-14
8.3039963307239682e-14
8.4712657559568166e-14
1.1425472500274420e-13
1.2474068632266450e-13
1.2946200726766534e-13
1.3918970134999369e-13
1.2203469937511791e-13
1.3483551093553582e-13
1.2457347318048483e-13
1.0207474957299746e-13
6.3639980665889782e-14
1.5772297795784373e-14
-4.9682092558808930e-15
-3.0844105463695454e-14
-4.7417736142944757e-14
-3.2194801152878965e-14
-6.2999713289748880e-14
-5.2383327710551870e-14
-2.2849139351170500e-14
-1.9920341887675159e-14
-1.7265239604994229e-15
-4.3279206190412408e-15
6.4264875857425742e-15
1.0443185362534741e-14
6.7439288300665989e-15
5.6864112758441220e-15
2.9665433183860515e-14
3.6367064107863355e-14
2.6074002743961371e-14
3.6109947335289500e-14
1.5405345111116539e-14
3.0015031969329176e-14
5.3049690399965052e-16
-2.7325766088823140e-16
-6.4029165074523088e-16
6.5639106416741321e-15
4.3970245424424449e-15
1.5264769139156729e-14
-7.1575736368657162e-15
1.1614785376683361e-14
-1.4186179115083322e-15
-1.9022779562690907e-14
6.8616070359697400e-15
-1.3260693140773735e-14
-3.8700232327258444e-16
1.3325064405783802e-14
-6.0517694603575719e-15
1.8702965060942087e-14
5.1705805299400454e-15
5.6635727419319410e-15
1.9549317261020142e-14
1.0825128983355997e-14
-4.8841815564824757e-15
2.5329897844935382e-14
9.1123428410699853e-15
-3.2442967174462293e-15
9.1415719443863116e-15
3.4160023308885515e-15
1.4181388248365832e-14
-3.4448751425746816e-15
1.4981829374893661e-14
4.2714489492071340e-14
7.3397849573377974e-15
-8.8407139907143854e-15
-1.2362611656346805e-14
-7.2995163432975835e-15
-7.1908701526982703e-15
1.2184128322816740e-14
1.2752984699675556e-14
4.4919260266497813e-14
2.4448927253087149e-14
9.8317289254675542e-15
2.1726109535170022e-14
1.0929426027232097e-14
2.0153001395897709e-14
2.4249101581656597e-14
3.0428604918317077e-14
4.6094335869267842e-14
6.5277822241999366e-14
5.2436105877105457e-14
3.0999430161535012e-14
4.4723662862291620e-14
2.2851019150211929e-14
2.5811694999767305e-14
3.2592306473094146e-14
5.5492299335208236e-14
4.8022838575890455e-14
1.7214910761921914e-14
2.0728118420479247e-14
2.9166971055460228e-14
2.3839355825734402e-14
1.8967269510389130e-14
2.7526504984599010e-14
6.2338503616657606e-14
6.7602825945131688e-14
3.2698665936153110e-14
2.0948969297270968e-14
1.8790999062216183e-14
1.0172048094741682e-14
1.8917879505460485e-14
2.7712583838466531e-14
3.3489548650167600e-14
4.2395584629529803e-14
2.7023366362431289e-14
2.8932603312562033e-14
3.3458731040485034e-14
1.8084695976098619e-14
1.6250654944855233e-14
1.3590434498936430e-14
3.2577232723188688e-14
4.0439666245488704e-14
1.0409915363228272e-14
3.6947568647160862e-14
2.1827873221446542e-14
2.2508384722224661e-14
3.9214067553089835e-14
3.6397343742249872e-14
3.3695653454876690e-14
4.0705392721727360e-14
1.5962790211119365e-14
2.4919687811665620e-14
2.1488554727966886e-14
1.3152077883142507e-14
1.4881339071408406e-14
2.9883848565061694e-14
3.9842867639008464e-14
6.9511212428581208e-14
4.1816401463804909e-14
2.1153232841865617e-14
2.9322084501869962e-14
2.4927504652681500e-14
1.2349233519558785e-14
4.7715412275045578e-14
4.1606688471229491e-14
6.7850291016213276e-14
1.8768533581935323e-14
4.8718282011327285e-14
3.0477020773461198e-14
4.1557857913254276e-14
4.4420435218792193e-14
2.1036353029208993e-14
3.1737966262795883e-14
3.9274135017550766e-14
1.5317311241146031e-14
4.3922956752661910e-14
1.9299175216176275e-14
2.5172472397039744e-14
4.0756286916551196e-14
3.2833958479493271e-14
1.8817422016046206e-14
3.3551231907431602e-14
2.8045338773053563e-14
2.9948249195165483e-14
2.6464009356135307e-14
1.5183818173069587e-14
1.4132997495000803e-14
1.4809143642150414e-14
1.3474139973936054e-14
2.5360024313652753e-14
1.1337731427918458e-14
3.0923069821668487e-14
3.5851736419810465e-14
