5.3812012828837498e-02
6.3910873830094098e-02
7.5337623711346891e-02
8.8294008248804276e-02
1.0300740304897761e-01
1.1973165292431491e-01
1.3874638569657874e-01
1.6036300153620531e-01
1.8492587374061184e-01
2.1281741070127699e-01
2.4446053204062335e-01
2.8032354332615567e-01
3.2092346736990190e-01
3.6683104040806952e-01
4.1867471752925411e-01
4.7714591963033864e-01
5.4300360648989177e-01
6.1707981448914095e-01
7.0028470553818689e-01
7.9361237612868152e-01
8.9814627853618501e-01
1.0150652319447095e+00
1.1456490861198438e+00
1.2912848175241791e+00
1.4534722702169636e+00
1.6338301712824155e+00
1.8341017420434391e+00
2.0561604172016597e+00
2.3020150739059186e+00
2.5738151884974703e+00
2.8738553839251137e+00
3.2045797085593426e+00
3.5685851565704247e+00
3.9686247073171792e+00
4.4076094316810304e+00
4.8886098910480529e+00
5.4148564087039439e+00
5.9897383978998100e+00
6.6168023550696144e+00
7.2997486707130852e+00
8.0424268943958896e+00
8.8488295841447879e+00
9.7230844059144772e+00
1.0669444600709246e+01
1.1692277517167707e+01
1.2796051324147998e+01
1.3985319637456763e+01
1.5264704181899411e+01
1.6638875264244202e+01
1.8112530194452038e+01
1.9690369477794867e+01
2.1377070940480809e+01
2.3177261663994024e+01
2.5095487924300752e+01
2.7136183068711276e+01
2.9303633567073742e+01
3.1601943231551370e+01
3.4034995887416400e+01
3.6606416552777432e+01
3.9319531458420109e+01
4.2177327029339189e+01
4.5182408208189734e+01
4.8336956303227851e+01
5.1642686787254959e+01
5.5100807285448340e+01
5.8711976218804232e+01
6.2476262387489655e+01
6.6393105991568859e+01
7.0461281407670725e+01
7.4678862237030387e+01
7.9043188962539006e+01
8.3550839732440281e+01
8.8197604609523381e+01
9.2978463787435828e+01
9.7887570094309595e+01
1.0291823624938480e+02
1.0806292715311068e+02
1.1331325761978573e+02
1.1865999577228047e+02
1.2409307243093301e+02
1.2960159663498601e+02
1.3517387753286508e+02
1.4079745268044550e+02
1.4645912287175886e+02
1.5214499342741507e+02
1.5784052194121531e+02
1.6353057228622606e+02
1.6919947474966244e+02
1.7483109196916519e+02
1.8040889040735024e+02
1.8591601690999610e+02
1.9133537995728855e+02
1.9664973503426074e+02
2.0184177361394728e+02
2.0689421507469137e+02
2.1178990094715371e+02
2.1651189072843840e+02
2.2104355858463839e+02
2.2536869012124603e+02
2.2947157849704001e+02
2.3333711903320997e+02
2.3695090157972774e+02
2.4029929979611441e+02
2.4336955662904600e+02
2.4614986518351441e+02
2.4862944432465508e+02
2.5079860827999028e+02
2.5264882966646465e+02
2.5417279531597833e+02
2.5536445444021851e+02
2.5621905863910416e+02
2.5673319343415000e+02
2.5690480098253249e+02
2.5673319381130267e+02
2.5621905939285455e+02
2.5536445556940231e+02
2.5417279681895110e+02
2.5264883154093815e+02
2.5079861052329088e+02
2.4862944693344991e+02
2.4614986815419996e+02
2.4336955995736207e+02
2.4029930347766330e+02
2.3695090560947378e+02
2.3333712340613135e+02
2.2947158320750933e+02
2.2536869516381788e+02
2.2104356395330581e+02
2.1651189641755940e+02
2.1178990695057919e+02
2.0689422138683332e+02
2.0184178022877271e+02
1.9664974194650631e+02
1.9133538716131349e+02
1.8591602440114949e+02
1.8040889818067561e+02
1.7483110002092693e+02
1.6919948307589428e+02
1.6353058088442472e+02
1.5784053080872462e+02
1.5214500256329640e+02
1.4645913227500100e+02
1.4079746235202396e+02
1.3517388747376728e+02
1.2960160684847321e+02
1.2409308292036954e+02
1.1866000654361392e+02
1.1331326867916846e+02
1.0806293850961661e+02
1.0291824791240990e+02
9.7887582076547034e+01
9.2978476102041284e+01
8.8197617273373140e+01
8.3550852763046080e+01
7.9043202381618030e+01
7.4678876067152970e+01
7.0461295676176022e+01
6.6393120726927066e+01
6.2476277623602805e+01
5.8711991991063641e+01
5.5100823635466213e+01
5.1642703758596383e+01
4.8336973946627587e+01
4.5182426576936273e+01
4.2177346185040811e+01
3.9319551466017884e+01
3.6606437486936912e+01
3.4035017827145758e+01
3.1601966267309134e+01
2.9303657794968888e+01
2.7136208598436614e+01
2.5095514872891908e+01
2.3177290164721992e+01
2.1377101136149083e+01
1.9690401530753761e+01
1.8112564279418354e+01
1.6638911579637398e+01
1.5264742942175923e+01
1.3985361086016001e+01
1.2796095725185191e+01
1.1692325170460750e+01
1.0669495833011668e+01
9.7231395880144849e+00
8.8488891218476109e+00
8.0424912483512916e+00
7.2998183470752043e+00
6.6168779287287389e+00
5.9898205029634193e+00
5.4149457659526128e+00
4.8887072984611120e+00
4.4077157971821777e+00
3.9687410396797591e+00
3.5687126048484745e+00
3.2047195538652828e+00
2.8740090873886279e+00
2.5739843846270274e+00
2.3022016295275360e+00
2.0563664274199032e+00
1.8343296034496828e+00
1.6340825819494194e+00
1.4537523216270338e+00
1.2915960006057967e+00
1.1459954079706316e+00
1.0154512306931276e+00
8.9857717323277919e-01
7.9409409424672139e-01
7.0082407770115351e-01
6.1768461975273303e-01
5.4368282837189719e-01
4.7790981593611531e-01
4.1953516129232565e-01
3.6780162275462902e-01
3.2201995792818350e-01
2.8156403582102629e-01
2.4586607625573495e-01
2.1441220913510400e-01
1.8673816714486186e-01
1.6242531496558055e-01
1.4109680617673337e-01
1.2241408522793859e-01
1.0607350172114088e-01
9.1803272903302702e-02
7.9360535403553867e-02
6.8528745430056354e-02
5.9115139056941289e-02
5.0948540700666511e-02
4.3877197643779904e-02
3.7766964238581675e-02
3.2499474005455421e-02
2.7970666952745974e-02
2.4089262847678157e-02
2.0775601772296752e-02
1.7960384710685021e-02
1.5583802911717895e-02
1.3594516609250549e-02
1.1949057167687384e-02
1.0611021614894002e-02
9.5507436019411345e-03
8.7446908290342556e-03
8.1754179429194621e-03
7.8311665753600362e-03
7.7061379507778124e-03
7.8003122045670007e-03
8.1201151198346082e-03
8.6784959259166121e-03
9.4961192367471088e-03
1.0601769208365976e-02
1.2034289731968776e-02
1.3843413944482115e-02
1.6092835721957483e-02
1.8861575481710045e-02
2.2248875808119170e-02
2.6376117397229341e-02
3.1394886519088457e-02
3.7489607663557696e-02
4.4881776115639427e-02
