2.4756674631477263e-01
2.9220885912829947e-01
3.4186212670323357e-01
3.9748254385277038e-01
4.5977132329994175e-01
5.2964475414480028e-01
6.0799757417345091e-01
6.9585222535693836e-01
7.9427428216279983e-01
9.0445989738849542e-01
1.0276716796453749e+00
1.1652954088076304e+00
1.3188048353258353e+00
1.4897880542319117e+00
1.6799360148677169e+00
1.8910787179153421e+00
2.1251602274150363e+00
2.3842576059147560e+00
2.6705657806838796e+00
2.9864231066840126e+00
3.3342964044461012e+00
3.7167784428223181e+00
4.1365819444473431e+00
4.5965506941543728e+00
5.0996413321140093e+00
5.6489232800521512e+00
6.2475669270937892e+00
6.8988435803563144e+00
7.6061078223916558e+00
8.3727896515891977e+00
9.2023686389839821e+00
1.0098363628078781e+01
1.1064316704337413e+01
1.2103765428517226e+01
1.3220213517869507e+01
1.4417113588110418e+01
1.5697833568009155e+01
1.7065631798487445e+01
1.8523612158285150e+01
2.0074698921695806e+01
2.1721606122532201e+01
2.3466795046852145e+01
2.5312433851849914e+01
2.7260365559788280e+01
2.9312063836103519e+01
3.1468591900649084e+01
3.3730562080015318e+01
3.6098095935159193e+01
3.8570785051468533e+01
4.1147660087609687e+01
4.3827142159699427e+01
4.6607010780675175e+01
4.9484386776115713e+01
5.2455704494467355e+01
5.5516679634060033e+01
5.8662292303361312e+01
6.1886777501593563e+01
6.5183619814221203e+01
6.8545536999608686e+01
7.1964480975577089e+01
7.5431652866043819e+01
7.8937518731817320e+01
8.2471834397597490e+01
8.6023683841550039e+01
8.9581504088763381e+01
9.3133123307365850e+01
9.6665818165536805e+01
1.0016637503235873e+02
1.0362115636679175e+02
1.0701616196612642e+02
1.1033711060040460e+02
1.1356953556280625e+02
1.1669886585409586e+02
1.1971051554839752e+02
1.2258998322316998e+02
1.2532295682245072e+02
1.2789541257353434e+02
1.3029370689355315e+02
1.3250468129342610e+02
1.3451576838141489e+02
1.3631509303982844e+02
1.3789157374631813e+02
1.3923501354805137e+02
1.4033618482971104e+02
1.4118691161755251e+02
1.4178014752302684e+02
1.4211004908735205e+02
1.4217202916567283e+02
1.4196280592776384e+02
1.4148045220811696e+02
1.4072443064899011e+02
1.3969560811184996e+02
1.3839626197943110e+02
1.3683008038930680e+02
1.3500213714607000e+02
1.3291887226493500e+02
1.3058806812083841e+02
1.2801879206525365e+02
1.2522133703422097e+02
1.2220715462950145e+02
1.1898876843640873e+02
1.1557969226805493e+02
1.1199434500095684e+02
1.0824794708048599e+02
1.0435640648800006e+02
1.0033620649010169e+02
9.6204296255214032e+01
9.1977969686465499e+01
8.7674737753159334e+01
8.3312206995266564e+01
7.8907966204292308e+01
7.4479467969124315e+01
7.0043917788537044e+01
6.5618169949228630e+01
6.1218609084344173e+01
5.6861045302429183e+01
5.2560631371121929e+01
4.8331777662538514e+01
4.4188079097302527e+01
4.0142239210143963e+01
3.6206014386480476e+01
3.2390169947767802e+01
2.8704435500383624e+01
2.5157475588303228e+01
2.1756868953623449e+01
1.8509104700647079e+01
1.5419580574891118e+01
1.2492594003663466e+01
9.7313664352678337e+00
7.1380731059959341e+00
4.7138701006542991e+00
2.4589399757259693e+00
3.7254176387126847e-01
-1.5469553643966638e+00
-3.3020128568770719e+00
-4.8958562146272095e+00
-6.3324125741793171e+00
-7.6162435779567446e+00
-8.7524853641786056e+00
-9.7467736758138557e+00
-1.0605173099001416e+01
-1.1334114098207065e+01
-1.1940324239025124e+01
-1.2430761185415570e+01
-1.2812542412959314e+01
-1.3092894614131412e+01
-1.3279105421746491e+01
-1.3378458704139520e+01
-1.3398182523181024e+01
-1.3345401759246686e+01
-1.3227090861181335e+01
-1.3050041549672347e+01
-1.2820834856802771e+01
-1.2545808343964477e+01
-1.2231025653708825e+01
-1.1882254601232658e+01
-1.1504958319613653e+01
-1.1104278588082858e+01
-1.0685017384757318e+01
-1.0251632135671091e+01
-9.8082423676206361e+00
-9.3586274728196788e+00
-8.9062325943236917e+00
-8.4541818534426056e+00
-8.0052722070800559e+00
-7.5619806028356154e+00
-7.1264873458752414e+00
-6.7006853305462748e+00
-6.2861985282868238e+00
-5.8844002863973053e+00
-5.4964208424534027e+00
-5.1231603660202580e+00
-4.7653108582143915e+00
-4.4233783864055729e+00
-4.0976951889585642e+00
-3.7884345786143641e+00
-3.4956321576396405e+00
-3.2192026921665002e+00
-2.9589536114625572e+00
-2.7145960716888493e+00
-2.4857579157202343e+00
-2.2719920864612511e+00
-2.0727913929379267e+00
-1.8876100322173108e+00
-1.7158702934460257e+00
-1.5569672037923996e+00
-1.4102738566890569e+00
-1.2751531917323047e+00
-1.1509718563482378e+00
-1.0370922944539107e+00
-9.3287739452143170e-01
-8.3770369737745032e-01
-7.5096511282115186e-01
-6.7207203010150951e-01
-6.0044968765123663e-01
-5.3554979173808048e-01
-4.7685927425124081e-01
-4.2389015823490656e-01
-3.7617981352925622e-01
-3.3329022148206350e-01
-2.9480275233754116e-01
-2.6032398206931912e-01
-2.2949543558458940e-01
-2.0198500503312100e-01
-1.7748335960717515e-01
-1.5569986616338427e-01
-1.3637227642802646e-01
-1.1926332285977614e-01
-1.0414687570315902e-01
-9.0809198335175478e-02
-7.9059397323517383e-02
-6.8722516508236367e-02
-5.9638163778194239e-02
-5.1662233289232362e-02
-4.4667155224747304e-02
-3.8537728844706014e-02
-3.3173731438311496e-02
-2.8482232412962480e-02
-2.4378509278305885e-02
-2.0792027806627724e-02
-1.7660292019997470e-02
-1.4919442995418043e-02
-1.2514930234726915e-02
-1.0395743239739703e-02
-8.5195650245246096e-03
-6.8423176315812731e-03
-5.3221157924574812e-03
-3.9250735160575451e-03
-2.6220363945679737e-03
-1.3811391786396005e-03
-1.7655209977887571e-04
1.0165585593617085e-03
2.2208743728736580e-03
3.4660852828602940e-03
4.7822409230077875e-03
6.2070162165065142e-03
7.7734897742393590e-03
9.5252939766283882e-03
1.1515381192495769e-02
1.3803972044872333e-02
1.6447346931998140e-02
1.9521359802826911e-02
2.3108934598966641e-02
2.7317342105979945e-02
3.2254003022671042e-02
3.8063917876553811e-02
4.4917114077675527e-02
5.3035884501157503e-02
6.2662815759333454e-02
7.4120869197571285e-02
8.7753100966898340e-02
1.0402000846593899e-01
1.2342168076690931e-01
1.4666792044135590e-01
1.7444732698714807e-01
2.0796258289004360e-01
