2.6090414372654889e-16
-6.1607339750792800e-15
1.3005937023503657e-14
1.4097482948358382e-14
2.5161857341310885e-14
6.3872657711633830e-15
2.6907131757197125e-14
1.8263418239732017e-14
2.5004762073245371e-14
2.1197867253140611e-14
2.5396722599079564e-14
2.5261713280241472e-14
2.6680225530878676e-14
1.6887239869727390e-14
2.1140902457572385e-14
2.9934489336305210e-14
2.1350115550844502e-14
1.8703933954680358e-14
2.6044713097163069e-14
3.7757833349767553e-14
4.2936905306901274e-14
4.5371959625041702e-14
5.0005283956650979e-14
2.6055410394349567e-14
4.9658696002278799e-14
6.3236387199936902e-14
5.3116866969747166e-14
7.1987011458188923e-14
7.2403718319952049e-14
6.3763126895956008e-14
5.8224694697648621e-14
6.3044905039405504e-14
5.8068433779261992e-14
5.5306653417473909e-14
4.4797604742410192e-14
5.0488670898139737e-14
5.7362660432987836e-14
4.1792704730197337e-14
4.3085606807075696e-14
2.1224258491389255e-14
1.5332594698880997e-14
2.1475804583986444e-14
3.6875036098561199e-15
-2.1979559265357787e-14
1.7113804145178035e-14
-3.3111487953395257e-15
7.7877569395497820e-15
-3.1248444694652202e-15
-1.6451739932461990e-14
-1.2688074657763657e-14
-5.2118036384046741e-15
-3.4819932814337269e-15
-1.5350000229208749e-15
-2.1189083774002928e-14
-1.9990411128315655e-14
-1.4327374111887850e-14
-4.0108190229723127e-14
-2.7951277006980085e-14
-2.8246156463786621e-14
-2.1947564802371569e-14
1.2435724754502911e-14
-1.5925379223886680e-14
4.3019383151383458e-15
9.7925573364575905e-15
1.5633205836281457e-14
3.1478441058821279e-14
1.3789041809932930e-14
2.9469655781216457e-14
4.5309131640872408e-14
4.0334749068636232e-14
3.8487718055585212e-14
5.4603041025149912e-14
4.3289182187938885e-14
7.5156537007825415e-14
6.1988268650449421e-14
6.0558497262910044e-14
9.2101060429898767e-14
5.8846727350991226e-14
7.7950963485802415e-14
5.8134022264199080e-14
4.6548497869992145e-14
5.1251053023921603e-14
5.4077596010358752e-14
6.0072283391403173e-14
5.1201545598200241e-14
5.6817633260976904e-14
6.9584339362063338e-14
7.1100379761326778e-14
6.7743247422730869e-14
6.4180031406168840e-14
6.5184980411219476e-14
7.2269608310378862e-14
6.1235690913181994e-14
3.1378277766190534e-14
5.1034587362258028e-14
3.4069779845492689e-14
1.8578302262422102e-15
7.8869526938782986e-15
4.5021920686606928e-15
-5.9666933509583344e-15
-5.1643055880837461e-15
4.7117603049864985e-15
1.3002918887445692e-14
3.2375988673621296e-14
4.2855688694583261e-14
6.5474790655337103e-14
1.0197470840381297e-13
1.0059436738803336e-13
7.1958808651040459e-14
9.2654235790483538e-14
8.0131569849111435e-14
6.9661093139965598e-14
2.4434164573327860e-14
-6.9178005177374040e-16
1.9017422017030227e-14
-1.5841182767991376e-14
-2.6084906480098886e-14
-1.6341390329818748e-14
-3.5667668399813675e-14
-2.5291598856590652e-14
-3.5305993064794206e-14
-3.2898967720428219e-14
-4.1226134254908588e-14
-4.5293193376739668e-14
-6.5137593039729937e-14
-5.0097097023221637e-14
-7.0299823850983892e-14
-6.9976698455721092e-14
-8.0376283439301745e-14
-8.2877913561961221e-14
-9.0393878424070761e-14
-1.1126856574273390e-13
-1.0609202609027461e-13
-1.0797585152468634e-13
-1.2885177547183211e-13
-1.3144033994053996e-13
-1.4107938942999553e-13
-1.5289893975433503e-13
-1.7038962395374060e-13
-2.2235562088981595e-13
-2.6030686077135462e-13
-2.6911412188223784e-13
-3.3349159278029869e-13
-3.8788672277778181e-13
-4.4964869876362889e-13
-4.8746530936746850e-13
-5.5357294785809600e-13
-5.8518690112861169e-13
-6.3905239920671649e-13
-6.3669723024022141e-13
-6.9127266064829911e-13
-7.1361264678118188e-13
-7.6184197218914258e-13
-8.1645857526599907e-13
-8.8281405520144515e-13
-9.8126595265188955e-13
-1.0508420668727631e-12
-1.0908602468355438e-12
-1.2118803622533617e-12
-1.3015503838983949e-12
-1.3972422981878564e-12
-1.5153990275709355e-12
-1.6571812035578445e-12
-1.8059308110237643e-12
-1.9534898110075621e-12
-2.0911892585577744e-12
-2.2949860471910605e-12
-2.4697170570727190e-12
-2.6717278542613235e-12
-2.9304103029600020e-12
-3.1957445318231201e-12
-3.4848757724615305e-12
-3.8425738772836971e-12
-4.2012107040028878e-12
-4.6502715383265726e-12
-5.1138372037313519e-12
-5.6403173616847372e-12
-6.1983269914781282e-12
-6.8101355383936392e-12
-7.4260847884112002e-12
-8.1447813983095526e-12
-8.8474101875343541e-12
-9.6778541123197642e-12
-1.0508830901827943e-11
-1.1412128735122188e-11
-1.2387219920147685e-11
-1.3434015613712429e-11
-1.4531766397916388e-11
-1.5722371520047001e-11
-1.6951606544851423e-11
-1.8279083626419378e-11
-1.9660739243765441e-11
-2.1139184342341009e-11
-2.2650954147753536e-11
-2.4235376628663539e-11
-2.5863745788958046e-11
-2.7533590688965261e-11
-2.9242946571570011e-11
-3.1028150022588538e-11
-3.2766928090194576e-11
-3.4625983805769490e-11
-3.6470628973983062e-11
-3.8349377277323064e-11
-4.0213730048113759e-11
-4.2142390598603241e-11
-4.4008542515952476e-11
-4.5907139432563848e-11
-4.7752071799387056e-11
-4.9619120658098880e-11
-5.1399132436733244e-11
-5.3141848535945522e-11
-5.4858837807607845e-11
-5.6483583392095703e-11
-5.7985837257173728e-11
-5.9482649589395973e-11
-6.0837822723128700e-11
-6.2098210215758623e-11
-6.3244693493489796e-11
-6.4256175804079657e-11
-6.5129769116395403e-11
-6.5942099714915153e-11
-6.6540279890777912e-11
-6.7036778058928163e-11
-6.7404012091481055e-11
-6.7628450753157150e-11
-6.7702300854708556e-11
-6.7656795505425326e-11
-6.7447720247894397e-11
-6.7109631734476777e-11
-6.6604104461783205e-11
-6.5966870667400204e-11
-6.5231633699529541e-11
-6.4324854345648975e-11
-6.3366001798477428e-11
-6.2247582656187353e-11
-6.1048894567231589e-11
-5.9729428225759357e-11
-5.8277836954157951e-11
-5.6737415264552215e-11
-5.5174561278230850e-11
-5.3467001724537662e-11
-5.1760848918502253e-11
-4.9977317890849183e-11
-4.8192963665302351e-11
-4.6382055727491839e-11
-4.4528869489733736e-11
-4.2655629949428583e-11
-4.0837139732729137e-11
-3.8982360648944151e-11
-3.7197212418091983e-11
-3.5373815341798165e-11
-3.3605287809764532e-11
-3.1860404010747701e-11
-3.0134013341830753e-11
-2.8431502970508123e-11
-2.6807832702697670e-11
-2.5150477943786479e-11
-2.3595796150564227e-11
-2.2091962342949382e-11
-2.0665083519854690e-11
-1.9297342926893130e-11
-1.7969966149719946e-11
-1.6712690284476197e-11
-1.5575141240623508e-11
-1.4430224654012863e-11
-1.3388273402019453e-11
-1.2362582123960030e-11
-1.1402505190423920e-11
-1.0496194022716788e-11
-9.6633176184023318e-12
-8.8347292518102943e-12
-8.1114709688953717e-12
-7.3785100381818370e-12
-6.7391593760081443e-12
-6.1187693116652235e-12
-5.5637500350043791e-12
-5.0465020364646069e-12
-4.6126027368046613e-12
-4.1764918768402753e-12
-3.8029456039758694e-12
-3.4656688427063554e-12
-3.1798798175162319e-12
-2.8711447199917002e-12
-2.5997853624015654e-12
-2.3593310222726930e-12
-2.1491069718178655e-12
-1.9454978188888677e-12
-1.7702636610839379e-12
-1.6060893715679411e-12
-1.4495059642280203e-12
-1.3115764111904058e-12
-1.1756371702359938e-12
-1.0682997151257817e-12
-9.5609165447314351e-13
-8.6501572304092181e-13
-7.6976911920379990e-13
-6.5699598717778198e-13
-5.6081918121642301e-13
-5.0086048862208386e-13
-4.2973528205549852e-13
-3.7692603182714843e-13
-3.1993593217949814e-13
-2.5829199382151411e-13
-2.2064572611036722e-13
-1.8562738590614978e-13
-1.8143420858396383e-13
-1.5845258321317108e-13
-1.5649384532446637e-13
-1.3953364003243464e-13
-1.4090029784955281e-13
-1.2967115154588795e-13
-1.3333681845851746e-13
-1.4608358136145107e-13
-1.3296769436535805e-13
-1.3807839659313716e-13
-1.4106806303904755e-13
-1.2402819325356763e-13
-1.1486430533599543e-13
-1.2272743730355718e-13
-9.7281163621803934e-14
-9.4133122113933532e-14
-9.1216200727004130e-14
-1.1670539017386035e-13
-1.2088183932240701e-13
-1.3181715637436319e-13
-1.3009191577279707e-13
-1.1820250852622005e-13
-1.0823676204980050e-13
-9.9366570521137464e-14
-1.0058304866326830e-13
-1.1425660061966914e-13
-1.0885727448746329e-13
-9.6794118211469211e-14
-6.2612633083597632e-14
-4.2932926323886708e-14
-8.6177664393853467e-15
3.4143269276379657e-14
3.8895824585282681e-14
2.8053389440326383e-14
2.0460408025991889e-14
3.8610904970747744e-14
4.4254573978874328e-14
5.7151430648996469e-14
5.8582036346023992e-14
5.5068363002326392e-14
7.8526572248276129e-14
6.5847967914684193e-14
4.5756603534990836e-14
8.8753167939795396e-14
1.2632004063703366e-13
1.1885292499718427e-13
1.4227056353780885e-13
1.6393653735986107e-13
1.5632008432173867e-13
1.5280685648822659e-13
1.5572781392040281e-13
1.5639481287902586e-13
1.5260702670555440e-13
1.3380318272983136e-13
9.9120489326711696e-14
5.5694253108989570e-14
2.4285853406567515e-14
-2.0229301944681469e-14
-3.5019847298621883e-14
-2.3032523982506193e-14
-4.2873773182113425e-14
-5.5132565881052075e-14
-3.8694379570736962e-14
-2.8449850745308240e-15
1.2629379205724521e-14
-8.1290464191612268e-15
2.4486601000282483e-14
2.7833058079890902e-14
3.7228125929433419e-14
3.8435905672391983e-14
2.1954846000061101e-14
5.1965105539885412e-14
4.7645169014441881e-14
4.6240019128257023e-14
2.9162514605285836e-14
2.9968716685986869e-14
3.7728556556173086e-14
1.8514398378785036e-14
1.2286574854441499e-14
7.2316506106341990e-15
-4.3495473194454422e-15
7.0974431841051066e-15
1.5170650482300258e-14
-7.5868382496436892e-15
9.1426876573125748e-15
3.4214044547260897e-15
-1.2728057831466528e-14
1.3105612799852401e-15
4.1177727086740386e-15
6.2294555833802564e-15
1.2908289493446583e-14
-3.9397786880569762e-15
2.0002248013134028e-14
-2.9634192793110030e-15
1.6330866155412255e-15
2.2232055043953420e-14
1.4881459901590944e-14
2.6983702155228280e-14
2.5414543208397205e-14
2.1610977092551603e-14
1.4980834188941064e-14
1.0614659202747548e-14
1.7628143479844323e-14
2.8132933113176626e-14
2.3841630826580765e-14
2.6945893803804817e-14
1.9002858330847744e-14
1.0333810767867081e-14
1.0481734203456056e-14
9.2949635358222605e-15
6.3308066875887873e-16
1.3430841718036068e-14
6.1277924531780102e-15
3.1214246275971665e-14
4.1213490455392303e-14
2.5698129336293016e-14
1.9091126758526953e-14
3.3577570284668740e-14
3.8546483575929247e-14
2.8279050774952048e-14
2.9816454377755170e-14
5.2063577293901219e-14
7.9831141931597778e-14
5.6151925534770070e-14
4.9458131030532155e-14
3.3812207039731178e-14
4.0757685163187656e-14
4.5389827334231709e-14
4.8950981889452765e-14
4.9502936464612566e-14
4.6736064714325155e-14
4.2005906907031222e-14
2.1141401588222968e-14
2.0100823635556079e-14
2.7600542878818520e-14
2.4924674977768120e-14
2.1236858785891346e-14
3.3888267393843885e-14
4.6206321891257985e-14
3.5220530558384526e-14
2.5966408437201710e-14
3.6123666474295940e-14
3.0446623694467906e-14
1.0662014042832631e-14
1.0750133554752202e-14
2.4967915138178264e-14
3.1488604146643006e-14
3.2896365902610895e-14
8.3897080692205533e-15
1.2580700458186622e-14
8.9264702398579554e-15
8.3927825401045085e-15
4.6248926096891742e-15
7.2328976638004874e-15
7.8107209099227609e-15
2.9924726019443895e-14
-1.2833094014404999e-15
5.5919933087872184e-15
8.5173363553717605e-15
4.7042031682878559e-15
1.2618959505928535e-14
1.6632342824740086e-15
1.6627856289564855e-14
1.6595171917824825e-14
-1.7821321184392225e-14
4.5243611509952078e-15
6.8857892972418373e-15
4.8407085426257519e-15
9.0659232137405053e-15
4.9246896861030232e-15
8.2132218350936775e-15
2.4346188943016793e-14
-1.1538160200411161e-14
1.2409557980195021e-14
7.9117917824948030e-15
1.4177983457791689e-14
1.1560819928630204e-14
3.0888237847375209e-14
1.9736276133520361e-14
3.5333191314354242e-14
1.4142827630564757e-14
1.8954749627421030e-14
2.8087470671664045e-14
-1.0565145590006638e-16
1.2875092520379787e-14
1.4774960225935452e-14
1.5726533048020228e-14
2.7932586613575790e-14
3.5696593649578573e-15
9.4411815212118487e-15
2.5493226168956989e-14
-1.0835935315273048e-15
1.4336590794795692e-14
-1.0668593674084563e-15
-1.0852044792445116e-14
2.0795142177628729e-14
-6.4711566500061806e-15
2.4575675864041312e-15
8.0918683122122577e-15
9.1913973628782229e-18
1.5227944778005065e-14
6.1297736793562764e-15
1.0016174736187003e-14
1.0894159256299069e-14
-1.0431854539003003e-14
-2.2969455784605943e-15
8.0877683689012173e-15
