-3.1284717653932549e-14
-8.4611122785544526e-14
-1.3897650921482767e-13
-2.0085482584442444e-13
-2.8561391759531359e-13
-3.1938385882963474e-13
-3.6099554791529098e-13
-4.0669034565839438e-13
-4.3920741634259673e-13
-5.0992907703829612e-13
-5.6459633416310943e-13
-6.3133120669451980e-13
-7.1798548520609545e-13
-7.8454957296189582e-13
-8.5482254888461787e-13
-9.4138628151743416e-13
-1.0293487234799398e-12
-1.1128168400707292e-12
-1.1874987306489299e-12
-1.2753752116239330e-12
-1.3743549279176497e-12
-1.4218036524036004e-12
-1.4759140636965915e-12
-1.5265332255765744e-12
-1.5626028060408550e-12
-1.5719774605764511e-12
-1.6090970648917186e-12
-1.6391922690104540e-12
-1.6512779339445376e-12
-1.6640254248364878e-12
-1.6686745693606699e-12
-1.6680024294008595e-12
-1.6341182921904478e-12
-1.6018556354462847e-12
-1.5231646337333796e-12
-1.4342342529268916e-12
-1.3269560415731647e-12
-1.1743168686788281e-12
-1.0255080415239819e-12
-8.5236896743306903e-13
-5.8223709315275469e-13
-3.1453865334328084e-13
-4.7166372298795929e-14
2.3845008412146435e-13
5.1794946843487753e-13
7.7811356067469112e-13
1.0279471347166477e-12
1.2624028068301668e-12
1.5261061924600880e-12
1.7963158033592921e-12
2.1318571096679768e-12
2.5089689287766794e-12
2.8609676874537267e-12
3.2588468572124412e-12
3.6413616248744421e-12
4.0857518866395176e-12
4.5492028677680004e-12
5.0428187203354798e-12
5.5461042233775308e-12
6.0512718789629708e-12
6.5784852158399887e-12
7.1283692264952253e-12
7.6127961239218761e-12
8.1763468393723922e-12
8.7254609844497513e-12
9.3186733998340710e-12
9.9659379346722058e-12
1.0635898541968885e-11
1.1322020083275517e-11
1.1977636637532205e-11
1.2653840050110968e-11
1.3361507694695566e-11
1.4083397614298366e-11
1.4828728124083866e-11
1.5633642186037005e-11
1.6446111932226805e-11
1.7269780543073609e-11
1.8057026723611276e-11
1.8856766484140952e-11
1.9660440555273487e-11
2.0430659235012736e-11
2.1246738420969631e-11
2.2075683976863499e-11
2.2923443609754215e-11
2.3735664595876784e-11
2.4522673406472784e-11
2.5318347617765825e-11
2.6157489302629441e-11
2.6958549310089170e-11
2.7745876177652380e-11
2.8553072914065958e-11
2.9326781123146107e-11
3.0078331931658507e-11
3.0790212967930309e-11
3.1475336157513496e-11
3.2182993320393988e-11
3.2851490285781139e-11
3.3481825307052814e-11
3.4131984298287498e-11
3.4772808175600555e-11
3.5341330282378772e-11
3.5837949339107023e-11
3.6323560995537888e-11
3.6773946774918646e-11
3.7147952400864594e-11
3.7482325725035621e-11
3.7801076507769358e-11
3.8054385845234209e-11
3.8242498557804409e-11
3.8367410114125292e-11
3.8462102257044954e-11
3.8505834334548911e-11
3.8456079840613942e-11
3.8349564477147920e-11
3.8203282968852885e-11
3.8009405275479823e-11
3.7730893513933622e-11
3.7395136777065479e-11
3.7019877267228076e-11
3.6617656469594734e-11
3.6140068453658377e-11
3.5614560807867983e-11
3.5048308846018801e-11
3.4432890670275907e-11
3.3760295088306704e-11
3.3042484740248211e-11
3.2309298420794091e-11
3.1560028224163382e-11
3.0801154269071643e-11
2.9993796587809224e-11
2.9181847905246290e-11
2.8351703092675799e-11
2.7505710308081234e-11
2.6646939458066910e-11
2.5794525223863405e-11
2.4923811580254277e-11
2.4052121861488329e-11
2.3206083490446740e-11
2.2354851836392391e-11
2.1505750544233536e-11
2.0672228884230844e-11
1.9858886146759667e-11
1.9084491329785903e-11
1.8336426844065537e-11
1.7615415361214554e-11
1.6877620628011609e-11
1.6148665820660512e-11
1.5406514582890760e-11
1.4695903407557437e-11
1.3965920692712985e-11
1.3271926353408495e-11
1.2567251892714663e-11
1.1905610964028051e-11
1.1256538151084806e-11
1.0622324955376751e-11
1.0023598833155888e-11
9.4429431049894480e-12
8.8900692397425766e-12
8.3879575371445453e-12
7.8769920315110366e-12
7.4277236757139351e-12
6.9768508801130128e-12
6.5156580600598732e-12
6.0647332302286369e-12
5.6463967440049144e-12
5.2308635353411505e-12
4.8541188822545873e-12
4.4875281330590156e-12
4.1185815268314325e-12
3.7614010183781392e-12
3.4038932464722324e-12
3.0504363924433586e-12
2.7476634961210218e-12
2.4397480193377957e-12
2.1641000860976220e-12
1.9156703365062623e-12
1.6964884111000823e-12
1.5122040451720164e-12
1.3080499410729784e-12
1.0744631757714330e-12
9.1513517757195506e-13
7.3067872070560607e-13
5.8763190649701507e-13
4.2124512727914054e-13
3.0227715474425050e-13
1.9923780142104816e-13
1.0583687126866158e-13
7.1057979138484841e-14
7.2464443812698909e-14
6.8104347028536950e-14
1.1184593017795638e-13
1.4944793082281521e-13
2.0097283012930532e-13
2.6812328116780594e-13
2.8990187428333921e-13
3.2011876196869640e-13
3.8061676161058222e-13
4.3899212280499097e-13
4.8951336379083940e-13
5.4303732894011000e-13
5.8235559374873927e-13
6.3084987323891512e-13
6.2532400010262532e-13
6.4148495652841387e-13
6.6878648817465496e-13
7.0225481323855164e-13
7.0562723449381504e-13
7.1289898447110950e-13
7.4348014956514893e-13
7.5598889953182331e-13
7.5296015478309782e-13
7.7575646161869489e-13
8.2686979056317609e-13
8.8825270729765335e-13
9.2991480730400013e-13
9.5112818788948552e-13
9.6979256949654395e-13
9.7476099318372393e-13
9.8535636084050068e-13
9.9798854531646080e-13
1.0027046388530601e-12
1.0316293726788696e-12
1.0374390640974295e-12
1.0338363131912543e-12
9.8062017799070686e-13
9.7082188532295411e-13
9.0645259238788347e-13
8.2926979190032534e-13
7.6859308964719590e-13
7.2835691275841243e-13
6.5595846927228892e-13
5.7506098979657825e-13
4.6593517456438881e-13
3.6869632639490927e-13
2.7186539266240820e-13
1.9749069682345154e-13
1.2282586277310875e-13
1.2146081762437138e-13
1.0641388488103359e-13
1.0765992028386808e-13
1.2299691831077837e-13
1.3317472275557584e-13
1.1807719133490803e-13
1.1532208401230008e-13
1.3004703010748221e-13
1.6032242581095929e-13
1.8403035037259604e-13
1.8007421592792432e-13
1.6835399982605112e-13
1.4788833829653645e-13
1.3816966303896695e-13
1.0786956038615163e-13
7.1985652689522382e-14
5.4759396693694366e-14
6.4639661425426761e-14
1.2656507565919103e-14
