-1.1232640252797682e-13
1.3121150790592090e-15
-2.0807439364203546e-13
1.8928593980195822e-13
-1.6352430456915769e-13
-8.7292392355948566e-14
5.4338762994612705e-14
-1.0361075389590735e-13
1.0492985888266486e-14
-1.0846839315149637e-13
1.1794032257802846e-13
-5.9847294407140617e-15
1.2728315953502489e-13
1.1488339634857401e-13
1.0427073377483504e-13
3.1416753533945493e-14
5.2632076554276395e-14
3.6967339294777863e-14
-5.7202808867551280e-14
6.2488026496355241e-14
1.0984554224891672e-13
9.1402217807336424e-14
1.3565462065813962e-13
7.1677618727926856e-14
-5.7128483901732052e-14
1.3050933831384797e-13
-3.4944453093125979e-15
1.1191231674440859e-13
1.3595364967431549e-14
3.0913901528656435e-13
1.7569733147674561e-13
2.1544944679891906e-13
-2.4344888051027827e-15
-1.3070612053376520e-13
1.3187313972199718e-13
-1.8424627665365099e-13
2.0299585714961433e-13
4.3516291176360867e-14
3.9251048117004847e-13
-5.0018790634454075e-14
-1.0788531755126499e-15
3.4878758403621933e-14
-3.2912792760121495e-14
9.8902677441293149e-14
6.6281319002569255e-14
3.9389394503322823e-14
1.3517951255488516e-13
-1.1708764625709682e-14
-2.3431211666874941e-13
-2.3054836723353654e-13
-1.0411046960390127e-13
-4.9942442121367855e-14
2.3765539302112782e-14
9.2984126854476690e-14
1.8589679505240432e-13
-2.3830368231191236e-13
1.0471644058497192e-13
-2.3461580283267820e-13
4.0148995730618972e-14
-1.0541409317744735e-13
-1.5013767689957668e-13
-1.1686946826790651e-13
8.3976145649879952e-14
3.0495854549471488e-14
-1.3294468284680915e-13
-9.1484514216607737e-14
-1.3990249025571044e-13
7.8450269756342246e-14
-3.7118667291149903e-14
2.2151551281477454e-13
7.4917587620313966e-14
5.0350571540407244e-14
4.9425874226691363e-14
-1.0674385680512338e-13
-2.1540995778936922e-13
-2.9449070870998364e-13
-1.6136481487228903e-13
-4.3388570410175457e-13
-5.3780787557572800e-13
-1.0374798106423842e-12
-1.1669606152711971e-12
-1.8911502229151173e-12
-2.4974028962511010e-12
-3.5187657157096473e-12
-4.7417063812214281e-12
-6.4694594280832118e-12
-8.7733573525300387e-12
-1.2190244470496776e-11
-1.6373927361903654e-11
-2.2091515466419463e-11
-2.9665819641086465e-11
-3.9629321620352849e-11
-5.2267005856267657e-11
-6.8969802166153014e-11
-9.0489537168884923e-11
-1.1746290356190444e-10
-1.5109667896573162e-10
-1.9244356907151568e-10
-2.4237209006173033e-10
-3.0054965268641230e-10
-3.6698431662801521e-10
-4.3870312150668373e-10
-5.1012774610381003e-10
-5.7110404268652787e-10
-6.0331245201549103e-10
-5.7884691037119669e-10
-4.4994763018496557e-10
-1.4707033989045402e-10
4.3838014963081341e-10
1.4655569459595709e-09
3.1708766900559630e-09
5.8965579489391569e-09
1.0137413354010736e-08
1.6597757298323445e-08
2.6278617889469904e-08
4.0587853205577386e-08
6.1495209202716729e-08
9.1739465746658806e-08
1.3510840514534853e-07
1.9681404166516989e-07
2.8398933891534380e-07
4.0635600767098489e-07
5.7710187781941012e-07
8.1403943159525267e-07
1.1411308508722617e-06
1.5904805485591750e-06
2.2049373259066895e-06
3.0414734397099537e-06
4.1755663057504826e-06
5.7068453450779522e-06
7.7663668581579061e-06
1.0525930511087377e-05
1.4209989402294782e-05
1.9110812955919388e-05
2.5607737654609345e-05
3.4191513590386831e-05
4.5495013279276927e-05
6.0331820728553189e-05
7.9744584133934759e-05
1.0506538971318220e-04
1.3799091790695425e-04
1.8067568952668256e-04
2.3584739058714967e-04
3.0694904312579476e-04
3.9831371098965150e-04
5.1537849028390238e-04
6.6494578150447616e-04
8.5550125523126445e-04
1.0975995619795830e-03
1.4043307026944611e-03
1.7918820855821315e-03
2.2802136850138275e-03
2.8938663909946864e-03
3.6629266131781454e-03
4.6241735174396021e-03
5.8224388702127830e-03
7.3122134551112748e-03
9.1595382678959312e-03
1.1444223308704014e-02
1.4262441634185009e-02
1.7729751451124341e-02
2.1984604305192057e-02
2.7192402833069094e-02
3.3550176924032206e-02
4.1291952466356537e-02
5.0694891869524486e-02
6.2086290201488342e-02
7.5851514751660576e-02
9.2442978998580880e-02
1.1239024396801435e-01
1.3631134059771086e-01
1.6492540563073824e-01
1.9906672036889186e-01
2.3970023602801135e-01
2.8793866099887838e-01
3.4506117367406758e-01
4.1253380925519550e-01
4.9203154969397567e-01
5.8546212230790362e-01
6.9499148430949165e-01
8.2307093719425273e-01
9.7246577645651266e-01
1.1462853383303109e+00
1.3480142561124686e+00
1.5815446842824934e+00
1.8512091893014291e+00
2.1618139420824320e+00
2.5186717792648659e+00
2.9276346294092916e+00
3.3951247270665741e+00
3.9281639635674321e+00
4.5344006498328699e+00
5.2221328951627752e+00
6.0003277387165035e+00
6.8786351093664200e+00
7.8673956370417670e+00
8.9776412969711092e+00
1.0221087839920640e+01
1.1610117949142735e+01
1.3157754070838772e+01
1.4877619891975824e+01
1.6783889489581199e+01
1.8891223251234884e+01
2.1214689769149391e+01
2.3769673041302685e+01
2.6571764473391664e+01
2.9636639365181704e+01
3.2979917783719436e+01
3.6617009972690020e+01
4.0562946720011048e+01
4.4832195401794166e+01
4.9438462736397405e+01
5.4394485612975970e+01
5.9711811699327107e+01
6.5400571877799223e+01
7.1469246898701513e+01
7.7924430970525961e+01
8.4770595317395149e+01
9.2009855018122508e+01
9.9641742689686197e+01
1.0766299278227775e+02
1.1606734040526163e+02
1.2484533869568074e+02
1.3398419876641975e+02
1.4346765622382338e+02
1.5327586811970227e+02
1.6338534399687416e+02
1.7376891439896721e+02
1.8439573984417407e+02
1.9523136281094276e+02
2.0623780475513726e+02
2.1737370957894061e+02
2.2859453430968662e+02
2.3985278703168993e+02
2.5109831135775769e+02
2.6227861594260884e+02
2.7333924674256923e+02
2.8422419893033816e+02
2.9487636459678242e+02
3.0523801163036200e+02
3.1525128847570079e+02
3.2485874885221136e+02
3.3400388997697968e+02
3.4263169739733604e+02
3.5068918921008122e+02
3.5812595223641910e+02
3.6489466264222096e+02
3.7095158354745109e+02
3.7625703235881406e+02
3.8077581088524823e+02
3.8447759175307755e+02
3.8733725521969916e+02
3.8933517118193714e+02
3.9045742197524629e+02
3.9069596244790705e+02
3.9004871475321983e+02
3.8851959631371921e+02
3.8611848045455883e+02
3.8286109025760851e+02
3.7876882723229926e+02
3.7386853741293811e+02
3.6819221845483577e+02
3.6177667219423489e+02
3.5466310794227326e+02
3.4689670248594467e+02
3.3852612335634092e+02
3.2960302238635688e+02
3.2018150690932089e+02
3.1031759614260494e+02
3.0006867035513403e+02
2.8949292033693217e+02
2.7864880447738892e+02
2.6759452042452028e+02
2.5638749785040255e+02
2.4508391830049692e+02
2.3373826747101117e+02
2.2240292455429099e+02
2.1112779253410466e+02
1.9995997251766863e+02
1.8894348437654978e+02
1.7811903515113127e+02
1.6752383586926891e+02
1.5719146665432885e+02
1.4715178926467817e+02
1.3743090552811896e+02
1.2805115952098254e+02
1.1903118080099215e+02
1.1038596554181964e+02
1.0212699203967425e+02
9.4262366770377710e+01
8.6796996969306633e+01
7.9732785584569697e+01
7.3068844412381821e+01
6.6801721257880899e+01
6.0925637068319858e+01
5.5432729151472607e+01
5.0313296812119425e+01
4.5556046005063919e+01
4.1148329905412631e+01
3.7076382626879408e+01
3.3325543667907311e+01
2.9880471024983699e+01
2.6725341274789006e+01
2.3844035284502493e+01
2.1220308556212327e+01
1.8837945541342034e+01
1.6680897569545483e+01
1.4733404319873191e+01
1.2980099017262837e+01
1.1406097762593065e+01
9.9970735984921806e+00
8.7393160755026731e+00
7.6197772143876970e+00
6.6261048613262687e+00
5.7466645049943477e+00
4.9705506700230817e+00
4.2875890223337221e+00
3.6883303209371583e+00
3.1640373306257330e+00
2.7066657733773121e+00
2.3088403459729561e+00
1.9638267700674183e+00
1.6655007712895462e+00
1.4083148083619892e+00
1.1872632939397607e+00
9.9784696789226779e-01
8.3603700284732674e-01
6.9823934257083931e-01
5.8125969735937077e-01
4.8226954819410284e-01
3.9877344368661283e-01
3.2857781148001203e-01
2.6976144907574723e-01
2.2064780831844027e-01
1.7977914297906974e-01
1.4589254998098156e-01
1.1789790163147992e-01
9.4857638432237865e-02
7.5968369338316646e-02
6.0544208294440738e-02
4.8001762070910475e-02
3.7846674400025614e-02
2.9661624729845577e-02
2.3095676111495857e-02
1.7854865400874866e-02
1.3693929653591022e-02
1.0409064987057588e-02
7.8316178830498354e-03
5.8226136278223687e-03
4.2680320592515348e-03
3.0747467355631865e-03
2.1670499029593205e-03
1.4836920032719400e-03
9.7537080568983509e-04
6.0261144660580688e-04
3.3398463009297861e-04
1.4461591242669156e-04
1.4944313981151432e-05
-7.0306551616581786e-05
-1.2297709927865011e-04
-1.5216825543512766e-04
-1.6481017281762562e-04
-1.6612416599797244e-04
-1.5999587484668299e-04
-1.4927498718683919e-04
-1.3601453597547790e-04
-1.2166073968914908e-04
-1.0720258543924752e-04
-9.3288839673211622e-05
-8.0318846610995690e-05
-6.8512380089737771e-05
-5.7962851873051299e-05
-4.8677401098734516e-05
-4.0606712697396274e-05
-3.3666858288236116e-05
-2.7755007642486769e-05
-2.2760465428704277e-05
-1.8572186560918567e-05
-1.5083680404290318e-05
-1.2195998377331026e-05
-9.8193471110686669e-06
-7.8737395031623300e-06
-6.2889915002620893e-06
-5.0042932225434731e-06
-3.9675248699448399e-06
-3.1344349170665195e-06
-2.4677663154832249e-06
-1.9363870975106926e-06
-1.5144602236686197e-06
-1.1806805951993966e-06
-9.1757958472831489e-07
-7.1091486291313843e-07
-5.4913323034662220e-07
-4.2290675704591915e-07
-3.2474225441694922e-07
-2.4864409526260294e-07
-1.8983616788853015e-07
-1.4452933540798761e-07
-1.0972980194774827e-07
-8.3080310324620202e-08
-6.2731836290417246e-08
-4.7239519122940175e-08
-3.5478270971208939e-08
-2.6574568684567329e-08
-1.9853261005446623e-08
-1.4793150167217299e-08
-1.0994116462055873e-08
-8.1497984877178937e-09
-6.0261072959600912e-09
-4.4443261748008092e-09
-3.2694058372968319e-09
-2.3993044497421665e-09
-1.7561755632225951e-09
-1.2823523302216284e-09
-9.3396215335175240e-10
-6.7852436201102748e-10
-4.9196380839353836e-10
-3.5557793111355215e-10
-2.5649054403460191e-10
-1.8441073242382410e-10
-1.3250197786959857e-10
-9.5080338874093189e-11
-6.7760956687555372e-11
-4.8324803100195245e-11
-3.4563282809996888e-11
-2.4274687806350003e-11
-1.7261106935095845e-11
-1.2336756498651571e-11
-8.6760467799946079e-12
-6.0088430643269288e-12
-4.1529936944903303e-12
-2.7337649833977875e-12
-1.9230751083154204e-12
-1.4413013185015084e-12
-1.0517838756196833e-12
-6.7066346911997882e-13
-3.8280327808476523e-13
-3.1913953466652086e-13
-2.5283476200588910e-13
-1.1112320765221243e-13
-2.6503741220674087e-13
5.9716099240300334e-14
4.4603803462815849e-14
1.3494228066275590e-13
-4.5442820309100167e-14
-7.7012829555799707e-14
-3.6480977931799113e-14
5.6718689093506100e-14
1.0008845632488403e-13
-7.0375061679954643e-15
9.9179126468331658e-15
6.8253980235267796e-14
9.3681675119483605e-14
-1.3300551758619045e-13
1.3754161409553793e-13
4.3032221224469359e-14
3.5136733205821721e-14
1.4043326574780290e-14
-3.6238770017584245e-14
8.3201339899333170e-14
-1.3905607066062653e-13
-1.9036828173578200e-13
6.1388402473090812e-15
-1.4324479014422693e-13
6.1929939711517372e-14
-1.6247726668306310e-14
-1.8645213348887636e-13
1.5228775122630903e-13
-1.1115639681278022e-13
-2.8062630068005689e-13
-3.5946241174954821e-13
-1.4140720292445386e-13
-3.1890254569379223e-13
-3.8948071090181858e-13
-2.4824097325766008e-13
-9.2114813772117954e-14
8.8630907465344609e-14
-2.3349368178069064e-13
-5.2086202927695689e-14
-1.8341604202408639e-13
-3.7108855865102838e-14
-1.9941941397263510e-13
-1.1974267432932920e-13
-2.5514126579701291e-13
-1.2532288653039040e-13
-9.0112287509843711e-14
-2.2096008421061762e-13
-3.3232594240795427e-13
-6.5537194628034587e-14
-1.0689575102916251e-13
-8.0114695362502670e-14
-1.4438175138524716e-13
6.2816659018343597e-14
-1.5846874370126113e-13
-1.3744519207365946e-13
5.7522904560483728e-14
-2.7593865321879641e-14
4.4004946847866869e-14
-2.1173324412895911e-14
-6.0222013210353918e-14
-1.6174760689070230e-13
-1.2300194516160819e-13
-9.2329246069784068e-14
-1.0709962996253899e-13
-8.6153258853006213e-14
3.1011942334106091e-14
-1.3426182656307663e-13
8.8591119502513495e-14
-2.0104198816872136e-13
2.6023771649363931e-13
2.0103688265328127e-14
2.6837370820308926e-13
