-1.5529633629726239e-12
1.4161602601388635e-12
-7.9519512232580586e-13
-2.1402872557705933e-12
-1.6994524341030049e-12
-8.1606398792954679e-13
-1.7385759673455125e-12
6.1634031121913127e-13
-6.2632123831837552e-14
3.4587111833465982e-13
-1.8643632720230850e-12
3.1497821479054876e-13
6.9730630868418299e-13
-8.6867868568479480e-13
6.3045108895123298e-13
-2.6020753177870964e-12
1.0692404368204409e-12
2.8457735095778180e-12
8.9099779664240347e-14
-3.3994891954299722e-13
1.5953867447204516e-12
-1.1558884554748841e-12
-4.8323107802956774e-13
-5.6368147744899454e-13
1.7726676362222529e-12
-4.4488813026543744e-13
1.9003226085809815e-12
1.3870542943449624e-13
2.0299192276956352e-13
1.2397787375224575e-12
1.5069248965878584e-12
-4.3736585395409444e-13
2.1526867256704746e-12
1.7123542219238957e-12
4.7439022683987929e-13
-7.7407220349130057e-13
-8.8891238671514450e-13
-2.1423165204527734e-12
2.6346211669995749e-13
-5.5594232524971772e-15
-5.4449537366100664e-13
-1.9998694993412578e-12
3.9204871932162865e-12
-2.5054019262340244e-13
-9.8626315857567876e-13
1.9880380501657432e-12
7.1852965442312029e-13
-1.3927643287892882e-12
7.6619973313383019e-13
-1.2428606569738256e-12
2.3088808869157805e-13
5.9447728915839975e-13
-2.5789830774927081e-12
-1.6124933789839569e-12
1.7355890243161627e-13
4.3724397632943943e-13
3.8926509622391512e-13
2.3001089800846222e-13
2.2451424881899782e-12
-7.8021088124942431e-13
2.6361614867052578e-14
2.5265545197671635e-12
-4.8987477835934671e-13
-1.6892662160998839e-12
2.2575808502513941e-12
-7.4700852186144640e-14
3.5164714888707467e-13
2.2867691867074506e-12
-1.6569156954133997e-12
2.4415286544188644e-13
5.6531871896165668e-13
4.9943354398589889e-13
-1.6995573487668385e-12
2.0664147634230425e-12
-1.1692551722404748e-12
4.7495692296343865e-14
1.8520330568496273e-12
-1.4364030581794105e-12
-1.2995181494174894e-12
3.4628500035966124e-14
-2.7946729430722011e-13
-2.6813527512949089e-12
4.1124462074222802e-13
1.5087613052371086e-13
-2.4050550161192639e-13
1.4581179150961442e-13
2.5682820231699449e-12
3.1082264013014268e-12
8.8282340874989714e-12
1.4984779725340144e-11
2.1416552978162357e-11
4.1012570105554366e-11
6.6403278873847652e-11
1.0162853623060928e-10
1.5995331855163299e-10
2.4709787187427585e-10
3.7450008672475602e-10
5.6773040837059050e-10
8.5118567096308368e-10
1.2620166009843289e-09
1.8625159086834199e-09
2.7315373643075415e-09
3.9803123248248211e-09
5.7666140153120096e-09
8.3164983473081167e-09
1.1934466426301166e-08
1.7045462003344973e-08
2.4242012877782745e-08
3.4327240501431975e-08
4.8408333457681603e-08
6.8008027562434060e-08
9.5171675969803291e-08
1.3270278417177400e-07
1.8437596936637701e-07
2.5527144747028380e-07
3.5222684650056282e-07
4.8439121676856633e-07
6.6397717071739519e-07
9.0721784964458088e-07
1.2356737139021607e-06
1.6778228151066384e-06
2.2712284968146382e-06
3.0652384737920156e-06
4.1245189576768497e-06
5.5335446162611061e-06
7.4023351708858937e-06
9.8737426042479206e-06
1.3132711573562354e-05
1.7417983972576341e-05
2.3036805980012820e-05
3.0383445895623024e-05
3.9962329855249256e-05
5.2416962195495502e-05
6.8565811198358762e-05
8.9446871698061427e-05
1.1637264879847197e-04
1.5099791346703616e-04
1.9540283442894931e-04
2.5219463173690564e-04
3.2463153736430993e-04
4.1677335069998837e-04
5.3366371550105638e-04
6.8155000976022340e-04
8.6814772516986729e-04
1.1029571301195990e-03
1.3976412510601276e-03
1.7664753907172303e-03
2.2268797254269305e-03
2.8000479565533014e-03
3.5116865638910410e-03
4.3928806295161675e-03
5.4811039853992945e-03
6.8213929102314370e-03
8.4677041989483746e-03
1.0484479914946412e-02
1.2948442384055941e-02
1.5950644125240370e-02
1.9598797981946702e-02
2.4019913142394711e-02
2.9363262362178531e-02
3.5803704626051050e-02
4.3545385798059812e-02
5.2825836719541289e-02
6.3920484229415209e-02
7.7147585140049144e-02
9.2873586090278945e-02
1.1151890331211084e-01
1.3356410587758888e-01
1.5955647279015056e-01
1.9011687940983743e-01
2.2594695107425114e-01
2.6783640196135750e-01
3.1667045463817156e-01
3.7343721110327455e-01
4.3923481877569864e-01
5.1527824582061099e-01
6.0290544900680654e-01
7.0358268500953358e-01
8.1890868281924090e-01
9.5061736168992039e-01
1.1005787464636698e+00
1.2707977012028264e+00
1.4634100740712865e+00
1.6806758223900027e+00
1.9249686681721265e+00
2.1987618228379175e+00
2.5046093166262371e+00
2.8451224750311122e+00
3.2229411031491670e+00
3.6406989706688626e+00
4.1009832366943906e+00
4.6062875161559056e+00
5.1589583694353953e+00
5.7611350944225705e+00
6.4146828166004122e+00
7.1211190075172910e+00
7.8815337147909075e+00
8.6965039569810720e+00
9.5660029219693463e+00
1.0489304806389807e+01
1.1464886342690539e+01
1.2490326276109505e+01
1.3562204272112476e+01
1.4676000950068241e+01
1.5826000946570842e+01
1.7005201104348398e+01
1.8205226055184369e+01
1.9416253609354410e+01
2.0626952474192692e+01
2.1824434892478884e+01
2.2994226811838271e+01
2.4120258162204713e+01
2.5184875724983012e+01
2.6168880919846867e+01
2.7051594610200539e+01
2.7810950734102924e+01
2.8423620203943447e+01
2.8865166086424569e+01
2.9110230578417667e+01
2.9132753739025645e+01
2.8906223331388663e+01
2.8403954478897877e+01
2.7599397160983813e+01
2.6466468876678224e+01
2.4979909104760463e+01
2.3115651503366401e+01
2.0851209136702145e+01
1.8166067409514067e+01
1.5042078849162264e+01
1.1463853417385947e+01
7.4191376763362396e+00
2.8991758905406377e+00
-2.1009539681666225e+00
-7.5820363217752931e+00
-1.3540453031351719e+01
-1.9967963902546128e+01
-2.6851538692674456e+01
-3.4173246036536781e+01
-4.1910203940192716e+01
-5.0034595591945035e+01
-5.8513753220564006e+01
-6.7310311611901170e+01
-7.6382431696101349e+01
-8.5684093364024122e+01
-9.5165455388370020e+01
-1.0477327904143975e+02
-1.1445141074532332e+02
-1.2414131789167611e+02
-1.3378267085507926e+02
-1.4331396322364259e+02
-1.5267316140827194e+02
-1.6179837408992910e+02
-1.7062853144087757e+02
-1.7910406372642259e+02
-1.8716756876761525e+02
-1.9476445782847523e+02
-2.0184356978344800e+02
-2.0835774391734830e+02
-2.1426434240084816e+02
-2.1952571435504004e+02
-2.2410959444978246e+02
-2.2798943014921267e+02
-2.3114463299779410e+02
-2.3356075070306443e+02
-2.3522955818562352e+02
-2.3614906720203624e+02
-2.3632345556979718e+02
-2.3576291840511053e+02
-2.3448344509361894e+02
-2.3250652692518392e+02
-2.2985880141126773e+02
-2.2657164024702993e+02
-2.2268068866321667e+02
-2.1822536452262310e+02
-2.1324832594415372e+02
-2.0779491648153655e+02
-2.0191259694385985e+02
-1.9565037282722486e+02
-1.8905822604027904e+02
-1.8218655916416085e+02
-1.7508565990577318e+02
-1.6780519270102045e+02
-1.6039372362261628e+02
-1.5289828386703451e+02
-1.4536397616040273e+02
-1.3783362745640190e+02
-1.3034749032253350e+02
-1.2294299444652438e+02
-1.1565454876137899e+02
-1.0851339380382251e+02
-1.0154750310188592e+02
-9.4781531646826139e+01
-8.8236808851793668e+01
-8.1931372843239458e+01
-7.5880042475044931e+01
-7.0094523102195183e+01
-6.4583541899802228e+01
-5.9353008362033258e+01
-5.4406195558504109e+01
-4.9743937756869116e+01
-4.5364840131245259e+01
-4.1265496457448762e+01
-3.7440710937863670e+01
-3.3883720590338349e+01
-3.0586414966393075e+01
-2.7539550323039638e+01
-2.4732955750137879e+01
-2.2155729141117735e+01
-1.9796421280594149e+01
-1.7643206699783423e+01
-1.5684040312815679e+01
-1.3906799188044303e+01
-1.2299409123716563e+01
-1.0849955983183985e+01
-9.5467819985500704e+00
-8.3785674720001975e+00
-7.3343984901851558e+00
-6.4038214193432408e+00
-5.5768850683549935e+00
-4.8441714950909587e+00
-4.1968164906731449e+00
-3.6265208085396390e+00
-3.1255532142638383e+00
-2.6867464195739652e+00
-2.3034869343442788e+00
-1.9696998254277032e+00
-1.6798293147539216e+00
-1.4288160833458479e+00
-1.2120720761738075e+00
-1.0254535264355864e+00
-8.6523284013132828e-01
-7.2806990376169567e-01
-6.1098330157314928e-01
-5.1132185516799022e-01
-4.2673682883551139e-01
-3.5515507874534302e-01
-2.9475336481738384e-01
-2.4393398975549460e-01
-2.0130188189359779e-01
-1.6564319577482869e-01
-1.3590546807076867e-01
-1.1117933519179794e-01
-9.0681793019579460e-02
-7.3740958105671675e-02
-5.9782273088397057e-02
-4.8316086226290161e-02
-3.8926525902181958e-02
-3.1261584809512417e-02
-2.5024325054231321e-02
-1.9965114223058071e-02
-1.5874803087600496e-02
-1.2578757623741112e-02
-9.9316614547013578e-03
-7.8130087697265687e-03
-6.1232127183938074e-03
-4.7802592387841385e-03
-3.7168419303279391e-03
-2.8779187758088218e-03
-2.2186371173796076e-03
-1.7025784827491596e-03
-1.3002799147432405e-03
-9.8799319199984522e-04
-7.4664781836519063e-04
-5.6098777599185442e-04
-4.1885572832752919e-04
-3.1060187452492695e-04
-2.2859770230442288e-04
-1.6683756480912257e-04
-1.2061359624979455e-04
-8.6251507335934925e-05
-6.0896730028794707e-05
-4.2342020603183163e-05
-2.8889146876713527e-05
-1.9238240575958702e-05
-1.2399826897894466e-05
-7.6250650585987330e-06
-4.3507582622848126e-06
-2.1561623187361230e-06
-7.2925593273472397e-07
1.5951017378776060e-07
6.7749148191426215e-07
9.4548339812957403e-07
1.0496394567991860e-06
1.0505945521848782e-06
9.9030181941940138e-07
8.9720150347502858e-07
7.9007180760076317e-07
6.8085961330123789e-07
5.7675719232143499e-07
4.8174409303116250e-07
3.9763449530421447e-07
3.2486996028549016e-07
2.6305032575543685e-07
2.1130279979280352e-07
1.6851196379019462e-07
1.3350849262488103e-07
1.0513359173635988e-07
8.2326089012409573e-08
6.4126677836688010e-08
4.9706109678932006e-08
3.8344666097003487e-08
2.9449587652975829e-08
2.2518984976180431e-08
1.7153887304902578e-08
1.3009024469720364e-08
9.8294594345512754e-09
7.4009780067431714e-09
5.5502309705486471e-09
4.1493953627030862e-09
3.0918531708764956e-09
2.2940216471329552e-09
1.6999516109678216e-09
1.2537663540501614e-09
9.2199877748742520e-10
6.7378769596750940e-10
4.9524384158212011e-10
3.6077907353675114e-10
2.6009880661838891e-10
1.9125728905549968e-10
1.3923828096715998e-10
9.6645808065203488e-11
7.0165572376962986e-11
5.2449567790384826e-11
3.6534294025282128e-11
2.7202390546552139e-11
2.0026678259780892e-11
1.2923023733610511e-11
9.5389399158865179e-12
8.5278421869519417e-12
5.1981069955148706e-12
3.6949860415276526e-12
1.1690520397019448e-12
9.7869929885135578e-13
-1.8956933737286471e-12
1.0571030246457413e-12
-8.4517835619724603e-13
-1.7276908955335908e-12
2.4671526278639416e-12
1.3355897941149634e-12
-2.2259295767843749e-12
-2.9369267318998641e-13
-1.1866496281322630e-12
5.8886717570632973e-13
1.6002687264549001e-12
-2.7297816677708818e-13
5.4664828711609128e-13
4.0390319598980108e-12
6.8689060137214214e-13
-2.4414009332268724e-12
-1.0693765190098529e-12
7.7172765698292458e-13
-8.3779387210214097e-13
-3.4034343830627805e-13
-4.4683717434492397e-13
1.4384968690944351e-13
-2.5761027386185315e-13
2.2216645584495743e-12
-5.8287104258855253e-14
4.2986166221030372e-13
1.2953668903536840e-12
1.0006469181094365e-13
-1.3982958344614508e-12
1.1503125421363389e-12
1.3424328089498444e-12
-1.7315360589529720e-12
2.3026668746000745e-12
1.5826961431402868e-12
-6.2580240307872402e-13
4.9971426016832985e-13
1.7121907214789755e-12
-2.2147816907697320e-12
6.4206292915191077e-13
9.9669574456908203e-13
-1.4431477218513088e-12
9.3507032678633183e-13
-4.3859200117283068e-13
-4.1013317546224286e-13
-4.8717750682960608e-14
2.8069900605709449e-12
-5.0469315463659456e-13
-3.0978476910655084e-13
-4.7753094841724415e-13
8.4127559286226689e-13
-3.2861494188578711e-12
1.0164196320047932e-12
2.0597841852318424e-12
5.5871106765906909e-13
-5.1417217346826665e-13
-3.4829407416249251e-13
-1.1735792317062595e-12
1.6448967258328197e-12
-3.0099987622557517e-13
-1.7847003226098403e-12
-2.3416036610326023e-13
-3.3388359093746191e-13
-2.5367416561947190e-12
-4.5848490491536012e-13
1.4335936223520838e-12
8.2119635807357579e-13
-2.6679951216929250e-12
1.2685543171500412e-12
6.7074447043519913e-13
-1.1325079544162165e-12
2.2261343520633488e-13
8.1755158525659681e-13
-1.4543903145748978e-12
2.9261363540558637e-14
-4.5683821807704291e-13
-2.2386609652583121e-13
1.7069607348097585e-13
-1.3239448988623574e-12
-1.7133127713416030e-12
