1.1475128412436635e-14
3.0952932931385723e-14
3.0172594989608700e-14
2.6297779861756924e-14
3.2722548500449010e-14
2.2566148368876586e-14
2.8356039594605064e-14
3.4364328553961233e-14
3.5166436212617554e-14
2.2403140650722889e-14
2.7532964445875976e-14
2.8497233325691453e-14
3.0295518682022298e-14
4.4255656556019621e-14
2.6549932518850857e-14
4.0352208853511376e-14
3.0649591234847102e-14
4.9679213042888297e-14
5.0662635960065842e-14
5.7971160641759637e-14
5.9525087097097488e-14
4.4730366634142095e-14
6.3764521857849061e-14
6.1534429315357404e-14
6.6327778529211367e-14
8.1139070090529323e-14
7.6778394417639145e-14
9.2349470481160660e-14
9.4830833053528321e-14
1.1236549310605831e-13
8.2096529903084151e-14
9.5667082889392701e-14
7.7623177038997740e-14
7.9130435882945168e-14
6.8318179583475187e-14
7.2746330127103084e-14
6.2448078227096186e-14
6.8780772936144718e-14
6.8202516603738882e-14
7.0660530998976208e-14
2.8782032173302295e-14
3.4571933317957277e-14
3.5336453324993495e-14
3.6507419391392125e-14
2.6052041118724363e-14
3.3444681954120674e-14
1.6870013773419110e-14
1.4997250324044653e-14
-8.1860870828508552e-15
-8.2167345384243999e-15
-6.5293737637225707e-15
3.6435064557363304e-15
-1.1978169494998729e-14
5.8628783726020638e-15
-7.8278107062767686e-15
-7.4494774534241913e-15
-3.3547114886664305e-14
-1.8310840918124051e-14
-1.5377921152221032e-14
4.4160072107464843e-15
-2.0319707651020601e-17
2.6332496704301106e-15
3.4130204966504271e-15
2.4499545410793616e-15
1.1911786505746832e-15
-9.0228449194636570e-16
-7.4012173719903454e-15
7.1005134283153056e-15
1.8273942832471406e-14
9.8142118898836906e-15
8.6594697772257280e-15
3.9982647729979905e-14
8.2596298475253273e-15
2.6155906155479771e-14
4.1546419826088057e-14
3.1936375171187124e-14
2.9384229323843235e-14
4.3240375954289123e-14
4.1141647759007028e-14
3.7763624484069814e-14
1.7819152664806533e-15
-1.8091608401713109e-15
-1.0791031797603453e-14
1.5645218355579870e-15
-1.2097569482741643e-14
-2.5766932471676975e-14
-2.3847055687795545e-15
-1.3256730558623924e-14
-6.8532267845569411e-15
-1.0937456778698617e-14
1.5775115941651293e-14
6.6951494022205938e-15
-6.4805747136022602e-15
-2.8343658218706297e-15
1.3360917737951628e-14
8.8038281930536392e-15
-1.4013345980151500e-14
-3.7431066743921445e-14
-2.9547680077511881e-14
-4.8828734784257832e-14
-4.6327636620840184e-14
-3.4723928005551923e-14
-4.5736000257047218e-15
1.5518091163144797e-14
1.7348190468691014e-14
3.4666390677416088e-14
5.3435065779426876e-14
3.3986528448326265e-14
3.5637582423839837e-14
2.3956558716459836e-14
3.1979173891992854e-14
3.1615210172318410e-14
6.5719703907676053e-16
-3.1999406577816274e-14
-3.7190954763404082e-14
-7.5915485024542301e-14
-7.4857440164259776e-14
-1.0295486272816482e-13
-9.2623808164880016e-14
-1.0410082506933354e-13
-1.0878619335294445e-13
-1.0033071085578098e-13
-1.0627816827592180e-13
-1.2752928472911123e-13
-1.3814134653604442e-13
-1.4551471316490897e-13
-1.3346715478623263e-13
-1.4641202298948962e-13
-1.5555110021228735e-13
-1.5785801557900601e-13
-1.7603404801538027e-13
-1.6347131087942586e-13
-1.9794934954856336e-13
-1.7781824550811811e-13
-1.7136849905642022e-13
-1.9659698149372799e-13
-2.1796478542616654e-13
-2.2281179738727043e-13
-2.6634110288407646e-13
-2.8758876384040482e-13
-3.3253766180709212e-13
-3.4652799675389402e-13
-3.7667078000624797e-13
-4.4023439999144567e-13
-4.7369322796446650e-13
-5.1670817739291939e-13
-5.7028420254153855e-13
-5.9207713954444464e-13
-6.2533066850836583e-13
-6.4731380183590189e-13
-6.9561535167835154e-13
-7.3816971555256405e-13
-7.7783059320190577e-13
-8.2613986204896359e-13
-8.9599707590339598e-13
-9.3864009072718233e-13
-1.0257743257533625e-12
-1.0763099388581048e-12
-1.1405281310362973e-12
-1.2502679852874481e-12
-1.3605411199511834e-12
-1.4689837217446115e-12
-1.6160939425747071e-12
-1.7114972145075727e-12
-1.8930564856805779e-12
-2.0263732493168205e-12
-2.2322557616142313e-12
-2.4199566807935890e-12
-2.5820218653920248e-12
-2.8211196229482263e-12
-3.0908976432900421e-12
-3.3703873952037284e-12
-3.7178231108278909e-12
-4.0557730314696747e-12
-4.4853115655892010e-12
-4.9338911172661714e-12
-5.4361558024256467e-12
-5.9657556008122563e-12
-6.5513171004616285e-12
-7.1729509828458051e-12
-7.8357053167872166e-12
-8.5297586095607407e-12
-9.3238140945876777e-12
-1.0127903241591589e-11
-1.0981317658880404e-11
-1.1942916087292197e-11
-1.2930914968300467e-11
-1.4011352964933550e-11
-1.5161292029189946e-11
-1.6351646392208690e-11
-1.7622307218551545e-11
-1.8990732530594988e-11
-2.0426515131664896e-11
-2.1910946861411326e-11
-2.3443726790754432e-11
-2.5024022610892046e-11
-2.6666076755561347e-11
-2.8321406855693722e-11
-3.0046273274533254e-11
-3.1772423431802368e-11
-3.3544413508070064e-11
-3.5349391537156973e-11
-3.7173735467695767e-11
-3.9017846137105718e-11
-4.0849623478614840e-11
-4.2695729175345586e-11
-4.4523513671416788e-11
-4.6326351750099545e-11
-4.8157938139125120e-11
-4.9917423963016296e-11
-5.1620888552190564e-11
-5.3268546073251536e-11
-5.4871922995550465e-11
-5.6340116584345212e-11
-5.7823946327937024e-11
-5.9092908986455285e-11
-6.0333449107480444e-11
-6.1451642345356432e-11
-6.2466961129440623e-11
-6.3343639128216056e-11
-6.4133111537083585e-11
-6.4724950216904345e-11
-6.5233503484618344e-11
-6.5593226697381089e-11
-6.5835528105165138e-11
-6.5904274914531944e-11
-6.5891909260332597e-11
-6.5707172996266250e-11
-6.5376063842306638e-11
-6.4905416307400222e-11
-6.4297711596622464e-11
-6.3566521076194613e-11
-6.2712982742406424e-11
-6.1767792720410545e-11
-6.0688899368301435e-11
-5.9533084727701465e-11
-5.8245923102944939e-11
-5.6837415481610701e-11
-5.5375147095967631e-11
-5.3816523432162124e-11
-5.2184746930835760e-11
-5.0497884559643002e-11
-4.8801212394216461e-11
-4.7058791489286053e-11
-4.5282050538228025e-11
-4.3526415765390171e-11
-4.1711914059521943e-11
-3.9931250613208836e-11
-3.8141394657656674e-11
-3.6373379468706028e-11
-3.4640944865853263e-11
-3.2895289689455046e-11
-3.1185907417097598e-11
-2.9510627405756832e-11
-2.7845689588694919e-11
-2.6227711246098262e-11
-2.4624935917631058e-11
-2.3100250380349667e-11
-2.1655110059045022e-11
-2.0254248699931129e-11
-1.8892043163310681e-11
-1.7640024816535578e-11
-1.6400001983333614e-11
-1.5255539382135517e-11
-1.4147703656884766e-11
-1.3111204062609889e-11
-1.2094535925356808e-11
-1.1173344644714090e-11
-1.0291707006526637e-11
-9.4516004081762701e-12
-8.6783659796771300e-12
-7.9494222166442746e-12
-7.2378160580854886e-12
-6.6037620478915648e-12
-6.0107104228106324e-12
-5.4807688330781720e-12
-4.9776916440472502e-12
-4.5633944425999612e-12
-4.1509201144256029e-12
-3.7727986339803997e-12
-3.4368712029930694e-12
-3.1297812854016940e-12
-2.8445183282601784e-12
-2.5968405838667008e-12
-2.3640627658438416e-12
-2.1444772794996083e-12
-1.9685821061963264e-12
-1.7736589689102072e-12
-1.6041960574921324e-12
-1.4627750245322351e-12
-1.3252095828615840e-12
-1.2006289258459219e-12
-1.0726006423223699e-12
-9.6597331131116523e-13
-8.4723650522494423e-13
-7.4508695969318572e-13
-6.4221439688667813e-13
-5.5635493219306998e-13
-4.8599378087367452e-13
-4.1525513206609840e-13
-3.5727830370723059e-13
-2.9964904885062047e-13
-2.4841063680617178e-13
-2.0096236480444386e-13
-1.8653466498457041e-13
-1.6179700507810125e-13
-1.5001707858161668e-13
-1.2909846730175223e-13
-1.2123548369481446e-13
-9.2127321197054605e-14
-1.0185939045428798e-13
-9.1554594601071991e-14
-1.0467254087584889e-13
-1.1776154053364180e-13
-1.0472886213624955e-13
-1.1300690068148393e-13
-1.0785489202526500e-13
-8.5380124442122864e-14
-8.4504740892949421e-14
-6.5904318212645706e-14
-6.7890094583312187e-14
-7.0052243244614668e-14
-6.9937267647018700e-14
-8.9162038271638277e-14
-9.1191022543712199e-14
-5.1758692734398757e-14
-6.6716421817296437e-14
-6.1540142101825416e-14
-4.6425420614514115e-14
-4.1545206598062989e-14
-5.3045893258934006e-14
-4.9279743486459270e-14
-2.4480490464631930e-14
-1.0185103432729724e-14
1.3142279145558621e-15
2.5173538127159558e-14
5.6544659091369958e-14
5.2817924779205548e-14
5.7241867540537390e-14
4.2542732257006542e-14
6.9479865166241445e-14
1.3727457058391492e-13
1.2012282936755535e-13
1.3620462201283032e-13
1.2900489041433299e-13
1.3836030629122438e-13
1.2452326704014010e-13
1.1525195138425816e-13
1.2899038262291548e-13
1.3255497399295940e-13
1.2163950883150853e-13
1.1696197058346318e-13
1.4806537349350589e-13
1.5156383514344201e-13
1.4583890185804254e-13
1.4002617541756235e-13
1.2896863005678452e-13
1.4039975514963516e-13
1.1640364090688850e-13
6.9035550662087684e-14
4.3941530800896987e-14
-6.0584348557394988e-15
-4.1179709021133328e-14
-4.6897290230577028e-14
-4.5261804560045973e-14
-4.3322323471603077e-14
-2.2124751926654699e-14
-6.2462913131655236e-14
-1.2674594824426877e-14
-1.7793329676125645e-14
-9.5010510220631843e-15
1.9411258084883273e-14
2.0467834576037711e-14
4.6380193239204270e-14
4.9740277259096396e-14
2.5488512144776420e-14
6.0664987066654097e-14
4.8984973190764159e-14
3.6716247586667096e-14
3.6198159632256065e-14
3.2697914695447902e-14
3.8872028518246915e-14
1.0984234021204628e-14
-1.2310115097951044e-15
1.0126499294675685e-14
-1.2288336120346579e-15
9.4383202522777379e-15
2.1373090356746571e-14
1.6673519138033361e-14
8.0342471608057588e-15
1.8777055016767579e-14
-9.3690217250891608e-15
1.2108335824368771e-14
1.2276555761627503e-14
-5.2592737953423610e-15
1.1743083167908142e-14
-2.4229059627422534e-15
-1.5218357295637602e-14
2.6976184552718349e-15
-1.0273616140106511e-14
1.8262130051678146e-14
1.5233527743193698e-14
2.0705111257608995e-14
1.9092242909157467e-14
1.6061053344420341e-14
-3.7768669189423891e-15
1.5688240010435180e-14
-4.7533704531425166e-15
1.3585351131992670e-14
2.4053244089969446e-14
1.4991456467666425e-14
3.6908337604655030e-15
6.0720291151515744e-15
-2.1196390940180479e-14
-1.5937197364375555e-14
-1.5825454243184094e-14
1.7392647429015903e-15
1.2058967927182262e-14
4.1258845208525338e-14
2.7729095675754377e-14
4.4055333360757929e-14
1.4693200695470935e-14
1.8450744651746374e-14
-5.7826103846913608e-15
1.0533828394692087e-14
2.0557504037415522e-14
3.8859897930432632e-14
4.8706449425023946e-14
6.0428461845590083e-14
2.7974118184097479e-14
2.9430691370271382e-14
4.0698499371677298e-14
3.1474397274034950e-14
4.2322503617216227e-14
5.6961261381961791e-14
4.9174585471974686e-14
4.0771029086724784e-14
2.2921275031833478e-14
2.7270647650978385e-14
1.8940906043185683e-14
2.4616127535724487e-14
2.3812581536029970e-14
3.9472712782455814e-14
4.5008012332277087e-14
6.4440801539813064e-14
3.6775592386967356e-14
2.2445260345301432e-14
2.7936416104183532e-14
2.9339512407601007e-14
2.8064970424684241e-14
5.6811451954914810e-14
4.2611865757870466e-14
5.8168823489699970e-14
3.4838433167223837e-14
2.0729492416434065e-14
2.0491162868635984e-14
2.2677344473352231e-14
2.9130992402408553e-14
3.0817244666781492e-14
3.9516341865126375e-14
4.9641472907339303e-14
1.4248431923172500e-14
1.1798380720262047e-14
1.4801857759724852e-14
2.7489008539008307e-14
3.7247606178694231e-14
3.6249939406936323e-14
3.3132311062325307e-14
3.5589719038561354e-14
2.3282469084396013e-14
4.3404577906691897e-14
2.0416261225522500e-14
1.3824865003117482e-14
-4.0157668156243163e-15
1.0716610395311161e-14
1.3998897075200163e-14
4.4196072668376290e-14
5.7808686177944520e-15
3.1821272987343164e-14
2.2302415716687290e-14
2.9661911376007445e-14
1.8882488025869836e-14
4.4782579626558532e-14
4.3067382500147682e-14
5.5184448074461331e-14
3.3351243436959359e-14
2.0798398437321781e-14
4.1527898524300611e-14
1.1259412707996567e-14
1.6900114944683919e-14
1.7298067762128918e-14
2.7851385458142380e-14
2.7062017893593768e-14
2.4395231439875910e-15
5.7369733702629550e-15
7.4300521733163047e-15
8.2743556445331866e-15
-4.9187275487353548e-16
8.7827041517395666e-15
5.7482810797370255e-15
1.6223127808169454e-14
-2.8592010425266830e-15
1.0849344447841060e-14
2.9505523388145084e-14
6.1682795883143693e-15
1.7711180553081368e-14
1.3372032888287179e-14
7.8010215965912748e-15
1.6475382602299149e-14
-1.5597717533705008e-16
8.7361215306498780e-15
2.3363679511038147e-14
