2.1842189408410216e-12
3.5148340612567283e-13
9.9540267970651259e-13
1.5362087566811268e-12
-1.2196500490629269e-12
2.1358706395038836e-12
2.1533395004796058e-13
4.8528177321387264e-13
-5.0238551245865438e-13
2.4384279307553775e-12
6.8205810629768278e-13
4.5939164052074683e-13
-3.8564559456244485e-13
4.0451886819045732e-12
-4.3956533945113671e-12
3.0472238370034075e-12
-5.3156484130235487e-13
8.9769611691926673e-13
-1.0460603892139500e-12
-6.4973937504422827e-13
-1.2192235868700139e-12
-4.7813977637088464e-13
-8.9167109088377700e-14
1.5370686753034075e-12
-9.6740400426766730e-13
-1.8869109448515025e-12
-2.0814621139493508e-12
-1.9394436158211656e-13
-7.6220918759176573e-13
1.4963435792803538e-12
-2.8662764552381549e-12
3.1413402180888972e-12
-1.6154946091684201e-12
1.0316577458683964e-12
8.4836776108771842e-13
3.1354886570051872e-13
8.2494884474939006e-13
3.4941221981119603e-13
4.6768731898065532e-13
5.9520170691428026e-13
-1.6321621140260818e-12
2.2369435768882385e-12
1.5810989085660849e-12
2.6146709317895121e-12
2.1303020822725141e-12
-1.6783928291323584e-12
3.2061227929704009e-13
2.6108814687805662e-12
-2.6374752510995749e-12
3.0083165940389022e-12
1.6930298059177931e-12
8.6288497556841858e-13
8.9510979599396298e-13
-6.6720216755351158e-14
1.1692049259263521e-12
-5.8420319628365038e-13
-1.2771509500324975e-12
6.2011923569026700e-13
1.1284020703781041e-13
1.4475567217389746e-12
1.1672077823592893e-14
-2.3147041796203427e-12
-1.5013344322122269e-12
-2.0564586689896328e-13
-2.3107872973855302e-12
1.9192165767780861e-12
-1.0580492866283858e-12
-2.4575232464301466e-12
1.0337776865023745e-12
6.3238736652710251e-15
3.5239362663016473e-13
-5.1007002398028945e-13
-2.6741012934597967e-13
-2.2035641503055139e-13
-1.3466134168673196e-12
-3.0295155907230620e-13
-8.0919398520091802e-13
-9.3149826442207980e-15
-1.9516804994673045e-12
-4.0132496763892913e-12
-7.3928137046275961e-12
-5.8522843186532135e-12
-8.7254518705947228e-12
-1.3411875842466214e-11
-2.0794134641016221e-11
-3.2554465707438567e-11
-4.8724023403864591e-11
-7.2905970228165387e-11
-1.0321690039366770e-10
-1.5136192809475722e-10
-2.1652369093406606e-10
-3.1497321953605355e-10
-4.5391345593139552e-10
-6.5051141430417263e-10
-9.3182593229951117e-10
-1.3276857120425012e-09
-1.8814124945501668e-09
-2.6634712009490240e-09
-3.7572233947892587e-09
-5.2869861961305800e-09
-7.4104473371632762e-09
-1.0361673047829137e-08
-1.4436406685613602e-08
-2.0054841910170570e-08
-2.7776824217616576e-08
-3.8355693597676586e-08
-5.2802388185071157e-08
-7.2481494916182048e-08
-9.9203015439974039e-08
-1.3537346597280108e-07
-1.8419651175439477e-07
-2.4989486433017332e-07
-3.3804550120091841e-07
-4.5597413288223747e-07
-6.1326765448564210e-07
-8.2244996233887896e-07
-1.0998178784186256e-06
-1.4665050835281769e-06
-1.9498378893438150e-06
-2.5850431277443366e-06
-3.4173480772643193e-06
-4.5046666707940754e-06
-5.9208801254164210e-06
-7.7599469012849917e-06
-1.0140920288893439e-05
-1.3214149261981300e-05
-1.7168824176028442e-05
-2.2242172795412976e-05
-2.8730579193060715e-05
-3.7002972620053022e-05
-4.7516849956404795e-05
-6.0837388024507897e-05
-7.7660031464546001e-05
-9.8837116200912190e-05
-1.2540895808294024e-04
-1.5863992654015216e-04
-2.0006000437201198e-04
-2.5151222830670531e-04
-3.1520630939476778e-04
-3.9377862994710626e-04
-4.9035854795957689e-04
-6.0864055377446229e-04
-7.5296148906565745e-04
-9.2838140464405246e-04
-1.1407657619509650e-03
-1.3968659548931014e-03
-1.7043935936850248e-03
-2.0720826904533241e-03
-2.5097319088704310e-03
-3.0282167958647611e-03
-3.6394590279347980e-03
-4.3563367262411373e-03
-5.1925156545313328e-03
-6.1621769441832681e-03
-7.2796115261089542e-03
-8.5586455694221658e-03
-1.0011854391370640e-02
-1.1649514630232952e-02
-1.3478235882555997e-02
-1.5499203689694520e-02
-1.7705955325269276e-02
-2.0081598946253915e-02
-2.2595374756238715e-02
-2.5198444597624495e-02
-2.7818783774415507e-02
-3.0355036036967386e-02
-3.2669180266915489e-02
-3.4577845477356400e-02
-3.5842099982260026e-02
-3.6155531447818051e-02
-3.5130427842757717e-02
-3.2281865389432902e-02
-2.7009509694867397e-02
-1.8576941060418170e-02
-6.0883249674754661e-03
1.1537734109000244e-02
3.5597293361866671e-02
6.7633231586739229e-02
1.0947053119362229e-01
1.6325469249650415e-01
2.3149322725697441e-01
3.1710010357489654e-01
4.2344292748000972e-01
5.5439254797176685e-01
7.1437466207264833e-01
9.0842287511266773e-01
1.1422325402167059e+00
1.4222145613610002e+00
1.7555481981760006e+00
2.1502317608205397e+00
2.6151299325605422e+00
3.1600163101296594e+00
3.7956096112153173e+00
4.5336018701017826e+00
5.3866768306926485e+00
6.3685166570538421e+00
7.4937950209515405e+00
8.7781545989248908e+00
1.0238167024676653e+01
1.1891273401085828e+01
1.3755703585312890e+01
1.5850372624684809e+01
1.8194752943935182e+01
2.0808721168528049e+01
2.3712378815345478e+01
2.6925846490867716e+01
3.0469031705728383e+01
3.4361370939841386e+01
3.8621547167771297e+01
4.3267184672126255e+01
4.8314523623251318e+01
5.3778077574531515e+01
5.9670277700047990e+01
6.6001108269831164e+01
7.2777738500023318e+01
8.0004156513225936e+01
8.7680811678587034e+01
9.5804272053680549e+01
1.0436690400081523e+02
1.1335658128267228e+02
1.2275643103832311e+02
1.3254462398742882e+02
1.4269421599531967e+02
1.5317304774693326e+02
1.6394370871795198e+02
1.7496357089711128e+02
1.8618489680786942e+02
1.9755502531005791e+02
2.0901663744559588e+02
2.2050810324606869e+02
2.3196390896656908e+02
2.4331516267725996e+02
2.5449017456250249e+02
2.6541510668199868e+02
2.7601468537477467e+02
2.8621296797404682e+02
2.9593415408666817e+02
3.0510343041349273e+02
3.1364783698190774e+02
3.2149714176335391e+02
3.2858470998513894e+02
3.3484835404301037e+02
3.4023114979676438e+02
3.4468220519886063e+02
3.4815736767018421e+02
3.5061985739673099e+02
3.5204081476571423e+02
3.5239975147272270e+02
3.5168489638902975e+02
3.4989342904858364e+02
3.4703159556093874e+02
3.4311470383715726e+02
3.3816699718494436e+02
3.3222140753737159e+02
3.2531919177723887e+02
3.1750945675517812e+02
3.0884858062541883e+02
2.9939953999241840e+02
2.8923115403130703e+02
2.7841725817846844e+02
2.6703582115381590e+02
2.5516801994954187e+02
2.4289728798377593e+02
2.3030835186349532e+02
2.1748627212790069e+02
2.0451550295835375e+02
1.9147898515906667e+02
1.7845728575549066e+02
1.6552779635319723e+02
1.5276400098272003e+02
1.4023482256337934e+02
1.2800405539262292e+02
1.1612988925080379e+02
1.0466452884807019e+02
9.3653910474242494e+01
8.3137515886329041e+01
7.3148281720777874e+01
6.3712601084956134e+01
5.4850412495459246e+01
4.6575370016688581e+01
3.8895087331732782e+01
3.1811447564292411e+01
2.5320969974192689e+01
1.9415224172819208e+01
1.4081282246306984e+01
9.3021991260548305e+00
5.0575116953251218e+00
1.3237474512882310e+00
-1.9250659658561151e+00
-4.7168984338189572e+00
-7.0812295099610774e+00
-9.0485815684518318e+00
-1.0650079487216393e+01
-1.1917041519562231e+01
-1.2880605031088066e+01
-1.3571389835520440e+01
-1.4019200944390468e+01
-1.4252771672346187e+01
-1.4299547228250175e+01
-1.4185508184287558e+01
-1.3935032560188422e+01
-1.3570794694665949e+01
-1.3113698604360263e+01
-1.2582843153310748e+01
-1.1995516072131842e+01
-1.1367213671741684e+01
-1.0711682986907475e+01
-1.0040983052890455e+01
-9.3655620563816999e+00
-8.6943472009045326e+00
-8.0348442777237352e+00
-7.3932441266380025e+00
-6.7745333973570538e+00
-6.1826072726330246e+00
-5.6203820802740134e+00
-5.0899059948349628e+00
-4.5924663038965825e+00
-4.1286919826888813e+00
-3.6986505786888366e+00
-3.3019386506056074e+00
-2.9377652307344975e+00
-2.6050279831824792e+00
-2.3023819116032058e+00
-2.0283006280811118e+00
-1.7811303289954616e+00
-1.5591367353410592e+00
-1.3605453442277224e+00
-1.1835754069927369e+00
-1.0264680987395880e+00
-8.8750937665072305e-01
-7.6504804109714830e-01
-6.5750951772595712e-01
-5.6340587090504768e-01
-4.8134254262889803e-01
-4.1002228685677805e-01
-3.4824673986459348e-01
-2.9491603369444080e-01
-2.4902682388877209e-01
-2.0966906529076298e-01
-1.7602183235223964e-01
-1.4734844343337664e-01
-1.2299111310903310e-01
-1.0236532297706248e-01
-8.4954070223753481e-02
-7.0302124440168826e-02
-5.8010397444216627e-02
-4.7730507700931478e-02
-3.9159600605142127e-02
-3.2035468510303047e-02
-2.6131999246595056e-02
-2.1254969350881607e-02
-1.7238188033889504e-02
-1.3939989376271311e-02
-1.1240063891049675e-02
-9.0366154421305488e-03
-7.2438261344672144e-03
-5.7896090495184798e-03
-4.6136274661618794e-03
-3.6655583665677941e-03
-2.9035779796356218e-03
-2.2930476439791221e-03
-1.8053789992045306e-03
-1.4170586672977244e-03
-1.1088138507029243e-03
-8.6490172061785559e-04
-6.7250683503395920e-04
-5.2123241276136431e-04
-4.0267261437575331e-04
-3.1005447516823628e-04
-2.3793932640077918e-04
-1.8197486544763714e-04
-1.3869009703424730e-04
-1.0532636638048493e-04
-7.9698755712253837e-05
-6.0082770274350277e-05
-4.5122034636435192e-05
-3.3753494598469216e-05
-2.5146917539378195e-05
-1.8656234218415810e-05
-1.3780492269228919e-05
-1.0132694778834544e-05
-7.4149831477313953e-06
-5.3989650341029275e-06
-3.9101851186435204e-06
-2.8159148971739083e-06
-2.0155634558337141e-06
-1.4332189681505729e-06
-1.0118209779248272e-06
-7.0867014662140487e-07
-4.9195593737854278e-07
-3.3809118843195837e-07
-2.2965679513166132e-07
-1.5387265326564862e-07
-1.0139758345591653e-07
-6.5446827823579437e-08
-4.1114286417562889e-08
-2.4884776832528877e-08
-1.4251543163891246e-08
-7.4381562866614723e-09
-3.2041202570057996e-09
-6.7716602868626094e-10
7.3491173733691766e-10
1.4397799546867660e-09
1.7130137462026512e-09
1.7303151955972036e-09
1.6060537732919502e-09
1.4160103760683630e-09
1.2109510277836846e-09
1.0061543316106254e-09
8.2129808357362743e-10
6.5667547036968701e-10
5.2188837151808541e-10
4.0785022322734762e-10
3.1791136074491238e-10
2.4197395677913970e-10
1.8200268308442298e-10
1.4211544262298491e-10
1.0470947080383269e-10
7.9603818792862784e-11
5.8356554558428902e-11
4.4956196506421497e-11
2.9493687129382094e-11
2.3544486223320889e-11
1.7356384450636258e-11
1.5153476981055911e-11
9.1298585324345620e-12
7.4310882890807573e-12
5.3490173565295952e-12
3.9800982093143693e-12
3.1046640494178076e-12
1.7795118714031879e-12
1.3773272441969495e-12
1.2072645181818295e-12
-5.0147774926702994e-13
1.6261921683067175e-13
-6.4721508640459005e-13
4.7117744553480995e-13
-2.5782178690720783e-12
-8.2492340953563423e-13
-4.8780916938546368e-13
-8.3544225085395171e-13
1.4228834740866485e-13
6.5639813914563841e-13
-9.0877349562949801e-13
-4.4242832546167387e-13
2.1171410858689543e-12
-6.1109076899573829e-13
-9.9698116459831722e-13
7.7768299251252274e-13
-1.5330446619638789e-12
2.7775629754451309e-13
-1.4537111888952109e-12
7.6875893627547981e-13
-2.3684096591248505e-12
-6.9219003821328609e-13
2.6775088521118014e-13
-2.6540508240765010e-12
1.7977189583771862e-12
-1.8575218687103378e-12
-1.5205055923836742e-12
-1.8607061875785396e-12
6.2806525119071726e-13
-7.4952832462742761e-13
1.2874511965866364e-12
-1.0991992545186324e-12
9.9800875259383402e-13
2.3772690274193118e-13
3.5148572297967841e-13
-7.2938377115693788e-13
-7.0678205935918766e-13
-8.9539038605014447e-14
-1.0289050512581363e-12
1.6651661951108684e-13
1.2273592170483094e-12
1.2747299969690093e-12
2.7531096096049431e-13
-4.4453906475673199e-13
4.0776985527798539e-13
9.9341068302077811e-13
1.1266847589195066e-12
1.0763975286322851e-12
-2.0983793534785233e-12
-6.6253574851265009e-13
1.1583630098181998e-14
-3.7419973164424346e-13
-4.3815335190061939e-13
3.2808926983907804e-12
4.2196387559405398e-13
1.4879683398616130e-12
-5.3941744487034220e-13
-1.8619355946489356e-13
-1.4458880690240067e-12
-2.1083825461144841e-12
-1.6546540157019048e-12
2.4369803862378070e-14
-7.6001169773692460e-13
9.1760942991218585e-13
-8.6578735084003087e-13
-1.8963861934588270e-12
-4.0787588619455614e-14
-9.6921335246514341e-13
3.4599985252218757e-14
-1.9153704273824970e-12
-1.3525722315383038e-12
9.7373829898784766e-13
5.6604535574311907e-13
-7.1051055558463984e-14
-1.8577823778543918e-12
1.3093029980107718e-12
1.5470569372823872e-12
-4.9506802328489018e-12
2.9639432150626792e-13
