7.5549022536064979e-15
2.8218499014689559e-14
2.3220076591782814e-14
4.2657185275012279e-14
3.0022863029224283e-14
2.4769962709326603e-14
2.4293947116028220e-14
4.2774808527268264e-14
2.4467936329372363e-14
3.5383657134256484e-14
4.3479196174465848e-14
4.8887489049241535e-14
4.9040081328614932e-14
2.7550214927145732e-14
5.2974736809061897e-14
5.3057897841347074e-14
3.4216795124567241e-14
3.8936678969373095e-14
4.1411726920304408e-14
5.1455969718749948e-14
6.2973889901795629e-14
6.1215871473690497e-14
7.4453410897583096e-14
9.6005621434738719e-14
7.3039332434379446e-14
9.4450898812069540e-14
9.7764568717714477e-14
8.9881206940538715e-14
7.6631148566757451e-14
8.5632241359784026e-14
9.0302157862930401e-14
7.5405833071012416e-14
5.6112349989468486e-14
5.8677138811377299e-14
8.0078649990705806e-14
6.0708635136825930e-14
6.5243143608247696e-14
7.4456831417181619e-14
6.5096494112024997e-14
7.1565134044782596e-14
3.4216985663246656e-14
6.8513522268035277e-15
3.0185790130728688e-14
1.2460531080594776e-14
1.0502297810493526e-14
2.6184940823438976e-15
7.1284603546895475e-15
2.0613713867492576e-15
-1.2369092019048412e-14
1.0727703258596466e-14
8.7358797654843499e-15
5.0351079294498455e-15
1.3941781824886900e-14
1.3312834757418672e-14
1.3308966643135306e-14
3.1983141661635684e-15
-3.6587067358059149e-15
-1.3213789323129743e-14
1.7957164067125991e-14
1.8281676600864948e-14
1.7174323876862039e-14
9.8366637656167986e-15
2.5057330914501390e-14
2.6928204894082701e-14
2.7777550999742704e-14
4.1479303285462902e-14
2.9497343791941627e-14
4.6457786132645976e-14
5.4259236176811130e-14
3.5812812106641044e-14
5.8002591777385856e-14
5.5840177638994428e-14
4.9651800325406417e-14
5.7261169340549635e-14
5.9532621343677781e-14
6.3906828646614598e-14
8.9845216486144097e-14
7.1632445713702569e-14
7.2389085651015794e-14
8.6101517834304347e-14
6.7315036276308107e-14
7.3277986321770078e-14
8.1170814921729620e-14
6.6900578444526851e-14
6.5002886638300111e-14
5.2791507895382966e-14
6.0895120824262022e-14
4.7056371459332331e-14
4.5319214099529481e-14
4.0010968984138570e-14
5.4463159382669074e-14
4.1924367599482011e-14
7.8703126296211149e-14
7.6565733338267280e-14
6.9234923930113268e-14
7.5829707608942899e-14
4.0305791308675398e-14
4.0505570063598179e-14
2.7527572464057944e-14
-1.3114139138143148e-14
2.0806455406211007e-14
1.1481954370867302e-14
2.0514079476415621e-14
4.8807181248477546e-14
4.7664743925360543e-14
8.5560550689777002e-14
8.2867051437632476e-14
1.0011577100833063e-13
1.0236522908359238e-13
7.7237589905931239e-14
7.8422429740216391e-14
5.8478757287112045e-14
2.6686510752666053e-14
1.4405614711952182e-14
6.5342220390167150e-16
-1.4061935589995796e-14
-2.2780469011957793e-14
-4.2026560421316738e-14
-1.8376289697358416e-14
-3.0004627664750105e-14
-3.5832241348439235e-14
-3.5804827847047909e-14
-2.2210735498702558e-14
-5.9299838317933602e-14
-4.5287665363181930e-14
-5.5147795447419435e-14
-6.3586197030482576e-14
-5.0589150917878151e-14
-7.4473337852977673e-14
-8.5151604983490962e-14
-8.3619484245345857e-14
-1.1295560357884015e-13
-1.1770286186610432e-13
-1.2135751994827826e-13
-1.1465146711334640e-13
-1.2319446401122574e-13
-1.4905935589616300e-13
-1.3924471181622654e-13
-1.8184098217797848e-13
-2.2017448027196510e-13
-2.4974760321951372e-13
-2.8414244734330437e-13
-3.2213529698559642e-13
-3.5682336819375766e-13
-4.1538092195775282e-13
-4.6463946407321656e-13
-5.1155059343229299e-13
-5.4998874047908637e-13
-6.2144962285293925e-13
-6.3372559502119964e-13
-6.7370721632741384e-13
-7.3414353996000168e-13
-7.6534859134560998e-13
-8.3600830812477782e-13
-9.0721594685214674e-13
-9.6620955632727427e-13
-1.0262612206167283e-12
-1.1160978683059919e-12
-1.2009277529969171e-12
-1.2678871406750493e-12
-1.3944487676240901e-12
-1.5166221347876587e-12
-1.6527816929502800e-12
-1.7895959896838678e-12
-1.9746247026516577e-12
-2.1396598275850542e-12
-2.3204355568578249e-12
-2.5436157332610164e-12
-2.7406217575586063e-12
-2.9914895698901034e-12
-3.2912716204496266e-12
-3.5916808838394265e-12
-3.9397820096259007e-12
-4.3295987807389425e-12
-4.7609700234452705e-12
-5.2481433400389333e-12
-5.8108998471789099e-12
-6.3602467123965138e-12
-7.0000406222167667e-12
-7.6470506436207970e-12
-8.4007678233943353e-12
-9.1327623925885232e-12
-9.9571272597940233e-12
-1.0833022593961412e-11
-1.1775932997935289e-11
-1.2782367318309459e-11
-1.3875247532453864e-11
-1.5009771926905803e-11
-1.6279301813075407e-11
-1.7566135482955222e-11
-1.8941898197086197e-11
-2.0387916946753447e-11
-2.1912984664667897e-11
-2.3504142728050150e-11
-2.5145245961620801e-11
-2.6840211933137845e-11
-2.8592061236722437e-11
-3.0347101343252551e-11
-3.2171821120539410e-11
-3.4010579243006735e-11
-3.5923845776770578e-11
-3.7831391643161130e-11
-3.9788823554557067e-11
-4.1731986312466562e-11
-4.3696923764879187e-11
-4.5643250931210955e-11
-4.7583344480126043e-11
-4.9521375264333927e-11
-5.1416904182545880e-11
-5.3296575742386431e-11
-5.5091078106651023e-11
-5.6847422399399610e-11
-5.8534170140777862e-11
-6.0099463047133473e-11
-6.1606849267616417e-11
-6.2995744192772310e-11
-6.4298395861469263e-11
-6.5466389607417591e-11
-6.6529008434791525e-11
-6.7457510653498859e-11
-6.8281370303514589e-11
-6.8897996285634444e-11
-6.9401281833999615e-11
-6.9786891707859480e-11
-7.0002276446550067e-11
-7.0078481779765147e-11
-7.0031421333210415e-11
-6.9811522121352956e-11
-6.9479950524824009e-11
-6.8935061183646848e-11
-6.8281067031436467e-11
-6.7505892899914554e-11
-6.6613655408645524e-11
-6.5566997478211108e-11
-6.4443855845711857e-11
-6.3175021878819970e-11
-6.1806159518810424e-11
-6.0291713086672327e-11
-5.8721729318951747e-11
-5.7071153269692309e-11
-5.5324491269347240e-11
-5.3562596507036622e-11
-5.1713180438693579e-11
-4.9873808594580454e-11
-4.7989420768177601e-11
-4.6083438223780982e-11
-4.4183662130741638e-11
-4.2291672842670234e-11
-4.0413503785327211e-11
-3.8528950691419901e-11
-3.6676153747402595e-11
-3.4862823699680037e-11
-3.3023689097519563e-11
-3.1230301942101595e-11
-2.9481004181970470e-11
-2.7758096539788967e-11
-2.6081225836325597e-11
-2.4474477235543754e-11
-2.2913469243902550e-11
-2.1424801736027889e-11
-1.9989254658147423e-11
-1.8640937605418438e-11
-1.7362818717951400e-11
-1.6143433782275865e-11
-1.4942234597418760e-11
-1.3853022847399591e-11
-1.2807690115255322e-11
-1.1821082219598722e-11
-1.0881091459167865e-11
-1.0011526654189635e-11
-9.1885705382477925e-12
-8.4051900201279075e-12
-7.6538999838739491e-12
-6.9760632051082566e-12
-6.3211870843225161e-12
-5.7580303049832624e-12
-5.2235408593130806e-12
-4.7544199241663023e-12
-4.3085350836654893e-12
-3.9234353281347320e-12
-3.5589885374935873e-12
-3.2344503537743343e-12
-2.9305622371141401e-12
-2.6893006192087904e-12
-2.4442420692503424e-12
-2.2142380696481178e-12
-1.9892701760725965e-12
-1.8062168300999699e-12
-1.6381036825224263e-12
-1.4656393516063315e-12
-1.3419623660919064e-12
-1.2040386766767050e-12
-1.0695078175335442e-12
-9.7954995611925071e-13
-8.7049922490426862e-13
-7.7383356331972799e-13
-6.6596959115048315e-13
-5.8676991803413444e-13
-5.0153551204889186e-13
-4.4155050391555491e-13
-3.5447292305361426e-13
-3.3324412253050571e-13
-2.5900929550701272e-13
-2.2488777118047059e-13
-1.8120047318502303e-13
-1.8074839966185004e-13
-1.5323908907683918e-13
-1.4730516243354011e-13
-1.2778893838954487e-13
-1.2841101947929374e-13
-1.3327770746891672e-13
-1.2438831426090897e-13
-1.3165600897427765e-13
-1.3195909352960373e-13
-1.4279827616368418e-13
-1.4729307244064722e-13
-1.2879599055248447e-13
-1.0712984276453563e-13
-1.1053808245614806e-13
-1.2808938659308177e-13
-9.5145025931490854e-14
-1.0140921704320663e-13
-1.0018182606211533e-13
-1.0304304232870113e-13
-1.1553678335784678e-13
-9.3471333036555737e-14
-9.0925134757724151e-14
-9.3180811701766041e-14
-7.8984641236761264e-14
-1.0543931281700792e-13
-8.9330129006817013e-14
-9.8524259659603284e-14
-8.5409072381952291e-14
-3.5702130041073283e-14
-2.1269189171892218e-14
-3.4590958768057127e-14
1.4442306664833175e-14
2.0482051269416710e-14
1.1614054285985290e-15
1.4441321005203053e-16
1.1782036057608485e-14
6.7407062420787077e-14
6.1930879842826748e-14
7.4987754652223133e-14
8.6720195715835930e-14
8.1239137853147705e-14
8.2164021203853449e-14
8.2966943075894339e-14
7.9235877967194931e-14
1.1757523042171795e-13
9.6527218987961335e-14
1.0299352680343418e-13
1.3485170222681552e-13
1.2140808631938157e-13
1.3530383641847986e-13
1.3514440499733827e-13
1.1488912331312393e-13
1.3242312499358134e-13
1.1436511965346688e-13
7.5084139355219572e-14
4.7025936892843907e-14
3.8664495393544527e-15
-1.2239933861942904e-14
-6.2242683574986424e-14
-6.0056452211847706e-14
-1.7900503059767225e-14
-5.6801824874747342e-14
-4.9597340213874508e-14
-6.5263154947672158e-16
6.9678607871450357e-16
6.3386420996563529e-16
-1.3618502717875067e-14
4.5015100597733721e-15
1.9061858846810315e-14
8.7673489276044860e-15
-9.0267948413476253e-15
2.5037982185016474e-14
3.1661253893653891e-14
1.1702635043810188e-14
2.2365058576853351e-14
3.5745164192897493e-14
3.9490625708427106e-14
2.4896726261843769e-14
4.4542607587947032e-15
1.2824453328244847e-14
2.7550533386301508e-15
1.3494294235567983e-14
-1.4126089462799474e-14
-6.2624945596482510e-17
-3.4294400832459796e-15
-1.6708181576465147e-15
-1.8800213528858812e-14
-1.5561822727595624e-15
3.0971178439619799e-15
1.3890854263962722e-14
1.2050398484652054e-15
-1.2424150817093003e-14
1.5053973874557629e-15
-1.0701626490667670e-14
-1.5235345485862428e-14
8.3231447245589768e-15
-4.7038875294849401e-16
2.0395225398561658e-15
1.2359219136682280e-14
1.0556399829946914e-14
-2.7546642106087061e-14
-2.7578112999716764e-14
-3.7193233870325589e-14
6.9095023034593850e-15
-1.1927137848817970e-14
4.8179905296697417e-15
1.4666289977565160e-14
2.3576569597884721e-14
-3.3273214273744429e-15
-7.6899365988208410e-15
-1.3791045218864509e-14
1.5938517801320760e-14
-3.8845423847429491e-15
-4.6910043850360234e-16
1.1335700358596153e-14
1.5735282235463341e-14
2.5569134566993442e-15
2.1030664247581064e-15
8.3772055118048328e-15
2.9113544308141901e-14
4.6405589627433995e-14
5.5868901607533226e-14
9.1324398683041109e-14
6.7315834902110739e-14
6.8361466623946352e-14
4.1941002793426036e-14
3.6997546756714887e-14
4.4939878838845655e-14
3.8646256978293896e-14
4.1036625913481355e-14
4.6148296076467123e-14
6.3238858099156731e-14
3.4326199364509293e-14
1.2588462490911340e-14
2.0330382324174290e-14
2.2489272618542859e-14
1.3491542451900741e-14
3.8362675665388811e-14
5.7958183568062971e-14
4.8229706353080708e-14
2.4159589950189823e-14
6.0866712463928338e-15
5.6435754718671092e-15
2.1181463445886511e-14
2.7334074267596255e-14
2.4243063871314152e-14
4.6750608534496121e-14
4.9100178349417809e-14
3.4443278141382131e-14
1.7694531743775990e-14
1.1542096896722210e-14
1.9154270724680006e-14
1.5716828739529105e-14
2.2644315882302090e-14
5.2002043817793576e-14
3.2887873938793194e-14
2.8050771849014507e-14
1.2779197556018912e-14
2.9229242139712400e-14
6.1012615868119699e-15
2.9740607961374081e-14
8.6040558597088594e-15
2.9112206061379584e-14
4.3125795144653388e-14
2.3470066398597706e-14
1.1776419498510657e-14
2.5852987419759265e-14
-3.4522822205410014e-15
1.0497239967230730e-14
-2.1645774146608307e-15
2.8223731019283647e-14
2.5228352179842386e-14
5.9827774120342200e-17
4.4441304116364673e-15
1.2775528222831742e-14
4.8546672790493092e-15
1.2432522431339457e-14
2.0952823575604636e-14
3.9734200079860933e-14
5.4055770294387728e-14
3.2013888174990245e-14
2.4222154945469637e-14
3.4762763258066798e-14
3.4495818157725802e-14
2.4590989749528731e-14
3.5225519976723533e-14
2.8301438656346296e-14
2.8760674314068265e-14
5.1140006260174173e-15
2.2332963862766019e-14
3.9152682094391681e-14
1.3867100162709490e-14
1.1992919966542318e-14
4.2538179129955042e-15
2.1129432573877501e-14
9.1947803069398830e-15
-3.6569370992726974e-15
1.3709777676403990e-14
2.9540818976753775e-14
2.1878461596207321e-14
2.9802489885499386e-14
7.9399049756626047e-15
2.4620939001586464e-14
1.3657402994385271e-14
2.9172871334199584e-15
2.6954243866009887e-14
2.8903757605837893e-14
