4.5593563091798652e-13
-2.9414456549860722e-13
2.0468898859536859e-12
1.8090594771878025e-12
-9.5850959161893121e-13
-1.1753426720666774e-12
2.2515794831802250e-12
6.4970131377055568e-13
-1.6448539249729934e-13
5.4721519832955855e-13
3.0478527271857251e-13
4.1174161574388010e-13
1.4728634236575111e-12
-4.6038334933375390e-13
-4.5759780978777306e-13
-7.5075755071131477e-13
-1.5120003669827642e-13
-1.0477689051041297e-12
-8.3175157871978100e-13
-1.2525897948080130e-12
1.0031877807616407e-12
-1.0125321251807536e-14
5.5967913312822403e-15
5.5557404309388859e-13
-4.4950920693450778e-13
-2.8471030673068638e-13
-9.4572354430591238e-13
-1.4373377581366094e-13
5.1355442060833202e-13
-5.9688339095860684e-13
-1.1937538919049392e-12
1.2340137660444672e-12
-8.7069694919998677e-13
-3.3986943023859891e-12
9.1956057813751535e-13
6.9343329808055616e-13
7.6155293255285197e-13
1.4781207087739839e-12
-4.6132824918190284e-13
-1.6026655571744108e-12
-4.1792223553727719e-13
-5.5027704098583438e-13
-1.9276072597339240e-13
9.5639652397420068e-14
1.7377842030995743e-12
1.9801218414211562e-13
8.1860053695395747e-13
-7.3574113803111620e-13
-1.6055533851271237e-12
-1.3525624423975236e-12
9.0861763612368058e-13
6.4964342188741458e-13
-3.9438432068609180e-13
5.6386038943038641e-13
4.5552403255310074e-13
5.9990496119429150e-13
4.5411943136707571e-13
-7.0809977877142302e-13
-1.2892644840622639e-12
7.3277690970851774e-13
-1.1877741247418420e-12
7.1517097592287863e-13
7.8792082229027063e-13
1.7382766333701678e-13
-1.2116164134157091e-12
2.6891456682591607e-13
4.5684516458495402e-13
1.5164529641656327e-13
3.5072210427981890e-13
-6.3779589423073413e-13
-6.9776969278749214e-13
1.2703327407847975e-12
2.3933576718754367e-13
4.2415017102717167e-14
5.8311209885108634e-13
4.1622564655849249e-12
2.5988959097642441e-12
4.6274739498067929e-12
7.8605204807730001e-12
9.7260879720708140e-12
1.3365289269345243e-11
2.0469567762581823e-11
2.7399693234691009e-11
4.1470211954293165e-11
5.7907896401041263e-11
8.0772998329949985e-11
1.1434662699309168e-10
1.6465290191590913e-10
2.2932273511554183e-10
3.2391682275558425e-10
4.5270256945238226e-10
6.3423102504760167e-10
8.8157507955735546e-10
1.2236566154485550e-09
1.6918617161443817e-09
2.3327741487582953e-09
3.2044096257180846e-09
4.3901968361176700e-09
5.9919034153852713e-09
8.1546852632028173e-09
1.1060130189269755e-08
1.4942575222572922e-08
2.0123847930942946e-08
2.7007474827289943e-08
3.6111061001798464e-08
4.8112561274951875e-08
6.3864518871902584e-08
8.4452800893302967e-08
1.1124417947161654e-07
1.4595381539819707e-07
1.9070856150591048e-07
2.4814232956774948e-07
3.2146243653208340e-07
4.1455970564605767e-07
5.3209561244633737e-07
6.7957904148634622e-07
8.6342258577060415e-07
1.0909527399623499e-06
1.3703531909369629e-06
1.7104510051767330e-06
2.1203923653785587e-06
2.6089716268676278e-06
3.1836580843695119e-06
3.8490491971741682e-06
4.6046200502501632e-06
5.4414764868596376e-06
6.3377582692190993e-06
7.2522912980287191e-06
8.1158305878626458e-06
8.8192480089494399e-06
9.1976674934458703e-06
9.0093658974991598e-06
7.9080049240873266e-06
5.4062959729678262e-06
8.2881657371737009e-07
-6.7488146191156279e-06
-1.8577901326560112e-05
-3.6335985882311515e-05
-6.2252575837311116e-05
-9.9267506868236372e-05
-1.5122923238008730e-04
-2.2314187940236917e-04
-3.2147137972181593e-04
-4.5452295336640471e-04
-6.3290419932636162e-04
-8.7009038258214404e-04
-1.1831111373710268e-03
-1.5933805132536812e-03
-2.1276954637131093e-03
-2.8194310944915347e-03
-3.7099644520152304e-03
-4.8503622181224476e-03
-6.3033713888465039e-03
-8.1457555610496210e-03
-1.0471022964590701e-02
-1.3392595558098493e-02
-1.7047471199790588e-02
-2.1600432918891375e-02
-2.7248860456579500e-02
-3.4228199083906556e-02
-4.2818139085685186e-02
-5.3349555829338140e-02
-6.6212254586853370e-02
-8.1863555769477472e-02
-1.0083774492347711e-01
-1.2375639667066572e-01
-1.5133956295208092e-01
-1.8441779260215710e-01
-2.2394492128717186e-01
-2.7101153786533261e-01
-3.2685899486455849e-01
-3.9289378723727564e-01
-4.7070207440314776e-01
-5.6206406655895480e-01
-6.6896793716402081e-01
-7.9362286040370644e-01
-9.3847070600629068e-01
-1.1061958551609754e+00
-1.2997325319927711e+00
-1.5222689768210140e+00
-1.7772477223454342e+00
-2.0683611744120340e+00
-2.3995416478952505e+00
-2.7749449682723326e+00
-3.1989267241485484e+00
-3.6760102486463326e+00
-4.2108454215357591e+00
-4.8081574230494928e+00
-5.4726846375088689e+00
-6.2091050038954396e+00
-7.0219502433775380e+00
-7.9155075635423620e+00
-8.8937086466506603e+00
-9.9600059757603709e+00
-1.1117236837446416e+01
-1.2367475661819931e+01
-1.3711875716740485e+01
-1.5150501559392685e+01
-1.6682154059148615e+01
-1.8304190233512784e+01
-2.0012340575356436e+01
-2.1800526984387453e+01
-2.3660684837087906e+01
-2.5582593124628563e+01
-2.7553716943605487e+01
-2.9559066925471210e+01
-3.1581080422454718e+01
-3.3599529415984570e+01
-3.5591460163866003e+01
-3.7531169541894755e+01
-3.9390222852512075e+01
-4.1137517558289339e+01
-4.2739396944600230e+01
-4.4159817120322423e+01
-4.5360570027624711e+01
-4.6301564255845065e+01
-4.6941164448177872e+01
-4.7236588966179156e+01
-4.7144364252669959e+01
-4.6620833030229228e+01
-4.5622712115482194e+01
-4.4107694248342213e+01
-4.2035086962639106e+01
-3.9366480195433908e+01
-3.6066433083385206e+01
-3.2103169263387521e+01
-2.7449269018481370e+01
-2.2082345824297100e+01
-1.5985694289311400e+01
-9.1488961730299039e+00
-1.5683711343834332e+00
6.7521408736841524e+00
1.5801178076199619e+01
2.5559247845477294e+01
3.5998620609107711e+01
4.7083235654613993e+01
5.8768726032178705e+01
7.1002567757080215e+01
8.3724356307813650e+01
9.6866211049237066e+01
1.1035330573334552e+02
1.2410452069923335e+02
1.3803320986818571e+02
1.5204807317055781e+02
1.6605412271020089e+02
1.7995372882939046e+02
1.9364773033941609e+02
2.0703659158080833e+02
2.2002158771770900e+02
2.3250599879005611e+02
2.4439629257269678e+02
2.5560327623979785e+02
2.6604319721240444e+02
2.7563877437200750e+02
2.8432014203786190e+02
2.9202569070360511e+02
2.9870279047275994e+02
3.0430838537733615e+02
3.0880944925470601e+02
3.1218329653594475e+02
3.1441774409896163e+02
3.1551112319492046e+02
3.1547214329888146e+02
3.1431961249832995e+02
3.1208202165265999e+02
3.0879700197360745e+02
3.0451066783868794e+02
2.9927685851171032e+02
2.9315629397027345e+02
2.8621566120329851e+02
2.7852664812557441e+02
2.7016494265437331e+02
2.6120921450972543e+02
2.5174009694784334e+02
2.4183918493890030e+02
2.3158806528640741e+02
2.2106739289251473e+02
2.1035602584434565e+02
1.9953023027762285e+02
1.8866296411437733e+02
1.7782324682176997e+02
1.6707562034867541e+02
1.5647970441421214e+02
1.4608984739248854e+02
1.3595487220216185e+02
1.2611791490394866e+02
1.1661635216463438e+02
1.0748181238705487e+02
9.8740264150318765e+01
9.0412174664536792e+01
8.2512730225712019e+01
7.5052110158307457e+01
6.8035805449564464e+01
6.1464973200061806e+01
5.5336818124331657e+01
4.9644992614735230e+01
4.4380007310392578e+01
3.9529644667452331e+01
3.5079368683447782e+01
3.1012724662166882e+01
2.7311723692748604e+01
2.3957207334025032e+01
2.0929188821292620e+01
1.8207167927989371e+01
1.5770417401774772e+01
1.3598239638591666e+01
1.1670192947327687e+01
9.9662873821041238e+00
8.4671506722650083e+00
7.1541652577158210e+00
6.0095778372329747e+00
5.0165831601993540e+00
4.1593840399306687e+00
3.4232297431094851e+00
2.7944350198973233e+00
2.2603820889805424e+00
1.8095078880303972e+00
1.4312788498444482e+00
1.1161553752053270e+00
8.5554805272675949e-01
6.4176753054227886e-01
4.6796978144192913e-01
3.2809832841437364e-01
2.1682481670143927e-01
1.2948913671305959e-01
6.2040123589615012e-02
1.0977687364992812e-02
-2.6702934643894130e-02
-5.3564262133561621e-02
-7.1776589024869344e-02
-8.3164653026209095e-02
-8.9250785310875616e-02
-9.1294462015673636e-02
-9.0328258529757857e-02
-8.7190273444072264e-02
-8.2553141738795965e-02
-7.6949798059563812e-02
-7.0796181227037167e-02
-6.4411092181300214e-02
-5.8033430339417644e-02
-5.1837039099933140e-02
-4.5943391096354015e-02
-4.0432339137873662e-02
-3.5351149976912889e-02
-3.0722026877143253e-02
-2.6548313325239596e-02
-2.2819555690607736e-02
-1.9515586976317726e-02
-1.6609778264090165e-02
-1.4071588881893285e-02
-1.1868531311689787e-02
-9.9676526148585395e-03
-8.3366208104849911e-03
-6.9444922587819065e-03
-5.7622249513835534e-03
-4.7629924500450036e-03
-3.9223442694769056e-03
-3.2182504356803245e-03
-2.6310612515490482e-03
-2.1434071306612474e-03
-1.7400584034671133e-03
-1.4077606475899995e-03
-1.1350574684247329e-03
-9.1210978382746163e-04
-7.3051812464634239e-04
-5.8315261124171217e-04
-4.6399361138228497e-04
-3.6798498946392179e-04
-2.9090085582868344e-04
-2.2922601640729267e-04
-1.8004989317603310e-04
-1.4097328587005700e-04
-1.1002708773347678e-04
-8.5602027625114081e-05
-6.6388357771037733e-05
-5.1324421930784635e-05
-3.9553071266341006e-05
-3.0384994847107213e-05
-2.3267985783682798e-05
-1.7761341055848810e-05
-1.3514682595950134e-05
-1.0250466735411940e-05
-7.7496598914844020e-06
-5.8400298623429053e-06
-4.3866437217817328e-06
-3.2841506688145238e-06
-2.4506231785065099e-06
-1.8225487902008108e-06
-1.3508754770376855e-06
-9.9785470848695504e-07
-7.3454585646394093e-07
-5.3882387818006802e-07
-3.9384546681862845e-07
-2.8683423298085026e-07
-2.0812843298901989e-07
-1.5045294932193174e-07
-1.0833941656853036e-07
-7.7705559314709503e-08
-5.5507371078008781e-08
-3.9485278418054767e-08
-2.7968516573167338e-08
-1.9716349981290807e-08
-1.3838868216062474e-08
-9.6647211990486361e-09
-6.7129523625488990e-09
-4.6383455090636281e-09
-3.1889845571876363e-09
-2.1740266108433340e-09
-1.4759088479671885e-09
-9.9131812041017627e-10
-6.6248294984472691e-10
-4.3804476090738661e-10
-2.8754942892375484e-10
-1.8535902200512116e-10
-1.1762384219667143e-10
-7.3869574275897536e-11
-4.6549198080864213e-11
-2.5399970330708408e-11
-1.5598324286410720e-11
-8.4885993390407184e-12
-3.6521562124900523e-12
-1.7558610875259907e-12
-2.0403387873667305e-12
2.1501928467089555e-12
6.2740816504716668e-13
9.8715673165795306e-13
5.8541823517158395e-13
5.3939718353731938e-13
7.5775749154923707e-13
1.0916919826890631e-12
2.1332839923996036e-13
3.1818483965517746e-14
-2.9633906219826244e-13
2.1183141294399071e-13
-5.0733419661223022e-13
-8.6462008900139163e-13
3.1445957399758040e-13
-7.9163776125133963e-13
-1.2923691018980301e-13
7.8570412601830329e-14
-7.2423147395482519e-14
-4.9235473767413285e-13
6.2567702419105090e-13
-2.4191644136517605e-13
-2.3156791924394953e-12
-1.4055493251888326e-13
1.7284553636439205e-12
-1.2024684142664536e-12
2.0291092300278323e-13
6.4377514056969556e-13
-9.3263345997743923e-13
9.4394555905190316e-13
-1.1247813947327039e-13
5.6085469599402232e-13
-2.8968168624352239e-13
2.8501237335842688e-13
-6.8324023900155875e-13
-1.3504223201461927e-13
1.4614588593560938e-12
-5.8295732537061331e-13
-1.9782226487371851e-12
-1.1337371038656128e-13
-6.5431143454233059e-13
-8.8905721811098395e-13
1.6834664957708290e-12
5.8118243004420497e-13
-1.2668872187996511e-12
1.5019727261973985e-12
-4.6744107215355064e-13
-9.9620735384767600e-13
-7.1801609023610936e-13
9.4714141970838926e-13
-5.4555835118491210e-13
5.7709265237530833e-13
-1.8359238783297190e-13
1.3350664960414335e-13
5.2413102138797115e-13
9.1053754993294836e-13
-5.7645593597448177e-13
-1.6000482805053974e-13
1.6024850916146885e-12
2.3393894587591203e-14
-4.8594056515596241e-13
2.1478098599367424e-12
3.6870056471045586e-13
-7.3461756090197911e-13
8.5009339951225032e-13
-6.8609027625836579e-13
-8.3543500734976769e-13
-1.7495757180759690e-13
-1.1417753975504799e-12
-9.4086802839852009e-13
4.2519872735681898e-13
1.7905473686080456e-12
-6.9247612410185500e-13
-1.6012482986292184e-12
1.9382149550807220e-12
-1.0674909816073243e-12
-5.7039176682403774e-13
-6.5914208162250284e-13
-1.0270815893153207e-13
-2.8189369765393119e-13
2.7375943746010553e-12
-5.4314360411446332e-13
1.0360594890493188e-12
5.4787764790254102e-13
8.1291384268033457e-14
-1.4209082026951150e-12
-7.5392788442740853e-13
-5.6843066634062635e-13
7.4244779218114854e-13
-1.8808805894430507e-13
