-9.3581665791143781e-14
-1.4816444570439367e-13
-2.2444414074790523e-13
-3.0894265725898987e-13
-3.7427904055138835e-13
-4.1604534869044891e-13
-4.6542791296135299e-13
-5.2426422331300457e-13
-5.5462355499690664e-13
-5.8452714912173917e-13
-6.4559351067212238e-13
-7.2363788668021073e-13
-8.0298451189559326e-13
-8.5909085138660645e-13
-9.5314299754365065e-13
-1.0137400490929962e-12
-1.0598844734441499e-12
-1.1046410262833794e-12
-1.1781508590086601e-12
-1.2585242126631822e-12
-1.3459094321856161e-12
-1.3948618465518381e-12
-1.4834706331505617e-12
-1.5440166200552991e-12
-1.5774318765230652e-12
-1.6499715768005613e-12
-1.7052247351628240e-12
-1.7805699404239192e-12
-1.8333374568574647e-12
-1.8429526098851515e-12
-1.8645060514380138e-12
-1.8757520429025661e-12
-1.8356629625671898e-12
-1.8259525114295190e-12
-1.7772132453386613e-12
-1.7065257909691258e-12
-1.6449858708875519e-12
-1.5438345798920646e-12
-1.4551617006902927e-12
-1.3027486073718836e-12
-1.1089808151244038e-12
-9.6196779129602970e-13
-8.0260998511914079e-13
-6.3047328231938551e-13
-5.0717210032161821e-13
-3.4264361118420829e-13
-2.3121732632573285e-13
-9.0835645042896428e-14
4.3515172167375735e-14
1.7588371169085762e-13
3.1115352951610131e-13
4.9225153672493099e-13
6.8266711445087559e-13
8.8455076482655981e-13
1.0798679423903216e-12
1.3016405118193602e-12
1.5799899731429131e-12
1.8330745736904081e-12
2.1042165228283707e-12
2.3956549090577725e-12
2.6549276514244617e-12
2.9151251563751880e-12
3.1774228582849259e-12
3.4634810090536274e-12
3.7792872835311896e-12
4.0922651279954984e-12
4.4243462644781092e-12
4.8103715451824633e-12
5.1659227832218347e-12
5.5291611445925447e-12
5.8563628219925461e-12
6.2415997529646083e-12
6.6481393344140622e-12
7.0347383745598646e-12
7.4403837503861827e-12
7.8949925752226557e-12
8.2844032530819635e-12
8.6586461988634097e-12
8.9782864276899555e-12
9.3561181133878702e-12
9.6457968205279043e-12
9.9601537103445126e-12
1.0266730281263173e-11
1.0607423504095245e-11
1.0943726214111177e-11
1.1240590527285520e-11
1.1559104024916963e-11
1.1946084177955588e-11
1.2277802376298727e-11
1.2604295045001034e-11
1.2893255874116103e-11
1.3229273821947005e-11
1.3526315293077745e-11
1.3782179434123356e-11
1.4040724239788693e-11
1.4330552231669344e-11
1.4594073048148323e-11
1.4839110804519732e-11
1.5082348816343318e-11
1.5342208739367555e-11
1.5603526315773339e-11
1.5781862218569353e-11
1.5951204221310245e-11
1.6143475421509741e-11
1.6283252981551909e-11
1.6410189103938595e-11
1.6515628756371288e-11
1.6592648345765895e-11
1.6646239949303150e-11
1.6663174554895280e-11
1.6648768448094826e-11
1.6621580921205002e-11
1.6533364955690675e-11
1.6435096217829823e-11
1.6288802914995902e-11
1.6139810508175271e-11
1.5942304051760492e-11
1.5690652472979006e-11
1.5435471008486935e-11
1.5205560186834359e-11
1.4928647632279048e-11
1.4610741653551318e-11
1.4261666633890624e-11
1.3894233445765919e-11
1.3527788286356375e-11
1.3112986628601228e-11
1.2698194325784359e-11
1.2294959732140792e-11
1.1880088844798328e-11
1.1466193310447983e-11
1.1041187416361831e-11
1.0604390894691480e-11
1.0186844905942219e-11
9.7467678285248957e-12
9.3417056285098147e-12
8.9484920196485695e-12
8.5625441760414010e-12
8.1983865992850936e-12
7.8527268622669718e-12
7.4900499729826086e-12
7.1616205758746856e-12
6.8280907979012452e-12
6.5489089094505502e-12
6.2535483035203264e-12
5.9798017339029540e-12
5.7003532546995934e-12
5.4418347437215703e-12
5.1480279468642240e-12
4.8756355541087170e-12
4.5991501438437014e-12
4.3539912273221230e-12
4.0801314393520694e-12
3.8050551220659099e-12
3.5902622184064898e-12
3.3928051219324334e-12
3.1752338861583048e-12
2.9660879782970098e-12
2.7433462408745082e-12
2.5512829560975430e-12
2.3695533311442294e-12
2.1966177950635347e-12
2.0500949788349425e-12
1.9000354305486793e-12
1.7151285093270710e-12
1.5494779357546435e-12
1.3950698786044336e-12
1.2849880243631909e-12
1.1250639895739659e-12
9.9231513239932523e-13
8.6958352802044337e-13
7.5919720671004060e-13
6.4738640507372956e-13
5.4351894346595715e-13
4.0988429092753426e-13
3.3673172549217616e-13
2.4993551765118929e-13
1.8550036922830157e-13
1.1907703789066736e-13
1.1233829873362064e-13
6.6225580001152809e-14
2.9416899765909129e-14
-1.0135456777274783e-14
-1.3678463082376368e-14
-6.1766167233819181e-14
-1.1010052379857062e-13
-1.1273197564835981e-13
-6.8954595546111490e-14
-1.9113558129782569e-14
2.6951934587075899e-14
1.0229989684116461e-13
2.0810014089794082e-13
2.9503877734682794e-13
3.6909630427861989e-13
4.4030364206610719e-13
5.3055998652258332e-13
5.8953355121014226e-13
6.4642722840351664e-13
6.9678630965923922e-13
7.6788461711800365e-13
7.8342458397662361e-13
7.4929816117270894e-13
7.2362082364077885e-13
7.0275513319324673e-13
6.7401167589460152e-13
6.7945660729768864e-13
6.8393403150555337e-13
7.3316832845154433e-13
7.1284840820282977e-13
7.4635069758991058e-13
7.6193087694912708e-13
7.9808928301017529e-13
8.4699445737975944e-13
8.9150948405188602e-13
9.4629248450781390e-13
9.9430594813403272e-13
9.8303860781017595e-13
1.0087774184011521e-12
1.0222194679131028e-12
1.0407541505617933e-12
1.0565971133760601e-12
1.0831757678778332e-12
1.1253783554511292e-12
1.1490059784569458e-12
1.1259126318853645e-12
1.0766255388291620e-12
1.0514157484995010e-12
9.9257015887901523e-13
9.3259383306289471e-13
8.5992880553611240e-13
8.2143726681613313e-13
7.5277866225512867e-13
6.4681919190079281e-13
5.2047863549096180e-13
4.3444553644285922e-13
3.3411940760551194e-13
2.4179237778621903e-13
2.0751720049200594e-13
1.9071584781879306e-13
1.8518146857309168e-13
1.6495760959448541e-13
1.8071540232450867e-13
2.0194900229655910e-13
1.9829901634712553e-13
1.8137377451851913e-13
1.8425557616071566e-13
2.2386688040118892e-13
2.2993846679989227e-13
2.2050617409598370e-13
1.9439726087472287e-13
1.8584413703344263e-13
1.4279402076209406e-13
8.8579038242089228e-14
6.7141167426879561e-14
6.1228591870801493e-14
2.3552299856688179e-14
-3.0878573354921914e-14
