4.6263242584152117e-13
-9.9861497071590738e-13
-4.2794904167606414e-13
-9.1374689653697312e-15
-6.7747938981585571e-13
-3.4581060564803048e-13
2.3504297316087536e-13
7.6441277047867263e-13
-8.2796690062588020e-15
1.0335482330542039e-12
-5.8391269817682954e-13
-8.5229395264895115e-13
1.7872537722745097e-13
-1.6293580798963635e-12
-5.5888913799449726e-13
9.7096393249968167e-13
6.1333982570361050e-13
-5.1299624943491063e-13
7.2762585364496090e-13
1.1637076320399330e-12
-7.0290107623866629e-13
2.0077311944080415e-13
4.3679268699949225e-13
-3.1198097054550196e-14
-1.6298357753801163e-13
3.1911350769207383e-13
-1.0128001487886497e-12
1.4437433912751930e-13
-2.2599747985155316e-13
-4.2858338044160474e-13
-6.6837903212189650e-13
1.2429577541656003e-12
-2.5497777885203882e-13
1.8886860373564216e-13
-1.9628717830285098e-13
-3.5207338139201952e-13
-4.5292302091867407e-14
3.4221489852545732e-13
-2.8401262422583792e-14
-4.5698876986607794e-13
5.8926581806602491e-13
-6.8699033105412134e-13
8.5568306676205349e-15
-2.0279688641826253e-13
-6.8293628786484763e-13
-4.9757310423251592e-13
8.1049007131102979e-13
-3.6872876226755859e-13
-6.9938022569158461e-13
1.3813877089845251e-12
9.2331878202981306e-13
4.7146789775848272e-13
-9.8097847648507562e-13
5.4762591139664570e-13
-1.4020702627608454e-13
8.1607957401747902e-13
5.0380662257936441e-13
4.7224443221492158e-13
1.3357150324032605e-12
7.0446184607942054e-13
-4.6381489535218545e-13
-1.6098310840171343e-13
6.4989336497960777e-13
-1.9464868797002540e-14
-5.4942846050303881e-13
4.0057318565569076e-13
2.7592695685755409e-13
4.1905287414634578e-13
-7.9477176172412040e-13
-1.6593272083656549e-12
-1.6960148022135401e-12
-7.0730190440398048e-13
-9.0418111575970486e-13
-2.1089953704445966e-12
-2.4077761076319224e-12
-2.2096137710884330e-12
-4.4985893224007713e-12
-4.7430793443421816e-12
-5.7063311494963478e-12
-8.9257704229790125e-12
-1.2285836743138758e-11
-1.5782574538680861e-11
-2.3657756022630194e-11
-3.1902104641183889e-11
-4.1637985702807246e-11
-5.6780466107891352e-11
-7.4226639877529291e-11
-9.7066665365919695e-11
-1.2662565865168723e-10
-1.6514695169195387e-10
-2.0827838607350789e-10
-2.6307839987361227e-10
-3.2277072520059878e-10
-3.8802660416512984e-10
-4.5463206062071787e-10
-5.1137321695504925e-10
-5.4233117415851256e-10
-5.1952011215955450e-10
-3.9617290938221972e-10
-1.0123162319356062e-10
4.6455346421490819e-10
1.4700908409410578e-09
3.1454237994929842e-09
5.8431691716278389e-09
1.0053730736799688e-08
1.6501537043837279e-08
2.6200703628894599e-08
4.0592847725323054e-08
6.1685669182461833e-08
9.2287964331224783e-08
1.3627728457562214e-07
1.9899573453375038e-07
2.8773738565976518e-07
4.1244879458469105e-07
5.8659489374205859e-07
8.2832256614476670e-07
1.1619699572076734e-06
1.6200539240439385e-06
2.2457886297129441e-06
3.0963825095767897e-06
4.2472318157198989e-06
5.7972977076636001e-06
7.8759240467669956e-06
1.0651479446479475e-05
1.4342236614450705e-05
1.9230049891189159e-05
2.5677401043484143e-05
3.4148643801269151e-05
4.5236260563628066e-05
5.9693275700858139e-05
7.8472963858791395e-05
1.0277737283225507e-04
1.3411627504618051e-04
1.7437843696292040e-04
2.2591736623075293e-04
2.9165394631951923e-04
3.7519859114063339e-04
4.8099586132090990e-04
6.1449466007328037e-04
7.8234732715192444e-04
9.9264104168505780e-04
1.2551649765166250e-03
1.5817164918865002e-03
1.9864493445326211e-03
2.4862663815111612e-03
3.1012582631792106e-03
3.8551886232464322e-03
4.7760243054318675e-03
5.8965071919145377e-03
7.2547611545856466e-03
8.8949241063945930e-03
1.0867790512323764e-02
1.3231444261745062e-02
1.6051855054255722e-02
1.9403403536486900e-02
2.3369291050681661e-02
2.8041779067058504e-02
3.3522190892165370e-02
3.9920594186585057e-02
4.7355067072172914e-02
5.5950433224884542e-02
6.5836332324619121e-02
7.7144471969689307e-02
9.0004885546632565e-02
1.0454099828059665e-01
1.2086328101846862e-01
1.3906124885515000e-01
1.5919354027085472e-01
1.8127579288553963e-01
2.0526601508184830e-01
2.3104714013644684e-01
2.5840644204641827e-01
2.8701149166550843e-01
3.1638233950245093e-01
3.4585962928549102e-01
3.7456837576894858e-01
4.0137718312541282e-01
4.2485273803132195e-01
4.4320948596790061e-01
4.5425449155090108e-01
4.5532759489765084e-01
4.4323710701773783e-01
4.1419143789039564e-01
3.6372722135862279e-01
2.8663468991130447e-01
1.7688125820929138e-01
2.7534494598477743e-02
-1.6931410914061265e-01
-4.2262292175704097e-01
-7.4246962316288645e-01
-1.1401142007890925e+00
-1.6280531489963637e+00
-2.2200623273833293e+00
-2.9312257615071795e+00
-3.7779475353642424e+00
-4.7779438389785245e+00
-5.9502122060268441e+00
-7.3149750154900373e+00
-8.8935944465581240e+00
-1.0708456275740536e+01
-1.2782820196153699e+01
-1.5140634726404611e+01
-1.7806315263412724e+01
-2.0804484420628210e+01
-2.4159674478167808e+01
-2.7895992549223699e+01
-3.2036749928921807e+01
-3.6604058025877251e+01
-4.1618394266988702e+01
-4.7098142393873978e+01
-5.3059112612173173e+01
-5.9514048087496505e+01
-6.6472125276259689e+01
-7.3938456506318857e+01
-8.1913604050028539e+01
-9.0393115629943836e+01
-9.9367091833873900e+01
-1.0881979626197342e+02
-1.1872931935739095e+02
-1.2906730676036472e+02
-1.3979876265504933e+02
-1.5088193793589872e+02
-1.6226831209961009e+02
-1.7390267657026911e+02
-1.8572332569796382e+02
-1.9766235995142682e+02
-2.0964610387812434e+02
-2.2159563926358754e+02
-2.3342745162632903e+02
-2.4505418578297343e+02
-2.5638550376373678e+02
-2.6732903590952856e+02
-2.7779141360011653e+02
-2.8767936981138831e+02
-2.9690089164168904e+02
-3.0536640714352791e+02
-3.1298998730475279e+02
-3.1969054289380483e+02
-3.2539299516033066e+02
-3.3002939909979699e+02
-3.3353999817246711e+02
-3.3587419002513423e+02
-3.3699138389788726e+02
-3.3686173199465617e+02
-3.3546671912878730e+02
-3.3279959738507847e+02
-3.2886565531666145e+02
-3.2368231425855265e+02
-3.1727904761915511e+02
-3.0969712243047422e+02
-3.0098916591483737e+02
-2.9121856327695474e+02
-2.8045869627027895e+02
-2.6879203523415441e+02
-2.5630910017545591e+02
-2.4310730900529052e+02
-2.2928973317615009e+02
-2.1496378264737879e+02
-2.0023984329848048e+02
-1.8522989058575408e+02
-1.7004610338666234e+02
-1.5479950160150005e+02
-1.3959863019983999e+02
-1.2454831104004261e+02
-1.0974848199583523e+02
-9.5293140747184722e+01
-8.1269408095064762e+01
-6.7756722909688705e+01
-5.4826177892652524e+01
-4.2540002300932564e+01
-3.0951194721044541e+01
-2.0103305969062678e+01
-1.0030369296860615e+01
-7.5697237152634922e-01
7.7015369796255557e+00
1.5338721453234770e+01
2.2156613439230988e+01
2.8165176238195958e+01
3.3381682024562465e+01
3.7830022009468074e+01
4.1539964637254577e+01
4.4546377666970258e+01
4.6888429666229307e+01
4.8608785808403702e+01
4.9752811950911976e+01
5.0367799822537108e+01
5.0502224804652435e+01
5.0205046301058417e+01
4.9525059099431168e+01
4.8510302479955143e+01
4.7207532166516891e+01
4.5661758583418838e+01
4.3915853311870762e+01
4.2010224167463974e+01
3.9982557968630793e+01
3.7867628857834433e+01
3.5697168987348398e+01
3.3499797499837257e+01
3.1301003025340457e+01
2.9123174380164969e+01
2.6985673785404568e+01
2.4904946714269137e+01
2.2894662416878688e+01
2.0965879243983807e+01
1.9127229081241570e+01
1.7385115495532911e+01
1.5743920566552665e+01
1.4206215812078774e+01
1.2772973096533773e+01
1.1443771922764055e+01
1.0217000030921700e+01
9.0900447519278575e+00
8.0594730740117217e+00
7.1211988689071877e+00
6.2706361808473643e+00
5.5028379002006398e+00
4.8126195194991981e+00
4.1946679998388410e+00
3.6436360587620098e+00
3.1542224267370758e+00
2.7212388093662487e+00
2.3396644387474961e+00
2.0046892030603116e+00
1.7117464116659380e+00
1.4565362884345590e+00
1.2350412922410061e+00
1.0435343454546115e+00
8.7858101271878875e-01
7.3703661777407992e-01
6.1603921922784022e-01
5.1299929069583583e-01
4.2558686979913662e-01
3.5171685693602228e-01
2.8953306089447856e-01
2.3739150652523405e-01
1.9384344090032249e-01
1.5761840063021934e-01
1.2760763456074276e-01
1.0284811394285824e-01
8.2507306475843603e-02
6.5868841636906872e-02
5.2319152201432489e-02
4.1335140716477842e-02
3.2472889489134960e-02
2.5357407985357669e-02
1.9673391935641972e-02
1.5156953256224587e-02
1.1588268819378612e-02
8.7850883190742201e-03
6.5970367164771152e-03
4.9006443480673536e-03
3.5950373968631094e-03
2.5982226072130835e-03
1.8439025338927654e-03
1.2787608548305578e-03
8.6016124249010863e-04
5.5420757924444172e-04
3.3411775036878765e-04
1.7886786168071865e-04
7.2068204755379876e-05
1.0365217800049778e-06
-4.3961676896573313e-05
-7.0332307725356661e-05
-8.3654376544833558e-05
-8.8084003383679546e-05
-8.6677726069765967e-05
-8.1649558256007831e-05
-7.4573965878193079e-05
-6.6544990662386412e-05
-5.8300034587072004e-05
-5.0315366539751257e-05
-4.2879153009341546e-05
-3.6146737501756336e-05
-3.0182043153442848e-05
-2.4988176991196413e-05
-2.0529710025638107e-05
-1.6748653826983741e-05
-1.3575619935720608e-05
-1.0937436767533796e-05
-8.7621077596648389e-06
-6.9819265570201904e-06
-5.5351702997628869e-06
-4.3669169470746925e-06
-3.4291976240033403e-06
-2.6807574364408633e-06
-2.0865742866666659e-06
-1.6172561627923747e-06
-1.2483611879464027e-06
-9.5976081532867902e-07
-7.3499407141677297e-07
-5.6070894860142933e-07
-4.2614226370249792e-07
-3.2266996192451633e-07
-2.4342982434925132e-07
-1.8298746227389293e-07
-1.3706097359526486e-07
-1.0230075432589692e-07
-7.6087221437839185e-08
-5.6394178748457178e-08
-4.1656222233050095e-08
-3.0663678645874917e-08
-2.2492670104502083e-08
-1.6443013625665517e-08
-1.1981455633186135e-08
-8.6994549803452458e-09
-6.2948699517145967e-09
-4.5392849286842529e-09
-3.2634754963364016e-09
-2.3387978062142348e-09
-1.6685880045657352e-09
-1.1859939207059300e-09
-8.4127912976355556e-10
-5.9590370442508925e-10
-4.1706558219073377e-10
-2.9231589823633008e-10
-2.0476504753996732e-10
-1.4305316569361901e-10
-9.8301565326846051e-11
-6.8010006813283445e-11
-4.7979066969862679e-11
-3.3138199770723489e-11
-2.2368812955225401e-11
-1.4877504379500550e-11
-9.0694843505003622e-12
-7.2141576299474297e-12
-4.8890354738565441e-12
-1.6378068703658483e-12
-1.0154300603808639e-12
-1.3036936528143739e-12
3.2954363008832348e-13
-1.0587175583879151e-12
1.1529760540566278e-12
1.6693609016497548e-13
5.4109742736347858e-13
-6.7749744575613839e-13
1.9438661250088762e-13
8.4816432672040488e-13
-5.9143601498506086e-13
-7.7464776005399084e-13
5.0930084461493864e-13
-1.1564831227103628e-12
1.0425126094552215e-12
-7.3798058853502275e-13
-3.4825221286138763e-13
4.1016107980455541e-13
3.7064427495224447e-15
7.5962775739341320e-13
-1.7852396587296039e-13
1.0174844746229104e-14
-3.1089573356352696e-13
-1.8733657049792884e-13
6.7071603061377272e-13
-5.9385540155292752e-13
-2.1674245153791351e-13
1.2663405894126386e-13
2.2378687607669314e-13
-7.6558930421309548e-13
5.6399736681394997e-13
6.0524266424394005e-13
6.5597254266769065e-13
-5.7302598732423708e-13
2.8545747830236712e-13
6.6662489071565356e-13
-3.2435030285832796e-13
-1.1118107595087274e-12
-9.9390132926549556e-13
2.6423425972738410e-13
6.0535166125339610e-13
-4.6159949354949057e-13
-1.2788993948037503e-13
7.3319944525146037e-13
2.0640251856198640e-13
-1.3998360642482345e-12
-7.5650993901868365e-13
-4.8873746458113184e-13
1.2436845335410136e-14
-3.2036223101987212e-13
-7.0221737985928918e-13
-1.3199660303161981e-12
4.1081537072149781e-13
-1.0705611968096657e-12
-2.4618998241545989e-13
-2.6347280368777886e-13
-1.4283436560890204e-13
-4.6266151088697724e-13
-8.4355739221800837e-14
4.7799570162871592e-13
-5.3399748875213204e-13
-4.8168203339201336e-13
5.5676821294365470e-13
-7.7025691449003684e-13
-4.9145067645557754e-13
1.1765259585872708e-12
-7.9366769604052528e-15
1.4899403978957466e-13
-7.4525535734907710e-13
-2.8980958346517596e-13
-6.0402494635247067e-13
-2.4087204030038536e-13
9.5455167721210710e-13
2.2368980549957671e-13
5.0025478935778066e-13
7.0422274697098675e-13
-5.0959192822033272e-13
1.8110928225288113e-13
-1.2794449859986134e-12
5.0146224030051745e-13
-1.4950544872534811e-12
3.9496204989010245e-13
-6.4739462469306447e-13
4.1289454356592931e-13
4.3235630992437353e-14
