5.3811949644225525e-02
6.3910799107236765e-02
7.5337536098029761e-02
8.8293906200974923e-02
1.0300728480955064e-01
1.1973151650201302e-01
1.3874622884728915e-01
1.6036282173891975e-01
1.8492566817389833e-01
2.1281717621580659e-01
2.4446026513117949e-01
2.8032324010034892e-01
3.2092312351625318e-01
3.6683065116091051e-01
4.1867427763251391e-01
4.7714542329886950e-01
5.4300304736970850e-01
6.1707918561531205e-01
7.0028399929185892e-01
7.9361158419220823e-01
8.9814539184782194e-01
1.0150642406517256e+00
1.1456479795316943e+00
1.2912835840649823e+00
1.4534708973786858e+00
1.6338286455780120e+00
1.8341000489614916e+00
2.0561585411623620e+00
2.3020129982197006e+00
2.5738128953256245e+00
2.8738528542445407e+00
3.2045769221309754e+00
3.5685820919131057e+00
3.9686213416867377e+00
4.4076057410560017e+00
4.8886058501229535e+00
5.4148519908909201e+00
5.9897335753390966e+00
6.6167970986503946e+00
7.2997429501050197e+00
8.0424206780929577e+00
8.8488228395215103e+00
9.7230770992957165e+00
1.0669436697454449e+01
1.1692268981770530e+01
1.2796042120351011e+01
1.3985309728382981e+01
1.5264693530200125e+01
1.6638863832264317e+01
1.8112517944412144e+01
1.9690356371990848e+01
2.1377056941500577e+01
2.3177246734951222e+01
2.5095472029084441e+01
2.7136166172251595e+01
2.9303615635621998e+01
3.1601924232974177e+01
3.4034975791501545e+01
3.6606395331550900e+01
3.9319509086471456e+01
4.2177303484154542e+01
4.5182383470488425e+01
4.8336930357301974e+01
5.1642659621307935e+01
5.5100778891930375e+01
5.8711946594741285e+01
6.2476231534802707e+01
6.6393073917380633e+01
7.0461248124596409e+01
7.4678827763448155e+01
7.9043153322837995e+01
8.3550802957241956e+01
8.8197566735872996e+01
9.2978424858960651e+01
9.7887530161340962e+01
1.0291819536904053e+02
1.0806288538933602e+02
1.1331321504334878e+02
1.1865995246072126e+02
1.2409302846846377e+02
1.2960155211234110e+02
1.3517383254709938e+02
1.4079740733468100e+02
1.4645907727487884e+02
1.5214494769370631e+02
1.5784047618995942e+02
1.6353052664124030e+02
1.6919942933879332e+02
1.7483104692373601e+02
1.8040884586156560e+02
1.8591597300030790e+02
1.9133533682172569e+02
1.9664969281172833e+02
2.0184173244349878e+02
2.0689417509478034e+02
2.1178986229486912e+02
2.1651185353873055e+02
2.2104352298954089e+02
2.2536865624909970e+02
2.2947154647172604e+02
2.3333708897339773e+02
2.3695087359814428e+02
2.4029927399884130e+02
2.4336953311485044e+02
2.4614984404321956e+02
2.4862942564055618e+02
2.5079859212532102e+02
2.5264881610491909e+02
2.5417278440129274e+02
2.5536444621581632e+02
2.5621905313780832e+02
2.5673319067796484e+02
2.5690480098249725e+02
2.5673319656741745e+02
2.5621906489408059e+02
2.5536446379373564e+02
2.5417280773356885e+02
2.5264884510241711e+02
2.5079862667789510e+02
2.4862946561748561e+02
2.4614988929443362e+02
2.4336958347149863e+02
2.4029932927487980e+02
2.3695093359100323e+02
2.3333715346589238e+02
2.2947161523277509e+02
2.2536872903591919e+02
2.2104359954836164e+02
2.1651193360722900e+02
2.1178994560282922e+02
2.0689426136671349e+02
2.0184182139919406e+02
1.9664978416901550e+02
1.9133543029685711e+02
1.8591606831082242e+02
1.8040894272644897e+02
1.7483114506634882e+02
1.6919952848675999e+02
1.6353062652941099e+02
1.5784057655998490e+02
1.5214504829701329e+02
1.4645917787189299e+02
1.4079750769780412e+02
1.3517393245955225e+02
1.2960165137114089e+02
1.2409312688286496e+02
1.1866004985520263e+02
1.1331331125563821e+02
1.0806298027342720e+02
1.0291828879279316e+02
9.7887622009557745e+01
9.2978515030561368e+01
8.8197655147071089e+01
8.3550889538294555e+01
7.9043238021371664e+01
7.4678910540790284e+01
7.0461328959307806e+01
6.6393152801174963e+01
6.2476308476351797e+01
5.8712021615190750e+01
5.5100852029050408e+01
5.1642730924611790e+01
4.8336999892624014e+01
4.5182451314710256e+01
4.2177369730300299e+01
3.9319573838043574e+01
3.6606458708242840e+01
3.4035037923142283e+01
3.1601985265970374e+01
2.9303675726507180e+01
2.7136225494985489e+01
2.5095530768200167e+01
2.3177305093859680e+01
2.1377115135227388e+01
1.9690414636659312e+01
1.8112576529563515e+01
1.6638923011726511e+01
1.5264753593988790e+01
1.3985370995208168e+01
1.2796104929105782e+01
1.1692333705987188e+01
1.0669503736401978e+01
9.7231468947756827e+00
8.8488958666208291e+00
8.0424974648123442e+00
7.2998240678505031e+00
6.6168831853252454e+00
5.9898253257124088e+00
5.4149501839661136e+00
4.8887113396001514e+00
4.4077194880360420e+00
3.9687444055554848e+00
3.5687156697692357e+00
3.2047223405773408e+00
2.8740116173753827e+00
2.5739866781298937e+00
2.3022037055724511e+00
2.0563683038486285e+00
1.8343312969553931e+00
1.6340841081157320e+00
1.4537536949698016e+00
1.2915972346170075e+00
1.1459965151640774e+00
1.0154522226508575e+00
8.9857806065256851e-01
7.9409488698946540e-01
7.0082478483791455e-01
6.1768524961160765e-01
5.4368338858373877e-01
4.7791031347943308e-01
4.1953560253672068e-01
3.6780201350297298e-01
3.2202030345695998e-01
2.8156434091911720e-01
2.4586634526139872e-01
2.1441244597108769e-01
1.8673837535173377e-01
1.6242549773302814e-01
1.4109696637311045e-01
1.2241422542779314e-01
1.0607362423120555e-01
9.1803379786367795e-02
7.9360628500832392e-02
6.8528826381701685e-02
5.9115209321270262e-02
5.0948601571521999e-02
4.3877250266514893e-02
3.7767009624707769e-02
3.2499513046026857e-02
2.7970700430465678e-02
2.4089291447627045e-02
2.0775626091697263e-02
1.7960405267812452e-02
1.5583820153379701e-02
1.3594530917697269e-02
1.1949068866262182e-02
1.0611030973241817e-02
9.5507508397168223e-03
8.7446961194115047e-03
8.1754214148399961e-03
7.8311683151034307e-03
7.7061380021594197e-03
7.8003105687826551e-03
8.1201117537789101e-03
8.6784907396399817e-03
9.4961120892181582e-03
1.0601759901935870e-02
1.2034278004534955e-02
1.3843399460525523e-02
1.6092818059670565e-02
1.8861554118492337e-02
2.2248850100627344e-02
2.6376086559615108e-02
3.1394849591939888e-02
3.7489563480525956e-02
4.4881723266368759e-02
