6.0739111063724715e-13
-9.1650362024036565e-13
-3.2382350485538781e-13
-1.9146359604405253e-13
-4.6751972297080916e-12
1.5433417726663763e-12
3.0022301058384518e-13
-2.3775842916494373e-13
-2.6191740783446035e-13
5.9698721858545990e-13
-9.9123992518177509e-14
-1.7724925923836834e-12
-1.1840263700073701e-12
-2.0737748129425783e-12
-3.5023611455568413e-13
-2.5735603156581912e-13
-1.8489260115105030e-12
-5.5953189000016120e-13
9.2645180049394333e-13
2.7109153527097258e-12
-2.1968350097624628e-12
2.2899307596312189e-13
-6.8068326057571036e-13
-1.3238967893694195e-12
-3.8015595936895630e-13
-2.9172165936491141e-13
-6.9274566095593215e-13
-8.3745551544461110e-13
-5.5195619701085465e-13
-1.3287865675383612e-12
-9.5380569695550429e-13
8.2717716927411050e-13
-1.5492548400537453e-12
-1.0818448017104963e-13
-4.2250043216120166e-13
-1.0562709786448321e-12
-5.9536257541852004e-13
1.3388680838744793e-13
-8.1686310555454721e-14
-1.1611469104786349e-12
1.4362740521301500e-12
-7.8497062503348788e-13
-2.4653556914665700e-12
7.5950203787786544e-13
8.8514200252473178e-13
-6.3117829839782625e-13
3.7753184626755425e-13
1.6283124049320502e-12
4.8690919138403831e-13
1.9507520587085473e-12
4.1254937515250365e-14
-2.0432740285906686e-12
-8.3175211799803948e-13
2.2689792038611214e-12
-2.7770386775257892e-12
-1.8956848501547557e-12
1.8173498825846996e-12
1.1648841768607035e-13
1.9327788677728635e-12
-1.3148295849403667e-12
3.3451815754958957e-13
-1.4972781110747028e-12
8.1626887601521564e-13
1.5432202512167212e-12
5.8007910267907248e-13
1.7653032050466905e-12
3.7075232660880162e-14
-1.3018535314759688e-13
-3.4595640224820366e-13
5.7236588101949798e-13
-1.6976604304524118e-12
2.4728252368611425e-12
1.1685691299360343e-12
1.0412678583689175e-12
3.4642136744930396e-12
4.2178804851808675e-13
5.2447397625259970e-13
5.3839954698907080e-13
2.2310046568938015e-12
-1.0769272997404262e-12
1.2972739179724445e-13
-3.7509088105409673e-12
-9.5734656585371868e-12
-1.9635629710463276e-11
-3.2683415270329265e-11
-5.5153760474114353e-11
-9.1539092369056770e-11
-1.4726896310331540e-10
-2.3396431439256594e-10
-3.6378706966009719e-10
-5.5404576174177209e-10
-8.3816417561682581e-10
-1.2600435482203364e-09
-1.8696837368210938e-09
-2.7537197630059376e-09
-4.0282556218910025e-09
-5.8473851179309915e-09
-8.4458328627310066e-09
-1.2119990028736442e-08
-1.7292780115997709e-08
-2.4551800437013119e-08
-3.4668361274249564e-08
-4.8717871718297527e-08
-6.8136671657202932e-08
-9.4859976615847953e-08
-1.3147035694934118e-07
-1.8142071165800251e-07
-2.4928384452955503e-07
-3.4109341111908810e-07
-4.6479550029611474e-07
-6.3079157062969761e-07
-8.5264056649889815e-07
-1.1479437185853422e-06
-1.5394524098128654e-06
-2.0564155880686610e-06
-2.7363099555934975e-06
-3.6268932180510690e-06
-4.7887449513058557e-06
-6.2983440806498997e-06
-8.2517529546816088e-06
-1.0769004472961618e-05
-1.3999298160586237e-05
-1.8127048848203336e-05
-2.3378867967382570e-05
-3.0031540606318609e-05
-3.8420956577014554e-05
-4.8951895238184778e-05
-6.2108616621337780e-05
-7.8465792465781054e-05
-9.8699421704643249e-05
-1.2359693505587037e-04
-1.5406552800463808e-04
-1.9113716305400386e-04
-2.3596839559948717e-04
-2.8983228943289504e-04
-3.5409906733920444e-04
-4.3020097934456703e-04
-5.1957569774609038e-04
-6.2358106202864091e-04
-7.4337213406234907e-04
-8.7972944144342933e-04
-1.0328247087879523e-03
-1.2019074054897189e-03
-1.3848921557326008e-03
-1.5778228997503938e-03
-1.7741854998175215e-03
-1.9640353119324177e-03
-2.1329008323567778e-03
-2.2604183753869326e-03
-2.3186463358434418e-03
-2.2700003616723031e-03
-2.0647438580131609e-03
-1.6379604562318656e-03
-9.0592793789711571e-04
2.3819420025635041e-04
1.9294576205307603e-03
4.3370983305089632e-03
7.6714938757558278e-03
1.2192210535028301e-02
1.8217245909056566e-02
2.6133568748316183e-02
3.6409050025446678e-02
4.9605867007062723e-02
6.6395443923011971e-02
8.7574968388807684e-02
1.1408549097045199e-01
1.4703157542670922e-01
1.8770241829876949e-01
2.3759429851566052e-01
2.9843414942050922e-01
3.7220396742966555e-01
4.6116568320100271e-01
5.6788602320694870e-01
6.9526078258293811e-01
8.4653781572333353e-01
1.0253379306643573e+00
1.2356727494153121e+00
1.4819584721050951e+00
1.7690243614182566e+00
2.1021146497667269e+00
2.4868824696555580e+00
2.9293743231903666e+00
3.4360035454829592e+00
4.0135111850840808e+00
4.6689127289809411e+00
5.4094291467183684e+00
6.2424008241258377e+00
7.1751831081167703e+00
8.2150223950500401e+00
9.3689119710862698e+00
1.0643427156320463e+01
1.2044539717204938e+01
1.3577411993073556e+01
1.5246171730408040e+01
1.7053669226919705e+01
1.9001219049815116e+01
2.1088329297568333e+01
2.3312422108980815e+01
2.5668549870851198e+01
2.8149112317576520e+01
3.0743580430168411e+01
3.3438233705804137e+01
3.6215917955942984e+01
3.9055831275442074e+01
4.1933346179905975e+01
4.4819876107999882e+01
4.7682794504144695e+01
5.0485414513359551e+01
5.3187036914419508e+01
5.5743073275583427e+01
5.8105250429975698e+01
6.0221901232033545e+01
6.2038345176679357e+01
6.3497360850807596e+01
6.4539750362115470e+01
6.5104993881718059e+01
6.5131990280067470e+01
6.4559877575613655e+01
6.3328924602223005e+01
6.1381482993158414e+01
5.8662986337935514e+01
5.5122981258853706e+01
5.0716173243883304e+01
4.5403468427615387e+01
3.9152991196340857e+01
3.1941056565275304e+01
2.3753075787935906e+01
1.4584373651777280e+01
4.4408964221549478e+00
-6.6602095627062639e+00
-1.8690167065254922e+01
-3.1608301205972317e+01
-4.5361950515088161e+01
-5.9886566426043395e+01
-7.5106008393811962e+01
-9.0933038026670431e+01
-1.0727001157960957e+02
-1.2400976596558534e+02
-1.4103668920006001e+02
-1.5822796201239834e+02
-1.7545495334513529e+02
-1.9258474872766456e+02
-2.0948178715881778e+02
-2.2600957925990167e+02
-2.4203247715159065e+02
-2.5741746483598291e+02
-2.7203593688504708e+02
-2.8576543298493090e+02
-2.9849129637975329e+02
-3.1010822549506634e+02
-3.2052168997579656e+02
-3.2964918500185320e+02
-3.3742130098357865e+02
-3.4378258950766269e+02
-3.4869221060722219e+02
-3.5212435095985114e+02
-3.5406840735844690e+02
-3.5452893463092948e+02
-3.5352536198299521e+02
-3.5109148638373233e+02
-3.4727475599110369e+02
-3.4213536061883491e+02
-3.3574514978410195e+02
-3.2818640186769966e+02
-3.1955047030406337e+02
-3.0993633445275873e+02
-2.9944908386183027e+02
-2.8819836501078527e+02
-2.7629681933032492e+02
-2.6385854036797775e+02
-2.5099757645111808e+02
-2.3782650315237888e+02
-2.2445508736101465e+02
-2.1098906188917658e+02
-1.9752902638375298e+02
-1.8416948696411433e+02
-1.7099804355674689e+02
-1.5809473044014393e+02
-1.4553151213291991e+02
-1.3337193353386959e+02
-1.2167092022489976e+02
-1.1047472213512960e+02
-9.9820991386038983e+01
-8.9738983127992810e+01
-8.0249866562570062e+01
-7.1367132132613506e+01
-6.3097080053828613e+01
-5.5439374945591048e+01
-4.8387651274330764e+01
-4.1930154620717829e+01
-3.6050404386353812e+01
-3.0727864425050999e+01
-2.5938609174163503e+01
-2.1655974125522373e+01
-1.7851180866497408e+01
-1.4493928393992501e+01
-1.1552943913309644e+01
-8.9964878396089762e+00
-6.7928091860466431e+00
-4.9105489173320072e+00
-3.3190901447842607e+00
-1.9888552171795308e+00
-8.9155080608337867e-01
-3.6298384669621752e-04
7.0989495758211318e-01
1.2626785994286065e+00
1.6796486003928355e+00
1.9806429001943779e+00
2.1836806279458845e+00
2.3049933574257664e+00
2.3590793921176818e+00
2.3587768940074127e+00
2.3153518756449576e+00
2.2385973407446245e+00
2.1369401687853449e+00
2.0175526809815838e+00
1.8864661850898186e+00
1.7486841636169013e+00
1.6082931342125810e+00
1.4685695639652343e+00
1.3320815536532351e+00
1.2007843190258765e+00
1.0761087794670938e+00
9.5904281752994569e-01
8.5020499448850906e-01
7.4991069686887413e-01
6.5823084735839454e-01
5.7504344218773418e-01
5.0007827749605116e-01
4.3295530202632410e-01
3.7321708518510543e-01
3.2035592078445413e-01
2.7383610074565307e-01
2.3311189207645566e-01
1.9764173767493234e-01
1.6689917930483744e-01
1.4038097146290063e-01
1.1761282056561197e-01
9.8153146092138349e-02
8.1595220865762652e-02
6.7568008066861696e-02
5.5735973424309609e-02
4.5798113577923572e-02
3.7486406371796586e-02
3.0563856099803492e-02
2.4822276897709075e-02
2.0079931000079796e-02
1.6179114518216187e-02
1.2983763285704964e-02
1.0377133110413819e-02
8.2595941501063148e-03
6.5465663650799977e-03
5.1666128585706817e-03
4.0596996852125021e-03
3.1756241858801929e-03
2.4726089467914073e-03
1.9160549586820436e-03
1.4774447711489460e-03
1.1333849608434808e-03
8.6477614050594156e-04
6.5609846746287649e-04
4.9480044058812088e-04
3.7077952453285043e-04
2.7594327686499237e-04
2.0384081329514312e-04
1.4935505425833320e-04
1.0844721808357685e-04
7.7945816541993078e-05
5.5373394990803330e-05
3.8805023848717555e-05
2.6753368174960652e-05
1.8075781350691608e-05
1.1899714866675522e-05
7.5630356917584302e-06
4.5666428019455397e-06
2.5369850739024733e-06
1.1966065417572670e-06
3.4113410829028916e-07
-1.7861489852119572e-07
-4.7041170847990408e-07
-6.1123989240788908e-07
-6.5535616709019432e-07
-6.4038219943396002e-07
-5.9193530198603502e-07
-5.2701484391230334e-07
-4.5654577823769998e-07
-3.8724604422205787e-07
-3.2294163829825377e-07
-2.6555244168669761e-07
-2.1575826087773525e-07
-1.7348505397139242e-07
-1.3820573707742001e-07
-1.0919378848478462e-07
-8.5620587371624291e-08
-6.6671510293195941e-08
-5.1579157259746897e-08
-3.9665348113081284e-08
-3.0325747880328779e-08
-2.3060926563934720e-08
-1.7444449239550699e-08
-1.3134609764225765e-08
-9.8364353578741442e-09
-7.3358804231031357e-09
-5.4466112241953167e-09
-4.0254126794234783e-09
-2.9608168999394015e-09
-2.1718066850296923e-09
-1.5824172017316734e-09
-1.1513223472675814e-09
-8.3433152424270604e-10
-5.9917803378890380e-10
-4.3026016825415839e-10
-3.0988470327409607e-10
-2.1805522282262447e-10
-1.5325669846456636e-10
-1.1035775599380617e-10
-8.0244287779899252e-11
-5.4569532903685145e-11
-3.7100879336879996e-11
-2.4116255571362290e-11
-2.0157750144885403e-11
-1.2356108174857500e-11
-9.7722931476807596e-12
-7.3275661441962159e-12
-6.1667978808890012e-12
-3.9512419671359943e-12
-1.7821415689925320e-12
1.3548341341031967e-12
-4.8809381940686166e-13
4.2408006984116885e-13
9.6989566366023800e-13
-1.1345905910852113e-12
2.2469218916680135e-13
4.7534049331955352e-13
2.7046053172766151e-13
2.5350660867899311e-12
-4.3560210029567939e-14
-1.0370841588739597e-12
-1.7373008704142438e-13
3.5067531370341228e-13
-8.5522221452807019e-13
1.8694825297526721e-13
-1.0857325559952959e-12
-6.9128044275244241e-13
-1.1312629667409145e-12
1.8170719490709956e-12
6.7691730034811840e-13
-7.2437310732562916e-14
5.2976450648953910e-13
-3.3204874683539814e-13
-3.4137766928438248e-13
2.4636116457716623e-12
-1.0736985780125662e-13
5.6268465194819668e-13
1.3451094767483143e-12
1.3323092209879304e-12
-1.2780920363907890e-12
-2.5786156790673700e-13
9.8551970453622400e-13
-7.9586847661203390e-13
1.0069006806233167e-13
-7.6992600103455429e-13
1.7009857134011463e-13
1.6917143039567071e-12
3.0983644504391292e-13
-2.8911362476526420e-12
2.2268150537789711e-13
3.6162871284828127e-13
1.7732254349395641e-12
1.3338193892377979e-12
3.4259678872468829e-12
1.0358634639882001e-12
5.4420861385289344e-13
1.4593058453526307e-12
9.2421536204510642e-13
-4.6730835467959732e-13
5.8069113668435617e-13
7.9332471020343107e-13
-5.6744378704550335e-13
-4.2674308194659964e-13
3.1579562218166369e-12
-1.1234954709148452e-12
9.1996782286811274e-13
-1.4759992317629943e-12
2.3803223907016675e-14
1.6418670777959449e-12
4.1019886290500231e-14
1.0861013293078754e-12
-6.3824177620387377e-13
1.4790855310213968e-12
-1.4562502474267018e-13
1.7316232671764275e-12
9.7490705494296800e-14
1.2782365864687451e-12
-1.7590486447784473e-12
-4.1429521638584163e-14
-7.0945497828132393e-13
8.8859925452430812e-13
2.3604550338564168e-13
3.9003289645131264e-13
5.0418870857088841e-13
1.6090099565140035e-12
4.5182438729813491e-13
-1.6887824116027734e-12
8.2526056812728263e-13
2.3543409775692811e-12
-2.4503479522042154e-12
-2.8808277659157093e-12
3.3296734607262125e-13
6.3055266871983214e-13
6.8556655361233076e-13
1.0183223465294777e-12
