-3.4177981502144685e-14
-8.5570861296725370e-15
0.0000000000000000e+00
0.0000000000000000e+00
8.5946300736904339e-15
1.7214135759824428e-14
8.6194668985104920e-15
-4.3159134550586216e-15
0.0000000000000000e+00
0.0000000000000000e+00
-8.6686707161899631e-15
1.3021308773056732e-14
8.6930342176924651e-15
1.3057733409929228e-14
1.7434472932224984e-14
2.1823191451582086e-14
1.7482551470298645e-14
3.7201243289364516e-14
1.7530300613242935e-14
3.7302357508464608e-14
3.9549863118016847e-14
3.4102517269386636e-14
4.4061992629819111e-14
4.8532577409481602e-14
4.6387786094465569e-14
3.5389558819414743e-14
2.6576902646402762e-14
2.9383538215224609e-14
3.6083097204909605e-14
2.5012801426528303e-14
2.8940742813719200e-14
1.9504194626634533e-14
4.2963681562629823e-14
4.7487314989554875e-14
6.2090725069841320e-14
7.6730233936707065e-14
8.8040996365298911e-14
8.0850790152274616e-14
1.1383620862642765e-13
1.3958470524323190e-13
1.7751072720810266e-13
2.4260935327653025e-13
3.2876399044053275e-13
4.9147377363193615e-13
7.2704626285079029e-13
1.0272326300275118e-12
1.4847696501456225e-12
2.1592991132953311e-12
3.1186974673032558e-12
4.5245521391960916e-12
6.5152317078636507e-12
9.3804245584055755e-12
1.3492263893768672e-11
1.9322935823539883e-11
2.7668605153043793e-11
3.9489478039374127e-11
5.6232134975728363e-11
7.9910302261243766e-11
1.1332878394067295e-10
1.6038942979949565e-10
2.2652354721671444e-10
3.1923319059741614e-10
4.4894778451507828e-10
6.3002018100007980e-10
8.8229395674322079e-10
1.2329720011495957e-09
1.7194170350884134e-09
2.3927642603000274e-09
3.3227956069431253e-09
4.6046444836711500e-09
6.3676595149377339e-09
8.7872279510360258e-09
1.2100745886772549e-08
1.6628856506128904e-08
2.2803472723950259e-08
3.1205350543808797e-08
4.2613338629782881e-08
5.8069856310332792e-08
7.8966886928323181e-08
1.0715881073700717e-07
1.4511074499630149e-07
1.9609210249198300e-07
2.6442919415447777e-07
3.5583400268461326e-07
4.7783097200964698e-07
6.4030948317079183e-07
8.5623770857202003e-07
1.1425824476348349e-06
1.5214914144276707e-06
2.0218096703515089e-06
2.6810184171410975e-06
3.5477099620309039e-06
4.6847367775758817e-06
6.1732101089027951e-06
8.1175635862547933e-06
1.0651949956154482e-05
1.3948301015743267e-05
1.8226458152369756e-05
2.3766872234886652e-05
3.0926484592672286e-05
4.0158534732951912e-05
5.2037202016090234e-05
6.7288181569064671e-05
8.6826525697128500e-05
1.1180335392941826e-04
1.4366335926657375e-04
1.8421541937300247e-04
2.3571906932881839e-04
3.0099011509846819e-04
3.8352927988286761e-04
4.8767848224114851e-04
6.1881016499051888e-04
7.8355603727607570e-04
9.9008267248598095e-04
1.2484226385332227e-03
1.5708712364667693e-03
1.9724605071244346e-03
2.4715239427196092e-03
3.0903673319393633e-03
3.8560633769312699e-03
4.8013901683427191e-03
5.9659362890391553e-03
7.3973982493955722e-03
9.1530991302558231e-03
1.1301760722528557e-02
1.3925565084411244e-02
1.7122545273480876e-02
2.1009349009770677e-02
2.5724423151385244e-02
3.1431671052106570e-02
3.8324639051746705e-02
4.6631292433896569e-02
5.6619445066641773e-02
6.8602910491054117e-02
8.2948445296559647e-02
1.0008355805020827e-01
1.2050525864269482e-01
1.4478982346472963e-01
1.7360365110454568e-01
2.0771528100913242e-01
2.4800864351546426e-01
2.9549760355038512e-01
3.5134185183698219e-01
4.1686418633368327e-01
4.9356921259029829e-01
5.8316347445076622e-01
6.8757700581560410e-01
8.0898626976952592e-01
9.4983842310579913e-01
1.1128768120045232e+00
1.3011675682962744e+00
1.5181271353812897e+00
1.7675505086019030e+00
2.0536399269054781e+00
2.3810337013411691e+00
2.7548348117860262e+00
3.1806388469314917e+00
3.6645608047564120e+00
4.2132602124151832e+00
4.8339639667802254e+00
5.5344862410616535e+00
6.3232447503969711e+00
7.2092726216191441e+00
8.2022250712512577e+00
9.3123800629237117e+00
1.0550632092717105e+01
1.1928478240292796e+01
1.3457995626965978e+01
1.5151809440940566e+01
1.7023050726486112e+01
1.9085303189467279e+01
2.1352538347686952e+01
2.3839038452040406e+01
2.6559306724230602e+01
2.9527964599087095e+01
3.2759635824225143e+01
3.6268817456232526e+01
4.0069737999574016e+01
4.4176203160163148e+01
4.8601429927660469e+01
5.3357869955984711e+01
5.8457023476619824e+01
6.3909245249823755e+01
6.9723544329999470e+01
7.5907379687982200e+01
8.2466453989131196e+01
8.9404508065860881e+01
9.6723118840389105e+01
1.0442150364171678e+02
1.1249633401396919e+02
1.2094156222522469e+02
1.2974826375123695e+02
1.3890449902197344e+02
1.4839519767633232e+02
1.5820206846832400e+02
1.6830353780400878e+02
1.7867471966133712e+02
1.8928741935478212e+02
2.0011017325469663e+02
2.1110832616050430e+02
2.2224414756143142e+02
2.3347698750422492e+02
2.4476347223130014e+02
2.5605773916343406e+02
2.6731171018806526e+02
2.7847540158808908e+02
2.8949726831816753e+02
3.0032457971803080e+02
3.1090382315736650e+02
3.2118113154709238e+02
3.3110273013923711e+02
3.4061539758399329e+02
3.4966693582854469e+02
3.5820664313776609e+02
3.6618578430018363e+02
3.7355805196042945e+02
3.8028001299676652e+02
3.8631153394205927e+02
3.9161617962969285e+02
3.9616157953111104e+02
3.9991975663535572e+02
4.0286741419765457e+02
4.0498617624603787e+02
4.0626277837261046e+02
4.0668920603819515e+02
4.0626277837287228e+02
4.0498617624655969e+02
4.0286741419843332e+02
3.9991975663638664e+02
3.9616157953238769e+02
3.9161617963120716e+02
3.8631153394380209e+02
3.8028001299872739e+02
3.7355805196259661e+02
3.6618578430254416e+02
3.5820664314030614e+02
3.4966693583124948e+02
3.4061539758684762e+02
3.3110273014222508e+02
3.2118113155019768e+02
3.1090382316057287e+02
3.0032457972132136e+02
2.8949726832152606e+02
2.7847540159149906e+02
2.6731171019151071e+02
2.5605773916689947e+02
2.4476347223477040e+02
2.3347698750768558e+02
2.2224414756486874e+02
2.1110832616390545e+02
2.0011017325804954e+02
1.8928741935807562e+02
1.7867471966456102e+02
1.6830353780715399e+02
1.5820206847138235e+02
1.4839519767929656e+02
1.3890449902483752e+02
1.2974826375399576e+02
1.2094156222787414e+02
1.1249633401650603e+02
1.0442150364413878e+02
9.6723118842694774e+01
8.9404508068049637e+01
8.2466453991203167e+01
7.5907379689938253e+01
6.9723544331841012e+01
6.3909245251552861e+01
5.8457023478239016e+01
5.3357869957496952e+01
4.8601429929069162e+01
4.4176203161471953e+01
4.0069738000786899e+01
3.6268817457353663e+01
3.2759635825258826e+01
2.9527964600037748e+01
2.6559306725102708e+01
2.3839038452838402e+01
2.1352538348415379e+01
1.9085303190130499e+01
1.7023050727088499e+01
1.5151809441486337e+01
1.3457995627459175e+01
1.1928478240737473e+01
1.0550632093117070e+01
9.3123800632825429e+00
8.2022250715724869e+00
7.2092726219059919e+00
6.3232447506525080e+00
5.5344862412887714e+00
4.8339639669815879e+00
4.2132602125933483e+00
3.6645608049136329e+00
3.1806388470698543e+00
2.7548348119075405e+00
2.3810337014476350e+00
2.0536399269985521e+00
1.7675505086830074e+00
1.5181271354518495e+00
1.3011675683575143e+00
1.1128768120575132e+00
9.4983842315153511e-01
8.0898626980894817e-01
6.8757700584947967e-01
5.8316347447981609e-01
4.9356921261513831e-01
4.1686418635490963e-01
3.5134185185504957e-01
2.9549760356574756e-01
2.4800864352844965e-01
2.0771528102013212e-01
1.7360365111379300e-01
1.4478982347251410e-01
1.2050525864921703e-01
1.0008355805564888e-01
8.2948445301094076e-02
6.8602910494806033e-02
5.6619445069744437e-02
4.6631292436478088e-02
3.8324639053871359e-02
3.1431671053853180e-02
2.5724423152807957e-02
2.1009349010900916e-02
1.7122545274387585e-02
1.3925565085126004e-02
1.1301760723055063e-02
9.1530991306987865e-03
7.3973982497155429e-03
5.9659362892947026e-03
4.8013901685156537e-03
3.8560633770605862e-03
3.0903673320016711e-03
2.4715239427487309e-03
1.9724605070929806e-03
1.5708712364450308e-03
1.2484226385046507e-03
9.9008267245742979e-04
7.8355603724754514e-04
6.1881016495117210e-04
4.8767848221831797e-04
3.8352927983958257e-04
3.0099011503875408e-04
2.3571906927878584e-04
1.8421541935024151e-04
1.4366335920418033e-04
1.1180335390785933e-04
8.6826525707216757e-05
6.7288181548704479e-05
5.2037201942659897e-05
4.0158534718237899e-05
3.0926484552051174e-05
2.3766872240490619e-05
1.8226458171486968e-05
1.3948301029249826e-05
1.0651949937069488e-05
8.1175635537024531e-06
6.1732100684866976e-06
4.6847367248891339e-06
3.5477099272556426e-06
2.6810183969859011e-06
2.0218095664073615e-06
1.5214913552201903e-06
1.1425823482779945e-06
8.5623761045370092e-07
6.4030935838893804e-07
4.7783085679235784e-07
3.5583388480865308e-07
2.6442909639750785e-07
1.9609200758683123e-07
1.4511067956695802e-07
1.0715874536992261e-07
7.8966821623796892e-08
5.8069797706995096e-08
4.2613289461851843e-08
3.1205322435864292e-08
2.2803439160962177e-08
1.6628831289918965e-08
1.2100725131841502e-08
8.7871743199072683e-09
6.3676301414619103e-09
4.6045834397676924e-09
3.3227210005552981e-09
2.3927013767400346e-09
1.7193691339342954e-09
1.2329224211659038e-09
8.8225217605035601e-10
6.2997853258642213e-10
4.4890155771127525e-10
3.1918239552282591e-10
2.2649125787830687e-10
1.6036639096849181e-10
1.1331037296123334e-10
7.9882716069041719e-11
5.6197690267110431e-11
3.9432133885622710e-11
2.7609033793820612e-11
1.9277163145999815e-11
1.3423682410066021e-11
9.3438893118295064e-12
6.4650531335338766e-12
4.4812658901302675e-12
3.0845636022835193e-12
2.0979295595490427e-12
1.4336881254846493e-12
9.4559824883327258e-13
6.2399141873954115e-13
4.2643409127558095e-13
2.7566465177831611e-13
1.6305605371376103e-13
7.3821921473845884e-14
-1.3508197281603087e-14
-5.4528949317350527e-14
-8.3658109254784137e-14
-1.0822874075479420e-13
-9.6892923146352721e-14
-1.0991736465066505e-13
-1.0447209297702071e-13
-1.0099255016670128e-13
-9.6406447725936417e-14
-9.7396730623093488e-14
-1.2061728687903648e-13
-7.3831568126968887e-14
-7.5399267873029169e-14
-6.7549627559607006e-14
-6.6355422786402636e-14
-1.5462595364821853e-14
-2.9781354319454622e-14
-2.9741845025127899e-14
-5.0603735302960816e-14
-3.2958219265014033e-14
-3.2913844860409943e-14
-2.6295450919864399e-14
-1.7506467430289183e-14
-1.3111913602723982e-14
-1.7458553161265668e-14
-6.5379273495843687e-15
-1.7410311213238972e-14
-1.7386068435384930e-14
-8.6808725153711548e-15
-4.3343353580949816e-15
-1.7312858074343199e-14
-4.3220738479103324e-15
-2.1579567275293110e-14
-3.0168134144786723e-14
-4.3035339399561070e-14
-5.1567780442142600e-14
-4.2910768498314836e-14
-5.9987472846636844e-14
-5.1342516778035228e-14
-5.9811467628753198e-14
-5.9723068560640896e-14
-5.1115206220424031e-14
-7.6558481067834950e-14
-8.4937577390864918e-14
-6.7847846303219381e-14
-6.7745338131595941e-14
-6.7642539189507986e-14
-5.0654588453753693e-14
-5.0577057131835549e-14
-6.7332415702455408e-14
-6.7228471655189711e-14
-6.7124245840299920e-14
-6.7019740066872620e-14
-8.3643695183390932e-14
-1.0021484384143749e-13
-8.3380701408368918e-14
-8.3248692079464364e-14
-6.6493075327079602e-14
-6.6386927941836912e-14
-6.6280513334867565e-14
-9.9260750003325499e-14
-9.9100334663350187e-14
-9.8939526733273906e-14
-1.3170443862305810e-13
-9.8616744122826520e-14
-9.8454774960432635e-14
-1.3105656565831549e-13
-1.6354949123225021e-13
-1.6327764869465673e-13
-1.6300518408070106e-13
-1.3018568161244799e-13
-1.2996672570309630e-13
-1.6218410405459987e-13
-1.2952735794473413e-13
-1.2930695352005206e-13
-1.2908607368658129e-13
-1.2886472216432062e-13
-1.2864290267621704e-13
-9.6315464211046845e-14
-3.2049468677097712e-14
-6.3987336844187621e-14
-9.5813264716293758e-14
-6.3763458122291546e-14
-7.9563979559639523e-14
-6.3538688257473909e-14
-6.3425973822992519e-14
-7.9141302770866783e-14
-7.8999869139954220e-14
-6.3086534983098811e-14
-7.8716203881568647e-14
-4.7144386165796040e-14
-7.8431490259047820e-14
-6.2630996941211735e-14
-6.2516597634396824e-14
-4.6801497124110125e-14
-6.2287194413702557e-14
-6.2172194258808651e-14
-4.6542748185747354e-14
-4.6456204695650300e-14
-5.4097769406952492e-14
-6.9424028119996349e-14
-4.6195712443182546e-14
-3.8423832612807693e-14
