1.8312536558095107e-14
2.4810816329462316e-14
3.2740159501040609e-14
3.2453565271654784e-14
4.0121441090181079e-14
3.0906379784494276e-14
3.5566523562206294e-14
5.3682284636183923e-14
3.1305235264067364e-14
4.5824398775088243e-14
4.4352851123434965e-14
5.6155311060860160e-14
3.5501473723066523e-14
5.4782212349866135e-14
5.2881537105121451e-14
6.6648340530543083e-14
3.8366922943977759e-14
4.9017016545401576e-14
4.4347896969561387e-14
5.0097097177328618e-14
5.0591818942236723e-14
7.3896409294563226e-14
6.5292490634484232e-14
6.9413753327467740e-14
6.7507249383041640e-14
8.6178784023659765e-14
7.6994706929737371e-14
7.6026185116670740e-14
7.9012019689562772e-14
8.2709512791039368e-14
8.5830200500401420e-14
6.2174590185419139e-14
6.0693987836560875e-14
7.3553942753434118e-14
6.2892045814550749e-14
6.5457136343917244e-14
6.1206438310668643e-14
4.8859327984430184e-14
5.6623374549151157e-14
5.0864436522113901e-14
1.7721958715491019e-14
2.4018208262763757e-14
7.1981680282987429e-15
1.3803444970563042e-14
1.3221468622260516e-14
8.7071115072282437e-16
8.7240638708616366e-15
6.6903382874122397e-15
-2.6433179137174596e-14
-1.0387263421782243e-14
-1.8189137591110390e-14
-1.7365505888335856e-14
4.3225024728507081e-15
-9.0475133826386825e-15
1.4449507454716422e-15
-3.5078057428563857e-15
-2.4552963437240325e-14
1.4532888736134448e-15
-2.0003072504937785e-14
-5.8257182861922700e-15
-1.2899452612950021e-14
-6.7969787749526594e-15
-1.8762177441044565e-14
-9.4187545322943051e-15
-2.2301403362159914e-14
-8.7524585763815373e-15
-2.2624975845571550e-14
-7.9419283052562737e-15
9.2039409622589111e-15
6.9632678794505478e-15
1.9520094166064747e-14
2.2172791964630627e-14
3.0809153925568371e-14
1.1684729197711549e-14
2.7669515014486780e-14
3.4811489196736194e-14
4.0090120459581762e-14
1.4310296799542989e-14
3.2215799766305024e-14
3.6660937201667734e-14
-6.4078621384575675e-15
1.5337835180254656e-14
-3.3403335309439294e-15
6.9182245184563947e-15
3.1990455809319052e-15
-4.7595592820638736e-15
7.4191310762613311e-15
3.3408319886150785e-15
-1.0747539450479752e-15
6.0600886695148660e-15
2.2475633796636120e-14
1.3250902571114254e-14
8.5798969093351743e-15
-2.1854200486466315e-16
1.1247051350734545e-14
3.2639728568200536e-14
-2.3507124936170099e-15
-9.9791336526507464e-15
-8.1496947007753209e-15
-1.1820358772979415e-14
-4.7704727698324916e-15
-1.1267126343513225e-15
1.3792507669768050e-14
1.9289834038677945e-14
4.6309724656807931e-14
4.1752663079342726e-14
8.5873569630293539e-14
5.6018336256844939e-14
6.2078930816848493e-14
4.9896157388836796e-14
6.5940544574747026e-14
4.1632728301647835e-14
1.0760590137865054e-14
6.5801878164821629e-15
5.5611066331913817e-15
-1.0395669948635609e-14
-2.6286896836350803e-14
-9.4684973869214092e-15
-2.7603815554820508e-14
-8.5815361429051689e-15
-2.2809992660870559e-14
-3.4302296394420065e-14
-1.9930723070243743e-14
-4.1872923787053473e-14
-3.9727480076244496e-14
-5.7807483972626357e-14
-4.7973529391724803e-14
-4.2464545750829692e-14
-2.3046641083764065e-14
-4.2569845765180580e-14
-4.8265005158224169e-14
-5.3575018064737957e-14
-5.9620058369269417e-14
-6.2867305834057385e-14
-8.7093462799122780e-14
-1.0587455362976658e-13
-1.2409096835897461e-13
-1.4459206746042921e-13
-1.5133679536159808e-13
-2.2669827677403632e-13
-2.4292654888024169e-13
-2.7056103844135047e-13
-3.1484617489738036e-13
-3.5626225745159362e-13
-4.0575999760420967e-13
-4.5326719794555916e-13
-5.1318099776853743e-13
-5.6634703072013650e-13
-6.2549310887434224e-13
-6.3431075387495916e-13
-7.0874872191159280e-13
-7.5903970080665134e-13
-8.1614578529679697e-13
-8.7006332491047510e-13
-9.4534876289053537e-13
-1.0462107099602213e-12
-1.1328059861737310e-12
-1.2435148829193708e-12
-1.3499983172706137e-12
-1.4615746658578499e-12
-1.6329998151338300e-12
-1.7935667720537258e-12
-1.9754724068910281e-12
-2.1577217757570613e-12
-2.3675994500336997e-12
-2.5816135731933479e-12
-2.8482204357301497e-12
-3.1200353469186228e-12
-3.3923873579093434e-12
-3.7310093310747561e-12
-4.1003951034844315e-12
-4.5090349515286922e-12
-4.9758271658542034e-12
-5.4708628772048083e-12
-6.0388961636850742e-12
-6.6581622785081522e-12
-7.3419597555151437e-12
-8.0846422430573510e-12
-8.9039881800505246e-12
-9.7543486892453482e-12
-1.0687465984527821e-11
-1.1641942187988615e-11
-1.2696027389076883e-11
-1.3800092074987768e-11
-1.5022488935937772e-11
-1.6296864147822275e-11
-1.7676244116407438e-11
-1.9137762669470824e-11
-2.0665679524204486e-11
-2.2282749884370765e-11
-2.4007923186083338e-11
-2.5816020641353290e-11
-2.7740834266500703e-11
-2.9689123272176466e-11
-3.1764562907471343e-11
-3.3852267016160946e-11
-3.6049012025401818e-11
-3.8247053521157799e-11
-4.0516890738306745e-11
-4.2820478058955280e-11
-4.5178835900618340e-11
-4.7554786528972615e-11
-4.9951602075557101e-11
-5.2369224246432925e-11
-5.4813977598740848e-11
-5.7233033993675887e-11
-5.9640098189395815e-11
-6.1989684065158783e-11
-6.4353163853523497e-11
-6.6633296237000296e-11
-6.8877286280908193e-11
-7.1020493139116073e-11
-7.3076869179862608e-11
-7.5002383910645190e-11
-7.6809921575190899e-11
-7.8551891461979185e-11
-8.0117265995411851e-11
-8.1517899889610598e-11
-8.2823004962898999e-11
-8.3923056884851903e-11
-8.4853517358367048e-11
-8.5618917341267811e-11
-8.6200569089015293e-11
-8.6619703937987385e-11
-8.6862865535273154e-11
-8.6931335750091560e-11
-8.6789003542390681e-11
-8.6498129888049251e-11
-8.5978652887519800e-11
-8.5309922654885503e-11
-8.4470140484654566e-11
-8.3471494757099396e-11
-8.2263870251785332e-11
-8.0938018139068216e-11
-7.9505328414117281e-11
-7.7899738351736184e-11
-7.6166314382869450e-11
-7.4312007330306597e-11
-7.2324236550642196e-11
-7.0276439814276124e-11
-6.8085307505366635e-11
-6.5905465132220111e-11
-6.3640846542303406e-11
-6.1314233469136454e-11
-5.9019744600976443e-11
-5.6612094073339015e-11
-5.4241980095628319e-11
-5.1878405683176788e-11
-4.9498465363610699e-11
-4.7175067861715120e-11
-4.4861939757854879e-11
-4.2572682010684936e-11
-4.0308231285967189e-11
-3.8105802209908704e-11
-3.5919702762972908e-11
-3.3817323481906370e-11
-3.1734661829514075e-11
-2.9756650595739931e-11
-2.7822835555339733e-11
-2.6009775633422093e-11
-2.4238274267771849e-11
-2.2582492051331205e-11
-2.0956331493287394e-11
-1.9475703018303288e-11
-1.8012655301672571e-11
-1.6662837190401354e-11
-1.5372258207292133e-11
-1.4152126823145167e-11
-1.3000074353612457e-11
-1.1922759136687110e-11
-1.0890407433849353e-11
-9.9907476723908901e-12
-9.0697152926115658e-12
-8.2746486643022930e-12
-7.4975456257575480e-12
-6.8089681806828826e-12
-6.1767519864932924e-12
-5.6289036954755431e-12
-5.0876687332229479e-12
-4.6122075620193418e-12
-4.1937605719967447e-12
-3.7922834627351156e-12
-3.4324520019040663e-12
-3.1034762317383521e-12
-2.7902194941454276e-12
-2.5162321860171811e-12
-2.2729626980135286e-12
-2.0597633180915402e-12
-1.8517919831911484e-12
-1.6777348652800673e-12
-1.4902190650257364e-12
-1.3676235702233832e-12
-1.2228916417969460e-12
-1.1070590366012444e-12
-9.5919344738288460e-13
-8.5610825459818421e-13
-7.2373657191035808e-13
-6.3726793999664949e-13
-5.3661503493884652e-13
-4.7966255506114028e-13
-4.2073599719703770e-13
-3.5491935674972281e-13
-2.9679403498770364e-13
-2.5936030385594831e-13
-2.3593010773106587e-13
-2.0360526541924770e-13
-1.5768775462631198e-13
-1.7147207938356834e-13
-1.5292211505499418e-13
-1.4261014212175890e-13
-1.5093139756733563e-13
-1.4632252703211639e-13
-1.4418219342328911e-13
-1.5557713253832819e-13
-1.4891928840109017e-13
-1.6314384926639639e-13
-1.6075233050941718e-13
-1.2477493582769380e-13
-1.3736177146158569e-13
-1.1759203827418551e-13
-1.2034291086621061e-13
-1.1978632536374484e-13
-1.0666889846941434e-13
-1.3256397334178637e-13
-1.2828733271164094e-13
-1.0298829420121087e-13
-1.1047011139464168e-13
-8.7000071264181352e-14
-8.4848988020519325e-14
-7.7209346816216592e-14
-1.0866016479092715e-13
-9.4348661797632273e-14
-9.5716493818218435e-14
-5.3765770751232321e-14
-6.2680751582948268e-14
-3.0715411666775492e-14
7.0953690396958359e-15
1.5730801624852202e-14
3.7554283829042097e-14
2.0719417552879943e-14
5.7814304956431979e-14
9.0540306311806594e-14
8.9244053635954976e-14
9.8632724059004442e-14
1.2126672920317326e-13
1.0122238164311431e-13
1.0414500184627061e-13
8.1175678400753983e-14
8.9946863189902222e-14
1.6226479337176752e-13
1.1951849021287379e-13
1.1380227811442382e-13
1.5972799163066565e-13
1.6547436050350997e-13
1.6716481232923627e-13
1.4990368874770550e-13
1.4332563006595864e-13
1.6026620345495637e-13
1.3458481997112957e-13
1.2646261214778867e-13
7.2514915285060395e-14
5.4524532850950635e-14
1.7493755586922714e-14
-1.1893934496048872e-14
7.3782298546352828e-15
2.2110341718567503e-14
-1.5634743182559301e-14
-1.2714936743293439e-14
2.3788372868082279e-14
6.3942322883125139e-15
4.5261528200688452e-14
2.9760443802919612e-14
4.0900872893126900e-14
5.0486891032029058e-14
3.2968877339691846e-14
3.1417157827267262e-14
7.0570817796895012e-14
4.6299245525714142e-14
6.0029600389505935e-14
5.2186937082821761e-14
4.7627899553666723e-14
6.9818379711330072e-14
5.2869419750003905e-14
3.1839472175915420e-14
3.3754200745462110e-14
1.5265965390132462e-14
2.8387722471592446e-14
2.3379750069175609e-14
1.7696390723639791e-14
1.4660197900101835e-14
1.1626718266168384e-15
-7.1805900611947032e-15
-1.1798225213979896e-15
-1.8929638110533841e-15
5.6496886630646615e-15
-9.4396477316650005e-15
7.6253373968958306e-15
9.5272665613087610e-15
6.0505314801119238e-16
-5.6041025128542755e-15
8.0935258079691434e-15
-1.7275527411487803e-14
9.6221302658913308e-15
1.5490155913011553e-14
6.8524301535124584e-15
-9.9837664135808155e-15
-2.3416471529989116e-14
-1.4747228150615491e-14
1.4788941641889714e-14
-2.4849781643781803e-14
-2.7778482713249304e-15
2.3093450545914838e-14
-9.9076669812129550e-15
-1.9714109443734667e-14
-2.5609599743436499e-14
-9.1782263055890487e-15
7.1288783558795384e-15
-2.4196321108931774e-15
-4.2116982172706538e-15
2.0495018973026414e-14
1.1739220495462859e-14
8.3279207921896614e-15
-6.2424085904894107e-15
1.3109571241890796e-15
8.5311203160222143e-15
1.4172568012489071e-15
1.1424546772707448e-14
3.9826558458440747e-14
4.3587120673575480e-14
1.4008078588844482e-14
8.4204806016172459e-15
1.9571059850694238e-14
9.5805207308505684e-15
1.8420149474147615e-14
1.3130906516343283e-14
4.2209269543594732e-14
3.4534855215198506e-14
-1.2919824058087723e-14
1.4369731887664775e-14
-5.4736285337769785e-15
7.1479806736131980e-15
9.9960461451120020e-15
2.2212793782885056e-14
5.0504871669271870e-14
3.5253152542845212e-14
1.2045286021903021e-16
-2.3940255863976588e-15
-6.5690294591543777e-15
5.1184988224520140e-15
1.2203050833372793e-14
1.0077043912822792e-14
3.5513037097933239e-14
2.8083083240430266e-14
1.3414843302974399e-14
1.4284526868934574e-15
1.4767900083132952e-15
4.4635960156988638e-15
1.8383836045705168e-14
8.2348220570945389e-16
2.7800821807842974e-14
2.8251491911697614e-14
4.2283297206497775e-15
7.3652903776628920e-16
-1.4751261407856686e-14
1.5080055084230667e-14
2.8931933229978439e-14
1.7705096262283112e-14
3.6110186904471123e-14
3.5820836082742301e-14
-5.8725429807382180e-16
1.8155640225972341e-14
3.8179775754625772e-14
1.7827008865018579e-14
2.0910171071354283e-14
2.3901836245315615e-14
4.2151465317854573e-14
3.4878112064739528e-14
6.5075548574487455e-15
2.5082078604741464e-14
1.5572235604625898e-14
1.9572085387174881e-14
3.7402060310968721e-14
2.4228119015241931e-14
4.6758499318302087e-14
3.5595191303710151e-14
3.6692627271352046e-14
4.8513631553475611e-14
5.5460171553364542e-14
1.0015675335695909e-14
1.9176168171660827e-14
2.6124897900782934e-14
4.0944518538578855e-14
2.4586346084015842e-14
2.5404495301358386e-14
1.5377454257982195e-14
3.0567935914843256e-14
2.3324531749923309e-14
3.5105572320669696e-14
1.8399178305666661e-14
1.5554725547813887e-14
5.4054389684488157e-14
2.1520309998954927e-14
2.1974950595050818e-14
1.9667697584916444e-14
2.5198621919920627e-17
1.9885162288791196e-14
1.4103388998113303e-14
1.4409418574309027e-14
2.4283460020749301e-14
2.6319388349397174e-15
2.1222101111669124e-14
2.7306510235884250e-14
