3.0217192072635080e-01
3.5519894415847436e-01
4.1385028885299718e-01
4.7918794540702692e-01
5.5194713359105463e-01
6.3311116872176776e-01
7.2362089005152097e-01
8.2457049533556115e-01
9.3708517357817966e-01
1.0624143880656443e+00
1.2018653483419961e+00
1.3568695264395769e+00
1.5289325042638728e+00
1.7196846196383553e+00
1.9308551103836789e+00
2.1642894385863882e+00
2.4219309342357609e+00
2.7058516676576869e+00
3.0182239007802760e+00
3.3613376069805985e+00
3.7375868188476540e+00
4.1494807691247226e+00
4.5996283119440244e+00
5.0907383477504187e+00
5.6256089364193391e+00
6.2071322593228659e+00
6.8382707630356574e+00
7.5220552555506019e+00
8.2615603279057552e+00
9.0599028673803907e+00
9.9202124841752006e+00
1.0845618574279865e+01
1.1839235732650115e+01
1.2904137213419029e+01
1.4043316343703220e+01
1.5259675184020036e+01
1.6555995478021018e+01
1.7934913250204556e+01
1.9398882895814509e+01
2.0950141988003612e+01
2.2590667920564858e+01
2.4322162751894144e+01
2.6146012650515260e+01
2.8063245520543742e+01
3.0074501747796607e+01
3.2180003082376288e+01
3.4379513379627106e+01
3.6672307814412733e+01
3.9057136898760675e+01
4.1532207526210783e+01
4.4095143586402209e+01
4.6742961562648183e+01
4.9472056479735727e+01
5.2278184713162162e+01
5.5156445505296382e+01
5.8101265275683382e+01
6.1106397729937548e+01
6.4164929159800806e+01
6.7269276117156920e+01
7.0411203637299707e+01
7.3581844953694073e+01
7.6771717812287648e+01
7.9970758134136787e+01
8.3168363086325613e+01
8.6353426373059406e+01
8.9514386887149485e+01
9.2639281063845061e+01
9.5715807541186479e+01
9.8731393926755146e+01
1.0167326059591097e+02
1.0452849720263242e+02
1.0728414284438506e+02
1.0992727226848584e+02
1.1244508562511901e+02
1.1482499310989326e+02
1.1705470902860793e+02
1.1912233392906735e+02
1.2101644351862249e+02
1.2272618542600904e+02
1.2424136672354538e+02
1.2555253338439526e+02
1.2665104401193125e+02
1.2752914946567314e+02
1.2818006821681172e+02
1.2859804859402442e+02
1.2877842686559836e+02
1.2871767255340558e+02
1.2841343011404626e+02
1.2786455595486117e+02
1.2707114508036581e+02
1.2603453971526562e+02
1.2475732537360606e+02
1.2324331886194604e+02
1.2149756467597487e+02
1.1952630754242460e+02
1.1733694602671423e+02
1.1493799926345210e+02
1.1233905414474714e+02
1.0955069424881100e+02
1.0658442067616012e+02
1.0345257533710284e+02
1.0016826192598101e+02
9.6745254163224402e+01
9.3197899734196923e+01
8.9541021648330982e+01
8.5789811186189127e+01
8.1959722685975692e+01
7.8066375770071176e+01
7.4125445697135973e+01
7.0152553637220905e+01
6.6163165501217676e+01
6.2172491272604013e+01
5.8195393366764669e+01
5.4246292550825203e+01
5.0339078519090577e+01
4.6487029817775323e+01
4.2702744248360567e+01
3.8998081338497336e+01
3.5384106498573921e+01
3.1871034301210997e+01
2.8468187332536473e+01
2.5183964002397609e+01
2.2025811349763881e+01
1.9000209422665211e+01
1.6112670948807118e+01
1.3367740607689742e+01
1.0769000772535650e+01
8.3190939903710834e+00
6.0197371356633020e+00
3.8717493051948924e+00
1.8751029754355208e+00
2.8958622154948203e-02
-1.6682979072382464e+00
-3.2189979929067927e+00
-4.6261388081176111e+00
-5.8933278643639060e+00
-7.0247198789201200e+00
-8.0249621350136326e+00
-8.8991365509570954e+00
-9.6526965934204956e+00
-1.0291411988785272e+01
-1.0821312130203530e+01
-1.1248624501431836e+01
-1.1579710915511933e+01
-1.1821015452977042e+01
-1.1979018142153368e+01
-1.2060189455111122e+01
-1.2070948957765237e+01
-1.2017621917815337e+01
-1.1906399619478320e+01
-1.1743304917134003e+01
-1.1534168582521970e+01
-1.1284605295567268e+01
-1.0999983052941865e+01
-1.0685407583664839e+01
-1.0345708179008778e+01
-9.9854248412539182e+00
-9.6088038546423054e+00
-9.2197912007716027e+00
-8.8220249149741399e+00
-8.4188385715707454e+00
-8.0132716814461293e+00
-7.6080814308739937e+00
-7.2057439093362463e+00
-6.8084525171427082e+00
-6.4181409825797644e+00
-6.0364911132980730e+00
-5.6649357692741455e+00
-5.3046797479214174e+00
-4.9567215993575440e+00
-4.6218696163341120e+00
-4.3007492773371538e+00
-3.9938159712973631e+00
-3.7013689531358716e+00
-3.4235679941657322e+00
-3.1604497431424612e+00
-2.9119430886476705e+00
-2.6778755062473567e+00
-2.4579848872976955e+00
-2.2519384125737170e+00
-2.0593465756719089e+00
-1.8797735258074484e+00
-1.7127393852395862e+00
-1.5577293433999220e+00
-1.4142108506505928e+00
-1.2816350524389539e+00
-1.1594440950287179e+00
-1.0470728141768606e+00
-9.4395306689065173e-01
-8.4952113787130967e-01
-7.6322125727501122e-01
-6.8451362121982451e-01
-6.1287838250124593e-01
-5.4781086694413317e-01
-4.8882494141647592e-01
-4.3545453820800312e-01
-3.8726281838227133e-01
-3.4383376032906926e-01
-3.0477215172043398e-01
-2.6970879007057608e-01
-2.3829589838667486e-01
-2.1020349668915841e-01
-1.8512903244246834e-01
-1.6278845087548957e-01
-1.4291369794828512e-01
-1.2525704005043389e-01
-1.0959474045673552e-01
-9.5725285372733157e-02
-8.3462224163224866e-02
-7.2631735098611358e-02
-6.3084127720788669e-02
-5.4680701917516762e-02
-4.7295517246801692e-02
-4.0811597782974871e-02
-3.5126256058738606e-02
-3.0147632346237834e-02
-2.5788358113069954e-02
-2.1972792371204759e-02
-1.8638808729874046e-02
-1.5719760678478422e-02
-1.3154109433376171e-02
-1.0889116760197316e-02
-8.8825049743726479e-03
-7.0960353249760934e-03
-5.4960970029468851e-03
-4.0404915257565722e-03
-2.6918645258859060e-03
-1.4214366188465815e-03
-2.0005624478975872e-04
1.0058106935443101e-03
2.2225677187903809e-03
3.4805600107565521e-03
4.8055996510220295e-03
6.2294454224288889e-03
7.7802698392568075e-03
9.4924912158253910e-03
1.1406237604736245e-02
1.3572924827622379e-02
1.6043620529984776e-02
1.8882828861637991e-02
2.2160403435778919e-02
2.5971792585533986e-02
3.0413103391553578e-02
3.5614264615178859e-02
4.1720325320221872e-02
4.8911373867777663e-02
5.7381470150246944e-02
6.7392496354101633e-02
7.9227216462071856e-02
9.3261101177618780e-02
1.0990173791167181e-01
1.2969610681483823e-01
1.5322015185394494e-01
1.8129913945301523e-01
2.1472011124725179e-01
2.5489029019804810e-01
