1.3914609403829681e-13
7.7975016769582160e-13
-1.4182059598542479e-13
2.1203555616455771e-13
1.2567324073493627e-13
-2.8255007173902909e-13
-6.7506355523304640e-14
1.9883629199152054e-13
-8.5913608645360519e-13
1.6011041005974918e-13
-3.6151982516149551e-13
-3.1805600854172300e-13
7.5504002584590102e-13
2.6399632701764637e-13
-4.4903327458547899e-13
-4.5322815093890974e-13
5.2444248344195093e-13
2.8020994051368639e-13
3.0470531342252700e-13
-3.3693545657267802e-13
3.2727748418022886e-13
-6.5558866632029879e-13
3.6723926786366375e-13
-7.9725698242284475e-14
-3.4386193494108218e-14
3.2169480003634259e-13
5.2381686150292646e-13
-4.7226822191151636e-13
4.4573953246376952e-13
-4.1137450327124408e-13
-5.7266457880718462e-13
2.0935449940287621e-14
4.1946535523806788e-13
-2.8369843353421856e-13
-5.8023784416469913e-13
-6.4978087185042892e-13
-7.8241201562575251e-13
-8.4070803639246608e-13
-1.9019895749447928e-12
-2.0155739985029993e-12
-3.0231762373185763e-12
-3.4246507531736949e-12
-6.3035584935364036e-12
-8.5534210655287985e-12
-1.1229034766322306e-11
-1.6244065104864308e-11
-2.2644026726694805e-11
-3.0088995434078670e-11
-4.1241586395473302e-11
-5.5355869104307776e-11
-7.2917390187611695e-11
-9.5022145894209503e-11
-1.2400839063517745e-10
-1.5710958069629262e-10
-1.9606635986780490e-10
-2.3923953420301405e-10
-2.8273551303415469e-10
-3.2029088021252299e-10
-3.4075081058955843e-10
-3.2467147782232229e-10
-2.4175179529516979e-10
-4.1099055283110038e-11
3.4749900618662745e-10
1.0362034055643812e-09
2.1882035620210588e-09
4.0401396722756678e-09
6.9351997012900673e-09
1.1356558240544741e-08
1.7994613211579988e-08
2.7806813440841860e-08
4.2121486991877169e-08
6.2764760043369367e-08
9.2229765525962945e-08
1.3388480271210654e-07
1.9225733308152379e-07
2.7339074995001151e-07
3.8528262410391385e-07
5.3845075527785888e-07
7.4662279605280539e-07
1.0275915700071952e-06
1.4042475373895786e-06
1.9058121111176629e-06
2.5693002355843416e-06
3.4412219942481401e-06
4.5795099026093306e-06
6.0556716675418564e-06
7.9571026681752430e-06
1.0389478854822866e-05
1.3479061031991236e-05
1.7374691941451398e-05
2.2249131272671688e-05
2.8299236135927050e-05
3.5744307477652533e-05
4.4821681228078901e-05
5.5778315151868225e-05
6.8856772692929029e-05
8.4273493252812480e-05
1.0218667741327212e-04
1.2265040430583228e-04
1.4555078661331158e-04
1.7051894196297478e-04
1.9681447062920471e-04
2.2317178884084820e-04
2.4760021174595481e-04
2.6712703966689437e-04
2.7747116084856315e-04
2.7263275667246853e-04
2.4438282677347576e-04
1.8163429362488094e-04
6.9674671706222312e-05
-1.1076126160199216e-04
-3.8460145495599642e-04
-7.8375242637196570e-04
-1.3486437047395042e-03
-2.1300220817445431e-03
-3.1910137076655281e-03
-4.6094670391276073e-03
-6.4805821286313594e-03
-8.9198214147753491e-03
-1.2066083397459997e-02
-1.6085102820937523e-02
-2.1173018789367219e-02
-2.7560025010129684e-02
-3.5513983608522821e-02
-4.5343845510882580e-02
-5.7402675788691480e-02
-7.2090031769704840e-02
-8.9853385286772350e-02
-1.1118821875040856e-01
-1.3663635858262069e-01
-1.6678204055517915e-01
-2.0224513122090740e-01
-2.4367086072302424e-01
-2.9171535741498750e-01
-3.4702621794499683e-01
-4.1021730160290260e-01
-4.8183691001561801e-01
-5.6232850782862931e-01
-6.5198316286193114e-01
-7.5088294142322143e-01
-8.5883459248276339e-01
-9.7529299921992085e-01
-1.0992740741628451e+00
-1.2292570296571883e+00
-1.3630762728704000e+00
-1.4978035564805205e+00
-1.6296214632989348e+00
-1.7536898134310073e+00
-1.8640071519476944e+00
-1.9532700953557338e+00
-2.0127339754512885e+00
-2.0320789041252545e+00
-1.9992860735153537e+00
-1.9005297794368894e+00
-1.7200912855763315e+00
-1.4403012012302328e+00
-1.0415174932533600e+00
-5.0214655804750541e-01
2.0128509434460995e-01
1.0940010811082366e+00
2.2027801884879383e+00
3.5556897108212429e+00
5.1817415109719471e+00
7.1104664815738943e+00
9.3714046798757646e+00
1.1993510340881112e+01
1.5004473232169257e+01
1.8429960373843613e+01
2.2292784968797413e+01
2.6612012416641299e+01
3.1402016449115891e+01
3.6671501640457926e+01
4.2422511714830016e+01
4.8649446084377558e+01
5.5338109787285873e+01
6.2464824330843925e+01
6.9995628754590044e+01
7.7885601390171630e+01
8.6078333193390534e+01
9.4505583058439399e+01
1.0308714411212688e+02
1.1173094756793937e+02
1.2033342726560129e+02
1.2878016353361895e+02
1.3694681952815094e+02
1.4470037679733588e+02
1.5190066961097344e+02
1.5840220973418874e+02
1.6405628499954929e+02
1.6871330646673999e+02
1.7222537040044196e+02
1.7444899301426398e+02
1.7524796820141847e+02
1.7449629158438771e+02
1.7208108844121080e+02
1.6790547866226774e+02
1.6189130908720776e+02
1.5398168255634354e+02
1.4414321392597736e+02
1.3236794622811416e+02
1.1867486512459787e+02
1.0311095677008686e+02
8.5751763045102322e+01
6.6701398668930352e+01
4.6092006707484508e+01
2.4082642149084467e+01
8.5758717705744425e-01
-2.3375883872243588e+01
-4.8390257535580453e+01
-7.3941006013428762e+01
-9.9770224501705982e+01
-1.2561061013903644e+02
-1.5118970162657615e+02
-1.7623429058193497e+02
-2.0047490999256439e+02
-2.2365030194441113e+02
-2.4551176624737673e+02
-2.6582729370456775e+02
-2.8438539253542677e+02
-3.0099852373570405e+02
-3.1550607073018563e+02
-3.2777678026278051e+02
-3.3771062472388286e+02
-3.4524005063523657e+02
-3.5033059335787129e+02
-3.5298085379666117e+02
-3.5322184847633764e+02
-3.5111575939949262e+02
-3.4675412413348397e+02
-3.4025551921694267e+02
-3.3176280088721137e+02
-3.2143997603063957e+02
-3.0946878294266196e+02
-2.9604506582498095e+02
-2.8137502889281842e+02
-2.6567145554366385e+02
-2.4914997535217123e+02
-2.3202545687373549e+02
-2.1450859759121192e+02
-1.9680277410368430e+02
-1.7910120614925020e+02
-1.6158447761613971e+02
-1.4441844668122155e+02
-1.2775256597421451e+02
-1.1171862253954508e+02
-9.6429896672136337e+01
-8.1980728721823183e+01
-6.8446473937061000e+01
-5.5883817548861266e+01
-4.4331415728061103e+01
-3.3810822879152006e+01
-2.4327662007094105e+01
-1.5872992606377496e+01
-8.4248296256876412e+00
-1.9497674686331192e+00
3.5953354205075869e+00
8.2616532156502132e+00
1.2106708955478494e+01
1.5192744549124493e+01
1.7585174040124148e+01
1.9351144638245078e+01
2.0558224897047829e+01
2.1273234303514194e+01
2.1561223600048962e+01
2.1484610503679090e+01
2.1102471225082535e+01
2.0469984400412720e+01
1.9638020787674179e+01
1.8652869379440506e+01
1.7556088456838275e+01
1.6384468548292993e+01
1.5170093236173352e+01
1.3940483237131431e+01
1.2718809118312855e+01
1.1524158344791626e+01
1.0371843021449989e+01
9.2737356308623209e+00
8.2386212133242704e+00
7.2725557242581527e+00
6.3792216801184010e+00
5.5602736141742497e+00
4.8156672624073771e+00
4.1439677483610424e+00
3.5426333025418297e+00
3.0082722127466139e+00
2.5368717392855702e+00
2.1239986326503062e+00
1.7649716562304163e+00
1.4550071431530944e+00
1.1893391091669203e+00
9.6331581041644887e-01
7.7247488694953237e-01
6.1259938201613995e-01
4.7975698748486895e-01
3.7032485079479804e-01
2.8100220300462903e-01
2.0881294361791025e-01
1.5110015894819609e-01
1.0551436759823020e-01
6.9997089597313100e-02
4.2761133055460344e-02
2.2268791199778128e-02
7.2089488118671748e-03
-3.5260850097796189e-03
-1.0863368356422088e-02
-1.5571243535232048e-02
-1.8280013794363895e-02
-1.9501128632862505e-02
-1.9644723641800685e-02
-1.9035440884936975e-02
-1.7926520254194424e-02
-1.6512202393975984e-02
-1.4938521413477219e-02
-1.3312592111645248e-02
-1.1710513935295841e-02
-1.0184023338884187e-02
-8.7660297684732658e-03
-7.4751689385868210e-03
-6.3195020083430409e-03
-5.2994814438643038e-03
-4.4102948937503146e-03
-3.6436878427521485e-03
-2.9893548934591006e-03
-2.4359785378630172e-03
-1.9719838045622285e-03
-1.5860672026507096e-03
-1.2675492225701118e-03
-1.0065914664706562e-03
-7.9431209189989962e-04
-6.2282684590013449e-04
-4.8523750089074291e-04
-3.7558474506935331e-04
-2.8877870945498467e-04
-2.2051705629712963e-04
-1.6719792861787734e-04
-1.2583295208530248e-04
-9.3963826396277725e-05
-6.9584769271217192e-05
-5.1072086510478362e-05
-3.7121456971038245e-05
-2.6693000913857213e-05
-1.8963830834010227e-05
-1.3287604387300044e-05
-9.1604259387944435e-06
-6.1924134505161993e-06
-4.0842113481778082e-06
-2.6077861459610265e-06
-1.5908541461041857e-06
-9.0435980714474668e-07
-4.5250473482508180e-07
-1.6486475396323450e-07
9.7897319162983938e-09
1.0829656776617912e-07
1.5679878559464880e-07
1.7358203641211583e-07
1.7120814671745446e-07
1.5812797601211471e-07
1.3987612923841629e-07
1.1994910278054733e-07
1.0044522533292003e-07
8.2525886464916642e-08
6.6737511861878098e-08
5.3243889420448445e-08
4.1977684872497668e-08
3.2746963831995472e-08
2.5302041573040490e-08
1.9376957965192205e-08
1.4718424561962979e-08
1.1093405034407124e-08
8.2991502010906528e-09
6.1654069848443199e-09
4.5489981706393186e-09
3.3337953006425671e-09
2.4276562379867359e-09
1.7568409314155384e-09
1.2629663212155435e-09
9.0258840779545110e-10
6.4057499279865320e-10
4.5137523966058271e-10
3.1681100427676269e-10
2.2138888100807883e-10
1.5208818667868152e-10
1.0488688502856806e-10
7.1226807446658371e-11
4.8078678594999826e-11
3.2537316980397675e-11
2.1359688262614618e-11
1.4524222770839331e-11
9.1242446367061923e-12
6.2740803773257682e-12
3.7573146581188610e-12
2.6852999568747016e-12
2.2970506533884288e-12
1.4764636025583097e-12
4.3568212759864306e-13
9.7252287106320394e-13
7.2703899788733480e-13
2.0957150860823141e-13
-1.0196212469067830e-13
-3.7942940738167637e-13
1.6816628430409032e-13
7.6357011055896996e-14
-4.6595182062532230e-15
2.2870856819529106e-13
3.8913083789820301e-13
5.4916364872204376e-13
-5.5381853212468414e-13
-5.3875560783872811e-13
6.6746463315116691e-13
-3.4954347978560434e-13
-7.5215081011904822e-14
1.5363753140043315e-13
2.6659329829000070e-13
1.5859279100690297e-13
-6.8628587093634038e-13
-2.1804420850427260e-13
-3.7158765512853413e-13
1.0498472308141643e-13
7.7167202200776068e-14
-1.6876714013229213e-13
3.8851884446796160e-13
2.7690592323973138e-13
-3.4341754056393869e-13
-1.8747825492492434e-13
-5.3090158628728849e-13
-6.5865553941866380e-13
3.1540387871682013e-13
2.2855364668950975e-13
-2.2474577562221510e-13
6.7497909811647898e-14
-2.5743860204803418e-13
-4.2023782663127448e-13
-3.3386261430847826e-14
6.2499489273770324e-13
-3.1137413499937922e-13
-4.9786538529779998e-13
1.6388799846438160e-13
5.1669423471197908e-13
-4.3110178892797503e-13
4.4747101259528681e-13
-2.7932138891390805e-13
-3.2745912259904506e-13
1.1912885288749174e-13
7.2459468029760929e-13
1.1964880384918603e-14
6.2730019159033065e-13
-2.9920089744947400e-13
-5.0060269982038936e-14
3.7664247771485838e-13
2.6489257153363110e-13
2.9141792241803604e-13
2.9033534538879064e-13
6.8708219198282918e-13
-1.5879198194970302e-14
4.6498769289049644e-13
6.4973955781547239e-13
6.7348043161044973e-14
3.1939427792273037e-13
2.1509813618826048e-13
3.0096098300307594e-13
-5.1391078599877637e-13
-3.3700923867786880e-13
-5.3097153660379281e-13
2.2044065167680770e-13
5.5742446319012108e-13
1.4206818073851196e-13
-1.6701720696237447e-13
4.1467250855026581e-13
6.5506439408200725e-13
-4.4141898714513903e-13
-5.1495915195707396e-13
5.7509994060761377e-13
3.7670350644361555e-13
8.5857701916857819e-13
7.3934765650934933e-13
5.7961900969571852e-13
1.9483411374629071e-13
7.9587491365015842e-13
-5.3557275624266503e-14
-3.1082821815944649e-13
4.4048501317703504e-13
1.3014541352842730e-14
3.9680247377894450e-13
3.5959493864840478e-13
-1.4980110169532841e-13
-9.8666775286438365e-14
1.1609175437465300e-13
2.7242612825402125e-14
-1.1777044402409962e-13
-1.8451716482464004e-14
4.7079940641360378e-13
-4.8232098254579668e-13
-5.1198602117643522e-13
1.3980376798894898e-13
-3.1592040844498501e-13
-6.6898019491202958e-13
-1.6897173481524444e-15
1.7281182157034585e-13
2.2606300121813822e-13
6.0532371339026849e-13
-2.9503353274631790e-13
-1.0515394174778439e-13
8.0780343780733336e-13
8.4914082827621121e-13
-2.3454367017765848e-13
-2.6022630376255691e-13
1.3958972986728971e-14
-2.4397226433334593e-13
5.8240449035763534e-14
-5.5457815690782800e-13
9.1027142727655010e-15
-4.4704225070635349e-13
