-3.3111725085080999e-14
-6.9887333383654032e-14
-1.3245857517132989e-13
-2.0607225493173483e-13
-2.8062351902937811e-13
-3.2380350356900353e-13
-3.7476319697215690e-13
-4.4128663480865166e-13
-4.7820601271846611e-13
-5.1794258025202556e-13
-5.8482151435744213e-13
-6.7425051955376084e-13
-7.6154366730955746e-13
-8.2157523763264768e-13
-9.2822771755308103e-13
-1.0079411589631935e-12
-1.0798645984317999e-12
-1.1502650870642524e-12
-1.2489225705800462e-12
-1.3555417501670048e-12
-1.4415791476208047e-12
-1.5206709151799890e-12
-1.6036698392908665e-12
-1.6800940706857996e-12
-1.7240555694146173e-12
-1.7657094549167077e-12
-1.8002121110825558e-12
-1.8401711019148533e-12
-1.8690728646530452e-12
-1.9059248259104698e-12
-1.9405449406985909e-12
-1.9583513500099944e-12
-1.9236911602909674e-12
-1.8553503230760711e-12
-1.7724806193686623e-12
-1.6722638847616741e-12
-1.5844810006891409e-12
-1.4723269474604417e-12
-1.3355596476462063e-12
-1.1487085112784687e-12
-9.2063576691760853e-13
-6.7628187417948247e-13
-4.3505311282245597e-13
-2.0307173537331353e-13
4.5078708975262175e-14
2.5746373419510466e-13
4.7592865279691232e-13
7.0075175838553439e-13
9.1929132537179100e-13
1.1534469837069134e-12
1.4034480789053694e-12
1.6679040794999509e-12
1.9574327920119003e-12
2.2561607512481428e-12
2.5627119098574617e-12
2.9510019208210809e-12
3.3200184340221907e-12
3.6999017532616231e-12
4.1113130503985390e-12
4.5080381967867515e-12
4.9374534143110838e-12
5.3184658317390046e-12
5.7187051110497431e-12
6.1709531248135894e-12
6.5979021141864488e-12
7.0833385599398388e-12
7.5908760706036197e-12
8.1672919293406132e-12
8.6984045705783323e-12
9.2414876651940165e-12
9.8016641681299028e-12
1.0406652548388196e-11
1.1002288105698127e-11
1.1660640524943922e-11
1.2337065029058076e-11
1.3039487708906935e-11
1.3710605137978441e-11
1.4351551098119509e-11
1.5039673606524173e-11
1.5704008757688179e-11
1.6293861613475059e-11
1.6951864524045223e-11
1.7609063116455918e-11
1.8309204554791628e-11
1.8980766895215292e-11
1.9637254249898583e-11
2.0326105547332616e-11
2.1008401914260657e-11
2.1647171774181851e-11
2.2284878095478554e-11
2.2952653280008921e-11
2.3622626788451446e-11
2.4235069243821814e-11
2.4812816197079991e-11
2.5384996432477766e-11
2.5963663503630446e-11
2.6497880243919710e-11
2.7048803386763773e-11
2.7592918313810113e-11
2.8141929831599571e-11
2.8607350192289905e-11
2.9034936109691773e-11
2.9456024740798787e-11
2.9828592654035519e-11
3.0153229214344407e-11
3.0442533562942227e-11
3.0709807886308150e-11
3.0943811499050201e-11
3.1098873128160149e-11
3.1213980205893505e-11
3.1330109289262270e-11
3.1376546078265053e-11
3.1333630052539403e-11
3.1249940380465025e-11
3.1156040875493777e-11
3.0996994093265234e-11
3.0771128474020457e-11
3.0509278114003631e-11
3.0225397134417199e-11
2.9892162605211988e-11
2.9501208405112637e-11
2.9070078181672443e-11
2.8634680962086810e-11
2.8133234764995911e-11
2.7589028224169206e-11
2.6994664718986144e-11
2.6400269682335724e-11
2.5800082826818446e-11
2.5180150925348046e-11
2.4524530414535306e-11
2.3867895255004535e-11
2.3175305630684335e-11
2.2492449654952797e-11
2.1787784874934121e-11
2.1082431411987057e-11
2.0368580893187962e-11
1.9670238059089679e-11
1.8947760207873033e-11
1.8247819868830061e-11
1.7546600605372340e-11
1.6890191725916241e-11
1.6232722678069594e-11
1.5613801112217679e-11
1.5000602387578945e-11
1.4437879367001713e-11
1.3855387090895056e-11
1.3287227246860155e-11
1.2682690159839235e-11
1.2113028176400310e-11
1.1536145358402214e-11
1.0983798319573076e-11
1.0423858936342790e-11
9.8964791803670178e-12
9.3998571310444142e-12
8.8962147818407946e-12
8.3871313674325935e-12
7.9175686008863666e-12
7.4684837036685087e-12
7.0500747415746432e-12
6.6485274485458471e-12
6.2711259460401824e-12
5.8706370934482086e-12
5.4847083400503378e-12
5.0877469696615107e-12
4.7493767982767197e-12
4.4070018323423794e-12
4.0750661161390859e-12
3.7506487977606675e-12
3.4532805499597912e-12
3.1437954919040063e-12
2.8595854972850989e-12
2.5661214078915437e-12
2.2888318016740446e-12
2.0183666627741345e-12
1.7539843047242389e-12
1.5243606962366497e-12
1.3452468719717770e-12
1.1817441461349456e-12
1.0056840483258257e-12
8.7246353994498365e-13
7.5010206131251890e-13
6.0853388856792012e-13
4.7477551472593551e-13
3.3753301485532934e-13
2.3778884349486828e-13
1.6307984938336703e-13
9.1469686600390619e-14
7.6123625287686470e-14
6.5029428535545353e-14
1.1907940056706085e-13
1.7811611080339835e-13
2.1812398001034294e-13
2.8958797278015967e-13
3.3430269032476846e-13
3.8686764003476311e-13
4.2305534650030400e-13
4.9909071831425369e-13
5.5867346081518068e-13
6.2110248303530312e-13
6.7149467634529685e-13
6.9833955823980889e-13
7.0265697605115635e-13
7.1079935717837492e-13
7.3067376913705147e-13
7.4764457908404509e-13
7.7702382228364685e-13
7.8255396156155208e-13
7.9268766722642913e-13
8.2774184547579130e-13
8.2443462562107915e-13
8.4865424524014320e-13
8.8732711535891044e-13
9.1165872742734802e-13
9.6345548085139692e-13
9.7664986467919965e-13
1.0116336898255911e-12
1.0386421383820562e-12
1.0433317920900139e-12
1.0284000300499182e-12
1.0298193492774101e-12
1.0447331326418884e-12
1.0923494402670205e-12
1.1167143738166263e-12
1.1121400884072075e-12
1.0809998285059883e-12
1.0240339881154873e-12
9.4614753850577423e-13
8.5546172039986601e-13
8.0188886518862454e-13
7.6374611626668721e-13
6.8908158281333191e-13
5.9975761844801405e-13
4.8044765906357084e-13
3.8083848698201839e-13
2.6464699032465414e-13
1.8523654405143395e-13
1.3694473214255848e-13
1.4528958136801795e-13
1.2152276460724632e-13
1.0778787052576838e-13
1.2462403469657798e-13
1.3408223906168678e-13
1.3262725398425647e-13
1.2119748484529864e-13
1.2375353056981492e-13
1.5680926351782087e-13
1.8034473389376539e-13
1.6013829796606326e-13
1.6560277394766037e-13
1.6647833265265574e-13
1.2780823057532332e-13
1.0652481689796585e-13
8.5148832013952303e-14
8.8108843873528857e-14
6.6330204320899195e-14
1.0567003887311187e-14
