-2.5633486126608516e-14
-1.7114172259345074e-14
0.0000000000000000e+00
-8.5821536996629672e-15
8.5946300736904339e-15
0.0000000000000000e+00
-8.6194668985104920e-15
0.0000000000000000e+00
-1.7288295391641330e-14
-1.7312858074343199e-14
-1.7337341432379926e-14
-8.6808725153711548e-15
-4.3465171088462326e-15
-8.7051556066194861e-15
-4.3586182330562461e-15
2.1823191451582085e-15
1.7482551470298645e-14
8.7532337151445917e-15
1.5339013036587566e-14
2.6331075888327959e-14
3.7352648500349238e-14
1.1000812022382785e-14
2.4234095946400507e-14
3.3090393688282913e-14
2.9820719632156434e-14
2.6542169114561054e-14
3.7650612082403917e-14
3.3264382885159928e-14
1.7208861743879965e-14
7.2259204121081760e-15
1.4470371406859600e-14
2.3405033551961440e-14
3.1246313863730786e-14
5.5867429399476312e-14
4.8386015482353829e-14
8.8211765292199735e-14
7.2900188073177440e-14
7.5797615767757434e-14
1.0343635746796389e-13
1.4296175456363266e-13
1.4482621235708694e-13
2.3245361290681504e-13
3.1012273325060564e-13
4.8185921189230102e-13
6.7948248864559837e-13
1.0000211696294318e-12
1.4790939251832922e-12
2.1502073275551404e-12
3.1198352628039136e-12
4.5177174682909610e-12
6.5095295971443587e-12
9.4032590875156170e-12
1.3505980190509203e-11
1.9343533528432914e-11
2.7664022740795853e-11
3.9514709467024757e-11
5.6248209173083394e-11
7.9935589604095627e-11
1.1334949629254256e-10
1.6043089969530255e-10
2.2655353017380713e-10
3.1925858813471130e-10
4.4895471853564875e-10
6.3005257421070240e-10
8.8230447938862217e-10
1.2330078841419946e-09
1.7194352185999873e-09
2.3927956345755260e-09
3.3228201482789742e-09
4.6046815403161849e-09
6.3676706550312934e-09
8.7872422886682318e-09
1.2100746519934211e-08
1.6628862590094230e-08
2.2803466905600123e-08
3.1205352274678776e-08
4.2613308655291665e-08
5.8069829329422977e-08
7.8966823666055400e-08
1.0715873347812881e-07
1.4511064801428370e-07
1.9609195372124572e-07
2.6442898032410884e-07
3.5583374815709292e-07
4.7783063991715274e-07
6.4030900135119825e-07
8.5623706276872860e-07
1.1425815898085454e-06
1.5214902802560897e-06
2.0218081259507809e-06
2.6810164027731101e-06
3.5477072975630872e-06
4.6847332537782755e-06
6.1732054692601677e-06
8.1175575391400326e-06
1.0651942028588919e-05
1.3948290746123953e-05
1.8226444814769844e-05
2.3766854955314053e-05
3.0926462268530727e-05
4.0158505931854900e-05
5.2037164904895230e-05
6.7288133981472723e-05
8.6826464854417409e-05
1.1180327623952901e-04
1.4366326017880652e-04
1.8421529344539447e-04
2.3571890952342131e-04
3.0098991280209952e-04
3.8352902431519040e-04
4.8767816007095743e-04
6.1880975976056122e-04
7.8355552869354415e-04
9.9008203560658169e-04
1.2484218427112458e-03
1.5708702441868420e-03
1.9724592725531833e-03
2.4715224101097112e-03
3.0903654334647692e-03
3.8560610304423449e-03
4.8013872744140122e-03
5.9659327277754642e-03
7.3973938765156729e-03
9.1530937725606987e-03
1.1301754172603668e-02
1.3925557094566301e-02
1.7122535548590237e-02
2.1009337199088724e-02
2.5724408839154018e-02
3.1431653746738814e-02
3.8324618173400417e-02
4.6631267300509413e-02
5.6619414877957373e-02
6.8602874310505643e-02
8.2948402031041521e-02
1.0008350642712883e-01
1.2050519718449415e-01
1.4478975046042350e-01
1.7360356457817003e-01
2.0771517868486900e-01
2.4800852277928978e-01
2.9549746140809757e-01
3.5134168486832040e-01
4.1686399064268481e-01
4.9356898375168057e-01
5.8316320745239625e-01
6.8757669499689122e-01
8.0898590875631293e-01
9.4983800474156921e-01
1.1128763282783471e+00
1.3011670102680650e+00
1.5181264931045408e+00
1.7675497710449601e+00
2.0536390818720909e+00
2.3810327353908027e+00
2.7548337101556601e+00
3.1806375934598576e+00
3.6645593818118876e+00
4.2132586008292607e+00
4.8339621457883117e+00
5.5344841882526428e+00
6.3232424416741351e+00
7.2092700311740341e+00
8.2022221715531956e+00
9.3123768247271688e+00
1.0550628485089053e+01
1.1928474230662756e+01
1.3457991181200892e+01
1.5151804523447048e+01
1.7023045300341629e+01
1.9085297216583079e+01
2.1352531789003756e+01
2.3839031267758713e+01
2.6559298874076422e+01
2.9527956042613926e+01
3.2759626521152242e+01
3.6268807366819203e+01
4.0069727085028859e+01
4.4176191383086497e+01
4.8601417252518118e+01
5.3357856349609378e+01
5.8457008908736924e+01
6.3909229693596885e+01
6.9723527762590095e+01
7.5907362091117946e+01
8.2466435349675663e+01
8.9404488376377955e+01
9.6723098099693686e+01
1.0442148185540356e+02
1.1249631119491099e+02
1.2094153839403107e+02
1.2974823893666431e+02
1.3890447326127708e+02
1.4839517101555239e+02
1.5820204096249600e+02
1.6830350951729108e+02
1.7867469066704857e+02
1.8928738973534288e+02
2.0011014310146703e+02
2.1110829557351775e+02
2.2224411664901899e+02
2.3347695638252983e+02
2.4476344102368267e+02
2.5605770799976870e+02
2.6731167920393460e+02
2.7847537092387932e+02
2.8949723811807212e+02
3.0032455012897248e+02
3.1090379432784778e+02
3.2118110362598526e+02
3.3110270327452736e+02
3.4061537192149171e+02
3.4966691151058239e+02
3.5820662030188930e+02
3.6618576307786384e+02
3.7355803247580690e+02
3.8027999536544428e+02
3.8631151826996188e+02
3.9161616601200751e+02
3.9616156805132488e+02
3.9991974736440415e+02
4.0286740719319056e+02
4.0498617155183547e+02
4.0626277601810932e+02
4.0668920603819214e+02
4.0626278072736750e+02
4.0498618094075607e+02
4.0286742120289148e+02
3.9991976590733242e+02
3.9616159101216789e+02
3.9161619324888687e+02
3.8631154961589397e+02
3.8028003063004428e+02
3.7355807144721410e+02
3.6618580552485935e+02
3.5820666597617850e+02
3.4966696014920763e+02
3.4061542324934544e+02
3.3110275700693154e+02
3.2118115947130190e+02
3.1090385199008909e+02
3.0032460931037753e+02
2.8949729852161977e+02
2.7847543225570763e+02
2.6731174117564046e+02
2.5605777033056444e+02
2.4476350344238787e+02
2.3347701862938086e+02
2.2224417847728179e+02
2.1110835675089294e+02
2.0011020341128037e+02
1.8928744897751625e+02
1.7867474865885120e+02
1.6830356609387354e+02
1.5820209597721242e+02
1.4839522434007873e+02
1.3890452478553624e+02
1.2974828856857096e+02
1.2094158605907036e+02
1.1249635683556693e+02
1.0442152543045475e+02
9.6723139583392992e+01
8.9404527757535320e+01
8.2466472630661443e+01
7.5907397286805264e+01
6.9723560899253087e+01
6.3909260807782410e+01
5.8457038046124467e+01
5.3357883563874793e+01
4.8601442604213901e+01
4.4176214938550906e+01
4.0069748915334273e+01
3.6268827546769067e+01
3.2759645128333716e+01
2.9527973156512825e+01
2.6559314575258689e+01
2.3839045637121785e+01
2.1352544907100139e+01
1.9085309163016202e+01
1.7023056153234361e+01
1.5151814358981143e+01
1.3458000073225403e+01
1.1928482250368582e+01
1.0550635700746096e+01
9.3123833014800095e+00
8.2022279712713750e+00
7.2092752123518835e+00
6.3232470593760191e+00
5.5344882940983586e+00
4.8339657879740932e+00
4.2132618241797779e+00
3.6645622278586329e+00
3.1806401005419094e+00
2.7548359135382494e+00
2.3810346673983398e+00
2.0536407720322103e+00
1.7675512462402110e+00
1.5181277777288669e+00
1.3011681263859485e+00
1.1128772957838429e+00
9.4983884151590470e-01
8.0898663082227107e-01
6.8757731666830368e-01
5.8316374147828598e-01
4.9356944145380405e-01
4.1686438204593518e-01
3.5134201882374716e-01
2.9549774570803278e-01
2.4800876426462162e-01
2.0771538334438813e-01
1.7360373764020065e-01
1.4478989647683499e-01
1.2050532010742755e-01
1.0008360967874061e-01
8.2948488566619585e-02
6.8602946675352050e-02
5.6619475258445996e-02
4.6631317569872592e-02
3.8324659932256810e-02
3.1431688359264971e-02
2.5724437465037855e-02
2.1009360821585384e-02
1.7122554999270973e-02
1.3925573074946448e-02
1.1301767272987337e-02
9.1531044884041492e-03
7.3974026226005562e-03
5.9659398505428566e-03
4.8013930624460294e-03
3.8560657235471528e-03
3.0903692304573246e-03
2.4715254753631373e-03
1.9724617416727553e-03
1.5708722287956507e-03
1.2484234343778959e-03
9.9008330937437150e-04
7.8355654585108073e-04
6.1881057020211818e-04
4.8767880442714020e-04
3.8352953549011679e-04
3.0099031742074106e-04
2.3571922916409112e-04
1.8421554536732416e-04
1.4366345832246053e-04
1.1180343173233338e-04
8.6826586632399245e-05
6.7288229192719352e-05
5.2037239115850076e-05
4.0158563639936235e-05
3.0926507023775932e-05
2.3766889673128407e-05
1.8226471656425255e-05
1.3948311451678407e-05
1.0651957984734888e-05
8.1175697533669633e-06
6.1732148280236090e-06
4.6847403953979305e-06
3.5477127204411194e-06
2.6810205075190921e-06
2.0218112191613369e-06
1.5214926221728804e-06
1.1425832897610448e-06
8.5623835762393947e-07
6.4030993202440213e-07
4.7783131288050852e-07
3.5583424709997602e-07
2.6442934795742189e-07
1.9609223012905370e-07
1.4511085025074970e-07
1.0715889901529727e-07
7.8966947910533751e-08
5.8069906426781521e-08
4.2613367466594631e-08
3.1205391307819690e-08
2.2803519389580630e-08
1.6628902281404593e-08
1.2100778944881428e-08
8.7872308707365936e-09
6.3676700422066544e-09
4.6046483603768163e-09
3.3227824498615481e-09
2.3927583925140703e-09
1.7194228355878048e-09
1.2329676230486425e-09
8.8230776601883887e-10
6.3004331900766733e-10
4.4894085049450787e-10
3.1923319059741614e-10
2.2651893445408470e-10
1.6041016474739910e-10
1.1334259217525269e-10
7.9910302261243766e-11
5.6222949720096909e-11
3.9471127910173671e-11
2.7638819473432204e-11
1.9332090359047895e-11
1.3462545250830855e-11
9.3735741996725633e-12
6.5220742407268028e-12
4.5040481264807007e-12
3.1186974673032558e-12
2.1445249614675209e-12
1.4597964603113690e-12
9.9208449367999229e-13
6.6362789724386769e-13
4.5018771439703242e-13
3.0051966136488563e-13
1.7377600188179379e-13
8.2274813245660295e-14
4.0524591844809263e-14
-1.6302469383537786e-14
-4.7162960922160186e-14
-8.9162537720270875e-14
-6.5528739931348375e-14
-6.8243859986672448e-14
-9.0505235627151643e-14
-7.1420145974241785e-14
-8.2474880135483168e-14
-8.7935333933992975e-14
-6.5589123740674203e-14
-8.5489184147016592e-14
-7.9280112542964501e-14
-4.8724321518405054e-14
-6.0825804220869078e-14
-3.5343075119592815e-14
-1.9854236212969750e-14
-2.8640295209382423e-14
-3.3002436067148359e-14
-4.8338721588687244e-14
-1.5359794268191307e-14
4.3825751533107336e-15
-4.3766168575722958e-15
2.1853189337873306e-15
2.1823191451582085e-15
-2.1793091165281230e-15
0.0000000000000000e+00
-8.6930342176924651e-15
-8.6808725153711548e-15
4.3343353580949816e-15
-1.7312858074343199e-14
-8.6441476958206649e-15
-2.5895480730351731e-14
-3.4477867594041968e-14
-4.3035339399561070e-14
-3.4378520294761736e-14
-2.5746461098988902e-14
-3.4278555912363910e-14
-4.2785430648362691e-14
-5.1266972253217031e-14
-5.1191201623406487e-14
-3.4076804146949356e-14
-5.1038987378556636e-14
-6.7950061912691947e-14
-8.4809807879024220e-14
-6.7745338131595941e-14
-6.7642539189507986e-14
-5.0654588453753693e-14
-6.7436076175780740e-14
-6.7332415702455408e-14
-1.1764982539658197e-13
-6.7124245840299920e-14
-8.3774675083590759e-14
-1.0037243422006912e-13
-1.0021484384143749e-13
-8.3380701408368918e-14
-6.6598953663571499e-14
-8.3116344158849505e-14
-9.9580391912755375e-14
-8.2850641668584457e-14
-9.9260750003325499e-14
-9.9100334663350187e-14
-1.3191936897769855e-13
-9.8778328967293588e-14
-1.3148899216376869e-13
-9.8454774960432635e-14
-9.8292424243736609e-14
-9.8129694739350126e-14
-1.3062211895572537e-13
-1.3040414726456085e-13
-1.3018568161244799e-13
-1.6245840712887035e-13
-1.6218410405459987e-13
-9.7145518458550601e-14
-1.6163369190006506e-13
-1.6135759210822660e-13
-1.2886472216432062e-13
-1.2864290267621704e-13
-1.2842061894806248e-13
-9.6148406031293124e-14
-6.3987336844187621e-14
-6.3875509810862509e-14
-9.5645187183437313e-14
-6.3651183647711621e-14
-6.3538688257473909e-14
-7.9282467278740651e-14
-6.3313042216693431e-14
-6.3199895311963374e-14
-7.8858168728873505e-14
-6.2972963105254907e-14
-6.2859181554394719e-14
-6.2745192207238258e-14
-6.2630996941211735e-14
-6.2516597634396824e-14
-7.8002495206850204e-14
-6.2287194413702557e-14
-7.7715242823510813e-14
-6.2056997580996467e-14
-6.1941606260867075e-14
-4.6369516634530708e-14
-4.6282685413330899e-14
-3.8496427035985455e-14
-3.8423832612807693e-14
