-3.4177981502144685e-14
-2.5671258389017614e-14
-1.7139277956181955e-14
-2.5746461098988902e-14
0.0000000000000000e+00
-1.7214135759824428e-14
-1.7238933797020984e-14
0.0000000000000000e+00
-3.0254516935372322e-14
-2.1641072592928997e-14
-1.7337341432379926e-14
-2.1702181288427887e-14
-1.3039551326538698e-14
-2.6115466819858455e-14
-2.1793091165281230e-15
0.0000000000000000e+00
4.3706378675746613e-15
6.5649252863584437e-15
0.0000000000000000e+00
0.0000000000000000e+00
1.7577716941340821e-14
6.6004872134296720e-15
4.4061992629819106e-15
1.5442183721198690e-14
-6.6268265849236527e-15
6.6355422786402635e-15
-8.8589675488009197e-15
-1.7741004205418627e-14
2.0539609178179313e-14
-5.5584003170062891e-15
-1.6696582392530311e-15
3.0092185995378997e-14
1.2833307479746572e-14
2.4302331788772194e-14
2.4053163765794386e-14
7.2529673684697550e-14
9.0284079075242827e-14
5.1935403396426383e-14
8.8820350434447253e-14
1.3733333902963137e-13
1.4369916012084502e-13
2.2455470373036992e-13
3.4006172207079159e-13
4.5640890140503164e-13
6.7948248864559837e-13
9.7961257433087205e-13
1.4654721852736992e-12
2.1365696489448538e-12
3.0788746247802301e-12
4.4858223374003535e-12
6.4855807321233296e-12
9.3690072938505531e-12
1.3483119695941651e-11
1.9309204020277863e-11
2.7627363442812360e-11
3.9457365313273334e-11
5.6190801325386835e-11
7.9871221822290894e-11
1.1330346884394346e-10
1.6036408708539142e-10
2.2650970892882546e-10
3.1921471966120152e-10
4.4891311441222595e-10
6.2999241539097479e-10
8.8227259251583153e-10
1.2329368393494149e-09
1.7193915879190438e-09
2.3927346071056003e-09
3.3227762591622235e-09
4.6046042290281550e-09
6.3676153579921613e-09
8.7871979816710141e-09
1.2100714187637847e-08
1.6628834125868659e-08
2.2803461287488753e-08
3.1205323101792450e-08
4.2613303391484857e-08
5.8069817149287692e-08
7.8966854373846403e-08
1.0715877425540606e-07
1.4511070847995344e-07
1.9609206479780654e-07
2.6442916585729198e-07
3.5583400383000758e-07
4.7783096532754393e-07
6.4030947256463977e-07
8.5623768963748290e-07
1.1425824342339684e-06
1.5214914255392937e-06
2.0218096245160523e-06
2.6810184171410975e-06
3.5477099485822818e-06
4.6847368033418947e-06
6.1732100886947455e-06
8.1175635604442628e-06
1.0651949943817056e-05
1.3948301015743267e-05
1.8226458165887663e-05
2.3766872286682127e-05
3.0926484606212657e-05
4.0158534732951912e-05
5.2037201950604633e-05
6.7288181537459853e-05
8.6826525742342956e-05
1.1180335394184712e-04
1.4366335923372638e-04
1.8421541937981069e-04
2.3571906934127638e-04
3.0099011509447389e-04
3.8352927990499514e-04
4.8767848224397713e-04
6.1881016502634808e-04
7.8355603729825295e-04
9.9008267252753321e-04
1.2484226385885038e-03
1.5708712365717326e-03
1.9724605072032131e-03
2.4715239428418820e-03
3.0903673320611330e-03
3.8560633771069332e-03
4.8013901685351077e-03
5.9659362892780865e-03
7.3973982496530642e-03
9.1530991305926474e-03
1.1301760722894027e-02
1.3925565084882394e-02
1.7122545274027953e-02
2.1009349010440957e-02
2.5724423152179769e-02
3.1431671053089957e-02
3.8324639052926525e-02
4.6631292435314692e-02
5.6619445068320541e-02
6.8602910493082106e-02
8.2948445298956924e-02
1.0008355805307834e-01
1.2050525864612421e-01
1.4478982346879762e-01
1.7360365110935383e-01
2.0771528101482173e-01
2.4800864352216129e-01
2.9549760355827825e-01
3.5134185184623157e-01
4.1686418634451472e-01
4.9356921260294900e-01
5.8316347446555905e-01
6.8757700583280679e-01
8.0898626978952626e-01
9.4983842312893718e-01
1.1128768120313060e+00
1.3011675683271722e+00
1.5181271354168595e+00
1.7675505086427312e+00
2.0536399269522745e+00
2.3810337013946712e+00
2.7548348118470085e+00
3.1806388470008646e+00
3.6645608048351943e+00
4.2132602125044079e+00
4.8339639668809946e+00
5.5344862411752551e+00
6.3232447505247542e+00
7.2092726217625298e+00
8.2022250714117444e+00
9.3123800631029230e+00
1.0550632092916786e+01
1.1928478240514696e+01
1.3457995627211996e+01
1.5151809441212732e+01
1.7023050726786412e+01
1.9085303189797841e+01
2.1352538348049933e+01
2.3839038452438011e+01
2.6559306724665067e+01
2.9527964599560647e+01
3.2759635824739981e+01
3.6268817456790892e+01
4.0069738000178070e+01
4.4176203160814921e+01
4.8601429928361959e+01
5.3357869956737744e+01
5.8457023477426077e+01
6.3909245250684734e+01
6.9723544330916383e+01
7.5907379688956098e+01
8.2466453990162776e+01
8.9404508066950584e+01
9.6723118841536973e+01
1.0442150364292253e+02
1.1249633401523207e+02
1.2094156222654360e+02
1.2974826375261023e+02
1.3890449902339910e+02
1.4839519767780786e+02
1.5820206846984632e+02
1.6830353780557434e+02
1.7867471966294181e+02
1.8928741935642145e+02
2.0011017325636556e+02
2.1110832616219722e+02
2.2224414756314232e+02
2.3347698750594739e+02
2.4476347223302744e+02
2.5605773916515886e+02
2.6731171018978017e+02
2.7847540158978632e+02
2.8949726831983924e+02
3.0032457971966846e+02
3.1090382315896221e+02
3.2118113154863784e+02
3.3110273014072413e+02
3.4061539758541386e+02
3.4966693582989086e+02
3.5820664313903023e+02
3.6618578430135847e+02
3.7355805196150800e+02
3.8028001299774263e+02
3.8631153394292687e+02
3.9161617963044688e+02
3.9616157953174684e+02
3.9991975663586936e+02
4.0286741419804264e+02
4.0498617624629816e+02
4.0626277837274114e+02
4.0668920603819549e+02
4.0626277837274228e+02
4.0498617624630020e+02
4.0286741419804599e+02
3.9991975663587363e+02
3.9616157953175230e+02
3.9161617963045347e+02
3.8631153394293466e+02
3.8028001299775156e+02
3.7355805196151800e+02
3.6618578430136944e+02
3.5820664313904206e+02
3.4966693582990331e+02
3.4061539758542693e+02
3.3110273014073789e+02
3.2118113154865205e+02
3.1090382315897693e+02
3.0032457971968341e+02
2.8949726831985419e+02
2.7847540158980155e+02
2.6731171018979552e+02
2.5605773916517433e+02
2.4476347223304279e+02
2.3347698750596268e+02
2.2224414756315747e+02
2.1110832616221214e+02
2.0011017325638022e+02
1.8928741935643583e+02
1.7867471966295588e+02
1.6830353780558801e+02
1.5820206846985957e+02
1.4839519767782065e+02
1.3890449902341138e+02
1.2974826375262205e+02
1.2094156222655479e+02
1.1249633401524274e+02
1.0442150364293262e+02
9.6723118841546494e+01
8.9404508066959551e+01
8.2466453990171203e+01
7.5907379688964014e+01
6.9723544330923758e+01
6.3909245250691583e+01
5.8457023477432408e+01
5.3357869956743613e+01
4.8601429928367338e+01
4.4176203160819867e+01
4.0069738000182568e+01
3.6268817456794991e+01
3.2759635824743690e+01
2.9527964599563955e+01
2.6559306724667998e+01
2.3839038452440576e+01
2.1352538348052182e+01
1.9085303189799731e+01
1.7023050726788000e+01
1.5151809441213976e+01
1.3457995627212931e+01
1.1928478240515371e+01
1.0550632092917223e+01
9.3123800631031699e+00
8.2022250714118510e+00
7.2092726217624898e+00
6.3232447505245712e+00
5.5344862411750153e+00
4.8339639668806713e+00
4.2132602125039966e+00
3.6645608048347174e+00
3.1806388470003619e+00
2.7548348118464303e+00
2.3810337013940357e+00
2.0536399269516155e+00
1.7675505086420735e+00
1.5181271354161825e+00
1.3011675683265200e+00
1.1128768120306392e+00
9.4983842312829059e-01
8.0898626978886878e-01
6.8757700583218806e-01
5.8316347446494921e-01
4.9356921260238273e-01
4.1686418634397704e-01
3.5134185184571021e-01
2.9549760355778310e-01
2.4800864352165408e-01
2.0771528101436401e-01
1.7360365110891357e-01
1.4478982346837482e-01
1.2050525864573361e-01
1.0008355805271497e-01
8.2948445298613394e-02
6.8602910492704464e-02
5.6619445067984789e-02
4.6631292435008534e-02
3.8324639052625446e-02
3.1431671052796414e-02
2.5724423151921083e-02
2.1009349010165934e-02
1.7122545273760011e-02
1.3925565084591064e-02
1.1301760722607178e-02
9.1530991303120438e-03
7.3973982493525745e-03
5.9659362889950066e-03
4.8013901682762957e-03
3.8560633768311148e-03
3.0903673318386890e-03
2.4715239425830201e-03
1.9724605069742236e-03
1.5708712363497607e-03
1.2484226384026002e-03
9.9008267237882144e-04
7.8355603716899469e-04
6.1881016491251216e-04
4.8767848218934462e-04
3.8352927979980981e-04
3.0099011504557284e-04
2.3571906930886210e-04
1.8421541933098497e-04
1.4366335921778614e-04
1.1180335397350236e-04
8.6826525715174273e-05
6.7288181548704479e-05
5.2037201956222413e-05
4.0158534730626847e-05
3.0926484572361730e-05
2.3766872228122057e-05
1.8226458145610795e-05
1.3948301029249826e-05
1.0651949923574361e-05
8.1175635783562703e-06
6.1732100550146640e-06
4.6847367248891339e-06
3.5477099161144417e-06
2.6810183522624958e-06
2.0218095976662569e-06
1.5214913808953770e-06
1.1425823427271725e-06
8.5623760375933029e-07
6.4030938399443466e-07
4.7783087960653541e-07
3.5583391980816923e-07
2.6442911249962101e-07
1.9609202919400446e-07
1.4511071446803806e-07
1.0715879904915427e-07
7.8966861962686052e-08
5.8069846255644080e-08
4.2613325837972448e-08
3.1205354327218655e-08
2.2803490308684544e-08
1.6628868028565674e-08
1.2100764570030556e-08
8.7872252175902556e-09
6.3676260861218957e-09
4.6046155112648239e-09
3.3227538370421044e-09
2.3927360082493855e-09
1.7193968330755860e-09
1.2329355203714963e-09
8.8227765478591064e-10
6.3001092579704483e-10
4.4891542575241618e-10
3.1920317532606743e-10
2.2649817702225133e-10
1.6039634144879680e-10
1.1332187982338310e-10
7.9908003411893606e-11
5.6225246034004766e-11
3.9471127910173671e-11
2.7647984297928080e-11
1.9304626752523855e-11
1.3451115003547080e-11
9.3895583700495927e-12
6.5209338185829444e-12
4.5086045737507874e-12
3.1095951032979929e-12
2.1252049167696158e-12
1.4529855903565727e-12
9.7507733093119235e-13
6.4664083502772783e-13
4.5980227613666755e-13
2.9374102238673031e-13
1.8280332665487396e-13
9.2981809489958550e-14
4.2213116505009640e-14
-9.5566199834531852e-15
-6.2883947896213561e-14
-6.5610169265859692e-14
-6.1888254379606798e-14
-6.0971973266781142e-14
-6.1454172339423951e-14
-7.5325935207208137e-14
-7.3001414173974970e-14
-7.2908409780715700e-14
-8.1152644628291818e-14
-6.7170073258370184e-14
-4.2134884987869241e-14
-3.8757983026004018e-14
-1.5482931983493947e-14
4.4178843899491018e-15
1.8751223090026987e-14
7.7108487102183438e-15
-2.2001624044765571e-14
-8.7888584706704104e-15
1.3165537944163980e-14
3.5060601226485869e-14
3.5012934860578367e-14
1.9667870404085979e-14
6.5469574354746251e-15
4.3586182330562461e-15
8.7051556066194861e-15
-8.6930342176924651e-15
1.3021308773056732e-14
8.6686707161899631e-15
-8.6564290371715995e-15
-1.7288295391641330e-14
-2.5895480730351731e-14
-3.4477867594041968e-14
-3.4428271519648856e-14
-3.4378520294761736e-14
-5.1492922197977803e-14
-1.7139277956181955e-14
-5.1342516778035228e-14
-5.1266972253217031e-14
-5.9723068560640896e-14
-5.1115206220424031e-14
-5.9545485274982732e-14
-6.7950061912691947e-14
-8.4809807879024220e-14
-5.0809003598696956e-14
-5.0731904392130992e-14
-6.7539451271671591e-14
-6.7436076175780740e-14
-1.0099862355368312e-13
-8.4035589568987139e-14
-8.3905307300374893e-14
-8.3774675083590759e-14
-6.6914956146712748e-14
-6.6809895894291655e-14
-6.6704561126695140e-14
-6.6598953663571499e-14
-6.6493075327079602e-14
-1.1617712389821458e-13
-9.9420770002301348e-14
-1.1580420833721309e-13
-9.9100334663350187e-14
-1.6489921122212317e-13
-1.3170443862305810e-13
-1.6436124020471087e-13
-1.3127303328057683e-13
-1.6382070707289437e-13
-1.3083959298580017e-13
-1.6327764869465673e-13
-1.6300518408070106e-13
-1.6273210201555996e-13
-1.2996672570309630e-13
-1.6218410405459987e-13
-1.2952735794473413e-13
-1.6163369190006506e-13
-1.6135759210822660e-13
-1.2886472216432062e-13
-1.2864290267621704e-13
-9.6315464211046845e-14
-9.6148406031293124e-14
-3.1993668422093811e-14
-9.5813264716293758e-14
-9.5645187183437313e-14
-7.9563979559639523e-14
-7.9423360321842380e-14
-6.3425973822992519e-14
-6.3313042216693431e-14
-7.8999869139954220e-14
-9.4629802474648198e-14
-6.2972963105254907e-14
-9.4288772331592079e-14
-6.2745192207238258e-14
-6.2630996941211735e-14
-7.8145747042996039e-14
-6.2401996165480158e-14
-7.7858993017128184e-14
-7.7715242823510813e-14
-6.2056997580996467e-14
-7.7427007826083838e-14
-4.6369516634530708e-14
-6.9424028119996349e-14
-6.1594283257576715e-14
-3.0739066090246156e-14
