-1.7181296095968678e-13
-1.6682439695370442e-13
-1.5317531845114157e-12
-2.2176012359015026e-12
-1.3371341318412844e-13
-9.4302268773998021e-13
8.8235722784332168e-13
-8.9367062654136688e-13
-1.8937319410686783e-12
1.2703496638384489e-12
-9.4346339307885869e-13
-1.0622894757267460e-13
2.0180716244234117e-12
-4.7308335582438393e-13
5.9006045883206162e-13
5.0692369404664667e-13
-3.6589385324776283e-13
-6.6185142488503842e-13
5.7865064179593750e-13
1.5226573342687064e-12
-9.3566078689432762e-13
1.3822999629477140e-12
4.4317942738285406e-13
-1.9731782057692181e-12
-1.4523976319459418e-12
1.6384075437653076e-12
4.3976321596229872e-13
-4.4069317357429593e-13
2.2479585435745382e-12
-1.6102026649533573e-13
1.0072335037706515e-12
-4.1206745036028736e-13
-9.2196594316619188e-13
-7.2670835457288656e-13
9.6041141462710863e-13
-4.0644410296768541e-13
3.1923143998422782e-13
1.7179350737131590e-12
8.4277223426673055e-13
6.2763628174382118e-13
-1.8362273436665856e-12
1.6165186822010339e-12
-1.0718917771534450e-12
1.6776722739381543e-12
1.3605833831744944e-12
-1.4045087971148919e-12
1.1908255610921436e-12
7.4736936375547913e-14
-4.6160056586328244e-13
4.2839246022641282e-13
1.7098656724911341e-12
6.9719969652994298e-14
1.0646582865403558e-12
1.2132076622400279e-12
-9.9396514513198159e-13
-7.9129319008067646e-13
-7.7394683779411515e-13
-6.9207568936445788e-13
-1.4048343941990857e-12
1.3711580695152704e-12
5.4682317620454178e-14
5.7599896711306569e-13
7.9907479632392796e-13
-1.6361811593959018e-14
-1.2741127684977540e-12
1.6159768774121360e-12
2.4197640532099694e-12
2.0558024449572428e-12
6.7486341242145072e-12
1.0498463938766254e-11
1.3573707461773309e-11
2.2966444483635464e-11
3.6074388070830769e-11
5.4652913023632383e-11
8.4602609462738714e-11
1.2783778710870396e-10
1.8939480188496309e-10
2.8370946707826186e-10
4.1475352762177219e-10
6.0425680698568033e-10
8.7498865366394491e-10
1.2632732048105837e-09
1.8046683058403015e-09
2.5688930384677969e-09
3.6311323697930821e-09
5.1030436245204905e-09
7.1322924701399383e-09
9.9120920611132229e-09
1.3695669830808581e-08
1.8825102473575321e-08
2.5727153878098296e-08
3.4964725108536807e-08
4.7255215096648419e-08
6.3509262561069834e-08
8.4854573447086225e-08
1.1271656601074385e-07
1.4882507693193018e-07
1.9527751699952053e-07
2.5457251410691112e-07
3.2962682983988400e-07
4.2376727332189983e-07
5.4066839872883108e-07
6.8421100044213842e-07
8.5821785845096582e-07
1.0660407518980556e-06
1.3098650730487804e-06
1.5896910486967387e-06
1.9018318890113415e-06
2.2367604868296996e-06
2.5760770016760031e-06
2.8882934139146161e-06
3.1231189596723282e-06
3.2036819329048519e-06
3.0161982496269203e-06
2.3962825895901212e-06
1.1110252316363189e-06
-1.1642553406644641e-06
-4.8759421379578198e-06
-1.0630354128822039e-05
-1.9242125917297774e-05
-3.1795025725609071e-05
-4.9717817827979741e-05
-7.4878111371525091e-05
-1.0969762936799582e-04
-1.5729264927948278e-04
-2.2164380409715216e-04
-3.0779964904797269e-04
-4.2211871881306357e-04
-5.7255481180688676e-04
-7.6899004057794313e-04
-1.0236199074149985e-03
-1.3513936616280809e-03
-1.7705119857250129e-03
-2.3029821641394332e-03
-2.9752280464798880e-03
-3.8187485479912330e-03
-4.8708137389252065e-03
-6.1751813298857854e-03
-7.7828088969901952e-03
-9.7525278025818660e-03
-1.2151633565194173e-02
-1.5056333951710382e-02
-1.8551980548609251e-02
-2.2732991434276560e-02
-2.7702352165216156e-02
-3.3570559305193599e-02
-4.0453845839912295e-02
-4.8471500380664924e-02
-5.7742063794428963e-02
-6.8378157161962813e-02
-8.0479665550281979e-02
-9.4124973585916233e-02
-1.0935992288323883e-01
-1.2618413934330425e-01
-1.4453436257819036e-01
-1.6426440196217781e-01
-1.8512134696713312e-01
-2.0671767587762105e-01
-2.2849894000806562e-01
-2.4970675254274338e-01
-2.6933688601591532e-01
-2.8609238208910198e-01
-2.9833170539902787e-01
-3.0401213108902053e-01
-3.0062874593392835e-01
-2.8514966532752084e-01
-2.5394832395329558e-01
-2.0273398418678221e-01
-1.2648192104106509e-01
-1.9365080844935052e-02
1.2531063328387007e-01
3.1516493145353452e-01
5.5879268125693482e-01
8.6580119556309698e-01
1.2468317120486723e+00
1.7135612363533286e+00
2.2786807069368611e+00
2.9558453080711771e+00
3.7595927269908120e+00
4.7052252426485861e+00
5.8086517653988983e+00
7.0861863374291820e+00
8.5543001675260708e+00
1.0229325023133400e+01
1.2127106744349206e+01
1.4262608780694306e+01
1.6649466977082216e+01
1.9299498338814384e+01
2.2222168166120618e+01
2.5424021738554980e+01
2.8908088611077034e+01
3.2673269510698461e+01
3.6713717741503501e+01
4.1018228854603294e+01
4.5569654050765536e+01
5.0344354284833805e+01
5.5311713257689092e+01
6.0433728338854664e+01
6.5664698888322249e+01
7.0951031373589217e+01
7.6231180048514730e+01
8.1435740728611535e+01
8.6487713331033348e+01
9.1302946332422167e+01
9.5790773140546492e+01
9.9854846603398002e+01
1.0339417354397342e+02
1.0630434638436141e+02
1.0847896370822549e+02
1.0981122612589343e+02
1.1019568819231071e+02
1.0953014154211353e+02
1.0771759901840802e+02
1.0466834456055311e+02
1.0030200916200624e+02
9.4549629488426220e+01
8.7355642925232260e+01
7.8679771052174331e+01
6.8498742946149207e+01
5.6807810389293124e+01
4.3622009069894794e+01
2.8977123231713804e+01
1.2930315934337999e+01
-4.4396069295526006e+00
-2.3032323561638357e+01
-4.2726530659896142e+01
-6.3380892822983277e+01
-8.4835404878260363e+01
-1.0691315509675158e+02
-1.2942246722511683e+02
-1.5215938944426384e+02
-1.7491048904962895e+02
-1.9745590312502782e+02
-2.1957258802060139e+02
-2.4103770429052582e+02
-2.6163206910699375e+02
-2.8114360521102668e+02
-2.9937071430555858e+02
-3.1612550350574821e+02
-3.3123679604192819e+02
-3.4455286181045528e+02
-3.5594380947800340e+02
-3.6530358950234825e+02
-3.7255156642596779e+02
-3.7763362887383931e+02
-3.8052281655588962e+02
-3.8121945492689576e+02
-3.7975079966698593e+02
-3.7617020448698946e+02
-3.7055583661595028e+02
-3.6300897439300041e+02
-3.5365193039096482e+02
-3.4262565121054030e+02
-3.3008705131159212e+02
-3.1620614285169785e+02
-3.0116302639447900e+02
-2.8514480849894005e+02
-2.6834251162785193e+02
-2.5094803959134910e+02
-2.3315125799321186e+02
-2.1513724403449905e+02
-1.9708375375106533e+02
-1.7915894754351979e+02
-1.6151940694445202e+02
-1.4430846721213447e+02
-1.2765488179780516e+02
-1.1167182625176969e+02
-9.6456240945154917e+01
-8.2088504299181693e+01
-6.8632421215612780e+01
-5.6135505241522281e+01
-4.4629527795397031e+01
-3.4131303609305199e+01
-2.4643678447340502e+01
-1.6156683151294253e+01
-8.6488171154411759e+00
-2.0884243478239606e+00
3.5648737450514658e+00
8.3587229130652236e+00
1.2346589516782233e+01
1.5586351365733110e+01
1.8138950912461038e+01
2.0067131961327064e+01
2.1434277070761105e+01
2.2303358806104811e+01
2.2736014051763203e+01
2.2791746817942663e+01
2.2527261464144928e+01
2.1995925078771450e+01
2.1247354953200318e+01
2.0327124704963691e+01
1.9276580656987345e+01
1.8132758571645486e+01
1.6928389760018469e+01
1.5691984916578129e+01
1.4447983736235432e+01
1.3216958415876345e+01
1.2015859482085816e+01
1.0858292973465504e+01
9.7548187913639754e+00
8.7132609689217908e+00
7.7390216485151058e+00
6.8353916594596154e+00
6.0038517115218752e+00
5.2443593319199513e+00
4.5556177443628982e+00
3.9353238953847818e+00
3.3803937568936329e+00
2.8871638621056044e+00
2.4515687561925876e+00
2.0692946595081070e+00
1.7359101499818819e+00
1.4469750755991415e+00
1.1981292134596526e+00
9.8516240673691025e-01
8.0406804413489563e-01
6.5108180832842355e-01
5.2270762111451163e-01
4.1573266392834857e-01
3.2723326363203309e-01
2.5457331429845570e-01
1.9539676537091874e-01
1.4761555262822554e-01
1.0939418781372391e-01
7.9132061529323089e-02
5.5444356399985066e-02
3.7142317745888012e-02
2.3213489402960596e-02
1.2802395158343353e-02
5.1920324624551775e-03
-2.1355483937653431e-04
-3.9054438227294898e-03
-6.2846313472334136e-03
-7.6754156754397576e-03
-8.3373598481335486e-03
-8.4758732337786580e-03
-8.2514754966672380e-03
-7.7878270903200212e-03
-7.1786232616649738e-03
-6.4934557800658994e-03
-5.7827491790819795e-03
-5.0818771792930026e-03
-4.4145613055214849e-03
-3.7956477387929041e-03
-3.2333514242860709e-03
-2.7310484919858000e-03
-2.2886897125406038e-03
-1.9038993680558925e-03
-1.5728159182195737e-03
-1.2907230325237128e-03
-1.0525125644787368e-03
-8.5301450356370216e-04
-6.8722315778525908e-04
-5.5044367156564778e-04
-4.3837855015312738e-04
-3.4716998170285153e-04
-2.7341052741969123e-04
-2.1413194799873241e-04
-1.6677981537509718e-04
-1.2917950374919255e-04
-9.9497828435287058e-05
-7.6203377633262824e-05
-5.8027566696644816e-05
-4.3927834388535005e-05
-3.3053808112837616e-05
-2.4716868496587403e-05
-1.8363243431611837e-05
-1.3550617788709308e-05
-9.9280262034207288e-06
-7.2187910580638152e-06
-5.2061992641155439e-06
-3.7215907215107805e-06
-2.6345420183916118e-06
-1.8448376847957627e-06
-1.2759897238861464e-06
-8.6998391243785464e-07
-5.8312764763070983e-07
-3.8274912177480745e-07
-2.4457398944296640e-07
-1.5072195658106049e-07
-8.8120703762724628e-08
-4.7289817525009417e-08
-2.1417882349341331e-08
-5.6699852326723288e-09
3.3645424683424981e-09
8.0510246357937380e-09
1.0006326321125171e-08
1.0324304699568379e-08
9.7243716438416620e-09
8.6658320175789122e-09
7.4380044918758274e-09
6.2103913590185398e-09
5.0753813594480643e-09
4.0748328835572126e-09
3.2261176538519271e-09
2.5232439125612365e-09
1.9487307860975965e-09
1.4920460472039209e-09
1.1315572164210256e-09
8.5305036166353623e-10
6.3594759283728686e-10
4.7252643466256838e-10
3.4702885395066737e-10
2.5396217492077242e-10
1.8669570417349119e-10
1.3507713335804937e-10
9.5190371628168386e-11
6.9583030623405507e-11
4.8058389449085428e-11
3.4526403301966270e-11
2.3481566878395689e-11
1.7143056570565416e-11
1.0342197903888365e-11
9.2129883215722073e-12
5.2898481003521421e-12
2.9546256325205349e-12
1.2689304374595764e-12
4.3922339538001106e-12
-1.8969893835281372e-12
-8.5470319691881407e-15
1.5510696560804059e-12
3.1602883856188478e-13
-8.2543566342974483e-13
7.6740710362417947e-13
-2.2739797888135219e-12
-2.8716852266730128e-13
9.9741237295544626e-13
-1.3024347221583305e-12
-9.6689380498093905e-13
1.3905738622650271e-14
1.2333611556988467e-12
-8.3801646952608028e-13
1.3581297452318786e-12
9.7889545085026573e-13
-2.6897082894360612e-13
8.6281911516991015e-13
-7.5639970251513132e-13
-1.7652069111179582e-12
-1.6319137153749329e-13
1.1953590138658110e-12
-9.1668643745787515e-13
-3.6111081769585972e-13
2.7818352860435682e-13
-9.8891980372567285e-13
-8.5165025648203482e-13
-7.8582449211753134e-13
5.8542465620680324e-13
1.2989160768913680e-13
2.1751487375414517e-12
6.4366663396002372e-13
-6.3860486798910673e-13
1.3073142071405278e-12
-3.6190539101288439e-14
-2.5629175306118521e-12
9.7710144062495726e-13
9.0285283739154327e-13
8.6079582141063779e-13
-2.4004717910955406e-13
7.3634206598180802e-13
5.3974023010086631e-13
-3.0336678495559832e-14
1.2889846150276075e-12
-2.3658360191176784e-12
3.6009625322243332e-14
1.8317702157022772e-12
8.9496996651741578e-14
-1.7050169711068049e-13
1.8366879161035836e-12
-2.6212937808234225e-13
1.3404245385440990e-13
-2.1411970017388532e-13
-1.4284441015776318e-12
-1.5233176784834107e-12
1.2158281739333255e-13
2.4174992186881270e-12
-1.1444604952893636e-12
1.9648098764827640e-12
1.2776973376236584e-12
7.0944974156493529e-13
-5.6690139618118655e-13
1.0654829348593942e-12
3.9889413600950182e-13
1.7364834247652595e-12
8.2597352983894224e-13
-6.4647123082050755e-13
-9.6969413325290682e-13
2.5753217210635438e-12
7.4340059147606311e-13
-9.4933652230072476e-13
5.5137556497948740e-13
1.1482104081595508e-13
-2.8514493126225176e-13
4.5847642493298609e-13
1.1205454896869190e-13
-1.9523571109319712e-13
1.2444557066526076e-12
1.7014260602804172e-12
-1.4623541725878946e-12
-6.3313949415636649e-13
1.6984072053802875e-12
-7.1029830312270692e-13
-1.5829162531540031e-12
7.4952687283837496e-13
-5.0020649278411983e-15
-1.1712936897365268e-13
6.8350126168125809e-13
-1.1706272083346884e-12
-6.7910764151589793e-13
1.3397849057647190e-12
-2.4273621915768707e-13
-1.7522458102077717e-13
-7.4244826586606710e-14
