2.5085905340096474e-12
-3.1813008095267267e-13
-5.8150586244902262e-13
-8.2404491201922843e-13
-9.9333976608295499e-13
3.5887224072561573e-13
-2.0360448172995473e-12
-2.2996007842143013e-12
3.2944132123173158e-13
4.2985718794047720e-13
-1.6721568986619090e-12
-1.0157554778747219e-12
-5.0886880605117055e-13
2.0011493672199894e-12
-2.5009543327218314e-12
1.4790090094636175e-12
-2.1967482745412310e-13
-7.3787238484568569e-13
-6.8092487860404035e-13
9.1883286719874037e-13
9.5560666725085338e-13
2.8029215826646875e-12
3.8111061945152131e-12
4.6982739155588701e-12
8.7530201226352262e-12
1.5659518227742598e-11
1.7444286536461911e-11
2.6636726263260351e-11
4.1365926502237465e-11
5.5057223424158548e-11
8.0499333870628096e-11
1.1585632466451538e-10
1.6587740547923132e-10
2.3651247399963052e-10
3.3438465136956146e-10
4.7237852944770013e-10
6.6662692397175851e-10
9.4054404930298245e-10
1.3195006351436772e-09
1.8421623288652476e-09
2.5647513738498218e-09
3.5619928380558806e-09
4.9242035388583167e-09
6.7903475219107024e-09
9.3300654995917889e-09
1.2776529619572542e-08
1.7438790316775450e-08
2.3715406477809447e-08
3.2145732496368278e-08
4.3421087249528177e-08
5.8451726922626963e-08
7.8407734022169232e-08
1.0480683118290838e-07
1.3959035877581346e-07
1.8524871168409743e-07
2.4492893164051980e-07
3.2263354756686100e-07
4.2336451571838290e-07
5.5338664798770502e-07
7.2045439348417279e-07
9.3413188635787251e-07
1.2060938325088805e-06
1.5504926874940073e-06
1.9842960808701108e-06
2.5276488086912523e-06
3.2041458747695177e-06
4.0410326361724552e-06
5.0691757423218784e-06
6.3227994858527822e-06
7.8386577747315675e-06
9.6546424025626104e-06
1.1807337243779454e-05
1.4328278119345273e-05
1.7238300217664852e-05
2.0539405419485585e-05
2.4203196524331316e-05
2.8154861193029709e-05
3.2251221058020921e-05
3.6251165232599625e-05
3.9776132523949754e-05
4.2258008147367479e-05
4.2870848394787319e-05
4.0442367487033984e-05
3.3339925162598001e-05
1.9324826641952643e-05
-4.6326803742974346e-06
-4.2586685685144923e-05
-9.9908012462701735e-05
-1.8364849763770195e-04
-3.0299214595663347e-04
-4.6981071108193967e-04
-6.9934413101581828e-04
-1.0110292096534770e-03
-1.4295034889671369e-03
-1.9858147812155686e-03
-2.7188707966798579e-03
-3.6771672010631738e-03
-4.9208367501420549e-03
-6.5240660565728283e-03
-8.5779306730703470e-03
-1.1193702723918550e-02
-1.4506688532870732e-02
-1.8680656036761077e-02
-2.3912913234524661e-02
-3.0440098880587189e-02
-3.8544745025788620e-02
-4.8562667202211272e-02
-6.0891231783650718e-02
-7.5998540691612146e-02
-9.4433560894223514e-02
-1.1683720927015338e-01
-1.4395438217723627e-01
-1.7664689288546112e-01
-2.1590724835409927e-01
-2.6287315957212554e-01
-3.1884263626916265e-01
-3.8528946751756959e-01
-4.6387883392044199e-01
-5.5648273599589315e-01
-6.6519485622634456e-01
-7.9234440094354763e-01
-9.4050839293785327e-01
-1.1125218082639907e+00
-1.3114848725963497e+00
-1.5407667560323406e+00
-1.8040048325645903e+00
-2.1050986046748870e+00
-2.4481973377121640e+00
-2.8376804063061600e+00
-3.2781293300813448e+00
-3.7742904718736043e+00
-4.3310273931106105e+00
-4.9532619114760532e+00
-5.6459029896874320e+00
-6.4137627046481178e+00
-7.2614587061062963e+00
-8.1933027765772675e+00
-9.2131753500102942e+00
-1.0324386137296688e+01
-1.1529521340457240e+01
-1.2830278313241312e+01
-1.4227288939024300e+01
-1.5719933443369211e+01
-1.7306146830204771e+01
-1.8982220619350990e+01
-2.0742603057649891e+01
-2.2579701464847069e+01
-2.4483690843671923e+01
-2.6442333317191288e+01
-2.8440813338466043e+01
-3.0461593931191796e+01
-3.2484299448417580e+01
-3.4485630462672852e+01
-3.6439316408856669e+01
-3.8316111476727649e+01
-4.0083838980384208e+01
-4.1707489007646210e+01
-4.3149373566916445e+01
-4.4369342699731540e+01
-4.5325064116074252e+01
-4.5972367842981406e+01
-4.6265656166710151e+01
-4.6158377811795731e+01
-4.5603563858357184e+01
-4.4554421379840839e+01
-4.2964979218089063e+01
-4.0790778737714383e+01
-3.7989600856240664e+01
-3.4522219172504450e+01
-3.0353167656340656e+01
-2.5451510161662085e+01
-1.9791598024650785e+01
-1.3353801249516382e+01
-6.1251983022179450e+00
1.8997906410616359e+00
1.0718841984252549e+01
2.0321253023982859e+01
3.0687565898702132e+01
4.1789303561088580e+01
5.3588828585236755e+01
6.6039333717674367e+01
7.9084970882565074e+01
9.2661122896371651e+01
1.0669481948545955e+02
1.2110529638809321e+02
1.3580469342369616e+02
1.5069888449547292e+02
1.6568842962846685e+02
1.8066963640669161e+02
1.9553571563118319e+02
2.1017801374355972e+02
2.2448730261056849e+02
2.3835510569882027e+02
2.5167503853298516e+02
2.6434414066044343e+02
2.7626417616560138e+02
2.8734288009854936e+02
2.9749512900463515e+02
3.0664401504758752e+02
3.1472180498209815e+02
3.2167076741086339e+02
3.2744385430495271e+02
3.3200522561333003e+02
3.3533060886828440e+02
3.3740748893293579e+02
3.3823512635614964e+02
3.3782440611827241e+02
3.3619752178886347e+02
3.3338750319822299e+02
3.2943759857719147e+02
3.2440052467995400e+02
3.1833760061807885e+02
3.1131778295526988e+02
3.0341662100857820e+02
2.9471515225124222e+02
2.8529875820625159e+02
2.7525600126059538e+02
2.6467746243346647e+02
2.5365459932246708e+02
2.4227864226561965e+02
2.3063954523764053e+02
2.1882500619668227e+02
2.0691956956834974e+02
1.9500382135592125e+02
1.8315368505981283e+02
1.7143982423508126e+02
1.5992715517141642e+02
1.4867447089995011e+02
1.3773417556486160e+02
1.2715212618907816e+02
1.1696757704910485e+02
1.0721322028374729e+02
9.7915315016875212e+01
8.9093896189705077e+01
8.0763053479222037e+01
7.2931270125651011e+01
6.5601811195691283e+01
5.8773150755681456e+01
5.2439427601352868e+01
4.6590919565456389e+01
4.1214526974947944e+01
3.6294256527414475e+01
3.1811697672449000e+01
2.7746484487598522e+01
2.4076737001349663e+01
2.0779476909099557e+01
1.7831013626283259e+01
1.5207297602117352e+01
1.2884238757349129e+01
1.0837988792059443e+01
9.0451869212036318e+00
7.4831693249379132e+00
6.1301432407127336e+00
4.9653271696089449e+00
3.9690591196325178e+00
3.1228751638911447e+00
2.4095608557807267e+00
1.8131782212121106e+00
1.3190711465762288e+00
9.1385200813791134e-01
5.8537235299233148e-01
3.2268035225044245e-01
1.1596761341412158e-01
-4.3492230178549911e-02
-1.6341093031963702e-01
-2.5055702665036483e-01
-3.1082945677618884e-01
-3.4933181792121970e-01
-3.7044595069453828e-01
-3.7790373547790806e-01
-3.7485620058503910e-01
-3.6393923656857619e-01
-3.4733538958548965e-01
-3.2683136749383007e-01
-3.0387103474610855e-01
-2.7960379523783085e-01
-2.5492836698436311e-01
-2.3053203915474740e-01
-2.0692557191370023e-01
-1.8447395353076279e-01
-1.6342326940707716e-01
-1.4392396505416527e-01
-1.2605080149380904e-01
-1.0981980872719088e-01
-9.5202542107169108e-02
-8.2137939333082152e-02
-7.0542063758625942e-02
-6.0316003772221384e-02
-5.1352179420927700e-02
-4.3539287278977018e-02
-3.6766093251433665e-02
-3.0924261741310518e-02
-2.5910388348090976e-02
-2.1627383143442279e-02
-1.7985332167901977e-02
-1.4901946893691093e-02
-1.2302695056065006e-02
-1.0120691136999345e-02
-8.2964116485653768e-03
-6.7772884036467846e-03
-5.5172227845739653e-03
-4.4760550063348030e-03
-3.6190149112150473e-03
-2.9161743623507862e-03
-2.3419159666001506e-03
-1.8744286097102608e-03
-1.4952366243855088e-03
-1.1887667058236909e-03
-9.4195448713293756e-04
-7.4389103417319064e-04
-5.8550826708071615e-04
-4.5930147381791471e-04
-3.5908654821693381e-04
-2.7978914525263258e-04
-2.1726281739239167e-04
-1.6813325125361343e-04
-1.2966553784135994e-04
-9.9651894713533322e-05
-7.6317109053238616e-05
-5.8239391393836004e-05
-4.4284435678045620e-05
-3.3550814185249225e-05
-2.5324913182729138e-05
-1.9043998458553507e-05
-1.4265986288464289e-05
-1.0644950880303616e-05
-7.9112160113934048e-06
-5.8553794128612251e-06
-4.3154574321387044e-06
-3.1666479922166015e-06
-2.3131553514667190e-06
-1.6817661004018669e-06
-1.2167195465973451e-06
-8.7574147629247660e-07
-6.2689819106401979e-07
-4.4618383511839671e-07
-3.1560218452402331e-07
-2.2176521597050321e-07
-1.5470436316405342e-07
-1.0706913187745180e-07
-7.3447981956376822e-08
-4.9886754321647272e-08
-3.3497543835348985e-08
-2.2194940549790083e-08
-1.4470284881623761e-08
-9.2521312443914445e-09
-5.7610628077014275e-09
-3.4674378325972936e-09
-1.9820477934985117e-09
-1.0465770719059287e-09
-4.6771383079871933e-10
-1.3093822062525905e-10
5.9343995864479890e-11
1.5001765759383201e-10
1.8547106631345602e-10
1.9252192393962080e-10
1.7892051006309748e-10
1.5342384161738627e-10
1.3215287081099098e-10
1.0696201193353633e-10
8.6030249711640743e-11
6.8828431103279524e-11
5.5202184118628448e-11
4.2617171227794431e-11
3.2732300774071626e-11
2.3402236788831976e-11
1.5833313286554488e-11
1.5457908242526785e-11
1.0274789991002713e-11
7.8999229959713823e-12
7.7204995671917642e-12
3.4104812209534132e-12
2.8743775849581971e-12
2.4930572494737361e-12
-4.5269208724196238e-14
-2.8744677756879269e-13
-2.8608124906254768e-13
4.2238942832831973e-13
-1.1106087872401164e-12
-8.8342454653436879e-13
2.6179158079380943e-12
-8.6855088840088337e-13
9.2049895338242994e-13
4.7921116980948912e-13
-8.3031690061788147e-13
1.4347671577002877e-12
1.2574728704859324e-13
-1.2471415525772900e-12
-1.7643344609211573e-12
-5.0669642096340870e-13
-7.8364793818192592e-13
-2.3702952840343917e-12
1.7018161513166402e-12
-1.2335212693988302e-12
3.7290594960600788e-13
-9.2249032967074826e-13
2.2792390642268895e-12
-1.5085754504319182e-12
-6.6282923881317747e-13
-7.1213921976219249e-13
1.5007317760536922e-12
1.8403839066087499e-12
1.9988232305555437e-12
1.8411593285303400e-12
3.0710262879220051e-13
8.8865188418055473e-13
-2.1411785869476618e-12
-1.4216405340691978e-12
1.5448102639583934e-12
-1.7762441153007393e-12
-4.4576572760317685e-13
2.1119978230082382e-12
-4.9644106219801310e-13
-4.5915341455748764e-13
8.8587182726730901e-13
-2.2538228864324986e-12
-1.9599337575889708e-13
8.3624138991578141e-14
-1.6987468508509328e-12
8.9344497686669345e-14
4.4543836195927519e-13
1.8164314179492532e-12
-1.5641670423164070e-12
-1.7309490151458521e-12
6.0002241347956701e-13
-8.3535098226689187e-13
-5.4691572722241662e-13
-3.2061011449624385e-13
-6.5505723082770608e-13
2.6410134921355013e-13
-4.4793742040501835e-13
-1.1988133071895470e-12
-7.7325340303550254e-13
-1.0513153364785252e-12
-1.1487220793394385e-12
1.3950873659470991e-12
2.9738363863445883e-12
1.1849328830916350e-12
-8.4642839093788007e-14
1.0451806130470702e-13
8.8618476161901942e-13
9.8681807052480761e-13
-1.2391978266413137e-12
5.4811965354812610e-13
1.9892137038564431e-12
7.8446211005311713e-13
4.4367186237758588e-13
-7.7679441121920545e-14
3.1072622082943585e-13
8.9615040743761134e-13
-1.0325713924381779e-12
5.7051151665890067e-13
2.4079559412007885e-12
1.9812745036065686e-13
-6.3002938055730100e-13
2.2670010665237281e-12
-6.0329015794682101e-13
5.1806667633387189e-13
1.8604652837695953e-12
-8.9738036121954690e-13
3.1752161669331696e-12
-1.1908441998609929e-12
3.7219052994041810e-13
2.1609487305871958e-14
-8.1057087206182634e-13
2.2568279072128108e-12
-9.3300572883439577e-13
2.8623181091299176e-13
3.4757416533891757e-13
3.9172798615024343e-13
4.0731789204826468e-13
-4.6484289372664588e-15
-2.7403072228839907e-13
-1.2234930442400205e-12
6.4996006641913976e-13
-1.1962967630084079e-12
1.2287643891504140e-12
-1.1924868614126710e-12
5.6982458412597078e-13
-1.6757380054534353e-12
1.3800670785752074e-12
6.1776459139062685e-13
-1.3116781944221532e-12
8.6380709643052401e-15
-5.2294004885146499e-13
-3.1255339352572781e-12
1.0880535299998916e-12
-9.1191619838207455e-13
1.3428659194689401e-12
1.0716073277612646e-12
-3.4211860267133577e-13
-1.3413812401047257e-12
4.5871659056784885e-13
-6.7835352131862667e-13
2.9863570390441358e-13
3.5371842194107901e-13
-4.1330060940546958e-13
-6.5798063823318346e-14
-7.6872493974664315e-13
9.6397509485575377e-13
4.0295074000435502e-13
-4.6460755984719268e-13
2.5179231793682366e-13
3.0923007714590592e-12
9.7332813085927912e-13
-5.5688036121210831e-13
-8.6985354903144926e-13
-5.3335441793694928e-14
5.8493397574636095e-13
5.8725978951427945e-13
3.0570290601485423e-13
2.8124885117134411e-12
