-1.7088990751072340e-14
0.0000000000000000e+00
8.5696389780909759e-15
1.7164307399325931e-14
2.5783890221071294e-14
-8.6070678799122124e-15
1.7238933797020981e-14
8.6318269101172415e-15
-4.3220738479103317e-15
4.3282145185857990e-15
4.3343353580949808e-15
8.6808725153711533e-15
8.6930342176924635e-15
-4.3525778033097423e-15
2.1793091165281222e-14
1.3093914870949249e-14
1.3111913602723981e-14
2.6259701145433769e-14
3.7251888803141231e-14
3.0719588536382608e-14
5.4930365441690039e-14
1.6501218033574176e-14
3.0843394840873369e-14
4.1914498671825015e-14
3.2029661827130979e-14
2.8754016540774469e-14
3.8757983026004018e-14
5.4331825379094536e-14
5.1626585231639885e-14
4.8358082757954698e-14
3.4506270277895968e-14
5.3497219547340425e-14
5.6633943878012037e-14
4.6928640695560092e-14
8.1948569574159920e-14
9.3812512294879080e-14
1.0598565804485026e-13
9.1518602741810814e-14
1.2142528920152279e-13
1.5309290252483497e-13
1.7638367497186072e-13
2.5389350924288046e-13
3.6152741216828330e-13
5.0730952237957029e-13
7.1798649633551552e-13
1.0249650083276715e-12
1.5006616800401473e-12
2.1774826847757118e-12
3.1403155818157550e-12
4.5404997046413933e-12
6.5642698600495657e-12
9.4215267108036499e-12
1.3535698833447015e-11
1.9345822162309911e-11
2.7689226008159499e-11
3.9519296999324857e-11
5.6250505486991245e-11
7.9937888453445787e-11
1.1336790727198215e-10
1.6044011522770407e-10
2.2656967484301084e-10
3.1925858813471125e-10
4.4898014327774039e-10
6.3005257421070220e-10
8.8232375808740851e-10
1.2329897830098407e-09
1.7194530915729065e-09
2.3927912552921158e-09
3.3228251998714511e-09
4.6046675705334175e-09
6.3676724462773085e-09
8.7872344876110759e-09
1.2100774331439182e-08
1.6628867133663454e-08
2.2803490640892368e-08
3.1205350312492391e-08
4.2613336276432055e-08
5.8069819253534215e-08
7.8966814614076277e-08
1.0715870356145920e-07
1.4511062538961387e-07
1.9609195680971535e-07
2.6442899196146465e-07
3.5583375693891749e-07
4.7783065931746958e-07
6.4030901076785983e-07
8.5623709050348584e-07
1.1425815960864550e-06
1.5214903278951750e-06
2.0218081895243585e-06
2.6810164892252356e-06
3.5477074103946931e-06
4.6847334761064256e-06
6.1732057250645151e-06
8.1175578791393405e-06
1.0651942524832853e-05
1.3948291368584331e-05
1.8226445643602967e-05
2.3766855971726366e-05
3.0926463579987882e-05
4.0158507694476307e-05
5.2037167168038096e-05
6.7288136902991937e-05
8.6826468568863667e-05
1.1180328093264093e-04
1.4366326621575439e-04
1.8421530109920408e-04
2.3571891921576708e-04
3.0098992509362149e-04
3.8352903984097158e-04
4.8767817967047703e-04
6.1880978439978645e-04
7.8355555962403083e-04
9.9008207435493192e-04
1.2484218911004044e-03
1.5708703045508280e-03
1.9724593476672446e-03
2.4715225033798312e-03
3.0903655490067449e-03
3.8560611732643855e-03
4.8013874505323136e-03
5.9659329445332625e-03
7.3973941426748336e-03
9.1530940986603391e-03
1.1301754571292491e-02
1.3925557580914474e-02
1.7122536140535310e-02
2.1009337918020624e-02
2.5724409710352204e-02
3.1431654800118017e-02
3.8324619444257794e-02
4.6631268830392883e-02
5.6619416715573870e-02
6.8602876512867159e-02
8.2948404664665590e-02
1.0008350956949733e-01
1.2050520092554508e-01
1.4478975490430948e-01
1.7360356984516839e-01
2.0771518491352772e-01
2.4800853012871840e-01
2.9549747006055915e-01
3.5134169503198764e-01
4.1686400255475775e-01
4.9356899768151119e-01
5.8316322370507800e-01
6.8757671391698894e-01
8.0898593073186709e-01
9.4983803020817592e-01
1.1128763577236969e+00
1.3011670442362862e+00
1.5181265322011264e+00
1.7675498159414655e+00
2.0536391333109116e+00
2.3810327941900975e+00
2.7548337772140683e+00
3.1806376697611070e+00
3.6645594684293075e+00
4.2132586989296632e+00
4.8339622566356706e+00
5.5344843132112054e+00
6.3232425822106695e+00
7.2092701888595592e+00
8.2022223480635983e+00
9.3123770218426198e+00
1.0550628704692580e+01
1.1928474474736911e+01
1.3457991451823487e+01
1.5151804822784680e+01
1.7023045630641874e+01
1.9085297580164447e+01
2.1352532188243906e+01
2.3839031705080295e+01
2.6559299351931010e+01
2.9527956563463555e+01
3.2759627087448884e+01
3.6268807980981983e+01
4.0069727749419059e+01
4.4176192099980703e+01
4.8601418024079400e+01
5.3357857177856687e+01
5.8457009795513152e+01
6.3909230640535576e+01
6.9723528771081490e+01
7.5907363162274322e+01
8.2466436484296665e+01
8.9404489574916255e+01
9.6723099362221376e+01
1.0442148318158009e+02
1.1249631258395277e+02
1.2094153984468360e+02
1.2974824044717704e+02
1.3890447482938225e+02
1.4839517263844752e+02
1.5820204263683090e+02
1.6830351123916034e+02
1.7867469243198914e+02
1.8928739153833760e+02
2.0011014493695461e+02
2.1110829743540899e+02
2.2224411853071956e+02
2.3347695827696984e+02
2.4476344292335293e+02
2.5605770989676358e+02
2.6731168109000089e+02
2.7847537279047140e+02
2.8949723995641267e+02
3.0032455193011793e+02
3.1090379608275856e+02
3.2118110532559922e+02
3.3110270490983635e+02
3.4061537348361975e+02
3.4966691299086574e+02
3.5820662169195498e+02
3.6618576436970898e+02
3.7355803366187513e+02
3.8027999643869845e+02
3.8631151922395401e+02
3.9161616684094344e+02
3.9616156875012274e+02
3.9991974792874566e+02
4.0286740761956645e+02
4.0498617183758125e+02
4.0626277616143267e+02
4.0668920603819237e+02
4.0626278058404478e+02
4.0498618065501114e+02
4.0286742077651616e+02
3.9991976534299152e+02
3.9616159031337094e+02
3.9161619241995157e+02
3.8631154866190241e+02
3.8028002955679079e+02
3.7355807026114644e+02
3.6618580423301444e+02
3.5820666458611316e+02
3.4966695866892474e+02
3.4061542168721775e+02
3.3110275537162295e+02
3.2118115777168828e+02
3.1090385023517854e+02
3.0032460750923229e+02
2.8949729668327944e+02
2.7847543038911562e+02
2.6731173928957423e+02
2.5605776843356944e+02
2.4476350154271745e+02
2.3347701673494072e+02
2.2224417659558102e+02
2.1110835488900150e+02
2.0011020157579253e+02
1.8928744717452133e+02
1.7867474689391040e+02
1.6830356437200408e+02
1.5820209430287724e+02
1.4839522271718329e+02
1.3890452321743069e+02
1.2974828705805783e+02
1.2094158460841750e+02
1.1249635544652479e+02
1.0442152410427785e+02
9.6723138320864933e+01
8.9404526558996707e+01
8.2466471496040114e+01
7.5907396215648504e+01
6.9723559890761365e+01
6.3909259860843378e+01
5.8457037159347927e+01
5.3357882735627157e+01
4.8601441832652320e+01
4.4176214221656366e+01
4.0069748250943789e+01
3.6268826932606011e+01
3.2759644562036812e+01
2.9527972635662945e+01
2.6559314097403849e+01
2.3839045199799983e+01
2.1352544507859783e+01
1.9085308799434603e+01
1.7023055822933920e+01
1.5151814059643311e+01
1.3457999802602643e+01
1.1928482006294262e+01
1.0550635481142466e+01
9.3123831043643754e+00
8.2022277947608497e+00
7.2092750546662048e+00
6.3232469188393807e+00
5.5344881691397152e+00
4.8339656771266037e+00
4.2132617260792538e+00
3.6645621412411020e+00
3.1806400242405330e+00
2.7548358464797693e+00
2.3810346085989540e+00
2.0536407205933278e+00
1.7675512013436225e+00
1.5181277386321892e+00
1.3011680924176070e+00
1.1128772663384647e+00
9.4983881604922082e-01
8.0898660884665108e-01
6.8757729774813037e-01
5.8316372522554105e-01
4.9356942752391653e-01
4.1686437013382638e-01
3.5134200866001192e-01
2.9549773705553406e-01
2.4800875691513624e-01
2.0771537711568994e-01
1.7360373237313578e-01
1.4478989203288256e-01
1.2050531636631515e-01
1.0008360653632052e-01
8.2948485932934121e-02
6.8602944472951274e-02
5.6619473420763303e-02
4.6631316039935221e-02
3.8324658661306389e-02
3.1431687305829500e-02
2.5724436593807090e-02
2.1009360102617843e-02
1.7122554407268970e-02
1.3925572588564106e-02
1.1301766874247127e-02
9.1531041622419824e-03
7.3974023563886538e-03
5.9659396337552635e-03
4.8013928862738788e-03
3.8560655807262896e-03
3.0903691149147586e-03
2.4715253820798777e-03
1.9724616665255743e-03
1.5708721683586203e-03
1.2484233859169206e-03
9.9008327059131357e-04
7.8355651484604940e-04
6.1881054553389759e-04
4.8767878477133073e-04
3.8352951988596080e-04
3.0099030505772274e-04
2.3571921940312600e-04
1.8421553767500131e-04
1.4366345227424115e-04
1.1180342695435196e-04
8.6826582879530664e-05
6.7288226226021826e-05
5.2037236815510083e-05
4.0158561844598648e-05
3.0926505656033418e-05
2.3766888566654306e-05
1.8226470815233870e-05
1.3948310791015706e-05
1.0651957462658389e-05
8.1175693505763949e-06
6.1732144758018841e-06
4.6847401674943123e-06
3.5477125303789184e-06
2.6810203897803630e-06
2.0218111176164255e-06
1.5214925444534417e-06
1.1425832187780531e-06
8.5623829202014408e-07
6.4030989537939308e-07
4.7783125014480046e-07
3.5583420169881142e-07
2.6442933470171562e-07
1.9609219876995164e-07
1.4511081363017919e-07
1.0715886860190737e-07
7.8966913871410222e-08
5.8069912142339097e-08
4.2613334351678736e-08
3.1205387213176330e-08
2.2803514942337595e-08
1.6628859199967208e-08
1.2100765477723816e-08
8.7872299058570046e-09
6.3676441448178427e-09
4.6046289353529505e-09
3.3227612826896494e-09
2.3927302437056009e-09
1.7194033691209138e-09
1.2329453464739455e-09
8.8229155227803125e-10
6.3002249480083839e-10
4.4893853915431759e-10
3.1922857286336250e-10
2.2651893445408465e-10
1.6041016474739908e-10
1.1334029080282271e-10
7.9901106863843062e-11
5.6232134975728350e-11
3.9459659079423384e-11
2.7638819473432198e-11
1.9302338118646848e-11
1.3462545250830852e-11
9.3575900292955291e-12
6.5140912857197907e-12
4.4846832255828320e-12
3.1004927392927288e-12
2.1320237560747577e-12
1.4507153003716402e-12
9.6147160073215224e-13
6.4550836421331835e-13
4.3548309055994328e-13
2.8470283708252321e-13
1.5064348215077575e-13
9.3545335608079485e-14
1.1256831068002570e-14
-1.7145700558548356e-14
-5.5023454409186864e-14
-9.2527161785186730e-14
-8.9051877342601615e-14
-8.3626697278750249e-14
-1.0726546444699450e-13
-9.6807775988523048e-14
-9.5849185022318255e-14
-9.9066388862346499e-14
-9.7827845579310660e-14
-9.1595554443232053e-14
-6.3756733863223174e-14
-5.7583289067205964e-14
-6.1931727933975774e-14
-1.3253653169847302e-14
-2.7575328073569086e-14
-2.6437195577891459e-14
-3.9602923280578021e-14
-2.8563790029678827e-14
-2.1942563240273294e-14
-1.0956437883276831e-14
-4.3766168575722950e-15
0.0000000000000000e+00
-4.3646382903164154e-15
-4.3586182330562453e-15
-8.7051556066194845e-15
-8.6930342176924635e-15
-4.3404362576855766e-15
-4.3343353580949808e-15
-1.2984643555757396e-14
-8.6441476958206633e-15
-2.5895480730351728e-14
-2.5858400695531473e-14
-3.4428271519648850e-14
-3.4378520294761729e-14
-3.4328614798651863e-14
-1.7139277956181952e-14
-4.2785430648362685e-14
-3.4177981502144679e-14
-4.2659334686172065e-14
-4.2596005183686681e-14
-3.4025991585704411e-14
-3.3975030956345961e-14
-3.3923923151609684e-14
-3.3872669065797964e-14
-3.3821269594753987e-14
-3.3769725635835789e-14
-3.3718038087890357e-14
-5.0499311776841546e-14
-5.0421353741392271e-14
-5.0343184380224927e-14
-3.3509870033436304e-14
-6.6914956146712723e-14
-5.0107421920718732e-14
-6.6704561126695127e-14
-6.6598953663571486e-14
-6.6493075327079589e-14
-4.9790195956377675e-14
-4.9710385001150661e-14
-6.6173833335550324e-14
-9.9100334663350161e-14
-6.5959684488849250e-14
-9.8778328967293563e-14
-1.3148899216376867e-13
-1.3127303328057680e-13
-9.8292424243736584e-14
-9.8129694739350100e-14
-1.3062211895572535e-13
-1.3040414726456082e-13
-9.7639261209335956e-14
-9.7475044277322197e-14
-9.7310462432759900e-14
-9.7145518458550576e-14
-1.2930695352005201e-13
-1.2908607368658124e-13
-9.6648541623240443e-14
-9.6482177007162758e-14
-9.6315464211046832e-14
-9.6148406031293098e-14
-9.5981005266281413e-14
-6.3875509810862497e-14
-6.3763458122291534e-14
-6.3651183647711608e-14
-4.7654016193105425e-14
-6.3425973822992506e-14
-7.9141302770866770e-14
-6.3199895311963361e-14
-7.8858168728873479e-14
-7.8716203881568621e-14
-7.8573976942993387e-14
-4.7058894155428678e-14
-6.2630996941211723e-14
-6.2516597634396811e-14
-6.2401996165480146e-14
-7.7858993017128171e-14
-7.7715242823510788e-14
-6.2056997580996455e-14
-6.1941606260867062e-14
-3.0913011089687135e-14
-3.8568904511109066e-14
-3.0797141628788351e-14
-2.3054299567684612e-14
