-5.8131287363561949e-14
-1.1628610412631851e-13
-1.5887567203614649e-13
-2.4480416968535226e-13
-2.8807983545336127e-13
-3.3938552105072247e-13
-3.7702162119294326e-13
-4.6123778736289017e-13
-4.9317624986892861e-13
-5.3016717901368585e-13
-5.6441837677148524e-13
-6.3967258171423332e-13
-7.2020248177556556e-13
-7.7934054966616538e-13
-8.4256424855965119e-13
-9.3441991108489301e-13
-1.0022006321999534e-12
-1.0635173852025242e-12
-1.1307922354070906e-12
-1.2276290289164525e-12
-1.2975673746752425e-12
-1.3426707980995085e-12
-1.4183112071493345e-12
-1.5163197017671968e-12
-1.5470496868080014e-12
-1.5883819641765405e-12
-1.5874500489667168e-12
-1.6392441436369505e-12
-1.6615239473484562e-12
-1.6654466552176130e-12
-1.6527014686120138e-12
-1.6698615863266415e-12
-1.6144669880027905e-12
-1.5830490402551654e-12
-1.4916683791044429e-12
-1.4144168650271890e-12
-1.3063671697904684e-12
-1.1628706147662980e-12
-9.9144957954413562e-13
-8.2053372895682469e-13
-5.3965932937857905e-13
-2.8267605195371140e-13
-2.3267443480327555e-14
2.2822319975956281e-13
4.8127960050996918e-13
7.3367851036171894e-13
1.0017912824927688e-12
1.2420529760720936e-12
1.5202969893735542e-12
1.8106270986541298e-12
2.1155322738613957e-12
2.4384114894046843e-12
2.8040778883311662e-12
3.1992284939010461e-12
3.5872948118341339e-12
4.0025567424803507e-12
4.4857766302987667e-12
4.9785547726907367e-12
5.4878793276132484e-12
5.9998965304938965e-12
6.5158041245042661e-12
7.0329066875652926e-12
7.5578374029987686e-12
8.0991964072905627e-12
8.6594531006141687e-12
9.2353891378001743e-12
9.8305329830929637e-12
1.0501226033232556e-11
1.1145488724688121e-11
1.1815478905184566e-11
1.2460143368272279e-11
1.3175347392431864e-11
1.3881741918305911e-11
1.4661666970618322e-11
1.5441713692109296e-11
1.6264111702470500e-11
1.7053238518489794e-11
1.7844079234729087e-11
1.8615324772437452e-11
1.9424083722591758e-11
2.0189200069000357e-11
2.0967973120448557e-11
2.1757424812756483e-11
2.2580814207790264e-11
2.3382487462334815e-11
2.4192400428550364e-11
2.4959997504661252e-11
2.5789706540159264e-11
2.6584567119339237e-11
2.7361371824451010e-11
2.8136880071039374e-11
2.8944851860377695e-11
2.9671250671553072e-11
3.0399227861028377e-11
3.1078483914578966e-11
3.1782910461707698e-11
3.2425131567070346e-11
3.3042174936371941e-11
3.3660615104816123e-11
3.4282623152713327e-11
3.4819924211883746e-11
3.5328704856373895e-11
3.5790758395639858e-11
3.6262904153533739e-11
3.6623117138996924e-11
3.6957112448036997e-11
3.7242277119903696e-11
3.7504088235877377e-11
3.7679686226501903e-11
3.7828112001481302e-11
3.7898496686010270e-11
3.7947414303655989e-11
3.7875789269020378e-11
3.7764818968459193e-11
3.7599367478966837e-11
3.7395994287277567e-11
3.7100158225866824e-11
3.6766181795402523e-11
3.6400118732314126e-11
3.6021651360030838e-11
3.5553348377597296e-11
3.5027280221878088e-11
3.4462874161281532e-11
3.3862544779093665e-11
3.3178444907953289e-11
3.2488282213110470e-11
3.1763286526006910e-11
3.1019513254233570e-11
3.0255286030123081e-11
2.9475075840680121e-11
2.8674957812197982e-11
2.7856218420290090e-11
2.7012780955499591e-11
2.6171956347576023e-11
2.5337755924641229e-11
2.4492363114101777e-11
2.3628372196432687e-11
2.2780650458315375e-11
2.1935695215202129e-11
2.1106483996369147e-11
2.0293327738152876e-11
1.9480333663759759e-11
1.8727229458536331e-11
1.7973864565484556e-11
1.7244671099561774e-11
1.6529092854852518e-11
1.5807568798534669e-11
1.5099075739382600e-11
1.4360732674104239e-11
1.3633104151295464e-11
1.2974379843167969e-11
1.2321693983611905e-11
1.1665409498238816e-11
1.1055371617956933e-11
1.0430868967675729e-11
9.8530366881458203e-12
9.2763830971595816e-12
8.7181455467859225e-12
8.2050444527528656e-12
7.7188479719112414e-12
7.2485035888400788e-12
6.8252028848910926e-12
6.3767189563848021e-12
5.9425165461801878e-12
5.5249555276903623e-12
5.1002743159219114e-12
4.7319612004851687e-12
4.3773518899455316e-12
4.0049546315496424e-12
3.6654598712476542e-12
3.3283905054116712e-12
3.0118022617655071e-12
2.7109810805483512e-12
2.4095018632041751e-12
2.1379397592687239e-12
1.8953187651518592e-12
1.6622821715735492e-12
1.4697224913154931e-12
1.2917278975553739e-12
1.1458903789077162e-12
9.7183294819761545e-13
7.8464875956516146e-13
6.3295576566283447e-13
4.9423417492940772e-13
3.5244116488915295e-13
2.6275733665832758e-13
1.6119754082863105e-13
1.1906981158732046e-13
1.2337206052698457e-13
1.1464614889743152e-13
1.4208752323779772e-13
2.0009153417390990e-13
2.4855595764197073e-13
3.1264149457072263e-13
3.6749608052744659e-13
4.1262932958659441e-13
4.7389230916828162e-13
5.1824799288274535e-13
5.7983826020682380e-13
6.4088393422718957e-13
6.9310033447370595e-13
6.7685133133250930e-13
6.7487396700360938e-13
6.7258472952502586e-13
7.0796305430210930e-13
7.3084277658013008e-13
7.3414920646497588e-13
7.4649596052234817e-13
7.7199171310786274e-13
7.7564938006773775e-13
7.9702169945952334e-13
8.1678118915658009e-13
8.7863879946863611e-13
9.1326294162103761e-13
9.6944902459574124e-13
9.9543220146174991e-13
1.0079212645775133e-12
1.0165732361098909e-12
1.0097612439981637e-12
9.8571704525653992e-13
1.0220323636929467e-12
1.0315912104943610e-12
1.0351017711860367e-12
1.0247462712374320e-12
9.9138212259732545e-13
9.6481199596943155e-13
9.0071574710186255e-13
8.3311424323394693e-13
7.9797556635287609e-13
7.6277113159712216e-13
6.8107595380792468e-13
5.6700315482646277e-13
4.5830385830476842e-13
3.5184920067883029e-13
2.6934958547732986e-13
1.7956428110692153e-13
1.4019165352105735e-13
1.1448255684033233e-13
1.0000801164167993e-13
8.3432803112351007e-14
1.1659531773331528e-13
1.2010836745326696e-13
1.2814213412823143e-13
1.0445785682642260e-13
1.3729708301251955e-13
1.7287332783722258e-13
1.9335307971757889e-13
1.7060809335239048e-13
1.5751601697395353e-13
1.2766033389171725e-13
1.2154004077625859e-13
8.1508371777214574e-14
6.5974429220323158e-14
5.8555284691119646e-14
3.7729521497655942e-14
-1.5856994334691177e-14
