-9.3589046874434369e-16
1.5087308652942538e-14
1.6479001851626582e-14
2.9410885823366725e-14
2.3845640891306456e-14
8.9651831479208527e-15
1.6259033853955194e-14
9.5355022580957308e-15
5.7153432917020586e-15
5.7576303196624255e-15
2.0043296046567473e-15
1.3792913923480825e-14
3.8911600306401935e-14
2.5738573549673650e-14
2.5146440911469380e-14
2.4564667564786095e-14
1.0967373561786124e-14
2.7593773860598999e-14
1.5151542517884156e-14
3.4597534970240204e-14
3.3819447000188481e-14
4.3085381225579510e-14
5.2112280947526157e-14
4.3005933045203161e-14
4.5966594196599183e-14
5.1923564973008565e-14
6.9132268242058637e-14
6.5399383147573341e-14
8.0475351780504671e-14
5.9071017028608761e-14
6.8126426021169526e-14
7.6604578911963854e-14
4.3212006660879038e-14
7.0659468282367226e-14
5.0104433264825862e-14
6.0319811911920788e-14
6.2720812227614065e-14
4.2241180174247415e-14
5.2216207853998171e-14
5.7150977929248746e-14
1.2118791907410748e-14
2.2856306310088533e-14
1.6163296993153369e-14
5.0269884326856166e-15
1.7032147119087455e-14
1.7153464842128087e-14
2.1067784811541442e-14
2.5740022460374588e-14
1.6684048943247451e-14
2.1381390448253298e-14
5.1290510769892995e-15
3.3978724117764262e-17
3.8804412128839250e-15
8.2476071931423703e-15
-4.4261519491751434e-15
1.0411675522682125e-14
-7.8966308333519257e-15
-1.7595576109461339e-15
-4.3964771084902754e-15
-4.1386153008488588e-15
8.4145724439759451e-15
-1.8220790681419387e-15
4.5916666581865426e-15
1.7340491892553107e-14
2.8225883767733470e-15
4.3148333445389291e-14
2.7468100620601913e-14
3.5068394252525206e-14
4.4351781510377345e-14
3.0021939437644126e-14
4.9180961238645301e-14
5.2234901113624410e-14
5.7501442661547692e-14
7.6621879345446345e-14
6.1947190431869468e-14
7.0235093192730829e-14
5.8378669845470377e-14
5.7951539453341565e-14
6.6386729815431417e-14
4.9568010564716374e-14
4.6864857774751022e-14
5.3739837089062842e-14
4.7869223674056561e-14
2.8635151312371949e-14
2.0830081408568783e-14
9.5753889085973617e-15
5.4812379450456075e-15
1.2044977253549470e-14
-2.5500821274852076e-14
1.0976876008108659e-14
1.7028899432511060e-14
-1.1550149822286130e-14
-2.8758044645903701e-15
-3.1655231273368293e-15
-2.6704253393869838e-14
1.9948908768721578e-17
-2.4101042697245715e-14
-3.3200377524883959e-14
-5.3173358854797002e-14
-2.8379777218785470e-14
-6.5479426910263978e-14
-6.4125480338892531e-14
-4.6289262328994388e-14
-3.0213760158098779e-14
-2.8458588747857368e-14
1.5928760761301958e-14
5.9737530152772459e-15
1.3168560100819904e-14
8.9705734650362895e-15
9.2780681364687936e-15
9.4625878103137720e-15
2.2513599090685183e-14
-3.7052056311837208e-14
-6.6008464811973570e-14
-7.6517262887156520e-14
-9.9790763772744911e-14
-1.0724518483456556e-13
-1.3175602177246773e-13
-1.3559061710907979e-13
-1.1622887500175794e-13
-1.3722736332989147e-13
-1.2516959538344003e-13
-1.3529250836740978e-13
-1.5866030849115305e-13
-1.5603415652452351e-13
-1.5851874140004917e-13
-1.5112917276211138e-13
-1.7723108128835786e-13
-1.8197837680426322e-13
-1.8333884701973732e-13
-2.0147031236553562e-13
-2.3094613381866639e-13
-2.4483566797729135e-13
-2.2274520960594414e-13
-2.5139287831280766e-13
-2.5676201288849848e-13
-2.8092244073105933e-13
-2.9825157235158100e-13
-3.2974356560193543e-13
-3.7070280069669073e-13
-4.0402715495401005e-13
-4.1183191949670036e-13
-4.5713312938880271e-13
-5.1726336993700093e-13
-5.7981085451994813e-13
-6.2062470519760152e-13
-6.8935415097031594e-13
-7.3702466269842367e-13
-8.1250089764379868e-13
-8.3717084545861157e-13
-8.8195545635544777e-13
-9.3725347513046740e-13
-9.9885643587164994e-13
-1.0670759740680549e-12
-1.1872434730497318e-12
-1.2764122111425563e-12
-1.3793657562928890e-12
-1.4536607492123980e-12
-1.6281044993165249e-12
-1.7735351717565868e-12
-1.9557999408729979e-12
-2.1201393968265340e-12
-2.3430377705311931e-12
-2.5866193323312284e-12
-2.8490441491293836e-12
-3.0971836457083079e-12
-3.4163597648094685e-12
-3.7712838924959256e-12
-4.1268788853428637e-12
-4.5307136217074603e-12
-4.9940286657794665e-12
-5.5224502208349726e-12
-6.0955904986937592e-12
-6.6971993307688640e-12
-7.4149623621096999e-12
-8.1823288986717205e-12
-9.0352639079341143e-12
-9.9511070817361731e-12
-1.0955514930921557e-11
-1.2015775108682033e-11
-1.3166938168688724e-11
-1.4375729748592702e-11
-1.5693951676694838e-11
-1.7100497189546328e-11
-1.8584018086126845e-11
-2.0166862205156490e-11
-2.1885367041208942e-11
-2.3691742114766475e-11
-2.5615948290638980e-11
-2.7603349284330483e-11
-2.9759149693308748e-11
-3.1984189019581585e-11
-3.4348904951634818e-11
-3.6779881797912840e-11
-3.9321948451161444e-11
-4.1926532545208286e-11
-4.4615511429816698e-11
-4.7325794382322383e-11
-5.0138452924469097e-11
-5.2999524620997723e-11
-5.5890299596677305e-11
-5.8821834213579878e-11
-6.1787959985709601e-11
-6.4765900684344148e-11
-6.7751050345010607e-11
-7.0698071870967370e-11
-7.3682895440305573e-11
-7.6593326908963027e-11
-7.9455199184559999e-11
-8.2251154327809539e-11
-8.4984918108198335e-11
-8.7582601509609114e-11
-9.0114614797840504e-11
-9.2477364143872393e-11
-9.4746747414790182e-11
-9.6829538275404584e-11
-9.8747736650583529e-11
-1.0049749961607814e-10
-1.0202986433457940e-10
-1.0337531199231582e-10
-1.0454444340694486e-10
-1.0547639100625249e-10
-1.0617612617234960e-10
-1.0668335998180663e-10
-1.0694234478652085e-10
-1.0701575120534530e-10
-1.0681813617689782e-10
-1.0644625177084376e-10
-1.0583651472860578e-10
-1.0497589865958116e-10
-1.0394993184225721e-10
-1.0269298636343107e-10
-1.0121109030451102e-10
-9.9600403401255509e-11
-9.7773671277386535e-11
-9.5785190616834258e-11
-9.3659502991512617e-11
-9.1361337121041699e-11
-8.8935214400564598e-11
-8.6403037224757505e-11
-8.3688428445023371e-11
-8.0985748921652236e-11
-7.8154186809599531e-11
-7.5302984890379245e-11
-7.2409622760822387e-11
-6.9466214108384822e-11
-6.6527550337432352e-11
-6.3650168330616273e-11
-6.0702922775500166e-11
-5.7843664686370199e-11
-5.4959543759076860e-11
-5.2139614087464253e-11
-4.9360063047636494e-11
-4.6628318054790314e-11
-4.3936172963245619e-11
-4.1327335986916944e-11
-3.8779621312972297e-11
-3.6331881921148219e-11
-3.3962417151042215e-11
-3.1700768070167633e-11
-2.9536876306590295e-11
-2.7459917196555231e-11
-2.5493365532851583e-11
-2.3629194017041430e-11
-2.1857691135197218e-11
-2.0187748223960863e-11
-1.8608146136846224e-11
-1.7116543484721741e-11
-1.5720527946653697e-11
-1.4389368824176063e-11
-1.3154525405020151e-11
-1.2010392356135457e-11
-1.0901788920002834e-11
-9.9092512180652484e-12
-8.9804875870981599e-12
-8.1558452295967031e-12
-7.3547515552418924e-12
-6.6626044051404925e-12
-6.0111295970091215e-12
-5.4404950960274078e-12
-4.9064677197910560e-12
-4.4492152456507126e-12
-3.9995697503137490e-12
-3.5937473470582281e-12
-3.2468009352039469e-12
-2.9111221061183378e-12
-2.5913517554965583e-12
-2.3321899688701558e-12
-2.0801136727237470e-12
-1.8698304194987418e-12
-1.6733382074537869e-12
-1.4825721292858445e-12
-1.3105663440823364e-12
-1.1739096477252295e-12
-1.0334850815778754e-12
-8.7892991566732073e-13
-7.2989474800021832e-13
-6.1873320545732405e-13
-5.3669505732740053e-13
-4.3978399167920903e-13
-3.6712495311149363e-13
-3.1740356872484539e-13
-2.5372367514717525e-13
-1.9916911943359588e-13
-1.6943728678652422e-13
-1.2975713984895303e-13
-1.0291031757417722e-13
-9.8503530228082008e-14
-8.4458033276429352e-14
-6.9876972883017832e-14
-7.8532871100805368e-14
-6.2582660340607834e-14
-5.7579266997735166e-14
-6.0802647439719803e-14
-6.3576200380932041e-14
-6.3258734233753106e-14
-4.0073822482839482e-14
-4.1121091715545206e-14
-4.4092438726283448e-14
-4.0376583161351834e-14
-2.4678821723310281e-14
-3.0548736787950718e-14
-4.0164912786010513e-14
-5.2891485695769904e-14
-3.6265397743600404e-14
-3.0609580558932969e-14
-2.4378557729612845e-14
-2.8111321398822399e-14
-2.9541135463046411e-14
-3.7197736627282861e-14
-3.1873881013230304e-14
-3.7056103754337768e-14
-8.2096158075384402e-15
-8.7033152301432473e-15
1.3638967410051592e-14
3.7321256128165493e-14
7.5503697371906698e-14
5.5116739262161428e-14
6.2671094071540033e-14
7.0213462398717003e-14
8.9443264003438286e-14
1.1877068428565066e-13
1.1450608951896645e-13
1.2107582997676837e-13
1.6448445041098193e-13
1.3336622058091708e-13
1.2578979280934413e-13
1.3753966470691845e-13
1.4617102269207984e-13
1.4576249374794576e-13
1.6261403056464568e-13
1.3519907202105934e-13
1.6499077878108315e-13
1.5578737709529800e-13
1.6274362633386420e-13
1.3342784593472330e-13
1.5032669000000407e-13
1.6503957228027650e-13
1.4229197254424205e-13
1.0438981346048999e-13
5.2400322887653460e-14
-1.1112925201997855e-14
-2.0903599062657919e-14
-5.3956078771556519e-14
-4.4666068764394329e-14
-4.4330586832326801e-14
-4.4115916297303767e-14
-7.1337135690227348e-14
-2.2751224643217572e-14
-1.0936193714387416e-14
-7.7847089833457157e-15
-3.7111222812931480e-15
2.4175679756131156e-15
1.1956144704483608e-14
1.4957083244768593e-14
1.3821906436956798e-14
2.0141403350583376e-14
1.1974505648853875e-14
1.5538793144981091e-14
1.9623442750927312e-14
9.0517307424370224e-15
3.3061244346146325e-14
2.0454810489346458e-14
2.3114622523000808e-15
2.2147679100308959e-14
-1.6075026754962068e-14
3.9103410619510472e-15
3.9433781843097681e-15
2.2585335757110378e-16
-6.5282175794737421e-15
-1.4854756244993086e-14
-5.9338718948829275e-15
1.2962055118114629e-14
-7.6600077264109014e-15
8.9926663390011736e-15
7.6796086328370921e-15
-2.1779964294033868e-16
-2.6789050195395885e-15
-7.8946373436516321e-15
-8.5291647850056347e-15
2.3180544057082084e-15
-7.7061146062039588e-15
1.1157220538423785e-14
2.2148579906123627e-14
1.6742365647179830e-14
3.5807310619460835e-15
8.2565486970837980e-15
2.1428050927043134e-14
1.9857136999506001e-14
3.0337614351020958e-14
2.0720087211720396e-14
3.0298214598597955e-14
1.8487541003341204e-14
5.7538784827652760e-15
2.8196937463200394e-14
5.2883147204170842e-15
3.8748247537488932e-14
8.0675117115463335e-15
4.0946713596642838e-14
4.6523579110417163e-14
4.4325323031145164e-14
4.6145471714107056e-14
3.8141138577020695e-14
3.4029318431364527e-14
4.7219060072010579e-14
5.3226141055954887e-14
6.8633905903824057e-14
9.7295843789220168e-14
7.8044855686916743e-14
5.1706592331120196e-14
5.5395261305849789e-14
4.2288005278540312e-14
3.3504748792590620e-14
4.8851464683975029e-14
5.7204142546830413e-14
6.9673628932274314e-14
7.3233258700249398e-14
4.0374141329877013e-14
4.7825489813637651e-14
4.0120640130720104e-14
4.0111375907415583e-14
5.4455157640884304e-14
5.6219671556526262e-14
8.6508853552961303e-14
6.8001545454126378e-14
3.4780967514513107e-14
4.7104267377750946e-14
4.3843034242946606e-14
4.1513931439325414e-14
2.4083387420585832e-14
4.5492716580426847e-14
6.1169163463118148e-14
6.4138725031754505e-14
2.7988817727382858e-14
3.2333864759537195e-14
3.6641942562440615e-14
2.7140879286115402e-14
3.7361251902257370e-14
4.8459148541814590e-14
4.6928465602699994e-14
3.3104885204661799e-14
1.5360910771818162e-15
2.2576961608691507e-14
4.8112426133538363e-14
1.6615330372400219e-14
2.4019319475942479e-14
3.6493206806661837e-14
2.8878492563083549e-14
4.3423704761703909e-14
2.8215549393843535e-14
3.8125010633360252e-14
3.0627009650650196e-14
3.1494502165049288e-14
4.0665153246842611e-14
3.4679543466768686e-14
3.4909052091926719e-14
3.7999122255468315e-14
3.8194110342271087e-14
1.2057305113283989e-14
3.4610566754539261e-14
2.0019238910493078e-14
4.1408274300133925e-14
3.2000030187946543e-14
4.0025544175686318e-14
6.2759650030664098e-14
3.0516566254128289e-14
5.0119893588806101e-14
4.2909558905287896e-14
2.6210348621802828e-14
2.0372412656884467e-14
1.9486542296074399e-14
1.7070989398107168e-14
2.8251450534016992e-14
2.5919395627862520e-14
1.9972916693973918e-14
3.3078878682565031e-14
8.0627561187283483e-15
1.2347719350972872e-14
1.2152616331522982e-14
1.6416363112659065e-14
1.5916570278673738e-14
-3.3016309810635216e-15
7.8057427759361089e-15
2.2726783831671276e-14
3.7789032926354677e-15
7.6920248995356035e-16
1.6776255048881117e-14
5.7822426699792342e-15
1.8356882216523982e-14
-8.9185270784702740e-16
-5.1328217234977392e-15
7.4399330805147558e-15
