6.0718149958980929e-13
-2.5006730350515676e-13
-2.3560425112376031e-13
-2.8488895789528649e-12
1.9336373911110323e-12
-5.6328543622509719e-13
-2.3839903534203919e-12
4.3782768752997570e-14
5.9059520157698387e-13
-3.9751290963595251e-13
-1.2007157130276171e-12
-1.9582122582724993e-12
1.1436122798005000e-12
-7.2801127958320014e-13
3.6809043035129825e-13
-2.1565628535813506e-12
6.5544871537814148e-13
3.7909030176831906e-13
1.1237795045611434e-12
4.2030717874849439e-13
1.6020874886983184e-12
1.0215138633871063e-12
-6.6240722221935322e-13
1.3881461024606128e-12
1.7490352096023694e-12
-9.4419812446205561e-13
2.1481197061537893e-12
-2.1390460957479291e-13
3.8737987135443489e-14
2.4467134717946454e-12
3.8302619426635024e-13
-4.2382319972803735e-13
2.4053447302206836e-12
1.7930668384480768e-12
2.3319389425909655e-12
2.7129203020854672e-12
1.8552013000705736e-12
3.2175818720956735e-12
6.1788549657393565e-12
6.5213800631561500e-12
6.7385562291575384e-12
9.3263259579253099e-12
1.4927490137019931e-11
1.7496335304706143e-11
2.1828720602544409e-11
3.0480641606088395e-11
3.7132162233143964e-11
4.3848930205836055e-11
5.1233141864762947e-11
5.7183876166458613e-11
5.7110507993202010e-11
4.9170812056662997e-11
2.0021324397888109e-11
-3.5329858214234600e-11
-1.4047252187958140e-10
-3.1721301640663017e-10
-6.1657017334020960e-10
-1.0879170674285220e-09
-1.8266330536349332e-09
-2.9543286517325931e-09
-4.6517922314835024e-09
-7.1706972223647200e-09
-1.0863228528667661e-08
-1.6217658265676837e-08
-2.3914037451865545e-08
-3.4874188869615725e-08
-5.0351811359176158e-08
-7.2036980423635368e-08
-1.0220658835217601e-07
-1.4387572326642401e-07
-2.0103953631048328e-07
-2.7893717181289724e-07
-3.8441289875944372e-07
-5.2631318133594619e-07
-7.1603060034757377e-07
-9.6808400943954446e-07
-1.3008649842146296e-06
-1.7374783334988949e-06
-2.3066692468941906e-06
-3.0439012751049972e-06
-3.9924755765110800e-06
-5.2046748742029792e-06
-6.7428227173400492e-06
-8.6801703604902648e-06
-1.1101379771067732e-05
-1.4102286783763747e-05
-1.7788677625539563e-05
-2.2273369360455939e-05
-2.7671106860355047e-05
-3.4090090619658235e-05
-4.1619147454144092e-05
-5.0308797010047857e-05
-6.0144351232889024e-05
-7.1008423735251092e-05
-8.2629809457778432e-05
-9.4514855915646447e-05
-1.0585665638311065e-04
-1.1541636174525693e-04
-1.2136997878779968e-04
-1.2111257635097305e-04
-1.1101071784682562e-04
-8.6092337897576322e-05
-3.9661988547954648e-05
3.7172328351434796e-05
1.5607567673733177e-04
3.3218251336970432e-04
5.8493002129248286e-04
9.3904644269368761e-04
1.4257121150372980e-03
2.0839102147224269e-03
2.9619820712449194e-03
4.1193985748090153e-03
5.6287540538527718e-03
7.5779816485324735e-03
1.0072779376307690e-02
1.3239223294474812e-02
1.7226527803787858e-02
2.2209893015699540e-02
2.8393354581225126e-02
3.6012522329799609e-02
4.5337059778639797e-02
5.6672717662396621e-02
7.0362690078480714e-02
8.6788012973037162e-02
1.0636667113081547e-01
1.2955102294597393e-01
1.5682309290798599e-01
1.8868722196529819e-01
2.2565950716094219e-01
2.6825340762252359e-01
3.1696084642855860e-01
3.7222810137941387e-01
4.3442575592964466e-01
5.0381197957047064e-01
5.8048842941297440e-01
6.6434811714031605e-01
7.5501467333665262e-01
8.5177256935047063e-01
9.5348803111029468e-01
1.0585206032411130e+00
1.1646255995642874e+00
1.2688480096747559e+00
1.3674088213856539e+00
1.4555851640668436e+00
1.5275861747974069e+00
1.5764270310279027e+00
1.5938041711504325e+00
1.5699753248227621e+00
1.4936485825246686e+00
1.3518853289415012e+00
1.1300224244460251e+00
8.1161951775905072e-01
3.7843778206417594e-01
-1.8954334392768749e-01
-9.1406469049684747e-01
-1.8184744927317142e+00
-2.9275577122148286e+00
-4.2673016294587471e+00
-5.8645925582678586e+00
-7.7468395839297823e+00
-9.9415225734088395e+00
-1.2475663351036420e+01
-1.5375220869305705e+01
-1.8664413413105898e+01
-2.2364973325358473e+01
-2.6495342388569441e+01
-3.1069818782452185e+01
-3.6097669392081599e+01
-4.1582224081513033e+01
-4.7519971281019238e+01
-5.3899676760529417e+01
-6.0701549669975130e+01
-6.7896481708564437e+01
-7.5445386531449088e+01
-8.3298667109419085e+01
-9.1395838632321983e+01
-9.9665333610224863e+01
-1.0802451401787779e+02
-1.1637991261084836e+02
-1.2462772190554310e+02
-1.3265454478069211e+02
-1.4033841527715887e+02
-1.4755009203232228e+02
-1.5415462000503234e+02
-1.6001314887917124e+02
-1.6498498896074912e+02
-1.6892987771275068e+02
-1.7171042253226133e+02
-1.7319467820725617e+02
-1.7325881094507045e+02
-1.7178979518578987e+02
-1.6868808483748555e+02
-1.6387019731004293e+02
-1.5727114696570473e+02
-1.4884666449413027e+02
-1.3857514035989959e+02
-1.2645923391051062e+02
-1.1252709496706780e+02
-9.6833151682325834e+01
-7.9458427016463446e+01
-6.0510356166316257e+01
-4.0122088450819433e+01
-1.8451269218014346e+01
4.3216900296734098e+00
2.7995832251844373e+01
5.2352332508506890e+01
7.7157586767362019e+01
1.0216665481458200e+02
1.2712699026858517e+02
1.5178238236016909e+02
1.7587702768377906e+02
1.9915964576528594e+02
2.2138755019095817e+02
2.4233058728781981e+02
2.6177485695216444e+02
2.7952613512908874e+02
2.9541292451724973e+02
3.0928906910499580e+02
3.2103587887079760e+02
3.3056372308221876e+02
3.3781306374236584e+02
3.4275491446936422e+02
3.4539072404640120e+02
3.4575169763837380e+02
3.4389758184005905e+02
3.3991495192927562e+02
3.3391505061330145e+02
3.2603123689337519e+02
3.1641611120204811e+02
3.0523838852649112e+02
2.9267959471904163e+02
2.7893066258444691e+02
2.6418850365750075e+02
2.4865262894518403e+02
2.3252188746099182e+02
2.1599138533289039e+02
1.9924964086765155e+02
1.8247602248155658e+02
1.6583850715819466e+02
1.4949178737459334e+02
1.3357574455204013e+02
1.1821429732929003e+02
1.0351462359503110e+02
8.9566746494949626e+01
7.6443466753515438e+01
6.4200616788234768e+01
5.2877606368452099e+01
4.2498225062127865e+01
3.3071663458013546e+01
2.4593713143330813e+01
1.7048104614135045e+01
1.0407942621138869e+01
4.6371998016385749e+00
-3.0776830835518387e-01
-4.4767207940026479e+00
-7.9240717349506005e+00
-1.0707499724846320e+01
-1.2886648519506059e+01
-1.4521936354735736e+01
-1.5673487041352354e+01
-1.6400191644486839e+01
-1.6758905494209593e+01
-1.6803781544144794e+01
-1.6585737762728950e+01
-1.6152053357500268e+01
-1.5546086225931697e+01
-1.4807102108598839e+01
-1.3970204487246297e+01
-1.3066353302453557e+01
-1.2122460032267915e+01
-1.1161546533910988e+01
-1.0202955258158962e+01
-9.2625989483481579e+00
-8.3532386791869708e+00
-7.4847800204431261e+00
-6.6645781747896748e+00
-5.8977440880537317e+00
-5.1874447191060478e+00
-4.5351918459553655e+00
-3.9411149402070671e+00
-3.4042147361465971e+00
-2.9225951314986034e+00
-2.4936719688478477e+00
-2.1143580486832128e+00
-1.7812244126469041e+00
-1.4906385071932986e+00
-1.2388802963547501e+00
-1.0222377439808945e+00
-8.3708333803635693e-01
-6.7993349280245585e-01
-5.4749274965909644e-01
-4.3668471524165520e-01
-3.4467163820799634e-01
-2.6886444451296554e-01
-2.0692493564026915e-01
-1.5676171509566822e-01
-1.1652125364052043e-01
-8.4575341119852709e-02
-5.9506008317543456e-02
-4.0088841436513124e-02
-2.5275458375301783e-02
-1.4175773180917246e-02
-6.0405445757690020e-03
-2.4458823348293970e-04
3.7290697851275526e-03
6.3039086172608748e-03
7.8233811107609550e-03
8.5630798165910321e-03
8.7415935500366384e-03
8.5300852913616880e-03
8.0606502370106550e-03
7.4335327691606523e-03
6.7232938555334028e-03
5.9840275702203669e-03
5.2537279963306939e-03
4.5579063936329834e-03
3.9125550437147652e-03
3.3265480947652663e-03
2.8035629190527891e-03
2.3435975324884338e-03
1.9441516762061641e-03
1.6011309722383472e-03
1.3095258232301422e-03
1.0639093868447238e-03
8.5879215767339456e-04
6.8886464573406547e-04
5.4915407266711337e-04
4.3511639418501854e-04
3.4268065635253628e-04
2.6825934788576915e-04
2.0873536136037499e-04
1.6143369596488240e-04
1.2408410831431444e-04
9.4779296688350735e-05
7.1931750761264137e-05
5.4231644950648758e-05
4.0607154721034879e-05
3.0188100856030741e-05
2.2273342719310100e-05
1.6302105235274194e-05
1.1829078857176351e-05
8.5031539140535686e-06
6.0494145353996436e-06
4.2541351479802003e-06
2.9522959874143419e-06
2.0174014628312925e-06
1.3531829470552417e-06
8.8692028720733687e-07
5.6409566218613990e-07
3.4416663312202458e-07
1.9722696350283862e-07
1.0142202637174413e-07
4.0933708369001513e-08
4.4275433294663820e-09
-1.6129757014223448e-08
-2.6350941017356982e-08
-3.0091573165405075e-08
-2.9972938808100931e-08
-2.7727347144054793e-08
-2.4466741627445092e-08
-2.0882159583430744e-08
-1.7381140382802578e-08
-1.4179109431141576e-08
-1.1383042946231582e-08
-9.0075789266922069e-09
-7.0445372738943702e-09
-5.4506568077314968e-09
-4.1780495488228016e-09
-3.1718463768366963e-09
-2.3893576705353396e-09
-1.7873298901044208e-09
-1.3248559112129335e-09
-9.7557565981219232e-10
-7.1519580069353126e-10
-5.1920238430305784e-10
-3.7391175375969687e-10
-2.6844766991492173e-10
-1.9444109219891061e-10
-1.3609256198422547e-10
-9.7287013799487170e-11
-6.7589732603460139e-11
-4.5878324191951568e-11
-3.2675397713051837e-11
-2.1678193628857308e-11
-1.3603206638558911e-11
-1.1667568849082168e-11
-7.1364713185748133e-12
-3.7704428107841942e-12
-2.3861966981854793e-12
-1.3319765600439097e-12
-1.1573111735831724e-12
1.0463858190985362e-12
-3.5732764053669859e-14
2.8168315032518227e-13
1.4082196132153889e-12
2.1151483039918477e-13
2.0750689077139804e-12
1.6741146130047926e-13
-1.8411718073975297e-12
4.1784937646842085e-13
-5.9200202652104841e-14
-2.8951527361452864e-12
-2.5237433202738381e-13
-6.3291270289544831e-13
-7.8937860115943369e-13
-1.1557972271817902e-12
-1.6283812213895213e-12
-2.6200783153224027e-13
4.0676038720307406e-13
1.1372269502834334e-12
-1.3925796153043873e-12
-1.6561513308178180e-12
2.7129035923737634e-12
-1.9906929574002820e-12
-1.1442425520798756e-13
5.9200797214833882e-13
-1.3823572633103148e-13
-4.5044209296569812e-13
1.6435458616941625e-12
9.3067533286338222e-13
5.4565946815904561e-13
1.8700678057146955e-12
6.0397161043742143e-13
-6.0023306453614598e-13
-9.0028455309238673e-13
-6.6790541686411422e-14
5.1217854562751381e-13
1.1981539673096567e-13
1.8039337868174212e-12
-2.9204983222400765e-12
1.3259726717405531e-12
-3.6742815050535563e-13
8.4184442054769299e-13
2.1720849067790866e-12
-1.0152551300417711e-12
-1.5624420998303867e-12
1.2374785215980516e-12
-5.3550196110158586e-13
5.4373052259516361e-14
8.4481953611247355e-13
1.2078079209105407e-12
-7.9496546938747201e-13
-1.0933743544527428e-12
1.3506056942109365e-13
-2.5435394959630338e-13
6.8446725971358682e-13
2.7179661503596985e-12
-5.2895676682662509e-13
2.2167931181083634e-12
2.0825094884113910e-12
1.5617997569273637e-12
-2.4636131515186770e-12
1.0270887364561157e-12
-1.4389849994253257e-13
-1.1419847663752714e-12
1.0631725539015300e-13
8.0312989451203153e-13
-1.7387485708852704e-12
5.6564183981311693e-13
-1.6297342529174935e-12
3.7742522926092331e-13
-1.3634829076295313e-12
-8.6981817188392978e-14
-4.6256642457594137e-13
2.5428711361960781e-13
-1.0842979086215400e-13
1.0869962175168209e-12
-2.9895396020640716e-14
1.7661102599621131e-12
7.1314439588930832e-13
-1.0207592297776119e-13
1.3434991310587607e-12
2.8941705782790937e-12
-2.8747373978428249e-12
-4.5697208559526953e-13
1.2772617582434897e-12
-1.1453820452210725e-12
-1.6179882619580679e-12
-1.0241678058189945e-12
-1.4132319614018722e-13
1.5257725727385372e-12
-7.9693400907332567e-13
-5.1211600840511815e-15
-4.7499515503317201e-13
1.1515299288038054e-12
7.5777004563638997e-13
-3.9551603248514044e-12
8.0808063846732713e-13
-3.1909856268101321e-13
-6.0511903167135906e-13
7.7524758905248591e-13
2.9037239421859602e-13
-1.2890705052645980e-12
-1.2007623054993299e-12
5.5133807154881644e-13
8.4838770563236444e-13
8.9640736526520485e-15
1.3946482645480464e-12
-1.2433215310905850e-12
-4.1154983733819532e-13
9.1631313534501311e-13
-1.5051772644184456e-12
9.5165238538496890e-13
1.0094584253457241e-12
-9.9703004083346705e-13
-1.8272470919879906e-12
1.6414655783577314e-12
-1.2211773139817712e-13
-5.7237042355343535e-13
-2.4161383203056641e-12
4.8035814128262325e-13
-1.4769040602677669e-12
