3.2665644768708913e-03
2.9624183539575244e-03
2.4272736067948992e-03
1.5995551407908338e-03
4.0137151679569308e-04
-1.2583893658488388e-03
-3.4885017474504056e-03
-6.4176427832969909e-03
-1.0197446735606557e-02
-1.5005830998232319e-02
-2.1049539397161528e-02
-2.8567195894047628e-02
-3.7831284102201310e-02
-4.9151917974864290e-02
-6.2880116583809514e-02
-7.9416686204570375e-02
-9.9219057789084242e-02
-1.2281486687161308e-01
-1.5080693735402742e-01
-1.8387930809671951e-01
-2.2279840794488653e-01
-2.6841467458567797e-01
-3.2167826541725925e-01
-3.8365237030621629e-01
-4.5552387135357725e-01
-5.3861107129204067e-01
-6.3435812514302237e-01
-7.4435264771883980e-01
-8.7034883197832913e-01
-1.0142670312802526e+00
-1.1781956708587167e+00
-1.3644077371491499e+00
-1.5753733368465923e+00
-1.8137623483638377e+00
-2.0824501195753276e+00
-2.3845294251212574e+00
-2.7233149657222571e+00
-3.1023380617858871e+00
-3.5253597559092951e+00
-3.9963763105320380e+00
-4.5196009799997734e+00
-5.0994633564592098e+00
-5.7406184071718895e+00
-6.4479271227243986e+00
-7.2264487346549773e+00
-8.0814207938808291e+00
-9.0182369724104525e+00
-1.0042436981345368e+01
-1.1159679285236754e+01
-1.2375714725875353e+01
-1.3696352600908289e+01
-1.5127418839904376e+01
-1.6674718737690991e+01
-1.8343989750463400e+01
-2.0140858007885647e+01
-2.2070786306501351e+01
-2.4139021250509792e+01
-2.6350535327010128e+01
-2.8709966016597772e+01
-3.1221552841493050e+01
-3.3889071471419946e+01
-3.6715767470032610e+01
-3.9704288120197170e+01
-4.2856614925027742e+01
-4.6173995700126035e+01
-4.9656878346757168e+01
-5.3304845994758253e+01
-5.7116554998183396e+01
-6.1089676216277162e+01
-6.5220840419765366e+01
-6.9505588985976729e+01
-7.3938330037302080e+01
-7.8512302006222882e+01
-8.3219544222969887e+01
-8.8050877197195049e+01
-9.2995892139408355e+01
-9.8042951718026046e+01
-1.0317920235770902e+02
-1.0839059626694645e+02
-1.1366192567073949e+02
-1.1897686293444629e+02
-1.2431801350133209e+02
-1.2966697879150490e+02
-1.3500443457026370e+02
-1.4031023059515084e+02
-1.4556349650841295e+02
-1.5074276077504618e+02
-1.5582606875323330e+02
-1.6079110487925200e+02
-1.6561534387235434e+02
-1.7027620501882996e+02
-1.7475120821178163e+02
-1.7901813176987179e+02
-1.8305516485901038e+02
-1.8684107974643956e+02
-1.9035541090110510e+02
-1.9357860380803848e+02
-1.9649216541443892e+02
-1.9907883822002941e+02
-2.0132275070021217e+02
-2.0320953783637503e+02
-2.0472647841809976e+02
-2.0586262626653874e+02
-2.0660890545322937e+02
-2.0695820112237288e+02
-2.0690543836895540e+02
-2.0644763599528969e+02
-2.0558396283934610e+02
-2.0431576049035081e+02
-2.0264653833210789e+02
-2.0058196943482403e+02
-1.9812985601871955e+02
-1.9530008890252756e+02
-1.9210458390028481e+02
-1.8855719426127840e+02
-1.8467361221301306e+02
-1.8047124868717322e+02
-1.7596910563641464e+02
-1.7118763388223621e+02
-1.6614858037513545e+02
-1.6087482672360204e+02
-1.5539021666141966e+02
-1.4971937952342756e+02
-1.4388754612288614e+02
-1.3792036440397447e+02
-1.3184371236679249e+02
-1.2568351372377757e+02
-1.1946555560389643e+02
-1.1321531158267514e+02
-1.0695777100760162e+02
-1.0071727608691522e+02
-9.4517368845281325e+01
-8.8380648083388067e+01
-8.2328638980296489e+01
-7.6381674691718189e+01
-7.0558792491722429e+01
-6.4877643689905042e+01
-5.9354419074165691e+01
-5.4003789534335674e+01
-4.8838862099430244e+01
-4.3871151165050009e+01
-3.9110563811089278e+01
-3.4565397604426863e+01
-3.0242351941209165e+01
-2.6146548575751112e+01
-2.2281569986850005e+01
-1.8649507395221189e+01
-1.5251028019031351e+01
-1.2085450501433437e+01
-9.1508213473143325e+00
-6.4439981276096674e+00
-3.9607282752550619e+00
-1.6957443492642821e+00
3.5712510209178117e-01
2.2048580022051327e+00
3.8551397864555623e+00
5.3162690246850142e+00
6.5970601108745939e+00
7.7067307731402508e+00
8.6548079427709936e+00
9.4510552414642639e+00
1.0105377368755658e+01
1.0627722126719407e+01
1.1028018492398227e+01
1.1316114997340899e+01
1.1501696435189272e+01
1.1594226141395655e+01
1.1602905604611511e+01
1.1536622512914663e+01
1.1403912478869895e+01
1.1212925740159909e+01
1.0971389253342434e+01
1.0686600380872594e+01
1.0365412018487188e+01
1.0014215443385250e+01
9.6389381406296444e+00
9.2450347432204083e+00
8.8374967473283768e+00
8.4208623764223773e+00
7.9992276619531912e+00
7.5762628252810265e+00
7.1552239084365299e+00
6.7389718911554404e+00
6.3299901256234667e+00
5.9304063547924111e+00
5.5420154770691630e+00
5.1663027526712950e+00
4.8044684629702177e+00
4.4574507532545793e+00
4.1259498931185732e+00
3.8104501577199117e+00
3.5112426945410182e+00
3.2284461339972461e+00
2.9620275413863819e+00
2.7118214190111214e+00
2.4775483709981558e+00
2.2588322219255348e+00
2.0552161507858209e+00
1.8661777994429478e+00
1.6911427144759981e+00
1.5294973119596680e+00
1.3805993777015779e+00
1.2437883923774127e+00
1.1183928291710379e+00
1.0037372270605163e+00
8.9914733264626012e-01
8.0395509306810264e-01
7.1750529836903765e-01
6.3916161613436451e-01
5.6831487716929030e-01
5.0438786441693584e-01
4.4683380774123260e-01
3.9513534694501357e-01
3.4879473140818984e-01
3.0733979564423181e-01
2.7032930415373230e-01
2.3735575759289984e-01
2.0804610115039796e-01
1.8204798266556671e-01
1.5902650075879438e-01
1.3868166999846573e-01
1.2074231185475051e-01
1.0495504776325833e-01
9.1085440357745628e-02
7.8924819334865767e-02
6.8284233887438373e-02
5.8990432605296038e-02
5.0887308618852128e-02
4.3839373004526991e-02
3.7719063007265886e-02
3.2411045209045579e-02
2.7821723328369297e-02
2.3866149238540663e-02
2.0458578779574028e-02
1.7529984819122806e-02
1.5020727064606847e-02
1.2879964608721092e-02
1.1064435010048805e-02
9.5284779383492980e-03
8.2322899208467550e-03
7.1431200273593919e-03
6.2341870532875137e-03
5.4872237555018159e-03
4.8842894107814271e-03
4.4101475935534656e-03
4.0481467752949080e-03
3.7824665973593035e-03
3.5979737923101224e-03
3.4805705755483985e-03
3.4176230015113759e-03
3.3965943036556737e-03
3.4051293126223202e-03
3.4287832772380844e-03
3.4514430452936349e-03
3.4511601651084790e-03
3.4045770816709697e-03
