-1.7088990751072340e-14
-2.5671258389017608e-14
0.0000000000000000e+00
-8.5821536996629656e-15
1.7189260147380865e-14
0.0000000000000000e+00
0.0000000000000000e+00
0.0000000000000000e+00
-1.7288295391641327e-14
-1.2984643555757396e-14
8.6686707161899615e-15
1.3021308773056729e-14
8.6930342176924635e-15
4.3525778033097423e-15
1.7434472932224981e-14
1.5276234016107456e-14
2.6223827205447961e-14
3.5012934860578360e-14
5.0399614263073429e-14
5.7050664424710557e-14
6.1522009294692847e-14
3.8502842078339744e-14
4.6265092261310056e-14
3.6399433057111191e-14
2.3193893047232778e-14
3.2071787680094596e-14
4.3187466800404482e-14
3.7699633936514578e-14
3.1086976053460572e-14
2.3345281331426411e-14
3.2280059292225259e-14
1.6160618404925755e-14
2.6503569795128782e-14
4.4135269225586282e-14
4.8945391383883918e-14
9.1852250843941288e-14
7.4862885444378361e-14
1.0471300252360562e-13
1.0568497393465874e-13
1.3339344815583046e-13
1.6680373096380438e-13
2.3245361290681499e-13
3.5700831951617983e-13
4.9034264872139074e-13
7.0439684656260361e-13
1.0215635757779115e-12
1.5108779849723418e-12
2.1411155418149488e-12
3.1312132178104916e-12
4.5222739155610470e-12
6.5357593064531021e-12
9.4215267108036499e-12
1.3505980190509199e-11
1.9332090359047891e-11
2.7670896359167754e-11
3.9475715442473777e-11
5.6211468150557592e-11
7.9903405713193248e-11
1.1334489354768261e-10
1.6039864533189714e-10
2.2651893445408468e-10
3.1923549946444293e-10
4.4895009585526835e-10
6.3000398439476845e-10
8.8227975162432123e-10
1.2329609251315907e-09
1.7194071703860485e-09
2.3927662650134433e-09
3.3227806997482362e-09
4.6046178514990212e-09
6.3676345518646658e-09
8.7872046612122837e-09
1.2100730312306954e-08
1.6628836005562820e-08
2.2803487469921533e-08
3.1205347702105440e-08
4.2613313712598902e-08
5.8069856782033515e-08
7.8966879143839065e-08
1.0715878964347349e-07
1.4511073443945345e-07
1.9609206917472325e-07
2.6442917414532413e-07
3.5583402709750644e-07
4.7783098308094252e-07
6.4030945641774991e-07
8.5623768848892603e-07
1.1425824386351747e-06
1.5214914456586731e-06
2.0218096881855106e-06
2.6810184618644973e-06
3.5477100190885700e-06
4.6847368414135608e-06
6.1732101391157209e-06
8.1175636041667974e-06
1.0651949947091517e-05
1.3948301066293460e-05
1.8226458190604169e-05
2.3766872266388353e-05
3.0926484630970224e-05
4.0158534732951905e-05
5.2037201964167128e-05
6.7288181549868899e-05
8.6826525723131788e-05
1.1180335396223975e-04
1.4366335924733217e-04
1.8421541937981061e-04
2.3571906936171679e-04
3.0099011510528685e-04
3.8352927991181895e-04
4.8767848223149059e-04
6.1881016497001629e-04
7.8355603724989200e-04
9.9008267248598073e-04
1.2484226384933022e-03
1.5708712364599150e-03
1.9724605070747560e-03
2.4715239426698950e-03
3.0903673318552712e-03
3.8560633768110826e-03
4.8013901681760712e-03
5.9659362888426016e-03
7.3973982491197790e-03
9.1530991299384919e-03
1.1301760722105642e-02
1.3925565083895234e-02
1.7122545272824249e-02
2.1009349008970637e-02
2.5724423150414691e-02
3.1431671050942162e-02
3.8324639050314760e-02
4.6631292432179616e-02
5.6619445064553721e-02
6.8602910488540558e-02
8.2948445293546488e-02
1.0008355804662129e-01
1.2050525863841545e-01
1.4478982345964894e-01
1.7360365109849310e-01
2.0771528100199363e-01
2.4800864350700424e-01
2.9549760354042764e-01
3.5134185182527045e-01
4.1686418631996264e-01
4.9356921257424474e-01
5.8316347443207128e-01
6.8757700579381198e-01
8.0898626974422072e-01
9.4983842307645949e-01
1.1128768119706023e+00
1.3011675682571617e+00
1.5181271353362653e+00
1.7675505085501715e+00
2.0536399268462087e+00
2.3810337012734006e+00
2.7548348117087285e+00
3.1806388468435061e+00
3.6645608046565696e+00
4.2132602123020506e+00
4.8339639666523633e+00
5.5344862409175013e+00
6.3232447502348537e+00
7.2092726214372300e+00
8.2022250710475983e+00
9.3123800626962918e+00
1.0550632092463749e+01
1.1928478240011177e+01
1.3457995626653711e+01
1.5151809440595192e+01
1.7023050726105016e+01
1.9085303189047774e+01
2.1352538347226293e+01
2.3839038451535821e+01
2.6559306723679271e+01
2.9527964598486154e+01
3.2759635823571749e+01
3.6268817455523930e+01
4.0069737998807476e+01
4.4176203159336019e+01
4.8601429926770273e+01
5.3357869955029145e+01
5.8457023475596735e+01
6.3909245248731253e+01
6.9723544328835956e+01
7.5907379686746381e+01
8.2466453987822135e+01
8.9404508064478080e+01
9.6723118838932493e+01
1.0442150364018671e+02
1.1249633401236659e+02
1.2094156222355100e+02
1.2974826374949419e+02
1.3890449902016420e+02
1.4839519767445989e+02
1.5820206846639223e+02
1.6830353780202219e+02
1.7867471965930076e+02
1.8928741935270190e+02
2.0011017325257896e+02
2.1110832615835611e+02
2.2224414755926037e+02
2.3347698750203915e+02
2.4476347222910846e+02
2.5605773916124537e+02
2.6731171018588918e+02
2.7847540158593546e+02
2.8949726831604653e+02
3.0032457971595267e+02
3.1090382315534174e+02
3.2118113154513139e+02
3.3110273013735036e+02
3.4061539758219095e+02
3.4966693582683678e+02
3.5820664313616231e+02
3.6618578429869308e+02
3.7355805195906100e+02
3.8028001299552824e+02
3.8631153394095861e+02
3.9161617962873652e+02
3.9616157953030500e+02
3.9991975663470487e+02
4.0286741419716270e+02
4.0498617624570841e+02
4.0626277837244533e+02
4.0668920603819527e+02
4.0626277837303769e+02
4.0498617624688950e+02
4.0286741419892525e+02
3.9991975663703778e+02
3.9616157953319379e+02
3.9161617963216355e+02
3.8631153394490275e+02
3.8028001299996561e+02
3.7355805196396483e+02
3.6618578430403437e+02
3.5820664314190964e+02
3.4966693583295717e+02
3.4061539758864978e+02
3.3110273014411155e+02
3.2118113155215843e+02
3.1090382316259735e+02
3.0032457972339921e+02
2.8949726832364678e+02
2.7847540159365241e+02
2.6731171019368657e+02
2.5605773916908788e+02
2.4476347223696192e+02
2.3347698750987101e+02
2.2224414756703951e+02
2.1110832616605339e+02
2.0011017326016696e+02
1.8928741936015555e+02
1.7867471966659704e+02
1.6830353780914032e+02
1.5820206847331380e+02
1.4839519768116875e+02
1.3890449902664648e+02
1.2974826375573829e+02
1.2094156222954760e+02
1.1249633401810840e+02
1.0442150364566864e+02
9.6723118844151230e+01
8.9404508069432268e+01
8.2466453992512044e+01
7.5907379691173929e+01
6.9723544333004426e+01
6.3909245252645263e+01
5.8457023479261956e+01
5.3357869958452412e+01
4.8601429929959181e+01
4.4176203162298918e+01
4.0069738001553326e+01
3.6268817458062131e+01
3.2759635825912078e+01
2.9527964600638601e+01
2.6559306725653954e+01
2.3839038453342930e+01
2.1352538348875964e+01
1.9085303190549968e+01
1.7023050727469567e+01
1.5151809441831697e+01
1.3457995627771394e+01
1.1928478241019066e+01
1.0550632093370423e+01
9.3123800635099627e+00
8.2022250717761302e+00
7.2092726220878909e+00
6.3232447508146237e+00
5.5344862414329059e+00
4.8339639671094918e+00
4.2132602127065004e+00
3.6645608050135476e+00
3.1806388471578790e+00
2.7548348119849191e+00
2.3810337015154999e+00
2.0536399270579011e+00
1.7675505087348320e+00
1.5181271354970038e+00
1.3011675683967094e+00
1.1128768120914916e+00
9.4983842318094347e-01
8.0898626983433686e-01
6.8757700587133308e-01
5.8316347449859840e-01
4.9356921263124959e-01
4.1686418636866823e-01
3.5134185186680428e-01
2.9549760357573462e-01
2.4800864353695384e-01
2.0771528102734213e-01
1.7360365111991932e-01
1.4478982347768074e-01
1.2050525865357253e-01
1.0008355805931930e-01
8.2948445304163648e-02
6.8602910497375963e-02
5.6619445071886383e-02
4.6631292438258691e-02
3.8324639055347345e-02
3.1431671055083626e-02
2.5724423153830157e-02
2.1009349011753022e-02
1.7122545275081596e-02
1.3925565085680212e-02
1.1301760723529104e-02
9.1530991310775529e-03
7.3973982500338403e-03
5.9659362895526100e-03
4.8013901687264183e-03
3.8560633772179863e-03
3.0903673321612166e-03
2.4715239428487450e-03
1.9724605071769537e-03
1.5708712365414767e-03
1.2484226385514200e-03
9.9008267251785389e-04
7.8355603727773518e-04
6.1881016498534290e-04
4.8767848223880500e-04
3.8352927989183228e-04
3.0099011510460153e-04
2.3571906930603984e-04
1.8421541937066617e-04
1.4366335929028376e-04
1.1180335395310966e-04
8.6826525766015521e-05
6.7288181580309284e-05
5.2037202000200756e-05
4.0158534768956206e-05
3.0926484636578835e-05
2.3766872299050679e-05
1.8226458257034063e-05
1.3948301093306579e-05
1.0651949975239478e-05
8.1175635985816976e-06
6.1732101065913582e-06
4.6847367248891331e-06
3.5477099026658188e-06
2.6810183779833988e-06
2.0218095786805860e-06
1.5214913607759967e-06
1.1425823293263152e-06
8.5623760375934819e-07
6.4030936392967574e-07
4.7783085011025489e-07
3.5583391313223067e-07
2.6442908696511248e-07
1.9609202757717264e-07
1.4511066739484196e-07
1.0715874536992258e-07
7.8966822763825471e-08
5.8069804344897364e-08
4.2613281221188611e-08
3.1205314203259374e-08
2.2803464029131668e-08
1.6628834693172741e-08
1.2100717020758342e-08
8.7871574510325093e-09
6.3675771301391854e-09
4.6045699952160141e-09
3.3227057401577872e-09
2.3927094636654604e-09
1.7193620210124154e-09
1.2329304505147420e-09
8.8226375729378972e-10
6.2998778778945710e-10
4.4889462369070468e-10
3.1917546892174542e-10
2.2647280682778823e-10
1.6035947931919061e-10
1.1330116747151348e-10
7.9871221822290868e-11
5.6183912383663238e-11
3.9434427651772766e-11
2.7615907412192507e-11
1.9270297244368800e-11
1.3432826607893036e-11
9.3484562176515134e-12
6.4844403099794704e-12
4.4824050019477882e-12
3.0800124202808871e-12
2.1058848720717090e-12
1.4280124005223186e-12
9.4673205968319245e-13
6.2852130199717839e-13
4.2643409127558085e-13
2.6888601280016079e-13
1.4782244315918821e-13
5.2971455103370317e-14
-2.3639345242805396e-14
-5.7620796959055948e-14
-7.8604934870266954e-14
-1.0318180465742037e-13
-9.1012138793539382e-14
-9.5093903260117328e-14
-1.0558944156501023e-13
-1.0685123401615078e-13
-9.7520973133172651e-14
-1.1131054928353538e-13
-1.2673152722774338e-13
-1.0103267217374688e-13
-8.0943331687222482e-14
-7.3086482277607571e-14
-8.6262049622323413e-14
-3.5343075119592808e-14
-3.7502446180053961e-14
-4.8468191892801008e-14
-5.5004060111913911e-14
-5.4930365441690039e-14
-3.9496613832491937e-14
-3.5060601226485857e-14
-3.9389551718150653e-14
-2.6223827205447961e-14
-2.8370148887056703e-14
-3.2689636747921833e-14
-3.0468044623168189e-14
-2.1732585544231160e-14
-2.1702181288427881e-14
-8.6686707161899615e-15
-3.0297501630100587e-14
-3.4576590783282653e-14
-2.5895480730351728e-14
-3.4477867594041961e-14
-5.1642407279473271e-14
-6.0162410515833017e-14
-4.2910768498314830e-14
-3.4278555912363904e-14
-4.2785430648362685e-14
-5.1266972253217019e-14
-5.9723068560640883e-14
-5.9634407257161349e-14
-5.9545485274982720e-14
-6.7950061912691922e-14
-8.4809807879024208e-14
-5.0809003598696943e-14
-6.7642539189507973e-14
-6.7539451271671578e-14
-8.4295095219725894e-14
-6.7332415702455395e-14
-8.4035589568987126e-14
-8.3905307300374881e-14
-8.3774675083590747e-14
-1.0037243422006910e-13
-8.3512369867864553e-14
-8.3380701408368893e-14
-8.3248692079464351e-14
-8.3116344158849493e-14
-9.9580391912755350e-14
-6.6280513334867553e-14
-1.1580420833721307e-13
-9.9100334663350161e-14
-6.5959684488849250e-14
-1.3170443862305808e-13
-1.3148899216376867e-13
-9.8454774960432609e-14
-1.6382070707289431e-13
-1.3083959298580014e-13
-1.6327764869465668e-13
-9.7803110448420616e-14
-1.6273210201555994e-13
-9.7475044277322197e-14
-1.2974728324367986e-13
-1.2952735794473411e-13
-1.2930695352005201e-13
-9.6814555264935931e-14
-1.2886472216432060e-13
-9.6482177007162758e-14
-9.6315464211046832e-14
-6.4098937354195399e-14
-6.3987336844187608e-14
-6.3875509810862497e-14
-4.7822593591718644e-14
-4.7738387735783706e-14
-4.7654016193105425e-14
-7.9282467278740626e-14
-7.9141302770866770e-14
-7.8999869139954195e-14
-4.7314901237324093e-14
-4.7229722328941174e-14
-6.2859181554394707e-14
-6.2745192207238246e-14
-6.2630996941211723e-14
-6.2516597634396811e-14
-6.2401996165480146e-14
-9.3430791620553811e-14
-4.6629145694106475e-14
-6.2056997580996455e-14
-4.6456204695650294e-14
-2.3184758317265348e-14
-6.1710247217774515e-14
-3.8496427035985449e-14
-3.8423832612807687e-14
