5.7482528013458692e-13
6.1320241688271614e-13
6.1994725461794360e-13
-1.8175819900545301e-13
2.7517088564344405e-14
7.6736561249072227e-13
7.1570229952647422e-13
-4.4499571449242881e-13
1.5875605028311586e-12
3.0903989602083737e-13
-2.9747136994287348e-13
-1.1723861910917519e-12
1.7653926462004503e-13
-1.5064279361251928e-12
9.3483315518941649e-13
-1.1560364045503039e-12
-1.0625526141246765e-12
2.7588437631606988e-13
-2.2415263479799170e-13
-1.5419437265198964e-12
-1.8705797807543309e-13
-7.5763920316512254e-13
5.4933649698206057e-13
-2.8983232299138456e-13
3.7637662489782924e-13
-8.1210344541527675e-13
6.2804293125643922e-13
-5.9083258252654054e-14
-1.8396857836592177e-13
-1.1917703767613930e-12
8.5289076822605727e-13
-1.7023650775639111e-12
-1.8146983849643330e-13
1.3913873389953910e-13
-1.1822827701279984e-13
2.7434726636750857e-13
1.3176075488132905e-13
1.0124299499623051e-12
3.0414823203429370e-13
3.6270911246173055e-13
-2.9097076455180410e-13
-1.3418389142987400e-12
7.4710704279507758e-13
5.0712566588859668e-13
-4.7887830995587033e-13
-4.0453025783650428e-13
3.1040244789067770e-13
-9.2658469582245130e-13
9.6303717718220170e-13
5.2066929630093570e-14
-9.9118227993377422e-13
-7.2064944648027909e-13
8.3547145559246210e-13
-6.9270800405367709e-13
5.5343316829357665e-13
3.7214210572092815e-13
2.8228151007866736e-13
-3.0966127589133996e-13
4.4378247616796450e-13
-8.4021114367879468e-13
-4.3026275860236651e-13
-1.1385584174867920e-13
-1.2515457710283584e-12
1.1134410673077844e-13
1.1186225181315411e-12
1.3428483044507454e-12
-3.5657261848462988e-13
-7.3139936619178071e-13
-5.0131414606434016e-13
-1.4939848802075548e-12
-1.4174413412724990e-12
-9.0178815514736661e-13
-9.6250746247982804e-13
-8.6687697735682011e-14
-4.5371570737863693e-14
-3.0304439617404931e-12
-2.7470494311226646e-12
-5.3910378826071851e-12
-6.9821753228240596e-12
-1.0944810765019108e-11
-1.3922983142762275e-11
-2.1907947667860630e-11
-3.1886009044843428e-11
-4.7667105065695736e-11
-6.8601663144636819e-11
-1.0007264338180870e-10
-1.4295774510923279e-10
-2.0659871829171554e-10
-2.9641022645298404e-10
-4.2358184534440637e-10
-6.0171945709621042e-10
-8.5226465420312880e-10
-1.2035861697012491e-09
-1.6933758406505580e-09
-2.3747798754125285e-09
-3.3180602600426076e-09
-4.6198879879802526e-09
-6.4124041115042025e-09
-8.8679332629557658e-09
-1.2223108050905846e-08
-1.6788551824150780e-08
-2.2985362744716575e-08
-3.1357332600934308e-08
-4.2635562536580878e-08
-5.7770012766071445e-08
-7.8007895118095407e-08
-1.0497314382961590e-07
-1.4076481459389095e-07
-1.8810149991259315e-07
-2.5046415765645352e-07
-3.3231428792073914e-07
-4.3931199432813730e-07
-5.7863456634873064e-07
-7.5930367673996827e-07
-9.9261749383669985e-07
-1.2926202161264501e-06
-1.6766698624866796e-06
-2.1660732787045359e-06
-2.7867771009688317e-06
-3.5701287072328146e-06
-4.5536469841236567e-06
-5.7817887914328262e-06
-7.3065978846817116e-06
-9.1881739595958814e-06
-1.1494790143634031e-05
-1.4302415931375584e-05
-1.7693406843542703e-05
-2.1753919540079985e-05
-2.6569508723203353e-05
-3.2218251810124221e-05
-3.8760408825468353e-05
-4.6223474284103562e-05
-5.4581071816667547e-05
-6.3723729701535374e-05
-7.3419104477285936e-05
-8.3258543796129079e-05
-9.2586206893806121e-05
-1.0040596665566331e-04
-1.0526035327347423e-04
-1.0507444725044281e-04
-9.6956249901235554e-05
-7.6943205918764189e-05
-3.9682754869009739e-05
2.1967721953582764e-05
1.1743851359069323e-04
2.5906283105036753e-04
4.6283287610354262e-04
7.4932352020203204e-04
1.1448142608304576e-03
1.6826443092777972e-03
2.4048400712500060e-03
3.3640589084465485e-03
4.6258977787882591e-03
6.2716200175006705e-03
8.4013580441842373e-03
1.1137853916806502e-02
1.4630803183068768e-02
1.9061870184272883e-02
2.4650444395781960e-02
3.1660207433817172e-02
4.0406578148986509e-02
5.1265098996216757e-02
6.4680819317763150e-02
8.1178720522285530e-02
1.0137521326482896e-01
1.2599071753906604e-01
1.5586331207002274e-01
1.9196340957843525e-01
2.3540937833346204e-01
2.8748398808860925e-01
3.4965150929246352e-01
4.2357523866918084e-01
5.1113516159397532e-01
6.1444539277991506e-01
7.3587096200561997e-01
8.7804343187879341e-01
1.0438747513071003e+00
1.2365686628163901e+00
1.4596288962778110e+00
1.7168632983044001e+00
2.0123829684795851e+00
2.3505954035992378e+00
2.7361905933493347e+00
3.1741189686783571e+00
3.6695600820789496e+00
4.2278809013212575e+00
4.8545826292900376e+00
5.5552350267424897e+00
6.3353973162493542e+00
7.2005248880116701e+00
8.1558612145897484e+00
9.2063146145627268e+00
1.0356319785599657e+01
1.1609684356084738e+01
1.2969421079438249e+01
1.4437566714344083e+01
1.6014989092268522e+01
1.7701184364670141e+01
1.9494066937957673e+01
2.1389755133910455e+01
2.3382356145187433e+01
2.5463754375521788e+01
2.7623407746670857e+01
2.9848157002521393e+01
3.2122053427057082e+01
3.4426210698767953e+01
3.6738686811452233e+01
3.9034402082264798e+01
4.1285099225964956e+01
4.3459351284580087e+01
4.5522622852426295e+01
4.7437389518087286e+01
4.9163319752791672e+01
5.0657522607636992e+01
5.1874863544518448e+01
5.2768349526789443e+01
5.3289583150463734e+01
5.3389284125982812e+01
5.3017874849709642e+01
5.2126125165386760e+01
5.0665849744103980e+01
4.8590649847564706e+01
4.5856689626570066e+01
4.2423495590353220e+01
3.8254766508797864e+01
3.3319179825110659e+01
2.7591179704989912e+01
2.1051731170801830e+01
1.3689024401989366e+01
5.4991132557172602e+00
-3.5135276027616538e+00
-1.3335541858601484e+01
-2.3944340800333475e+01
-3.5307875005252370e+01
-4.7384538968944717e+01
-6.0123217033500453e+01
-7.3463476518399887e+01
-8.7335911261746432e+01
-1.0166263589384056e+02
-1.1635792815405833e+02
-1.3132901349556536e+02
-1.4647698317465517e+02
-1.6169783406872020e+02
-1.7688361568509825e+02
-1.9192366728611347e+02
-2.0670592583270601e+02
-2.2111828360278986e+02
-2.3504997292434484e+02
-2.4839295452084599e+02
-2.6104328552902484e+02
-2.7290244333453637e+02
-2.8387858198414523e+02
-2.9388769906411318e+02
-3.0285469255967598e+02
-3.1071428929310576e+02
-3.1741182902838625e+02
-3.2290389116870250e+02
-3.2715875408929224e+02
-3.3015668046598478e+02
-3.3189002539735532e+02
-3.3236316759162185e+02
-3.3159226731410217e+02
-3.2960485808496242e+02
-3.2643928220334391e+02
-3.2214398298179719e+02
-3.1677666904292141e+02
-3.1040336810650632e+02
-3.0309738934056423e+02
-2.9493821453574924e+02
-2.8601033907528478e+02
-2.7640208390966643e+02
-2.6620439951793344e+02
-2.5550968216765537e+02
-2.4441062170705294e+02
-2.3299909867765967e+02
-2.2136514677462520e+02
-2.0959599466075218e+02
-1.9777519891994586e+02
-1.8598187757849823e+02
-1.7429005119177293e+02
-1.6276809605063994e+02
-1.5147831166506813e+02
-1.4047660238523773e+02
-1.2981227087159687e+02
-1.1952791916534218e+02
-1.0965945137377099e+02
-1.0023617049609858e+02
-9.1280960692391403e+01
-8.2810545350373616e+01
-7.4835810633680879e+01
-6.7362183794930161e+01
-6.0390055395607035e+01
-5.3915234674359716e+01
-4.7929427623260636e+01
-4.2420727841655548e+01
-3.7374110910538896e+01
-3.2771923836416860e+01
-2.8594362021174575e+01
-2.4819927192901933e+01
-2.1425860752007690e+01
-1.8388548019810507e+01
-1.5683889897372064e+01
-1.3287639428374423e+01
-1.1175701692131089e+01
-9.3243963153308869e+00
-7.7106826716179899e+00
-6.3123485277949438e+00
-5.1081634885424352e+00
-4.0779990858683437e+00
-3.2029177549469154e+00
-2.4652332379644695e+00
-1.8485451663131480e+00
-1.3377506960316163e+00
-9.1903611947727937e-01
-5.7985135662027543e-01
-3.0887015162502357e-01
-9.5938674054619394e-02
6.7984941439587762e-02
1.9089777809257877e-01
2.7982392018522656e-01
3.4088894302338413e-01
3.7939545158852078e-01
3.9989824421491027e-01
4.0627790649745177e-01
4.0181185907937922e-01
3.8924208781715791e-01
3.7083897313594577e-01
3.4846080579037764e-01
3.2360872723812623e-01
2.9747696452279804e-01
2.7099834161394631e-01
2.4488514264030517e-01
2.1966547803814268e-01
1.9571536393411074e-01
1.7328676915519187e-01
1.5253191521687459e-01
1.3352413367211294e-01
1.1627559433932103e-01
1.0075221856330896e-01
8.6886085457441642e-02
7.4585627445817468e-02
6.3743895583559668e-02
5.4245156454226624e-02
4.5970061680651833e-02
3.8799609331619515e-02
3.2618094409605752e-02
2.7315223668586571e-02
2.2787548953412021e-02
1.8939353065089266e-02
1.5683103540873232e-02
1.2939572367314663e-02
1.0637704108963104e-02
8.7143008893384062e-03
7.1135801975681784e-03
5.7866507706118312e-03
4.6909423452094747e-03
3.7896171255674647e-03
3.0509840511526425e-03
2.4479313729694587e-03
1.9573884182715281e-03
1.5598237490098122e-03
1.2387838920161680e-03
9.8047464153160611e-04
7.7338504684559416e-04
6.0795305398037491e-04
4.7627075226839313e-04
3.7182663359616150e-04
2.8928186945372815e-04
2.2427750957517843e-04
1.7326936281908026e-04
1.3338748194599519e-04
1.0231731004980127e-04
7.8199678014049569e-05
5.9547156373990008e-05
4.5174439771020487e-05
3.4140691474399822e-05
2.5702068326169459e-05
1.9272773882757953e-05
1.4393295161465176e-05
1.0704585474423738e-05
7.9272108883717634e-06
5.8445615356713488e-06
4.2893915477987283e-06
3.1330856171230382e-06
2.2771413971324318e-06
1.6464229700664979e-06
1.1838642799019729e-06
8.4629747632361847e-07
6.0121551079512370e-07
4.2423605546770891e-07
2.9716666514891621e-07
2.0648559398430045e-07
1.4219201036882508e-07
9.6927678756893821e-08
6.5305839523953592e-08
4.3400258454715994e-08
2.8369757091022988e-08
1.8167082159791663e-08
1.1328340013765564e-08
6.8134879634767396e-09
3.8824438177255157e-09
2.0264277300935967e-09
8.8320627156952592e-10
2.0971580480654559e-10
-1.6121264745525843e-10
-3.4520127237597103e-10
-4.1309132179493923e-10
-4.1581077757135506e-10
-3.8471766176082889e-10
-3.3677664689120009e-10
-2.8515734342531704e-10
-2.3388942912576661e-10
-1.8913847440466861e-10
-1.4879526658890616e-10
-1.1735542704709806e-10
-8.9437680301740128e-11
-6.9042272975827212e-11
-5.2672913180613134e-11
-4.0338748842864365e-11
-2.8818954110001228e-11
-2.3382018644974343e-11
-1.6444994165030821e-11
-1.0834210465848130e-11
-8.8561514726791909e-12
-6.5740128181854173e-12
-4.8834870615211397e-12
-3.3757061647420708e-12
-3.6752906972298434e-12
-8.1043607060465483e-13
-6.7494454518248047e-13
3.0970614568299826e-15
-6.3578431919695532e-13
-6.4065778181721220e-13
-3.4746864695606623e-13
2.6405964150395486e-15
-6.6102696505488811e-13
-1.5443595870764853e-13
-1.7388387949146656e-13
1.1557570961075793e-12
-7.8852111426451286e-13
-7.0570578921325797e-15
-4.7958351351752694e-13
-1.4186851616594834e-12
1.1335445584765311e-13
6.6874703557634631e-13
-2.3983298407887091e-13
2.8606320804912685e-13
2.3702710361846680e-13
-7.2054787098551970e-13
-1.2226859955479310e-12
1.4511281564212323e-12
-1.1113179263072385e-13
7.4654379144006296e-14
-1.7894031178194571e-13
5.4908122370814403e-13
7.1241878818080752e-14
7.2672958551002078e-13
-3.4702573223067911e-13
-1.4561023313998035e-12
6.4306814955488863e-13
1.4145032007147098e-12
-3.7289984396896897e-13
-7.7520746758839329e-13
2.3054210831463286e-13
-4.7459299038115783e-13
-1.3530255431826898e-12
1.0643820491357814e-12
-4.6235520893130658e-13
3.5807637396185794e-13
6.1489825137105311e-13
5.1778455715034084e-14
-4.2148305430820743e-13
8.2611988940635864e-13
7.5701272079729431e-13
1.1746647320079963e-13
4.4921455521240857e-13
9.1035928271483686e-13
1.7598883921699252e-13
3.6192292564684439e-13
-7.1152545569883912e-13
9.0750928654983272e-14
3.7602617233382894e-13
4.8081416661408691e-13
9.2295107750105271e-13
-1.3220498277208481e-13
3.5294285680388405e-13
1.6023051774206950e-14
1.1669458590221725e-12
5.8395781196025149e-14
1.5748282322454766e-12
-1.9927749390885781e-13
-3.2670511805156294e-13
7.8104876165198375e-14
-4.5824510920885493e-13
-6.7519908266224415e-14
-1.6800388228018066e-13
-1.6609302142534803e-13
7.3146148070974367e-13
-8.7193780943261524e-13
9.8066328599401880e-13
-9.0796443054502334e-13
-2.3298781183436098e-13
-1.2838840859312935e-12
1.9593849263448422e-13
5.6091368417585386e-14
8.1883017273739986e-13
-6.1301494784923515e-13
8.6182542587859663e-13
-2.3244635198826057e-13
-3.8516902873714173e-13
1.3616824357727769e-13
5.3034170628696515e-13
