5.3807335527372706e-02
6.3905342386644498e-02
7.5331138024586936e-02
8.8286454021221095e-02
1.0299865020528154e-01
1.1972155405589188e-01
1.3873477467783701e-01
1.6034969174418090e-01
1.8491065631007567e-01
2.1280005249420977e-01
2.4444077357372959e-01
2.8030109646476253e-01
3.2089801294377596e-01
3.6680222562430720e-01
4.1864215329134541e-01
4.7710917767941657e-01
5.4296221645121523e-01
6.1703326076537257e-01
7.0023242412020681e-01
7.9355375128384120e-01
8.9808063943737371e-01
1.0149918492165346e+00
1.1455671683618052e+00
1.2911935078012744e+00
1.4533706425772346e+00
1.6337172273043781e+00
1.8339764074749469e+00
2.0560215387045644e+00
2.3018614159718020e+00
2.5736454305583885e+00
2.8736681177293231e+00
3.2043734358461355e+00
3.5683582871169537e+00
3.9683755573998902e+00
4.4073362230284765e+00
4.8883107503344227e+00
5.4145293676617081e+00
5.9893813941052452e+00
6.6164132334804506e+00
7.2993251860134318e+00
8.0419667142255520e+00
8.8483302932664873e+00
9.7225435113902954e+00
1.0668859538135365e+01
1.1691645658029437e+01
1.2795369984333753e+01
1.3984586086981034e+01
1.5263915655859185e+01
1.6638028975040790e+01
1.8111623345284713e+01
1.9689399277436582e+01
2.1376034619319487e+01
2.3176156491323368e+01
2.5094311226817663e+01
2.7134932250174192e+01
2.9302306129048826e+01
3.1600536795168821e+01
3.4033508216031500e+01
3.6604845575424413e+01
3.9317875293920707e+01
4.2175584010920375e+01
4.5180576908438788e+01
4.8335035559208151e+01
5.1640675725580770e+01
5.5098705347112059e+01
5.8709783183529503e+01
6.2473978397380648e+01
6.6390731573810029e+01
7.0458817496030989e+01
7.4676310191915150e+01
7.9040550589338253e+01
8.3548117297914644e+01
8.8194800855980233e+01
9.2975581944448237e+01
9.7884613887746625e+01
1.0291520990752761e+02
1.0805983540965237e+02
1.1331010571352370e+02
1.1865678944334046e+02
1.2408981791338159e+02
1.2959830064572171e+02
1.3517054725670397e+02
1.4079409575135460e+02
1.4645574735021953e+02
1.5214160777394088e+02
1.5783713498608091e+02
1.6352719319550715e+02
1.6919611298772045e+02
1.7482775725775488e+02
1.8040559268156181e+02
1.8591276627128508e+02
1.9133218662387841e+02
1.9664660928924249e+02
2.0183872575142593e+02
2.0689125534436457e+02
2.1178703949772640e+02
2.1650913755030524e+02
2.2104092345227895e+02
2.2536618253579397e+02
2.2946920762949321e+02
2.3333489366875648e+02
2.3694883006365544e+02
2.4029738998177183e+02
2.4336781582830571e+02
2.4614830012017688e+02
2.4862806109120700e+02
2.5079741229810759e+02
2.5264782565161673e+02
2.5417198724645897e+02
2.5536384553088550e+02
2.5621865132007304e+02
2.5673298933463656e+02
2.5690480091999751e+02
2.5673339778599649e+02
2.5621946658781627e+02
2.5536506435591053e+02
2.5417360476737676e+02
2.5264983543689806e+02
2.5079980638895188e+02
2.4863083005378544e+02
2.4615143310795710e+02
2.4337130065245390e+02
2.4030121319066441e+02
2.3695297702885870e+02
2.3333934867887007e+02
2.2947395398860107e+02
2.2537120266832983e+02
2.2104619901046129e+02
2.1651464952641226e+02
2.1179276833680214e+02
2.0689718106014919e+02
2.0184482804055889e+02
1.9665286764711317e+02
1.9133858045664931e+02
1.8591927500810380e+02
1.8041219588097277e+02
1.7483443471302874e+02
1.6920284482459789e+02
1.6353395996783556e+02
1.5784391776231487e+02
1.5214838822080083e+02
1.4646250780593292e+02
1.4080081929563875e+02
1.3517721776933470e+02
1.2960490286176298e+02
1.2409633746628886e+02
1.1866321290497807e+02
1.1331642062161616e+02
1.0806603029272229e+02
1.0292127429707240e+02
9.7890538328769082e+01
9.2981357993237495e+01
8.8200421077373818e+01
8.3553575249981549e+01
7.9045840808891526e+01
7.4681428167721833e+01
7.0463759644378385e+01
6.6395495202095674e+01
6.2478561671719781e+01
5.8714185084707736e+01
5.5102925632310907e+01
5.1644714878709557e+01
4.8338894748824217e+01
4.5184257934424252e+01
4.2179089260595426e+01
3.9321207686905780e+01
3.6608008519801956e+01
3.4036505553052102e+01
3.1603372757125083e+01
2.9304985285256429e+01
2.7137459467998951e+01
2.5096691620110192e+01
2.3178395385800602e+01
2.1378137504366887e+01
1.9691371776807273e+01
1.8113471172921844e+01
1.6639757911833598e+01
1.5265531509891913e+01
1.3986094676889644e+01
1.2796777104168298e+01
1.1692957067599400e+01
1.0670080932486941e+01
9.7236805184219239e+00
8.8493884476800204e+00
8.0429514626464904e+00
7.3002418651785845e+00
6.6172670831196596e+00
5.9901775390849670e+00
5.4152728389863265e+00
4.8890064709788694e+00
4.4079890376128610e+00
3.9689902215209711e+00
3.5689395065588174e+00
3.2049258593681538e+00
2.8741963871255582e+00
2.5741541770933538e+00
2.3023553232329528e+00
2.0565053432112559e+00
1.8344549771439429e+00
1.6341955672204604e+00
1.4538539931009462e+00
1.2916873571142171e+00
1.1460773759251137e+00
1.0155246675364005e+00
8.9864287093761330e-01
7.9415278282514146e-01
7.0087642870135514e-01
6.1773124971418192e-01
5.4372430222219903e-01
4.7794665030538619e-01
4.1956782773622531e-01
3.6783055086616900e-01
3.2204553833470284e-01
2.8158662305193793e-01
2.4588599148139245e-01
2.1442974276574689e-01
1.8675358129499697e-01
1.6243884577435314e-01
1.4110866599371460e-01
1.2242446465627674e-01
1.0608257153087576e-01
9.1811185807118972e-02
7.9367427709896965e-02
6.8534738567332359e-02
5.9120340985010691e-02
5.0953047201824260e-02
4.3881093512925316e-02
3.7770324362490670e-02
3.2502364352581206e-02
2.7973145462072805e-02
2.4091380238898379e-02
2.0777402263613232e-02
1.7961906669136170e-02
1.5585079417119745e-02
1.3595575960142946e-02
1.1949923305484684e-02
1.0611714497394960e-02
9.5512794960358090e-03
8.7450825577753792e-03
8.1756750489943072e-03
7.8312954407797793e-03
7.7061418230921098e-03
7.8001911779886583e-03
8.1198660050248901e-03
8.6781120669401478e-03
9.4955901860532127e-03
1.0601080335174443e-02
1.2033421637861339e-02
1.3842341790830631e-02
1.6091528281622951e-02
1.8859994073021018e-02
2.2246972813531465e-02
2.6373834639412716e-02
3.1392152971770206e-02
3.7486336988852828e-02
4.4877863909160508e-02
