2.8907431865115426e-13
-1.6534333814324765e-13
4.0794486875581158e-13
-4.5117604117590349e-13
-3.7107073342176696e-13
1.0626401569553425e-13
3.4972864208622686e-13
-2.0411659299236667e-13
1.8900129823617181e-13
-4.5136656928144654e-13
4.1675160170060375e-13
-9.1185548063242519e-14
-6.9743683059034819e-13
-1.5451028476024887e-13
-3.6543934811055740e-13
4.1650923487324355e-14
-1.1133473032831580e-13
-3.2050409659686990e-13
-2.7603050335155032e-13
9.4582010925734044e-14
-8.0527614044130307e-13
2.6111821278830731e-13
-7.8202539074138570e-13
2.6312422315478074e-13
-9.3584112175000798e-14
1.6223621971386384e-13
-2.5068162847834040e-13
3.5844420039149184e-13
-2.5604493484916610e-13
3.5580777394788458e-13
1.1333289904385236e-13
3.9809344873826754e-13
2.9815590124636693e-13
-8.6227638744878450e-14
-2.0592135660009394e-13
3.8108539754104701e-13
-2.8832575824634858e-13
5.0637240269340091e-13
-3.6437597480967662e-13
3.1969334788164527e-13
-2.8480008393841449e-13
5.0672656115346360e-13
5.0912545100060963e-14
-1.3991552068656082e-15
-2.0991597273484385e-13
4.5479278661487546e-13
-4.4324890477607626e-13
4.6209956030878541e-14
-3.1461798296026950e-13
-8.9461105280701374e-14
-9.6582827283059783e-13
-2.4164662160187430e-13
-2.2802358253796744e-13
-4.0596423865033973e-13
-7.1947608314628100e-13
-1.5335390232783500e-12
-2.9830091727922632e-12
-3.7034520317633234e-12
-7.1744968835695540e-12
-1.1336628628503770e-11
-1.7083204940550545e-11
-2.6222815971942639e-11
-4.0326361578088830e-11
-6.0453098699495398e-11
-9.1324413952566442e-11
-1.3399069855072710e-10
-1.9750005826147167e-10
-2.8763532342659356e-10
-4.1635414885653498e-10
-5.9738468761284088e-10
-8.5251148666179777e-10
-1.2079341985736739e-09
-1.7001595650904248e-09
-2.3773293708560566e-09
-3.3042303519535847e-09
-4.5606728966922505e-09
-6.2549304916906562e-09
-8.5234314654600229e-09
-1.1535775463757743e-08
-1.5507320875490886e-08
-2.0699747760201024e-08
-2.7429507927016968e-08
-3.6068932357704563e-08
-4.7046094157595443e-08
-6.0834939774519733e-08
-7.7931936434954852e-08
-9.8814657042632096e-08
-1.2387068173533680e-07
-1.5328632539840182e-07
-1.8686862653908104e-07
-2.2378674725909306e-07
-2.6219350928768189e-07
-2.9868751674438857e-07
-3.2754967061718787e-07
-3.3969002801889698e-07
-3.2121143763393568e-07
-2.5145469288941055e-07
-1.0038616166910585e-07
1.7486160506698449e-07
6.3454315393279807e-07
1.3622189356584902e-06
2.4723968903726540e-06
4.1203130155446825e-06
6.5143256025288628e-06
9.9315173400398244e-06
1.4737138221336284e-05
2.1408649589717851e-05
3.0565163044908869e-05
4.3003179884911215e-05
5.9739528372934298e-05
8.2062430047066427e-05
1.1159153977931186e-04
1.5034769316075094e-04
2.0083279430146682e-04
2.6611993217331590e-04
3.4995316078471049e-04
4.5685559841590699e-04
5.9224330925855930e-04
7.6254096805521772e-04
9.7529331079518875e-04
1.2392639218523778e-03
1.5645097738658492e-03
1.9624161363341313e-03
2.4456718383481391e-03
3.0281593566648460e-03
3.7247277160897172e-03
4.5508086836920916e-03
5.5218281786340931e-03
6.6523551949822946e-03
7.9549199426597189e-03
9.4384214844164382e-03
1.1106032984503191e-02
1.2952500324914918e-02
1.4960717397166591e-02
1.7097449735307267e-02
1.9308067750797443e-02
2.1510142695527229e-02
2.3585753583239930e-02
2.5372352921410338e-02
2.6652044528835656e-02
2.7139139651972049e-02
2.6465879553953863e-02
2.4166245701248798e-02
1.9657824331288674e-02
1.2221752411287522e-02
9.8084859229006778e-04
-1.5123872895814055e-02
-3.7357994043107211e-02
-6.7219346061097876e-02
-1.0646392607331479e-01
-1.5713130781787535e-01
-2.2156858683957362e-01
-3.0245169605408190e-01
-4.0280271198156586e-01
-5.2600155090371581e-01
-6.7579023454642406e-01
-8.5626769505492895e-01
-1.0718728991021313e+00
-1.3273539124141627e+00
-1.6277204118342881e+00
-1.9781770962179908e+00
-2.3840354648677207e+00
-2.8506015381279548e+00
-3.3830373040627029e+00
-3.9861940022230251e+00
-4.6644158127637043e+00
-5.4213131169833071e+00
-6.2595052404356535e+00
-7.1803334849752103e+00
-8.1835462987509686e+00
-9.2669596151019835e+00
-1.0426096697042590e+01
-1.1653813231308551e+01
-1.2939914894223730e+01
-1.4270776122879832e+01
-1.5628970323190638e+01
-1.6992923178197646e+01
-1.8336602025786885e+01
-1.9629255390340827e+01
-2.0835217609532318e+01
-2.1913794026658525e+01
-2.2819242352473808e+01
-2.3500865474929569e+01
-2.3903230153926529e+01
-2.3966524635198095e+01
-2.3627066220106727e+01
-2.2817967221045627e+01
-2.1469964518986192e+01
-1.9512414146515038e+01
-1.6874447996413632e+01
-1.3486284976948228e+01
-9.2806838008160568e+00
-4.1945192292892877e+00
1.8295418565023551e+00
8.8412935523828757e+00
1.6881207294238216e+01
2.5978650231676788e+01
3.6150148349382761e+01
4.7397740218686643e+01
5.9707469376283768e+01
7.3048064244323328e+01
8.7369854086422677e+01
1.0260396763056181e+02
1.1866185761601237e+02
1.3543518961664614e+02
1.5279612708750523e+02
1.7059803675901048e+02
1.8867662940179500e+02
2.0685154079683375e+02
2.2492834671235155e+02
2.4270099409822598e+02
2.5995461888488109e+02
2.7646870906983401e+02
2.9202056056080420e+02
3.0638896289396672e+02
3.1935804282520542e+02
3.3072118624419448e+02
3.4028495319342625e+02
3.4787289724556848e+02
3.5332919930176934e+02
3.5652202714976204e+02
3.5734653591624357e+02
3.5572743083342345e+02
3.5162102240222794e+02
3.4501671487967667e+02
3.3593788177352678e+02
3.2444209635168835e+02
3.1062070066665808e+02
2.9459771280911775e+02
2.7652808856216296e+02
2.5659536983528187e+02
2.3500876772498515e+02
2.1199974230611329e+02
1.8781815387015638e+02
1.6272807091199527e+02
1.3700332840747166e+02
1.1092293558064044e+02
8.4766435275913906e+01
5.8809317160663745e+01
3.3318584313770295e+01
8.5485674202695705e+00
-1.5262927008896686e+01
-3.7898057964014306e+01
-5.9161916222468626e+01
-7.8884964300657927e+01
-9.6924913099667890e+01
-1.1316801316580484e+02
-1.2752975349601751e+02
-1.3995497549621638e+02
-1.5041742362657891e+02
-1.5891876706076766e+02
-1.6548713801517280e+02
-1.7017524199986681e+02
-1.7305810290210513e+02
-1.7423051140419565e+02
-1.7380424870090908e+02
-1.7190515882862434e+02
-1.6867014222697026e+02
-1.6424414056213567e+02
-1.5877717853979462e+02
-1.5242152265774183e+02
-1.4532900985900440e+02
-1.3764859113135620e+02
-1.2952412655455220e+02
-1.2109245941706099e+02
-1.1248178809333359e+02
-1.0381034565484619e+02
-9.5185388919914331e+01
-8.6702491032232942e+01
-7.8445124862364480e+01
-7.0484518676148397e+01
-6.2879760694626071e+01
-5.5678125426830924e+01
-4.8915591996838216e+01
-4.2617523082323430e+01
-3.6799472475373591e+01
-3.1468089583857466e+01
-2.6622090309220827e+01
-2.2253265545790647e+01
-1.8347500919699542e+01
-1.4885784191002253e+01
-1.1845179849952279e+01
-9.1997537225994570e+00
-6.9214337456469384e+00
-4.9807963715186441e+00
-3.3477712313695038e+00
-1.9922596412142690e+00
-8.8466522536490499e-01
3.6626913523552947e-03
7.0007023320026762e-01
1.2303202906310000e+00
1.6183882990469385e+00
1.8863257847890267e+00
2.0541843183358788e+00
2.1399921448028851e+00
2.1597756551425316e+00
2.1276179817999092e+00
2.0557473120140215e+00
1.9546479724650909e+00
1.8331879134343052e+00
1.6987568741594969e+00
1.5574102118808144e+00
1.4140140967814139e+00
1.2723884895060995e+00
1.1354450070102795e+00
1.0053174301932992e+00
8.8348320129229552e-01
7.7087479200638676e-01
6.6798029006394166e-01
5.7493295055597538e-01
4.9158978942424686e-01
4.1759956269427445e-01
3.5246068066821301e-01
2.9556975659649015e-01
2.4626159062074870e-01
2.0384144839808338e-01
1.6761051654975115e-01
1.3688541030938564e-01
1.1101257868929709e-01
8.9378404811761611e-02
7.1415738813759289e-02
5.6607532424139510e-02
4.4488171723259688e-02
3.4643030822291136e-02
2.6706696808798443e-02
2.0360247172411115e-02
1.5327896500598697e-02
1.1373270410272380e-02
8.2955120470158301e-03
5.9253802475668993e-03
4.1214585664778348e-03
2.7665605966102095e-03
1.7643889916113349e-03
1.0364827694253477e-03
5.1946940064052634e-04
1.6262416805223014e-04
-7.4271136858218505e-05
-2.2278556829370561e-04
-3.0743280743866130e-04
-3.4702471611386702e-04
-3.5580939091948001e-04
-3.4441867387585419e-04
-3.2064933366793828e-04
-2.9010082033928137e-04
-2.5669076260207498e-04
-2.2306736834153037e-04
-1.9093584103713066e-04
-1.6131382362483089e-04
-1.3472887238726640e-04
-1.1136910397123643e-04
-9.1196405039399453e-05
-7.4030075171537880e-05
-5.9607378342015263e-05
-4.7626316377344252e-05
-3.7774876755062636e-05
-2.9750195705449515e-05
-2.3270297733592293e-05
-1.8080525358476655e-05
-1.3956241184379675e-05
-1.0703042217276364e-05
-8.1553628591135981e-06
-6.1741314612023972e-06
-4.6439522321261887e-06
-3.4701188975945056e-06
-2.5756843398065009e-06
-1.8987130205930287e-06
-1.3897852874849258e-06
-1.0097960748584543e-06
-7.2804770855609186e-07
-5.2062986699192372e-07
-3.6905701459616378e-07
-2.5914148194281665e-07
-1.8007695594596245e-07
-1.2368970588629333e-07
-8.3844838147340668e-08
-5.5969669875236115e-08
-3.6683427299095141e-08
-2.3503546680958302e-08
-1.4625038201209003e-08
-8.7417768986399395e-09
-4.9224596978461419e-09
-2.5051950459169195e-09
-1.0263936211737304e-09
-1.6284060286742988e-10
3.0477141039624789e-10
5.2460678142551348e-10
5.9705047486799724e-10
5.8485300750173233e-10
5.3014633045450831e-10
4.5689651359529929e-10
3.8040513907721426e-10
3.0912365480350196e-10
2.4529982767554657e-10
1.9203110110967401e-10
1.4805243111619971e-10
1.1316276666801137e-10
8.4855175442283785e-11
6.3617247947933941e-11
4.6406617312782862e-11
3.4648873943751021e-11
2.4470682892506352e-11
1.7576730800908618e-11
1.2066870284950799e-11
9.1269487509469212e-12
6.2654956708852408e-12
4.4294671597664307e-12
3.6343459358334692e-12
1.9401900020430566e-12
7.5936063940603817e-13
2.8081993758924935e-13
4.4184873021134924e-13
9.7198794931072612e-13
5.6916359738215837e-13
1.7844422341527678e-13
3.3385533062236468e-13
1.9359563691617840e-14
-2.4051470549423732e-13
2.9441368218467432e-13
3.3549785617350731e-13
5.0113944609099546e-13
-6.5640100623589803e-13
1.9959862462495106e-13
3.2184626948232828e-14
1.4628566831746810e-13
-5.9333820542254135e-13
-4.2920200600856441e-14
-2.0048855731264888e-14
4.9660496574720126e-13
2.6473391025543643e-13
-1.1495383144586835e-13
-3.9699152844946456e-13
-2.9045626554410838e-13
3.4059252737000206e-13
-3.1664160821702002e-13
-1.9825576875795241e-13
-5.4291573262549931e-13
2.7952368264196994e-13
2.6453515969856508e-13
1.8698189706997106e-13
1.0753091805637558e-13
-5.3008750231993608e-14
1.1718502693456988e-13
4.8069410537706807e-13
4.2940491551203435e-14
2.1331652363470713e-13
-2.3215987304143485e-13
9.6041241754306031e-14
3.0330050696964463e-13
-1.4901570150312215e-13
1.4361455278287055e-13
1.3734590723114798e-13
-1.5916875013203252e-13
5.4812983568151983e-14
-1.4624292707796771e-13
1.8349682277852353e-13
-2.7482609543127405e-13
1.2981512156321388e-13
-2.6778153259915896e-13
2.8854257927048634e-13
1.7560833222366604e-13
7.1300287470002509e-14
6.8134705308836139e-15
-1.2438574200207953e-14
7.2397420226756752e-14
-5.8529868607566243e-13
4.7162049294316462e-13
-1.2082220153107549e-13
2.8352844965846131e-13
-2.6448020723243835e-13
2.4606372608703365e-14
2.1489186172552528e-14
6.8893488232048760e-13
1.1393183204858308e-13
-2.1870401406197765e-13
-1.1732437865518761e-13
3.8814624939419180e-13
4.1187239898062697e-14
-2.3372194205980364e-13
-4.5069700950750816e-13
4.0640202215308447e-13
-9.1262703589861440e-15
5.6802610735641059e-14
-3.7324249741462902e-14
8.2412180181943395e-14
7.3264792525627274e-13
3.3653089751321577e-14
-6.8273377853723364e-13
-1.5378357424231853e-13
1.2529088780076984e-13
1.7023429438124062e-13
-1.9898891520989021e-13
-2.8645868926526893e-13
-1.7930871435612499e-13
3.8569660055882934e-13
-1.5944042371576834e-13
-7.5967855847548026e-16
6.2922314974135896e-13
8.9020476719488413e-14
3.9164506160467407e-14
-8.7697007493868048e-13
6.5243500745553548e-14
1.3234497544838497e-13
1.9091339891963117e-13
-3.1424310447432702e-13
-7.5159649007683807e-14
6.4058891246197252e-14
1.3250709173022737e-13
-4.2550272615988060e-13
-1.4953688246420295e-13
3.0431523119498596e-13
7.3715858242878006e-14
-3.4523931732139730e-13
