-2.5633486126608516e-14
-1.7114172259345074e-14
0.0000000000000000e+00
0.0000000000000000e+00
-8.5946300736904339e-15
-1.7214135759824428e-14
-4.3097334492552460e-15
-4.3159134550586216e-15
-1.7288295391641330e-14
-1.2984643555757399e-14
0.0000000000000000e+00
0.0000000000000000e+00
0.0000000000000000e+00
-1.7410311213238972e-14
-4.3586182330562461e-15
2.1823191451582085e-15
1.3111913602723982e-14
4.3766168575722958e-15
1.9721588189898303e-14
3.7302357508464608e-14
4.1747077735684437e-14
9.9007308201445084e-15
1.9827896683418601e-14
2.9781354319454622e-14
2.5402835242207335e-14
2.4330321688347632e-14
2.8791644533602988e-14
2.6057099926708612e-14
2.8311353191544462e-14
2.8903681648432704e-14
4.3411114220578803e-14
4.4023753585832233e-14
4.1847741781782301e-14
4.1341897755612472e-14
6.3768852774431624e-14
7.0569412233759796e-14
1.0262103397993441e-13
7.6639811498510304e-14
1.0568497393465875e-13
1.5759563495203601e-13
1.5778731307386906e-13
2.5107247025129295e-13
3.4062660865230455e-13
4.8299033680284632e-13
7.1119167144905962e-13
1.0068240347289519e-12
1.4870399401305546e-12
2.1502073275551404e-12
3.1130084897999666e-12
4.5097436855683089e-12
6.5015466421373490e-12
9.3941252758715997e-12
1.3510552289422715e-11
1.9338956260678903e-11
2.7666313946919825e-11
3.9496359337824295e-11
5.6229838661820493e-11
7.9910302261243766e-11
1.1334259217525269e-10
1.6039173368259599e-10
2.2653277274197371e-10
3.1923549946444304e-10
4.4894316183469799e-10
6.3003406380463236e-10
8.8230011154075677e-10
1.2329692748845077e-09
1.7194307758571944e-09
2.3927684467134432e-09
3.3228076998740391e-09
4.6046496319590127e-09
6.3676577049143607e-09
8.7872213358580337e-09
1.2100752006290016e-08
1.6628852810947526e-08
2.2803497202782466e-08
3.1205350819730084e-08
4.2613369317076806e-08
5.8069878778643637e-08
7.8966898409404861e-08
1.0715882612507462e-07
1.4511075878368550e-07
1.9609212181261379e-07
2.6442919577282819e-07
3.5583403262805068e-07
4.7783101534503798e-07
6.4030952654602896e-07
8.5623775868120615e-07
1.1425824843885864e-06
1.5214914768896764e-06
2.0218096691998402e-06
2.6810184931511046e-06
3.5477100056399534e-06
4.6847368481437424e-06
6.1732101581680533e-06
8.1175636311340378e-06
1.0651950026904594e-05
1.3948301074205422e-05
1.8226458229998249e-05
2.3766872311419250e-05
3.0926484644510614e-05
4.0158534790445974e-05
5.2037202002527718e-05
6.7288181543082186e-05
8.6826525754761923e-05
1.1180335395544221e-04
1.4366335925296791e-04
1.8421541939225901e-04
2.3571906933164062e-04
3.0099011510411700e-04
3.8352927990499514e-04
4.8767848222066126e-04
6.1881016493984880e-04
7.8355603720602388e-04
9.9008267240903339e-04
1.2484226384231480e-03
1.5708712363526000e-03
1.9724605069245458e-03
2.4715239424567262e-03
3.0903673316081976e-03
3.8560633765112088e-03
4.8013901678187051e-03
5.9659362883743754e-03
7.3973982485543198e-03
9.1530991292389490e-03
1.1301760721248295e-02
1.3925565082861788e-02
1.7122545271593771e-02
2.1009349007468394e-02
2.5724423148593405e-02
3.1431671048745446e-02
3.8324639047673643e-02
4.6631292429002935e-02
5.6619445060752602e-02
6.8602910484001481e-02
8.2948445288111572e-02
1.0008355804012255e-01
1.2050525863069937e-01
1.4478982345047572e-01
1.7360365108763492e-01
2.0771528098913861e-01
2.4800864349185958e-01
2.9549760352259685e-01
3.5134185180435262e-01
4.1686418629540961e-01
4.9356921254553948e-01
5.8316347439857019e-01
6.8757700575483982e-01
8.0898626969894050e-01
9.4983842302398591e-01
1.1128768119099428e+00
1.3011675681871888e+00
1.5181271352557371e+00
1.7675505084576939e+00
2.0536399267402849e+00
2.3810337011523086e+00
2.7548348115706340e+00
3.1806388466864171e+00
3.6645608044782310e+00
4.2132602121000975e+00
4.8339639664242009e+00
5.5344862406603150e+00
6.3232447499456033e+00
7.2092726211126958e+00
8.2022250706843458e+00
9.3123800622906288e+00
1.0550632092011814e+01
1.1928478239508877e+01
1.3457995626096777e+01
1.5151809439979125e+01
1.7023050725425264e+01
1.9085303188299502e+01
2.1352538346404657e+01
2.3839038450635808e+01
2.6559306722695833e+01
2.9527964597414236e+01
3.2759635822406295e+01
3.6268817454259974e+01
4.0069737997440136e+01
4.4176203157860627e+01
4.8601429925182394e+01
5.3357869953324581e+01
5.8457023473771713e+01
6.3909245246782426e+01
6.9723544326760447e+01
7.5907379684541894e+01
8.2466453985487064e+01
8.9404508062011459e+01
9.6723118836334180e+01
1.0442150363745742e+02
1.1249633400950788e+02
1.2094156222056549e+02
1.2974826374638548e+02
1.3890449901693697e+02
1.4839519767111992e+02
1.5820206846294644e+02
1.6830353779847854e+02
1.7867471965566853e+02
1.8928741934899134e+02
2.0011017324880154e+02
2.1110832615452443e+02
2.2224414755538788e+02
2.3347698749814049e+02
2.4476347222519894e+02
2.5605773915734136e+02
2.6731171018200763e+02
2.7847540158209404e+02
2.8949726831226326e+02
3.0032457971224591e+02
3.1090382315173019e+02
3.2118113154163365e+02
3.3110273013398495e+02
3.4061539757897623e+02
3.4966693582379042e+02
3.5820664313330167e+02
3.6618578429603468e+02
3.7355805195662015e+02
3.8028001299331959e+02
3.8631153393899541e+02
3.9161617962703076e+02
3.9616157952886709e+02
3.9991975663354367e+02
4.0286741419628549e+02
4.0498617624512053e+02
4.0626277837215054e+02
4.0668920603819538e+02
4.0626277837333271e+02
4.0498617624747766e+02
4.0286741419980291e+02
3.9991975663819915e+02
3.9616157953463210e+02
3.9161617963386948e+02
3.8631153394686601e+02
3.8028001300217448e+02
3.7355805196640580e+02
3.6618578430669311e+02
3.5820664314477034e+02
3.4966693583600363e+02
3.4061539759186451e+02
3.3110273014747713e+02
3.2118113155565618e+02
3.1090382316620895e+02
3.0032457972710591e+02
2.8949726832743011e+02
2.7847540159749383e+02
2.6731171019756806e+02
2.5605773917299183e+02
2.4476347224087138e+02
2.3347698751376979e+02
2.2224414757091202e+02
2.1110832616988515e+02
2.0011017326394443e+02
1.8928741936386609e+02
1.7867471967022934e+02
1.6830353781268400e+02
1.5820206847675968e+02
1.4839519768450870e+02
1.3890449902987368e+02
1.2974826375884697e+02
1.2094156223253312e+02
1.1249633402096717e+02
1.0442150364839796e+02
9.6723118846749614e+01
8.9404508071898974e+01
8.2466453994847214e+01
7.5907379693378473e+01
6.9723544335080007e+01
6.3909245254594119e+01
5.8457023481087049e+01
5.3357869960157039e+01
4.8601429931547152e+01
4.4176203163774403e+01
4.0069738002920715e+01
3.6268817459326158e+01
3.2759635827077588e+01
2.9527964601710561e+01
2.6559306726637427e+01
2.3839038454242989e+01
2.1352538349697653e+01
1.9085303191298255e+01
1.7023050728149361e+01
1.5151809442447739e+01
1.3457995628328378e+01
1.1928478241521356e+01
1.0550632093822356e+01
9.3123800639156489e+00
8.2022250721393952e+00
7.2092726224124259e+00
6.3232447511038732e+00
5.5344862416901046e+00
4.8339639673376222e+00
4.2132602129084189e+00
3.6645608051918281e+00
3.1806388473149383e+00
2.7548348121229518e+00
2.3810337016365191e+00
2.0536399271637720e+00
1.7675505088272385e+00
1.5181271355774910e+00
1.3011675684666351e+00
1.1128768121521113e+00
9.4983842323335932e-01
8.0898626987955591e-01
6.8757700591027482e-01
5.8316347453205519e-01
4.9356921265991194e-01
4.1686418639318829e-01
3.5134185188773825e-01
2.9549760359357036e-01
2.4800864355206656e-01
2.0771528104017517e-01
1.7360365113073087e-01
1.4478982348681718e-01
1.2050525866125179e-01
1.0008355806578371e-01
8.2948445309569144e-02
6.8602910501905257e-02
5.6619445075665457e-02
4.6631292441423153e-02
3.8324639057968901e-02
3.1431671057233879e-02
2.5724423155607971e-02
2.1009349013219887e-02
1.7122545276287322e-02
1.3925565086683198e-02
1.1301760724329856e-02
9.1530991317655790e-03
7.3973982505746048e-03
5.9659362899829836e-03
4.8013901690929237e-03
3.8560633775310202e-03
3.0903673323842513e-03
2.4715239430784862e-03
1.9724605073716474e-03
1.5708712366738571e-03
1.2484226386671692e-03
9.9008267259646223e-04
7.8355603733010247e-04
6.1881016506666630e-04
4.8767848227460747e-04
3.8352927992478107e-04
3.0099011511025038e-04
2.3571906935022731e-04
1.8421541941481947e-04
1.4366335928231374e-04
1.1180335399836002e-04
8.6826525746804407e-05
6.7288181625487582e-05
5.2037202013763278e-05
4.0158534762180485e-05
3.0926484655727824e-05
2.3766872271992333e-05
1.8226458215320685e-05
1.3948301047192303e-05
1.0651949974081780e-05
8.1175636299773279e-06
6.1732100931193263e-06
4.6847367819966314e-06
3.5477099407042643e-06
2.6810183847017969e-06
2.0218096233643742e-06
1.5214913674824633e-06
1.1425823616788517e-06
8.5623762938821984e-07
6.4030937453582791e-07
4.7783088905645319e-07
3.5583391980816923e-07
2.6442911640662543e-07
1.9609203814400599e-07
1.4511069126594299e-07
1.0715876370860335e-07
7.8966834440551631e-08
5.8069833174937105e-08
4.2613295150821632e-08
3.1205313829979339e-08
2.2803477461125314e-08
1.6628823932658458e-08
1.2100723917972808e-08
8.7871770698710477e-09
6.3675962602824819e-09
4.6045864751941234e-09
3.3227234286813592e-09
2.3927177037523544e-09
1.7193805263961718e-09
1.2329278646387205e-09
8.8225680854772962e-10
6.2998316018793972e-10
4.4890155771127525e-10
3.1918701325687961e-10
2.2648895149699201e-10
1.6036639096849181e-10
1.1330807158880337e-10
7.9882716069041719e-11
5.6195393953202561e-11
3.9425252587172541e-11
2.7613616206068542e-11
1.9270297244368804e-11
1.3435112657349793e-11
9.3621569351175409e-12
6.4787381992601799e-12
4.4824050019477890e-12
3.1039061257947033e-12
2.1104307649418048e-12
1.4416341404319119e-12
9.5920397903231229e-13
6.3191871444040644e-13
4.3322084073885277e-13
2.6888601280016084e-13
1.6362026151207855e-13
8.6783022190627981e-14
1.1256831068002573e-14
-4.3004789925539333e-14
-8.9272747459803203e-14
-1.2280877836942971e-13
-1.1425523885465872e-13
-1.1495174776443595e-13
-9.7768001449083553e-14
-9.5412851262463646e-14
-9.4734659615082021e-14
-8.1256700976980856e-14
-1.1005632627672453e-13
-9.7146800167064322e-14
-7.5399267873029169e-14
-6.4227514728806667e-14
-5.3084338229122108e-14
-3.9760959509541923e-14
-1.9854236212969750e-14
-1.9827896683418601e-14
-4.7303491696245972e-14
-5.2733150824022456e-14
-3.5108101184437279e-14
-5.0399614263073442e-14
-3.9389551718150666e-14
-2.1853189337873306e-14
-3.2734787177373121e-14
-1.0896545582640614e-14
-3.9173200229787688e-14
-4.3465171088462327e-14
-3.0383053803799039e-14
-2.1671676790474907e-14
-3.0297501630100593e-14
-2.1610369239551664e-14
-3.8843221095527606e-14
-3.0168134144786723e-14
-5.1642407279473284e-14
-6.8757040589523471e-14
-6.8657229597303738e-14
-6.8557111824727820e-14
-5.9899602907707772e-14
-5.9811467628753198e-14
-7.6786802435109727e-14
-6.8153608293898712e-14
-6.8051983171408848e-14
-6.7950061912691947e-14
-6.7847846303219381e-14
-5.0809003598696956e-14
-6.7642539189507986e-14
-5.0654588453753693e-14
-6.7436076175780740e-14
-5.0499311776841559e-14
-8.4035589568987139e-14
-8.3905307300374893e-14
-1.1728454511702706e-13
-8.3643695183390932e-14
-6.6809895894291655e-14
-1.0005684169004270e-13
-8.3248692079464364e-14
-6.6493075327079602e-14
-8.2983659927296144e-14
-8.2850641668584457e-14
-8.2717291669437918e-14
-9.9100334663350187e-14
-9.8939526733273906e-14
-9.8778328967293588e-14
-9.8616744122826520e-14
-9.8454774960432635e-14
-1.3105656565831549e-13
-9.8129694739350126e-14
-1.3062211895572537e-13
-1.6300518408070106e-13
-1.3018568161244799e-13
-1.6245840712887035e-13
-1.6218410405459987e-13
-1.2952735794473413e-13
-1.2930695352005206e-13
-1.6135759210822660e-13
-1.6108090270540079e-13
-1.6080362834527130e-13
-1.6052577368507808e-13
-9.6148406031293124e-14
-1.2797467368837524e-13
-9.5813264716293758e-14
-7.9704322652864423e-14
-6.3651183647711621e-14
-7.9423360321842380e-14
-6.3425973822992519e-14
-4.7484781662520067e-14
-7.8999869139954220e-14
-6.3086534983098811e-14
-6.2972963105254907e-14
-6.2859181554394719e-14
-6.2745192207238258e-14
-6.2630996941211735e-14
-6.2516597634396824e-14
-7.8002495206850204e-14
-9.3430791620553836e-14
-6.2172194258808651e-14
-4.6542748185747354e-14
-7.7427007826083838e-14
-3.8641263862108925e-14
-5.3996466315552707e-14
-4.6195712443182546e-14
-3.0739066090246156e-14
