-1.0171140871382728e-13
-1.6333774884392018e-13
-2.2187645720093492e-13
-2.9774394204107899e-13
-3.7179485193188047e-13
-4.2835157750708648e-13
-4.8930175101893914e-13
-5.5046639638841466e-13
-5.6631088348389772e-13
-6.0772356250543342e-13
-6.7264013356896422e-13
-7.5182003556492813e-13
-8.1795782819237436e-13
-8.7628734765492618e-13
-9.5106201621519381e-13
-1.0355960139056124e-12
-1.0995338408193496e-12
-1.1883138934985135e-12
-1.2517099215668924e-12
-1.3282971642344944e-12
-1.4219906198468946e-12
-1.4668641220564994e-12
-1.5247759659112597e-12
-1.5714917959592011e-12
-1.5794625938602560e-12
-1.5977720093930122e-12
-1.5918913895997309e-12
-1.6227561860070612e-12
-1.6612400236656493e-12
-1.6455781161162336e-12
-1.6668481788684150e-12
-1.6634468709866444e-12
-1.6328650094353902e-12
-1.5920651787427620e-12
-1.5162193299547075e-12
-1.4399692297544475e-12
-1.3365890110509364e-12
-1.1881492497707311e-12
-1.0258901388233261e-12
-8.1679290625807012e-13
-5.4293959931589354e-13
-2.8780501274161662e-13
-5.1499704789477781e-15
2.6702451586878411e-13
5.3193955480792400e-13
8.4374096257739637e-13
1.1000788195975746e-12
1.3604342775415402e-12
1.6386168355109765e-12
1.8946918564550781e-12
2.2157375788390666e-12
2.5839354856908225e-12
2.9368640653906941e-12
3.3309840805090919e-12
3.7532586357957649e-12
4.2244357468624612e-12
4.7418905355500671e-12
5.2353978961465061e-12
5.7777568408635018e-12
6.3163563926100410e-12
6.8550026207611074e-12
7.4261281861467488e-12
7.9537114629638840e-12
8.5159422861525202e-12
9.0774518283843151e-12
9.6872157347358015e-12
1.0362278093823000e-11
1.1027101744250677e-11
1.1715104527095777e-11
1.2379849388632506e-11
1.3050881807868820e-11
1.3785681255771157e-11
1.4492661771468381e-11
1.5270451262293170e-11
1.6077036628778269e-11
1.6917874540111199e-11
1.7731984762907520e-11
1.8554778601376841e-11
1.9353065410327510e-11
2.0184260124422707e-11
2.0932193088073046e-11
2.1748544343395367e-11
2.2565091870647531e-11
2.3418785635313492e-11
2.4240355127626773e-11
2.5053482890104423e-11
2.5885475220793462e-11
2.6731855521901700e-11
2.7520200903718835e-11
2.8326355738691496e-11
2.9163357394208352e-11
2.9980547492736946e-11
3.0766322115475813e-11
3.1501977751993196e-11
3.2221659259430298e-11
3.2945353714310143e-11
3.3583131464934557e-11
3.4239799464239780e-11
3.4906662947003008e-11
3.5529457311108815e-11
3.6127846732328018e-11
3.6645145606332675e-11
3.7115803106191293e-11
3.7572891442188610e-11
3.7908219828666954e-11
3.8248824608675299e-11
3.8533771977210994e-11
3.8778463288327644e-11
3.8952886010830196e-11
3.9087797533467239e-11
3.9166738896083571e-11
3.9216771558470821e-11
3.9135064042668949e-11
3.9035525673632933e-11
3.8876792710062167e-11
3.8645558019038866e-11
3.8355881520703324e-11
3.8000162202370520e-11
3.7610053598640902e-11
3.7185057059229983e-11
3.6674789849028785e-11
3.6147336417020792e-11
3.5577425105767076e-11
3.4951514286038430e-11
3.4256812775474853e-11
3.3524494482398467e-11
3.2785212919107345e-11
3.2019637285595190e-11
3.1220915584822549e-11
3.0412333471440569e-11
2.9589087745573430e-11
2.8748454935691261e-11
2.7867010387463767e-11
2.7006693859037871e-11
2.6149089823967322e-11
2.5277071184568621e-11
2.4386577649376153e-11
2.3513089559790251e-11
2.2651576714856066e-11
2.1797100293986796e-11
2.0927304199209969e-11
2.0086687608138306e-11
1.9300672710190417e-11
1.8547538879717907e-11
1.7800873659794059e-11
1.7071966140728253e-11
1.6325901677427090e-11
1.5566643362143144e-11
1.4818695182199635e-11
1.4062870647367626e-11
1.3350855610081016e-11
1.2635882995816629e-11
1.1959768350007980e-11
1.1287532725513266e-11
1.0625353451440172e-11
1.0011646101189414e-11
9.4187551911084807e-12
8.8375048213932116e-12
8.3329550857994124e-12
7.8389318010811229e-12
7.4005646316075918e-12
6.9440342220924229e-12
6.4941995027433155e-12
6.0874030969819688e-12
5.6509590056071793e-12
5.2312227589381421e-12
4.8679405749554093e-12
4.4947243908056780e-12
4.1437028458503441e-12
3.7881506694781115e-12
3.4459312158134795e-12
3.1216273544428501e-12
2.8042609835477857e-12
2.4485910737945506e-12
2.1794452561053454e-12
1.9285154680782946e-12
1.7238079448309737e-12
1.5537800593615886e-12
1.3635214930736109e-12
1.1920004616212679e-12
1.0477896492330191e-12
8.8795728496076417e-13
7.4205562308616030e-13
5.8823405306623930e-13
4.3805959111310625e-13
3.3489811100142488e-13
2.3794762739695944e-13
2.0817180856861999e-13
2.0679267821203340e-13
1.8106468263736030e-13
2.1113875126607236e-13
2.6159442840739189e-13
3.3966841843540500e-13
3.9495403619750644e-13
4.0191117870604659e-13
4.5535179568559082e-13
5.3189314737110376e-13
5.9936048823100861e-13
6.7306563893454533e-13
7.1110033062840271e-13
7.6388093042525287e-13
7.7384142124941111e-13
7.8414278726482436e-13
7.8604974620514216e-13
8.3215106135556538e-13
8.4435020275399945e-13
8.6042912359398229e-13
8.3842716704835496e-13
8.8928692600964824e-13
8.9496038159066641e-13
9.0789518592113854e-13
9.2950233086048634e-13
1.0040863382521464e-12
1.0631453616397965e-12
1.0913963119546251e-12
1.1127196845554807e-12
1.1328589954438950e-12
1.1565693027673858e-12
1.1260177612101063e-12
1.1182169053511530e-12
1.1357667078776061e-12
1.1494116368117746e-12
1.1471447658846359e-12
1.1134796237503480e-12
1.0898294497224154e-12
1.0566872266022162e-12
9.7000732210805752e-13
8.8547812119485469e-13
8.2267864315333450e-13
7.7471235690557223e-13
6.9449537502309328e-13
5.7957723839675674e-13
4.8678429104592560e-13
3.9397254979979856e-13
2.9886869887402667e-13
2.1679860889379061e-13
1.8685867615655442e-13
1.7245068985600116e-13
1.6161904461831960e-13
1.3531929154285543e-13
1.5469619034466300e-13
1.5896789353890542e-13
1.5777512341699451e-13
1.3996269470029257e-13
1.4977121664473363e-13
1.8051950407972722e-13
1.8416753516605730e-13
1.6640836636959968e-13
1.6637105817801685e-13
1.4750719137013541e-13
1.0766605242743571e-13
4.7523002285910384e-14
2.1467592009636214e-14
1.4554197833251396e-14
-2.7958825588312390e-15
-5.3312226008863943e-14
