8.6735417931760966e-14
3.5805810703954195e-14
-2.1560515582902463e-14
-8.8759973044347719e-14
-1.3296273917007249e-13
-1.4917207593779037e-13
-1.7237490526274674e-13
-2.0218173017709307e-13
-2.0536759369468645e-13
-2.3709484855008943e-13
-2.8595664466137947e-13
-3.2727346836546372e-13
-3.6263720997111562e-13
-3.8699524790835730e-13
-4.4090485395123619e-13
-4.9880651632081579e-13
-5.2720172862404629e-13
-5.6658845410989183e-13
-6.1958489591663863e-13
-6.7571720863563339e-13
-7.3055946847282196e-13
-7.6472984436193384e-13
-8.1163059823853816e-13
-8.5857741340225380e-13
-8.7035054354167260e-13
-9.5081953854492149e-13
-1.0346181609576810e-12
-1.0907342913084906e-12
-1.1187942310582518e-12
-1.1651070573313953e-12
-1.2087862900214570e-12
-1.2598837529240528e-12
-1.2671545598621432e-12
-1.3052592503930806e-12
-1.3435931545576886e-12
-1.3372219269376483e-12
-1.3299612926962576e-12
-1.3323312356980310e-12
-1.3501211886101731e-12
-1.3323782947975532e-12
-1.2331298175958505e-12
-1.1901657822342003e-12
-1.1606474416255252e-12
-1.1018964077196478e-12
-1.0616739680120217e-12
-1.0136574014580172e-12
-1.0004458456547668e-12
-9.7094315559399660e-13
-9.2848744990628742e-13
-8.7517774378275908e-13
-8.4768857999280339e-13
-7.7488458722351483e-13
-7.2438768775026604e-13
-6.6563887778246709e-13
-6.3164491129079425e-13
-5.2579565889565344e-13
-3.9422150174625427e-13
-2.6094327143329294e-13
-1.2507719888574074e-13
4.9614912377296478e-14
2.1584253261005632e-13
3.7518320709044156e-13
5.4075237181678721e-13
7.1063261506523285e-13
8.9241599591531081e-13
1.0944136433419042e-12
1.3050689616096609e-12
1.5769229802419427e-12
1.8700974635906474e-12
2.1132248954935226e-12
2.3546801958794462e-12
2.6357097494541417e-12
2.8889069326210960e-12
3.1616398242377734e-12
3.4636075457532715e-12
3.7691377473010689e-12
4.0711115939672754e-12
4.2946776105088332e-12
4.5140549916045601e-12
4.7543373170201573e-12
4.9531462292454996e-12
5.1665618899827023e-12
5.3942439728259045e-12
5.6497734668323690e-12
5.9055086634985479e-12
6.1295649275815838e-12
6.3592657838089798e-12
6.6291934181715282e-12
6.8751766997944681e-12
7.1451712440167355e-12
7.4510574370078624e-12
7.7797166586146717e-12
8.0619684712524782e-12
8.3142116263074532e-12
8.5990279399531749e-12
8.8919672166033156e-12
9.1611886370520499e-12
9.4543223097215381e-12
9.7258866359582944e-12
1.0056443799770470e-11
1.0350549078114491e-11
1.0597660170315465e-11
1.0871951456298172e-11
1.1124940411290922e-11
1.1338867345153360e-11
1.1561397847134104e-11
1.1795212842863628e-11
1.1988614636702311e-11
1.2152768036804795e-11
1.2242585588605657e-11
1.2359506361381412e-11
1.2432680688905202e-11
1.2445404426124934e-11
1.2434812813236843e-11
1.2428919839004648e-11
1.2388587316133139e-11
1.2307215886798421e-11
1.2183296200110445e-11
1.2056265516839031e-11
1.1915872024064488e-11
1.1732226612252211e-11
1.1539522518474422e-11
1.1327389980124984e-11
1.1076696278384893e-11
1.0766731743049052e-11
1.0423338754517087e-11
1.0104506665558408e-11
9.7796467651720599e-12
9.4188729586360632e-12
9.0566311820839314e-12
8.7039310269554241e-12
8.3484792649610218e-12
7.9699206043460364e-12
7.5768208129937970e-12
7.2158047344775781e-12
6.8694942118743385e-12
6.4965973891923381e-12
6.1341640725869353e-12
5.7971981247597542e-12
5.4642616605120860e-12
5.1373103703422771e-12
4.8285182596931935e-12
4.5682777226566865e-12
4.3182618083843528e-12
4.0694208721387123e-12
3.8237836508478870e-12
3.5858339657849218e-12
3.3305427464836658e-12
3.0694548205365192e-12
2.7864677586009677e-12
2.5475837824604632e-12
2.3086691805906068e-12
2.0837003163932943e-12
1.8893844183876849e-12
1.6917507390590581e-12
1.5076586480772365e-12
1.2806401508698466e-12
1.1063977160373275e-12
9.4901534853216181e-13
8.1263272704533836e-13
6.9173464578840515e-13
5.8259120605122728e-13
5.0164117285093372e-13
3.8021809365473052e-13
2.5969180105408150e-13
1.5794249025492938e-13
9.7584495333366526e-14
3.0179849528436822e-14
-4.0881966516036300e-14
-1.1145521560411486e-13
-1.8127809519140992e-13
-2.5025746111922769e-13
-3.2357104037121711e-13
-3.8908676569707948e-13
-4.4681248768897332e-13
-5.0244195844430766e-13
-5.3091768696023093e-13
-5.4854180537381735e-13
-5.4939216498434203e-13
-5.4753289089376256e-13
-5.5378291583324197e-13
-5.5178815184956419e-13
-5.1775999447301634e-13
-5.2548095383741248e-13
-5.3588944873084729e-13
-5.1621778014232784e-13
-4.7977964240472856e-13
-4.3294847590835565e-13
-3.8039889589850086e-13
-2.9217440347269088e-13
-2.1193784566127017e-13
-1.2741464598753099e-13
-1.6836064659940071e-14
8.5530092039843785e-14
1.8233106720645475e-13
2.2672317112048328e-13
2.4982430067601537e-13
3.0805397402464799e-13
3.5041202995870602e-13
3.4715478311240212e-13
3.7283527714119983e-13
4.0381411724407481e-13
4.0722706531352631e-13
4.0000152252722069e-13
3.8921618457809960e-13
4.2780258256536074e-13
4.6219843021325279e-13
4.7490563492805248e-13
5.0294206119537528e-13
5.3136121807630882e-13
5.5982314294752548e-13
5.8769586785549388e-13
6.2993441294344115e-13
7.1143238778686779e-13
7.7020313226624973e-13
7.9821416453981979e-13
8.1652073572570290e-13
8.5874813987544975e-13
8.8006812204618391e-13
8.4616747530165503e-13
8.8642004815788443e-13
9.3217577918478644e-13
9.3956362430827078e-13
9.3379909294250855e-13
9.0441339448778121e-13
8.7760734157471200e-13
8.4348464557300864e-13
7.5485862799296805e-13
7.0426815130243225e-13
6.9536487359830112e-13
6.2860665861328982e-13
5.5481102522941753e-13
4.4215574910589856e-13
3.6992044348339102e-13
2.8770908423447842e-13
2.0774716236201619e-13
1.6943379524745973e-13
1.8271580029178488e-13
1.7876578494427025e-13
1.8788066744962377e-13
2.0581758913346767e-13
2.1206185481870609e-13
2.0884702947194891e-13
1.8023377937190878e-13
2.0801643053244257e-13
2.5180904190265746e-13
2.7583563976016623e-13
2.7421729063991199e-13
2.7874578406218087e-13
2.5330335528139731e-13
2.2269309160546517e-13
1.7585167816979436e-13
1.8049167900683250e-13
1.8370340496912333e-13
1.5658674931503494e-13
1.2525389005368431e-13
