6.3716143278679899e-13
-3.7343493429079502e-13
-1.2548602513144572e-12
3.2276309953271111e-12
-3.0197835592104086e-13
-1.7480989973164541e-12
2.0727505337055256e-13
-1.5478904767109755e-12
1.2913165226137051e-12
2.9006045686740512e-12
-1.6169454468051987e-12
1.5843966562852035e-12
9.1804135900372502e-13
4.5763850838551115e-13
5.0167145865669791e-14
8.9812543686014159e-13
-1.5908938363670361e-12
-1.2887496089091473e-12
5.3318375247142251e-13
2.1716094648341538e-12
1.3600333326887119e-13
-7.5353266329457609e-13
1.8894490837597103e-12
-2.9738735042328243e-12
6.5314015703144775e-13
3.4118707110585462e-12
6.1791919561352755e-13
1.7977689068816177e-12
3.8485956916598995e-13
-4.6114065000176570e-13
1.6029365067408976e-12
3.6746988086409963e-12
1.7045650461280795e-12
-8.9995905339808349e-13
3.3363495875715279e-12
1.1746302299336343e-12
-2.4180815445950066e-12
2.4620997193208982e-12
3.7844800685389901e-12
-1.2409181282072325e-12
2.0243773685303563e-12
-3.6839479684872268e-13
-1.4710957914882829e-12
2.9747128518786483e-12
-3.6139134260517886e-13
-3.4111150655310148e-12
-2.5210548968576136e-12
-6.1649359820545597e-12
-8.8269384130340887e-12
-1.9279279401986682e-11
-2.3062120833701553e-11
-3.9525345505814410e-11
-6.0306183140096682e-11
-9.1950509198937603e-11
-1.4220090440226407e-10
-2.1285792018191826e-10
-3.1195726220325504e-10
-4.6369859719719624e-10
-6.7363631149247191e-10
-9.6865935101994807e-10
-1.3943765674207451e-09
-1.9862365252976540e-09
-2.8106949897841990e-09
-3.9483099479069274e-09
-5.5146136974098016e-09
-7.6482262950920870e-09
-1.0540800822064754e-08
-1.4432705708516289e-08
-1.9632336819434693e-08
-2.6531813068506492e-08
-3.5617883992037200e-08
-4.7477147308865429e-08
-6.2842453437020776e-08
-8.2573954697292240e-08
-1.0764854310161842e-07
-1.3919077698731791e-07
-1.7839889265993204e-07
-2.2647739841833648e-07
-2.8451875819454955e-07
-3.5327443729634315e-07
-4.3284207821034012e-07
-5.2217418506786673e-07
-6.1837409425596205e-07
-7.1565617520778527e-07
-8.0395041104931961e-07
-8.6691440944534481e-07
-8.7923191263790752e-07
-8.0300154929338763e-07
-5.8287600134806854e-07
-1.3965815267697895e-07
6.3807374819060977e-07
1.9048092368255613e-06
3.8720781358326492e-06
6.8261833149970766e-06
1.1150632796075364e-05
1.7354184156318907e-05
2.6105662161454687e-05
3.8276716414737481e-05
5.4993998246533029e-05
7.7702052393433487e-05
1.0823851289351313e-04
1.4892300639336758e-04
2.0266106494818377e-04
2.7306409170900221e-04
3.6458594720744411e-04
4.8267600808684952e-04
6.3394751285350624e-04
8.2635864647952802e-04
1.0694018622530014e-03
1.3742945326508068e-03
1.7541608474023187e-03
2.2241909288486638e-03
2.8017582507919450e-03
3.5064706430896764e-03
4.3601229978935474e-03
5.3865115702668668e-03
6.6110602032134341e-03
8.0601977905732699e-03
9.7604140396612988e-03
1.1736907049497421e-02
1.4011721675361856e-02
1.6601262003331761e-02
1.9513045633972867e-02
2.2741551559268956e-02
2.6262998470122784e-02
3.0028877112533561e-02
3.3958049914373817e-02
3.7927224509417969e-02
4.1759607191970659e-02
4.5211548640702405e-02
4.7957009948669915e-02
4.9569703829641897e-02
4.9502806134996497e-02
4.7066188586748485e-02
4.1401197054591478e-02
3.1453093134329625e-02
1.5941391131012051e-02
-6.6715398878287088e-03
-3.8213078654801863e-02
-8.0833444467311347e-02
-1.3703835933087763e-01
-2.0972013214148408e-01
-3.0218577447971107e-01
-4.1818050293314057e-01
-5.6190472316355866e-01
-7.3802233514632676e-01
-9.5165795655326513e-01
-1.2083804449688857e+00
-1.5141699225917564e+00
-1.8753653848229375e+00
-2.2985899227029281e+00
-2.7906506258666930e+00
-3.3584103745476490e+00
-4.0086289930212207e+00
-4.7477716382921917e+00
-5.5817828502593949e+00
-6.5158254027801323e+00
-7.5539839762837717e+00
-8.6989347216934956e+00
-9.9515829983009780e+00
-1.1310672932457733e+01
-1.2772373939883623e+01
-1.4329850953634240e+01
-1.5972826765791954e+01
-1.7687146577918050e+01
-1.9454356509510099e+01
-2.1251309373406645e+01
-2.3049812424865916e+01
-2.4816332953503213e+01
-2.6511778439858904e+01
-2.8091368465141365e+01
-2.9504615571218331e+01
-3.0695431751287607e+01
-3.1602376153003313e+01
-3.2159057850140059e+01
-3.2294705158669771e+01
-3.1934909929608946e+01
-3.1002551558232248e+01
-2.9418901146058946e+01
-2.7104901403339049e+01
-2.3982612577900376e+01
-1.9976809059810297e+01
-1.5016705485097297e+01
-9.0377853119692748e+00
-1.9836991564101738e+00
6.1918051499969557e+00
1.5522963570317780e+01
2.6030134704382203e+01
3.7718046218086819e+01
5.0574200437084066e+01
6.4567491170401354e+01
7.9647082850575018e+01
9.5741600537191346e+01
1.1275867518140332e+02
1.3058488279219645e+02
1.4908610883948154e+02
1.6810836048784006e+02
1.8747903925034151e+02
2.0700867560990011e+02
2.2649311535270334e+02
2.4571613511354340e+02
2.6445245230026569e+02
2.8247108252129573e+02
2.9953898627448103e+02
3.1542493635340969e+02
3.2990352855879297e+02
3.4275925120613465e+02
3.5379052389238916e+02
3.6281361326201085e+02
3.6966633326784341e+02
3.7421143975015480e+02
3.7633963407089163e+02
3.7597209796774689e+02
3.7306249157716638e+02
3.6759835847770995e+02
3.5960189531137252e+02
3.4913005867018859e+02
3.3627399805559867e+02
3.2115782035563672e+02
3.0393670794427157e+02
2.8479442868746236e+02
2.6394029135128648e+02
2.4160561368932255e+02
2.1803978242404017e+02
1.9350599407587546e+02
1.6827677285092392e+02
1.4262936637475008e+02
1.1684112184215043e+02
9.1184944122311336e+01
6.5924933585408724e+01
4.1312295059647795e+01
1.7581600625554863e+01
-5.0525217829388867e+00
-2.6398214405533732e+01
-4.6288684404874189e+01
-6.4583935905266813e+01
-8.1171922720783840e+01
-9.5969119915352735e+01
-1.0892052655836467e+02
-1.1999912533971290e+02
-1.2920483673613046e+02
-1.3656301587819812e+02
-1.4212254892139399e+02
-1.4595361241046439e+02
-1.4814516374986113e+02
-1.4880223343108096e+02
-1.4804309016491331e+02
-1.4599634862922539e+02
-1.4279808633279168e+02
-1.3858903132097831e+02
-1.3351187635314119e+02
-1.2770876803451091e+02
-1.2131901147058531e+02
-1.1447702261771197e+02
-1.0731055191064731e+02
-9.9939194223285796e+01
-9.2473192004355056e+01
-8.5012530739877405e+01
-7.7646318906348455e+01
-7.0452438434930599e+01
-6.3497446508732359e+01
-5.6836705325695000e+01
-5.0514713303945314e+01
-4.4565609074709293e+01
-3.9013818459077029e+01
-3.3874814391428323e+01
-2.9155960344116398e+01
-2.4857409119202419e+01
-2.0973030786344292e+01
-1.7491345937763160e+01
-1.4396443177268782e+01
-1.1668862739275509e+01
-9.2864312310728163e+00
-7.2250356027345806e+00
-5.4593274822376747e+00
-3.9633518898079281e+00
-2.7110970019778926e+00
-1.6769640243648742e+00
-8.3615831834223575e-01
-1.6500469186179825e-01
3.5880879868690568e-01
7.5605307595008020e-01
1.0458400358916713e+00
1.2455575314915084e+00
1.3708503142210553e+00
1.4356398759780116e+00
1.4521763030467019e+00
1.4311155817510581e+00
1.3816162483528964e+00
1.3114498198904814e+00
1.2271200473921264e+00
1.1339866706118165e+00
1.0363899996537747e+00
9.3777328305621654e-01
8.4080042796627807e-01
7.4746720226321395e-01
6.5920456204500932e-01
5.7697320475122260e-01
5.0134884465254581e-01
4.3259804316716360e-01
3.7074470293783529e-01
3.1562755418826915e-01
2.6694912960849687e-01
2.2431684434142177e-01
1.8727687667805920e-01
1.5534158824028274e-01
1.2801123599685746e-01
1.0479071795482173e-01
8.5202064756061541e-02
6.8793346046393186e-02
5.5144607306910301e-02
4.3871393637624975e-02
3.4626354708699826e-02
2.7099362775944800e-02
2.1016514634704594e-02
1.6138330716199953e-02
1.2257411101025156e-02
9.1957595471595759e-03
6.8019434792108303e-03
4.9482200481224901e-03
3.5277258231380519e-03
2.4518003207386714e-03
1.6474909180614564e-03
1.0552682665039097e-03
6.2696678557051452e-04
3.2395360989674219e-04
1.1552102507225389e-04
-2.2508631331570357e-05
-1.0898048988781986e-04
-1.5842445642336744e-04
-1.8191081937076069e-04
-1.8776284597446302e-04
-1.8214452285538748e-04
-1.6954073674461343e-04
-1.5314571215960428e-04
-1.3517414540018308e-04
-1.1710786134455968e-04
-9.9889277823637351e-05
-8.4071352794422259e-05
-6.9932457433730428e-05
-5.7563107644403114e-05
-4.6930484233126015e-05
-3.7925558947486223e-05
-3.0396838754829949e-05
-2.4173816775220582e-05
-1.9082804227401777e-05
-1.4957027604507555e-05
-1.1642686552018203e-05
-9.0020228012861120e-06
-6.9144948118569275e-06
-5.2765386915796450e-06
-4.0005925361415192e-06
-3.0136043714329525e-06
-2.2553837028625696e-06
-1.6768413087137937e-06
-1.2383746374822380e-06
-9.0829183230434250e-07
-6.6148516764371584e-07
-4.7819982892117177e-07
-3.4304272366865084e-07
-2.4407284892286918e-07
-1.7214797051929741e-07
-1.2027645531458864e-07
-8.3164954181057788e-08
-5.6841881838802817e-08
-3.8345958585542836e-08
-2.5473514181636780e-08
-1.6619478487717850e-08
-1.0601104560641225e-08
-6.5694096896972701e-09
-3.9092385555781483e-09
-2.1999661207970740e-09
-1.1194849039481521e-09
-4.6198367416679495e-10
-7.8504367088046482e-11
1.2352990456788501e-10
2.2145338251221931e-10
2.5068456815035988e-10
2.4465958642122794e-10
2.2250922718197673e-10
1.9066102422993803e-10
1.5580892244307846e-10
1.2916323771074150e-10
1.0093240799909358e-10
7.8553199849737771e-11
5.9976742654936654e-11
4.6554378304300972e-11
3.6080767162611084e-11
2.1624866316718768e-11
1.8556465408918794e-11
1.0938783754511799e-11
8.4772442549836000e-12
7.1520027416025095e-12
5.3448379919000598e-12
3.5523679560473969e-12
5.6379327228286807e-12
-3.3926979836908328e-13
1.1589535034424058e-12
2.7225588538958181e-12
1.0966600174614322e-12
-2.5216430485935646e-12
3.5098200020668330e-13
1.5994206057269712e-12
-1.8476095208068500e-12
-2.7798321780233939e-12
-1.8965981062868493e-12
-1.6665650373480167e-12
1.5632650148041259e-12
-3.7285894864784514e-12
-1.6303062336210060e-12
-1.5478800604415984e-13
2.0037946039728985e-12
-2.0571673634881770e-12
1.1416421838953729e-12
1.9842501801068946e-12
1.9663255015157951e-12
-9.1555751351844247e-13
1.5618373164209938e-12
2.3255422582343631e-13
1.4360769362910425e-12
1.7906590920768259e-12
-8.4460553831982790e-13
5.3141844246632886e-13
3.6082047803227815e-12
-6.8036522425443757e-13
-5.1868299603561674e-13
1.7841036326115737e-12
-1.5411324520270934e-13
9.2743175119327025e-13
6.7463674931755356e-13
-1.2588013675297606e-14
-8.6659109772717564e-13
1.5407916054088586e-12
7.1237849383829060e-13
-1.4022621572410510e-12
1.0323708163279266e-12
4.9972721334985410e-13
-5.6269388529422568e-13
1.8611392052915076e-13
9.4191021729146116e-13
5.7906785613638045e-13
1.2621190674947986e-12
1.7353591018688674e-12
-1.0349045382657572e-12
8.5481727890922511e-13
1.4602657728237393e-12
2.6795738665411754e-12
-1.0073506732398834e-12
5.2022359627827606e-13
-5.2960920492038093e-13
-1.1577335558836876e-12
2.6940392113010956e-13
6.2767551077609557e-13
-1.3170357294412647e-12
-8.6125732466399703e-13
-1.8170854306861602e-12
-1.3034319735019795e-12
-1.9096047509986476e-13
-1.5769830563256149e-12
-2.2684752887740469e-12
-1.3581187972527165e-12
-5.3467867653469624e-13
-1.9826974889921221e-12
-1.0008196287465895e-12
1.7300307053820184e-13
-2.3654258596981038e-12
-2.2722977150469039e-12
1.6885854302217036e-12
2.9907260393322578e-12
-1.6512536866718783e-12
2.3340625450789843e-12
1.8159459544063771e-13
2.7911626157079661e-13
-1.5262769512746858e-12
7.0734947461036826e-13
1.7806031836766455e-13
3.4588982389620303e-12
2.3423198274914910e-12
-1.1386845563915494e-12
1.3022265726126219e-12
1.9656493423718800e-12
-2.1410519526354996e-12
-6.4475275045780441e-13
2.8602682108862132e-13
-2.0503920561511467e-15
1.4058925591767679e-13
1.7448607579650157e-12
-7.6145719545810188e-13
-1.1893534031512747e-12
1.7925373675704981e-12
5.8090058842626509e-13
-1.7291002510733619e-12
-6.4577296353117563e-13
3.4413549093521051e-13
-1.8500979980266783e-12
-2.0436550017038610e-13
-6.3749898818634279e-13
-4.7345395438137530e-13
-2.7873169564466874e-13
2.0333618174157639e-12
-2.2151790603419679e-12
2.7287279569548571e-13
-2.2569011517528409e-13
2.0600614682718983e-12
9.5026863612431500e-13
2.2354455560059330e-12
-3.1912510966079987e-13
-8.9675310441296501e-13
2.3398180132022498e-12
-1.8303449193953898e-12
-3.8494150160840068e-13
-2.1167398381381018e-13
