2.2384474098399715e-12
6.0373252268474553e-13
-1.6366267921715496e-12
1.8929231426725940e-12
1.2054268407762403e-12
-4.0232217766736822e-13
2.1983394484135187e-12
-3.1634974458488440e-13
-1.6496112514117283e-12
2.3512303947278142e-12
-1.0821682132378149e-13
-6.6215550547083343e-13
7.5985751143089161e-13
2.4946749968660085e-12
-1.5850698489998332e-12
3.9185290622137670e-12
3.0900216093747433e-13
-8.3031217514981162e-14
-1.3957707316185754e-12
1.0104874400771552e-13
-1.2266924850159632e-12
1.4918327240583783e-13
1.4980803474555020e-12
-1.1110467173605859e-12
6.3474909077201608e-13
-9.5959154002892219e-13
-3.6722692500411054e-12
-4.3431117334071918e-12
-3.6637532791856069e-12
-4.4482887336524925e-12
-9.6225023003533547e-12
-8.9374678418813263e-12
-1.5848392668915643e-11
-2.3329018978452566e-11
-3.3594466778777509e-11
-4.8937458495944990e-11
-7.1859995734487065e-11
-1.0137700822518901e-10
-1.4321094919480459e-10
-2.0374106911738662e-10
-2.8256681931927604e-10
-3.9652641999893537e-10
-5.5511278590183103e-10
-7.7152572100097176e-10
-1.0589694904397999e-09
-1.4564034948767261e-09
-1.9831593579344229e-09
-2.6937010796235846e-09
-3.6365312253670614e-09
-4.8846190097069501e-09
-6.5200963203309215e-09
-8.6566197896751305e-09
-1.1418525795958988e-08
-1.4960430945232241e-08
-1.9460702708220244e-08
-2.5126531485455913e-08
-3.2167122900651918e-08
-4.0814394034772374e-08
-5.1256253297493407e-08
-6.3626227395226043e-08
-7.7931916968468169e-08
-9.3949009383383254e-08
-1.1107456442775638e-07
-1.2812715285172820e-07
-1.4302892524475183e-07
-1.5237402275604034e-07
-1.5083005975766876e-07
-1.3032131726304024e-07
-7.8875354468984365e-08
2.0892363046374798e-08
1.9385496689567669e-07
4.7507366883747910e-07
9.1346343256700442e-07
1.5764955596588705e-06
2.5564306226732854e-06
3.9782704585591898e-06
6.0100894608087459e-06
8.8761864992739720e-06
1.2873760013665278e-05
1.8393990282774766e-05
2.5948441163196631e-05
3.6201962703325892e-05
5.0013388571480463e-05
6.8485631295694206e-05
9.3026847490395095e-05
1.2542468230606222e-04
1.6793574572464482e-04
2.2339266214888969e-04
2.9533118377351092e-04
3.8813997865202624e-04
5.0723559367933072e-04
6.5926503261750605e-04
8.5233804470562853e-04
1.0962905661895865e-03
1.4029799969089980e-03
1.7866116761707945e-03
2.2640941424734327e-03
2.8554185141777678e-03
3.5840542540539130e-03
4.4773497846391447e-03
5.5669215423038388e-03
6.8890092081060244e-03
8.4847677591679011e-03
1.0400458218393537e-02
1.2687489199251435e-02
1.5402249467569946e-02
1.8605658320349012e-02
2.2362345531178159e-02
2.6739355542661609e-02
3.1804252062573340e-02
3.7622479131447686e-02
4.4253813396671372e-02
5.1747720108350333e-02
6.0137403139100293e-02
6.9432317094178325e-02
7.9608889140084238e-02
9.0599179742213126e-02
1.0227719698190488e-01
1.1444256969515422e-01
1.2680128192421461e-01
1.3894317737526690e-01
1.5031595917654611e-01
1.6019543982007092e-01
1.6765184070460068e-01
1.7151200237562583e-01
1.7031744754526751e-01
1.6227834107100944e-01
1.4522351596320204e-01
1.1654688320597198e-01
7.3150716524840509e-02
1.1386500584426987e-02
-7.3005747777069183e-02
-1.8495853386835387e-01
-3.3013690328534279e-01
-5.1499573875700688e-01
-7.4683236920391605e-01
-1.0338322432658200e+00
-1.3851051465702382e+00
-1.8107091880091144e+00
-2.3216595566326630e+00
-2.9299188701811723e+00
-3.6483658124397516e+00
-4.4907387038721946e+00
-5.4715506823276394e+00
-6.6059733029187901e+00
-7.9096856106154618e+00
-9.3986861085309705e+00
-1.1089065547911160e+01
-1.2996739109936076e+01
-1.5137137337432103e+01
-1.7524856105433415e+01
-2.0173266987519568e+01
-2.3094090568821215e+01
-2.6296936558972050e+01
-2.9788815947016307e+01
-3.3573631885064351e+01
-3.7651657454482645e+01
-4.2019009915917202e+01
-4.6667132428009197e+01
-5.1582295489282608e+01
-5.6745131461660513e+01
-6.2130216418934438e+01
-6.7705714176576635e+01
-7.3433097649436874e+01
-7.9266962605746727e+01
-8.5154948398343393e+01
-9.1037779326687485e+01
-9.6849438894421809e+01
-1.0251748736869031e+02
-1.0796353072364870e+02
-1.1310384628286683e+02
-1.1785016719868516e+02
-1.2211062437429494e+02
-1.2579084061424466e+02
-1.2879516776485730e+02
-1.3102805347446181e+02
-1.3239552007366751e+02
-1.3280673406437214e+02
-1.3217564093720003e+02
-1.3042263663446167e+02
-1.2747624406315593e+02
-1.2327476075597080e+02
-1.1776784218435412e+02
-1.1091798443693304e+02
-1.0270187006157168e+02
-9.3111541880031268e+01
-8.2155371545271905e+01
-6.9858792519546029e+01
-5.6264770975547641e+01
-4.1433992800833096e+01
-2.5444750328434921e+01
-8.3925185060874430e+00
9.6107831879908225e+00
2.8437839836802823e+01
4.7947290834974815e+01
6.7985362872630304e+01
8.8387761871902455e+01
1.0898179315548914e+02
1.2958867328984880e+02
1.5002599198572688e+02
1.7011027831047403e+02
1.8965962239938685e+02
2.0849630194815114e+02
2.2644936209248081e+02
2.4335709786577030e+02
2.5906939026632494e+02
2.7344985001932474e+02
2.8637772730696838e+02
2.9774955095108464e+02
3.0748046662317097e+02
3.1550525046015525e+02
3.2177898179161514e+02
3.2627736633463519e+02
3.2899670897599486e+02
3.2995354292869632e+02
3.2918392941645999e+02
3.2674244891461962e+02
3.2270091118490546e+02
3.1714681673536103e+02
3.1018160679173229e+02
3.0191874229155974e+02
2.9248165474742586e+02
2.8200161304503473e+02
2.7061555035329786e+02
2.5846389436572071e+02
2.4568844213453062e+02
2.3243031789538708e+02
2.1882804862850847e+02
2.0501578779514506e+02
1.9112171287383512e+02
1.7726661715205233e+02
1.6356271086147683e+02
1.5011264133248002e+02
1.3700873653027730e+02
1.2433247125568700e+02
1.1215415056588530e+02
1.0053280069615150e+02
8.9516254023031678e+01
7.9141411463235585e+01
6.9434663189417776e+01
6.0412446681790030e+01
5.2081919921198555e+01
4.4441726944339337e+01
3.7482832988398677e+01
3.1189407000140719e+01
2.5539730311595864e+01
2.0507111721152743e+01
1.6060790989715485e+01
1.2166814788939828e+01
8.7888713446688804e+00
5.8890723280771615e+00
3.4286728893127716e+00
1.3687230387989873e+00
-3.2935419691475365e-01
-1.7032603331423100e+00
-2.7893952786813769e+00
-3.6225063586151425e+00
-4.2354099098773137e+00
-4.6587816143439555e+00
-4.9210107391330284e+00
-5.0481126978649300e+00
-5.0636938190127720e+00
-4.9889618936646389e+00
-4.8427759553750009e+00
-4.6417287969570769e+00
-4.4002559288820375e+00
-4.1307650062659764e+00
-3.8437801705949779e+00
-3.5480962443344048e+00
-3.2509382577162045e+00
-2.9581223562969141e+00
-2.6742147163181116e+00
-2.4026856659271316e+00
-2.1460567599043969e+00
-1.9060390732024777e+00
-1.6836614550395153e+00
-1.4793879149582276e+00
-1.2932236914502135e+00
-1.1248098803699624e+00
-9.7350677497952498e-01
-8.3846629307998499e-01
-7.1869404257809710e-01
-6.1310170811378339e-01
-5.2055053269986906e-01
-4.3988672418646207e-01
-3.6996964163873158e-01
-3.0969361633146131e-01
-2.5800424079168000e-01
-2.1390992142091572e-01
-1.7648944010049936e-01
-1.4489621130869962e-01
-1.1835985705953958e-01
-9.6185654948759511e-02
-7.7752347526960211e-02
-6.2508735454284065e-02
-4.9969414260728123e-02
-3.9709956063950579e-02
-3.1361783759622272e-02
-2.4606936875785405e-02
-1.9172885296362879e-02
-1.4827509573521991e-02
-1.1374334425517451e-02
-8.6480748930940037e-03
-6.5105322606546483e-03
-4.8468584954962247e-03
-3.5621937587026350e-03
-2.5786702492055593e-03
-1.8327675805927422e-03
-1.2729989570343240e-03
-8.5790372183574485e-04
-5.5431954773935155e-04
-3.3590685465770807e-04
-1.8189804150276268e-04
-7.6045027382850945e-05
-5.7401061755979328e-06
3.8713168909007698e-05
6.4700371185702320e-05
7.7786994147702965e-05
8.2116741427018926e-05
8.0732355373133995e-05
7.5832067780587961e-05
6.8972979613766912e-05
6.1230998517033375e-05
5.3325571916645453e-05
4.5715982535377438e-05
3.8675007446969682e-05
3.2344639155783842e-05
2.6777661051181128e-05
2.1968288342464343e-05
1.7874398331790734e-05
1.4433265310136261e-05
1.1572518430704985e-05
9.2174592696185092e-06
7.2957691129189209e-06
5.7403492592819120e-06
4.4907735739546290e-06
3.4939058998079572e-06
2.7038577300836160e-06
2.0816255754819332e-06
1.5944911162236274e-06
1.2152999005972299e-06
9.2176575967195324e-07
6.9576891832060005e-07
5.2267505113152612e-07
3.9078581805620894e-07
2.9080030859855842e-07
2.1537607700863997e-07
1.5875854820162182e-07
1.1647406630556075e-07
8.5037424915942716e-08
6.1789261133148502e-08
4.4673949845682963e-08
3.2140649408220561e-08
2.3000682065711171e-08
1.6379140547079267e-08
1.1596957452977607e-08
8.1668838808976408e-09
5.7168565561172858e-09
3.9796903153703480e-09
2.7468604665898619e-09
1.8887155229384119e-09
1.2876091890994340e-09
8.7125711379382314e-10
5.8197665068334823e-10
3.8978266770742620e-10
2.5289568031586829e-10
1.6592878056196535e-10
1.0508686599786701e-10
6.6674262104518515e-11
3.9487116642263992e-11
2.5120832357657909e-11
1.2813079890482159e-11
6.8869706984149532e-12
3.7262493191255412e-12
1.5976948908463832e-12
-1.7867789720017825e-12
1.4391829933753928e-12
4.1939444549490553e-13
-4.8816327380799041e-13
-1.2828098391432995e-12
-2.9065515303162005e-13
-1.2810820005222975e-12
7.0247366184934049e-14
-1.4944370515688653e-12
1.5417802583630261e-12
1.5598602951593764e-12
8.0157759607970293e-13
5.0764102420992595e-14
1.3875985485249797e-12
-6.3512416004753328e-13
-2.4948488452939086e-13
-1.0161344023295581e-12
-3.5816928541639158e-13
-2.8166517763231024e-13
-1.0882819554166155e-12
1.3455797686602409e-12
3.9718541418845973e-13
-4.4320858816580141e-13
1.1732711102316942e-12
1.0181790679556690e-12
-9.4234528552059176e-13
-2.0014758308769414e-12
-1.2004708290856818e-12
2.9289770398105583e-13
-2.3042386217796552e-13
2.1349727665401864e-13
-5.1141685311566772e-13
-5.9895306762594621e-13
-1.3901254177372321e-12
-1.5605646378850918e-12
-2.9867906792930181e-12
1.3992958156454392e-12
-1.2286252941397110e-12
5.0699206230156132e-14
-1.0903304677026087e-12
1.0120678281247510e-12
1.4604570060635506e-12
-7.7801861022798755e-13
-1.7995105185515101e-12
-2.2958314042173193e-12
1.5865987758295220e-12
1.6267567215872311e-12
-2.8478063051570968e-13
5.1201544740786968e-13
-5.7735261978735846e-13
-1.1998987440929944e-12
-3.6185723745006382e-13
-1.3137031034852721e-13
1.6235568625213823e-12
9.6438246208163461e-13
-1.4060845431423026e-12
-2.1269616188165387e-12
1.4834554530579327e-13
4.4909610281604587e-13
-2.2361596235425746e-12
-2.5938602670041747e-12
2.2330646006958112e-12
-2.2386747584531519e-12
-1.1261627916592143e-12
-2.1520651045011551e-12
-1.4707876145134148e-12
-9.8397610379689895e-13
2.0511951235421257e-12
-1.3898314565994699e-13
1.2969712192696162e-13
1.2199008051472507e-12
1.2880333548590546e-12
-1.9952718016032574e-12
1.8056351679254572e-12
-1.2976183782569663e-12
1.8194205605994389e-12
-3.8702924596522021e-13
-5.3733084664866339e-13
-1.0444916762833042e-13
7.9031203583547992e-13
3.2691024491754412e-12
-5.6875622863431721e-13
-1.4417256030830807e-12
-1.0734458446195409e-13
-1.3208817243054165e-13
5.3757854049166012e-13
6.1597096076239858e-13
1.8257044725162835e-13
8.8928114240540234e-13
2.5408950256981590e-13
-2.9871321554563351e-13
1.4082470303196860e-13
5.9006905390271718e-13
1.0216277211930499e-12
-3.4804043042434398e-12
3.5872504686710068e-12
-2.9284391613198031e-13
1.6869410236469186e-12
7.3343240461903158e-13
-4.3833331673045475e-13
-1.4702433473329198e-13
8.8517927269329453e-13
-1.1933622046441027e-12
-1.4298176186551453e-12
6.9566907565762785e-13
6.9247699178210802e-13
-7.2800530236417772e-14
1.3422046154824572e-12
7.3465121730856016e-14
3.8719762100319540e-13
-6.6183593460741979e-13
2.6572067460001264e-12
9.9222963435397434e-13
2.0110875767409127e-13
-5.2607752030671514e-13
3.8126817068858047e-13
-2.2459682169897705e-12
1.3534479408546753e-12
-8.5092255139202646e-13
8.0922128287823445e-13
-4.9882051002429284e-13
8.7156475908202215e-13
-1.4423533983212977e-12
-1.0092591224629965e-12
3.4290132609010918e-12
-2.3580093454584985e-12
-2.2554638569687543e-12
6.9458248273766623e-13
-1.4889054094641758e-12
1.7274240433042389e-12
-3.2618333765740482e-13
-9.9467015381035956e-13
1.2914353333301253e-12
-4.5598712848173004e-13
1.7333117885371666e-12
-2.5194044286710944e-13
-1.0037874883740630e-12
