-3.4177981502144685e-14
-1.7114172259345074e-14
-3.4278555912363910e-14
-1.7164307399325934e-14
-1.7189260147380868e-14
-2.5821203639736642e-14
-1.7238933797020984e-14
-2.1579567275293110e-14
-2.5932443087461995e-14
-3.0297501630100593e-14
-8.6686707161899631e-15
-1.7361745030742310e-14
-1.3039551326538698e-14
-2.6115466819858455e-14
6.5379273495843687e-15
0.0000000000000000e+00
-2.1853189337873306e-15
-2.1883084287861479e-15
-4.3825751533107336e-15
1.7554050592218639e-14
8.7888584706704104e-15
1.2100893224621064e-14
1.7624797051927642e-14
3.4193406811225676e-14
-7.7312976824109266e-15
-6.6355422786402635e-15
-8.8589675488009197e-15
1.3860159535483303e-14
1.0547366875281268e-14
1.1116800634012577e-15
-5.5655274641767696e-16
-1.1145254072362592e-15
1.1996352644110926e-14
1.7877577407832419e-14
4.3071944417817853e-14
4.6486200122238600e-14
8.4115601622897056e-14
6.9060049921734549e-14
8.3479886326046950e-14
1.2382514174802830e-13
1.6624020484568347e-13
2.1214213216738463e-13
3.4119149523381751e-13
4.6376121332357606e-13
6.8401237190323580e-13
1.0022887913292720e-12
1.4870399401305546e-12
2.1467979079025690e-12
3.1084573077973348e-12
4.5040481264807007e-12
6.5163721300075099e-12
9.3964087287826049e-12
1.3489977844311917e-11
1.9345822162309915e-11
2.7661731534671885e-11
3.9491771805524183e-11
5.6232134975728363e-11
7.9917198809294271e-11
1.1333798943039276e-10
1.6041016474739910e-10
2.2653277274197371e-10
3.1922395512930885e-10
4.4895934121602899e-10
6.3003637760539105e-10
8.8230555834430929e-10
1.2329888636878925e-09
1.7194487281648066e-09
2.3927706261443837e-09
3.3228207570140389e-09
4.6046583943369983e-09
6.3676614996474250e-09
8.7872293886724347e-09
1.2100756019924902e-08
1.6628848337007170e-08
2.2803496796306336e-08
3.1205357801253541e-08
4.2613339458070784e-08
5.8069865583485141e-08
7.8966915199340672e-08
1.0715884521328488e-07
1.4511079510415861e-07
1.9609212827990486e-07
2.6442924502714238e-07
3.5583406419134792e-07
4.7783103471979645e-07
6.4030951364482239e-07
8.5623775083827885e-07
1.1425825088910784e-06
1.5214914891519491e-06
2.0218097071711820e-06
2.6810184864327032e-06
3.5477100313834849e-06
4.6847368616041098e-06
6.1732101716400869e-06
8.1175636569445699e-06
1.0651950006661905e-05
1.3948301112407741e-05
1.8226458243516156e-05
2.3766872292286094e-05
3.0926484637740422e-05
4.0158534764505550e-05
5.2037201982183952e-05
6.7288181536295446e-05
8.6826525675586636e-05
1.1180335390222800e-04
1.4366335917366735e-04
1.8421541930044817e-04
2.3571906920286892e-04
3.0099011495196581e-04
3.8352927968565969e-04
4.8767848197618738e-04
6.1881016464169125e-04
7.8355603684325894e-04
9.9008267196054925e-04
1.2484226378779609e-03
1.5708712356540769e-03
1.9724605061152900e-03
2.4715239414856952e-03
3.0903673304043273e-03
3.8560633750151668e-03
4.8013901659579774e-03
5.9659362861215334e-03
7.3973982457953020e-03
9.1530991258456911e-03
1.1301760717122092e-02
1.3925565077808913e-02
1.7122545265450026e-02
2.1009349000004583e-02
2.5724423139567597e-02
3.1431671037820574e-02
3.8324639034499827e-02
4.6631292413129258e-02
5.6619445041683272e-02
6.8602910461139310e-02
8.2948445260797019e-02
1.0008355800752805e-01
1.2050525859189774e-01
1.4478982340439819e-01
1.7360365103303635e-01
2.0771528092457017e-01
2.4800864341567827e-01
2.9549760343292031e-01
3.5134185169899407e-01
4.1686418617197918e-01
4.9356921240117491e-01
5.8316347423015202e-01
6.8757700555877865e-01
8.0898626947121566e-01
9.4983842276011743e-01
1.1128768116048287e+00
1.3011675678352466e+00
1.5181271348506415e+00
1.7675505079924991e+00
2.0536399262073028e+00
2.3810337005430848e+00
2.7548348108758058e+00
3.1806388458958499e+00
3.6645608035807604e+00
4.2132602110836794e+00
4.8339639652756770e+00
5.5344862393656111e+00
6.3232447484894765e+00
7.2092726194789005e+00
8.2022250688555118e+00
9.3123800602482891e+00
1.0550632089736466e+01
1.1928478236980004e+01
1.3457995623292863e+01
1.5151809436877736e+01
1.7023050722003070e+01
1.9085303184532528e+01
2.1352538342268232e+01
2.3839038446104823e+01
2.6559306717744903e+01
2.9527964592017856e+01
3.2759635816539053e+01
3.6268817447896780e+01
4.0069737990556547e+01
4.4176203150433068e+01
4.8601429917188433e+01
5.3357869944743321e+01
5.8457023464584047e+01
6.3909245236971429e+01
6.9723544316311703e+01
7.5907379673443913e+01
8.2466453973731532e+01
8.9404508049593716e+01
9.6723118823253415e+01
1.0442150362371720e+02
1.1249633399511639e+02
1.2094156220553565e+02
1.2974826373073543e+02
1.3890449900069024e+02
1.4839519765430552e+02
1.5820206844559911e+02
1.6830353778063866e+02
1.7867471963738245e+02
1.8928741933031094e+02
2.0011017322978449e+02
2.1110832613523382e+02
2.2224414753589201e+02
2.3347698747851260e+02
2.4476347220551688e+02
2.5605773913768707e+02
2.6731171016246662e+02
2.7847540156275471e+02
2.8949726829321662e+02
3.0032457969358467e+02
3.1090382313354803e+02
3.2118113152402447e+02
3.3110273011704197e+02
3.4061539756279143e+02
3.4966693580845367e+02
3.5820664311889954e+02
3.6618578428265016e+02
3.7355805194433157e+02
3.8028001298219993e+02
3.8631153392911131e+02
3.9161617961844229e+02
3.9616157952162683e+02
3.9991975662769653e+02
4.0286741419186774e+02
4.0498617624215979e+02
4.0626277837066544e+02
4.0668920603819532e+02
4.0626277837481763e+02
4.0498617625043818e+02
4.0286741420422038e+02
3.9991975664404623e+02
3.9616157954187207e+02
3.9161617964245784e+02
3.8631153395675005e+02
3.8028001301329408e+02
3.7355805197869432e+02
3.6618578432007746e+02
3.5820664315917259e+02
3.4966693585134044e+02
3.4061539760804936e+02
3.3110273016442011e+02
3.2118113157326553e+02
3.1090382318439106e+02
3.0032457974576721e+02
2.8949726834647674e+02
2.7847540161683315e+02
2.6731171021710912e+02
2.5605773919264618e+02
2.4476347226055344e+02
2.3347698753339756e+02
2.2224414759040789e+02
2.1110832618917573e+02
2.0011017328296143e+02
1.8928741938254649e+02
1.7867471968851547e+02
1.6830353783052379e+02
1.5820206849410698e+02
1.4839519770132310e+02
1.3890449904612038e+02
1.2974826377449702e+02
1.2094156224756287e+02
1.1249633403535863e+02
1.0442150366213812e+02
9.6723118859830237e+01
8.9404508084316618e+01
8.2466454006602646e+01
7.5907379704476369e+01
6.9723544345528609e+01
6.3909245264405044e+01
5.8457023490274622e+01
5.3357869968738228e+01
4.8601429939541021e+01
4.4176203171201863e+01
4.0069738009804219e+01
3.6268817465689260e+01
3.2759635832944802e+01
2.9527964607106878e+01
2.6559306731588311e+01
2.3839038458773917e+01
2.1352538353834017e+01
1.9085303195065190e+01
1.7023050731571473e+01
1.5151809445549054e+01
1.3457995631132158e+01
1.1928478244050106e+01
1.0550632096097583e+01
9.3123800659578588e+00
8.2022250739681297e+00
7.2092726240461307e+00
6.3232447525599067e+00
5.5344862429847348e+00
4.8339639684860565e+00
4.2132602139247703e+00
3.6645608060891983e+00
3.1806388481054206e+00
2.7548348128176765e+00
2.3810337022456673e+00
2.0536399276966422e+00
1.7675505092923509e+00
1.5181271359824848e+00
1.3011675688185214e+00
1.1128768124571473e+00
9.4983842349716097e-01
8.0898627010718804e-01
6.8757700610623851e-01
5.8316347470040186e-01
4.9356921280417548e-01
4.1686418651655949e-01
3.5134185199295387e-01
2.9549760368312616e-01
2.4800864362816424e-01
2.0771528110463036e-01
1.7360365118524088e-01
1.4478982353279637e-01
1.2050525869994534e-01
1.0008355809825301e-01
8.2948445336790480e-02
6.8602910524642374e-02
5.6619445094634326e-02
4.6631292457198853e-02
3.8324639071061942e-02
3.1431671068112267e-02
2.5724423164588915e-02
2.1009349020606843e-02
1.7122545282362598e-02
1.3925565091668243e-02
1.1301760728412658e-02
9.1530991350899146e-03
7.3973982532785200e-03
5.9659362921939364e-03
4.8013901708785804e-03
3.8560633789354484e-03
3.0903673335309161e-03
2.4715239439643075e-03
1.9724605080815474e-03
1.5708712372496934e-03
1.2484226390954323e-03
9.9008267294463099e-04
7.8355603764098595e-04
6.1881016529199300e-04
4.8767848247527822e-04
3.8352928006622680e-04
3.0099011522548345e-04
2.3571906945972753e-04
1.8421541946130900e-04
1.4366335933440260e-04
1.1180335402438399e-04
8.6826525785226703e-05
6.7288181632274308e-05
5.2037202026162302e-05
4.0158534748629001e-05
3.0926484642187447e-05
2.3766872284360888e-05
1.8226458235597550e-05
1.3948301085394622e-05
1.0651949960586651e-05
8.1175636109086105e-06
6.1732100998553423e-06
4.6847367696909825e-06
3.5477099608771954e-06
2.6810183914201937e-06
2.0218096256677211e-06
1.5214913820460270e-06
1.1425823639780742e-06
8.5623760605647994e-07
6.4030936851976666e-07
4.7783088696022452e-07
3.5583394556299235e-07
2.6442909106846930e-07
1.9609202729976223e-07
1.4511072427457082e-07
1.0715876685504868e-07
7.8966837111754363e-08
5.8069833761089371e-08
4.2613308528358114e-08
3.1205370355100371e-08
2.2803495549455815e-08
1.6628879131231659e-08
1.2100773314275376e-08
8.7872278405362384e-09
6.3676452026089324e-09
4.6046435673589016e-09
3.3227610737208964e-09
2.3927429390893734e-09
1.7194090925523183e-09
1.2329533871444832e-09
8.8229386852671805e-10
6.3002480860159729e-10
4.4895240719545868e-10
3.1922626399633565e-10
2.2650970892882543e-10
1.6040094921499756e-10
1.1333568805796281e-10
7.9914899959944099e-11
5.6220653406189052e-11
3.9475715442473790e-11
2.7645693091804108e-11
1.9313781288031870e-11
1.3460259201374101e-11
9.3849914642275841e-12
6.5049679085689250e-12
4.4972134555755709e-12
3.1152840808012817e-12
2.1479343811200927e-12
1.4518504453641064e-12
9.8754925028031238e-13
6.6136295561504923e-13
4.7167908769739329e-13
2.8922192973462678e-13
1.8167491105823897e-13
9.3545335608079510e-14
3.3770493204007714e-14
-1.7426777616885221e-14
-4.0986858896639211e-14
-8.2433289590439103e-14
-5.5167357976391585e-14
-8.4465761131045427e-14
-1.1089684735796050e-13
-7.0025221248182382e-14
-9.8078235836790799e-14
-8.2926359216233879e-14
-8.1708484659992444e-14
-8.3268685857483699e-14
-8.1497738068641813e-14
-6.4227514728806667e-14
-4.2025101098055004e-14
-2.6507306339694611e-14
-1.7648209967084220e-14
-2.4234095946400507e-14
-3.3002436067148359e-14
-2.1972146176676023e-14
-4.3885126480546598e-15
-1.0956437883276834e-14
4.3766168575722958e-15
-1.7482551470298645e-14
-4.3646382903164170e-15
4.3586182330562461e-15
0.0000000000000000e+00
-8.6930342176924651e-15
0.0000000000000000e+00
4.3343353580949816e-15
-4.3282145185857997e-15
-4.3220738479103324e-15
-2.5895480730351731e-14
-3.0168134144786723e-14
-3.4428271519648856e-14
-3.4378520294761736e-14
-4.2910768498314836e-14
-3.4278555912363910e-14
-5.1342516778035228e-14
-2.5633486126608516e-14
-5.9723068560640896e-14
-5.1115206220424031e-14
-5.1038987378556636e-14
-5.9456304173605442e-14
-6.7847846303219381e-14
-3.3872669065797971e-14
-5.0731904392130992e-14
-5.0654588453753693e-14
-5.0577057131835549e-14
-5.0499311776841559e-14
-5.0421353741392283e-14
-8.3905307300374893e-14
-6.7019740066872620e-14
-8.3643695183390932e-14
-8.3512369867864566e-14
-1.0005684169004270e-13
-8.3248692079464364e-14
-8.3116344158849505e-14
-6.6386927941836912e-14
-9.9420770002301348e-14
-1.1580420833721309e-13
-9.9100334663350187e-14
-9.8939526733273906e-14
-1.3170443862305810e-13
-1.3148899216376869e-13
-9.8454774960432635e-14
-1.3105656565831549e-13
-9.8129694739350126e-14
-1.3062211895572537e-13
-1.3040414726456085e-13
-1.6273210201555996e-13
-1.2996672570309630e-13
-1.2974728324367988e-13
-1.2952735794473413e-13
-1.2930695352005206e-13
-9.6814555264935956e-14
-1.2886472216432062e-13
-1.2864290267621704e-13
-9.6315464211046845e-14
-1.2819787470839085e-13
-9.5981005266281438e-14
-9.5813264716293758e-14
-6.3763458122291546e-14
-7.9563979559639523e-14
-9.5308032386210876e-14
-6.3425973822992519e-14
-6.3313042216693431e-14
-7.8999869139954220e-14
-7.8858168728873505e-14
-9.4459444657882373e-14
-7.8573976942993412e-14
-7.8431490259047820e-14
-9.3946495411817603e-14
-6.2516597634396824e-14
-7.8002495206850204e-14
-7.7858993017128184e-14
-7.7715242823510813e-14
-7.7571246976245594e-14
-6.1941606260867075e-14
-5.4097769406952492e-14
-6.1710247217774528e-14
-4.6195712443182546e-14
-5.3793365657930768e-14
