-6.7893553037722395e-03
-8.7140784846594776e-03
-1.0846805266752493e-02
-1.3244470051661964e-02
-1.5958371769213133e-02
-1.9041121836304974e-02
-2.2546749522627838e-02
-2.6537043346154705e-02
-3.1084283783088435e-02
-3.6270795754186534e-02
-4.2185953599640162e-02
-4.8922831365043003e-02
-5.6582838361812042e-02
-6.5290066015587261e-02
-7.5181408964164823e-02
-8.6402810341256159e-02
-9.9115890489065508e-02
-1.1349947976177749e-01
-1.2974713043142161e-01
-1.4807145964239424e-01
-1.6871207518054851e-01
-1.9193099655183415e-01
-2.1801082990871856e-01
-2.4725414885864419e-01
-2.7998196435930633e-01
-3.1653909173323452e-01
-3.5729340377393598e-01
-4.0264291533114721e-01
-4.5301724930760928e-01
-5.0886935670689237e-01
-5.7067701336541232e-01
-6.3893956564545373e-01
-7.1417612484239890e-01
-7.9692904532641573e-01
-8.8775945397540679e-01
-9.8724969802925733e-01
-1.0960064552642046e+00
-1.2146486821345117e+00
-1.3437972973893972e+00
-1.4840750155163824e+00
-1.6361041706291319e+00
-1.8005002964114505e+00
-1.9778597948817207e+00
-2.1687489256756520e+00
-2.3737071046752738e+00
-2.5932343827246989e+00
-2.8277751143833703e+00
-3.0777149013840654e+00
-3.3433648081118950e+00
-3.6249445445001611e+00
-3.9225744748145557e+00
-4.2362571030172989e+00
-4.5658531739946397e+00
-4.9110775238300146e+00
-5.2714846705891469e+00
-5.6464422804517973e+00
-6.0351217066315757e+00
-6.4364828745937830e+00
-6.8492529446938342e+00
-7.2719141124356064e+00
-7.7026961700005252e+00
-8.1395534720992568e+00
-8.5801517927568192e+00
-9.0218596790398227e+00
-9.4617291836116202e+00
-9.8964906956741263e+00
-1.0322550415706436e+01
-1.0735990137052685e+01
-1.1132557848620149e+01
-1.1507661102360704e+01
-1.1856384520485722e+01
-1.2173499986174686e+01
-1.2453473630212692e+01
-1.2690480980378881e+01
-1.2878429992335473e+01
-1.3010982281336082e+01
-1.3081572892502020e+01
-1.3083446584346635e+01
-1.3009701384484122e+01
-1.2853328423148314e+01
-1.2607254068896756e+01
-1.2264385407666460e+01
-1.1817665199731271e+01
-1.1260124466199876e+01
-1.0584931603967206e+01
-9.7854602876522119e+00
-8.8553614629341908e+00
-7.7886224428564015e+00
-6.5796287702909622e+00
-5.2232319321140706e+00
-3.7148200198249337e+00
-2.0503864457549632e+00
-2.2658090992168572e-01
1.7592246171742287e+00
3.9088696337169884e+00
6.2233590860370311e+00
8.7028103311208085e+00
1.1346402341990986e+01
1.4152339797927979e+01
1.7117814211838393e+01
2.0238972517351595e+01
2.3510912772710160e+01
2.6927674650975160e+01
3.0482226548261945e+01
3.4166476187908643e+01
3.7971290597190126e+01
4.1886519957315265e+01
4.5901039320238631e+01
5.0002794205659086e+01
5.4178839952429463e+01
5.8415409562808613e+01
6.2697994641544291e+01
6.7011416416393615e+01
7.1339913947048331e+01
7.5667241071885698e+01
7.9976763643082180e+01
8.4251558309816232e+01
8.8474532639208476e+01
9.2628536374421955e+01
9.6696478138903032e+01
1.0066144714460890e+02
1.0450682520504985e+02
1.0821639944534797e+02
1.1177447119402683e+02
1.1516597312284722e+02
1.1837658513933813e+02
1.2139281946263293e+02
1.2420211962900667e+02
1.2679295328119088e+02
1.2915488646244398e+02
1.3127865016627587e+02
1.3315619722500620e+02
1.3478076430679508e+02
1.3614691341311601e+02
1.3725054697864522e+02
1.3808893482582201e+02
1.3866072400943327e+02
1.3896592865392833e+02
1.3900591331004716e+02
1.3878336157404178e+02
1.3830224957598858e+02
1.3756780324222777e+02
1.3658643830162919e+02
1.3536570034474610e+02
1.3391419067003608e+02
1.3224148374596891e+02
1.3035804875650646e+02
1.2827515583829327e+02
1.2600477576981184e+02
1.2355949634787817e+02
1.2095242692128033e+02
1.1819708639848648e+02
1.1530730809727406e+02
1.1229714385199181e+02
1.0918076504978330e+02
1.0597237273734780e+02
1.0268610661292087e+02
9.9335942279088684e+01
9.5935614431341946e+01
9.2498548391396724e+01
8.9037782332832421e+01
8.5565899837900758e+01
8.2094973862762913e+01
7.8636508538677916e+01
7.5201392392634631e+01
7.1799872794306012e+01
6.8441517725697793e+01
6.5135187446564643e+01
6.1889025566525753e+01
5.8710442031193438e+01
5.5606104371009025e+01
5.2581937298408107e+01
4.9643138761415727e+01
4.6794192179934342e+01
4.4038870639048390e+01
4.1380258705524582e+01
3.8820782177716190e+01
3.6362237117602298e+01
3.4005818423999500e+01
3.1752156861476163e+01
2.9601360442529010e+01
2.7553043950168650e+01
2.5606361688903423e+01
2.3760049035656493e+01
2.2012465036077909e+01
2.0361633227910698e+01
1.8805276643372459e+01
1.7340857927599341e+01
1.5965624046290802e+01
1.4676631659790651e+01
1.3470773324759762e+01
1.2344818910780813e+01
1.1295448442347833e+01
1.0319277269095338e+01
9.4128788016463432e+00
8.5728066721266227e+00
7.7956286693575247e+00
7.0779439877921568e+00
6.4163959590303250e+00
5.8076938160225291e+00
5.2486217192039257e+00
4.7360481773345962e+00
4.2669422257731346e+00
3.8383775084733358e+00
3.4475322381050773e+00
3.0917075054402638e+00
2.7683307011797345e+00
2.4749487631960077e+00
2.2092367708654077e+00
1.9689992723984791e+00
1.7521640682022719e+00
1.5567860162767828e+00
1.3810487962762026e+00
1.2232510129389051e+00
1.0818046098009297e+00
9.5523608687968631e-01
8.4217258383253568e-01
7.4134274746575579e-01
6.5157529018934246e-01
5.7179560462560663e-01
5.0101108080381884e-01
4.3830587287973222e-01
3.8284537617449799e-01
3.3387346500797149e-01
2.9070368656895179e-01
2.5271297520538638e-01
2.1933787629069296e-01
1.9006610732671175e-01
1.6442941905885111e-01
1.4200966217500607e-01
1.2243183830763120e-01
1.0536347729161914e-01
9.0510747793347043e-02
7.7610892347596522e-02
6.6429461636146478e-02
5.6752968930402041e-02
4.8385796517519730e-02
4.1157383747288674e-02
3.4918179633070978e-02
2.9539440723880359e-02
2.4908026974663187e-02
2.0922552757574420e-02
1.7494870537973665e-02
1.4547085155689154e-02
1.2000331690422210e-02
9.7849988433903901e-03
7.8457341477883163e-03
6.1305102182329530e-03
4.5877206568395914e-03
3.1688032672906432e-03
1.8296068702707226e-03
5.3332978392312675e-04
-7.5520426082403814e-04
-2.0806449642554576e-03
-3.4906345050468913e-03
-5.0473390782382584e-03
