2.1396290623112846e-12
-1.8061736670570736e-12
-2.7732920728468358e-13
-4.9845139604305084e-13
-1.2105432000511763e-13
-6.1454780243108512e-13
6.5037642086457713e-13
-2.0787362422025651e-13
4.6206404813725345e-13
1.8665249632390665e-12
1.6020104459861477e-12
-6.9874798718872864e-13
1.4081767966910824e-12
-1.0460445867914389e-13
9.0747623468050332e-13
-1.0927395706125312e-12
1.5154785612099594e-12
-1.8681388467307801e-13
1.1403691142563734e-12
3.8512661457868272e-13
-6.0894729840556383e-13
-1.1799717181662955e-12
1.8521709773847536e-12
-2.8148713934293777e-12
6.7929625558611345e-14
-1.7071063477294196e-13
1.2009347276759034e-13
-8.7432576433588824e-13
1.1112178477824616e-12
7.9300686155707618e-13
-1.2616506179289442e-12
-7.4413372186979517e-14
1.2964945476123656e-12
-2.2025395511740304e-12
1.6299315021855046e-12
-1.8565472242250075e-12
-9.7120605691719407e-13
1.3148191359650480e-12
6.9129100136559557e-13
-1.2428371864936295e-12
-9.5372443512986586e-13
-1.0461553744704099e-12
8.8683934194800169e-13
6.4854341444283393e-13
-7.4042951753106125e-13
-1.5560101627125494e-13
-1.4549001334673310e-12
3.0532033728779692e-13
-1.4105226015811566e-12
4.9144103583461912e-13
-1.1336368101882008e-12
-1.3866446945191044e-12
-2.4681576394253547e-12
1.6343465824237437e-12
-8.6556967088761800e-13
-9.5286105908089382e-13
2.9799979951155987e-13
4.9544751255351163e-13
-1.8040980015020481e-12
2.6725673200049798e-13
-2.7488189908001492e-12
7.8547741120538300e-13
1.1136807170144115e-12
4.0031234179445989e-13
1.2565962844796744e-12
1.3549859963882348e-12
9.7938925247517309e-13
-1.5680824556441594e-12
-1.9220423379663273e-13
-2.8040740275025944e-13
2.1157615093908036e-13
-1.3186082199001817e-12
-2.5151741840585111e-12
1.4978227896840171e-12
-8.0426735742718803e-13
-9.5700668479243761e-13
-1.0218751249799939e-12
-1.3496870464088838e-12
6.6739697878656247e-13
-5.3892760593389678e-13
-3.0575552816930037e-12
-6.8292418892261240e-13
-7.7583722861448743e-13
-1.9860385983542546e-12
-9.7867757565088496e-13
-4.4357268977384526e-12
-3.9740570351845381e-12
-4.4096886754736179e-12
-7.8685881891960925e-12
-1.0843927177272743e-11
-1.0323984647161951e-11
-1.8093159427674010e-11
-1.9044721970581023e-11
-2.2388895308609469e-11
-2.6795126634254753e-11
-2.9607880508322713e-11
-2.9364797444166733e-11
-2.3052985056243843e-11
-9.6463410207160676e-12
1.8608850584271803e-11
7.5354620307424965e-11
1.6300776233842759e-10
3.1610404851532911e-10
5.5070901568254261e-10
9.2308388925255695e-10
1.4957325552901138e-09
2.3641286654618149e-09
3.6520931931010830e-09
5.5643097576593646e-09
8.3621378193294209e-09
1.2427712706966176e-08
1.8291426204430900e-08
2.6700553047369307e-08
3.8672194906452427e-08
5.5632891880953666e-08
7.9530686538247852e-08
1.1303657482339635e-07
1.5979901542664842e-07
2.2476182839506379e-07
3.1463907663670318e-07
4.3847132425631648e-07
6.0842072546827748e-07
8.4077706354866906e-07
1.1572959591623501e-06
1.5869290017324267e-06
2.1680675058950701e-06
2.9514890962815134e-06
4.0041120188511060e-06
5.4138619795588488e-06
7.2959073341854287e-06
9.8006480684869661e-06
1.3123889306791291e-05
1.7519791176840127e-05
2.3317280694715867e-05
3.0940790691968001e-05
4.0936397166853573e-05
5.4004635375908110e-05
7.1041586876797471e-05
9.3190189991994218e-05
1.2190407011388748e-04
1.5902673822999351e-04
2.0688953894956437e-04
2.6843242291229452e-04
3.4735240026230783e-04
4.4828543952777673e-04
5.7702868431625247e-04
7.4081103197609285e-04
9.4862165151661320e-04
1.2116074717664395e-03
1.5435527296437416e-03
1.9614555649485727e-03
2.4862192205657202e-03
3.1434778042149043e-03
3.9645797572093423e-03
4.9877552247141735e-03
6.2594972454593813e-03
7.8361903949146234e-03
9.7860248948088840e-03
1.2191238463649041e-02
1.5150733196415925e-02
1.8783119449289249e-02
2.3230244040818835e-02
2.8661265280686517e-02
3.5277342473035558e-02
4.3317012729429935e-02
5.3062332770164117e-02
6.4845867748058977e-02
7.9058612964749406e-02
9.6158937269082659e-02
1.1668263875380219e-01
1.4125420381120779e-01
1.7059935932199710e-01
2.0555900459054030e-01
2.4710460376254756e-01
2.9635511122460551e-01
3.5459549085765596e-01
4.2329687487852458e-01
5.0413838914513054e-01
5.9903064846310339e-01
7.1014089783700685e-01
8.3991974280794324e-01
9.9112937460887451e-01
1.1668731529547269e+00
1.3706263614394283e+00
1.6062678975752971e+00
1.8781126016220220e+00
2.1909438662839031e+00
2.5500461033220847e+00
2.9612365741205249e+00
3.4308960200651955e+00
3.9659974567618592e+00
4.5741324245786812e+00
5.2635339187604089e+00
6.0430951570642257e+00
6.9223832835399772e+00
7.9116470560346777e+00
9.0218175243125813e+00
1.0264500678088631e+01
1.1651961031867321e+01
1.3197095119185358e+01
1.4913393894560487e+01
1.6814893089570813e+01
1.8916110642461582e+01
2.1231970419283989e+01
2.3777711571011931e+01
2.6568783025708807e+01
2.9620722797978157e+01
3.2949022009357563e+01
3.6568973751814006e+01
4.0495507190325149e+01
4.4743007587045241e+01
4.9325123235225199e+01
5.4254560611606507e+01
5.9542869386533532e+01
6.5200219265138784e+01
7.1235170964779641e+01
7.7654443955484041e+01
8.4462683894542721e+01
9.1662232964949951e+01
9.9252906572283379e+01
1.0723178005775095e+02
1.1559298923816492e+02
1.2432754867967466e+02
1.3342319164378779e+02
1.4286423560616876e+02
1.5263147713600233e+02
1.6270211973265395e+02
1.7304973794585831e+02
1.8364428075458949e+02
1.9445211675056049e+02
2.0543612316806519e+02
2.1655582022827349e+02
2.2776755163047406e+02
2.3902471133460008e+02
2.5027801604922456e+02
2.6147582208050159e+02
2.7256448442322511e+02
2.8348875520116587e+02
2.9419221780527920e+02
3.0461775235179641e+02
3.1470802740364883e+02
3.2440601228378750e+02
3.3365550377308472e+02
3.4240166054204678e+02
3.5059153832706392e+02
3.5817461863832648e+02
3.6510332368629668e+02
3.7133351024163142e+02
3.7682493530315230e+02
3.8154168673918855e+02
3.8545257248658157e+02
3.8853146243292127e+02
3.9075757776232126e+02
3.9211572330160743e+02
3.9259645924872927e+02
3.9219620958197737e+02
3.9091730541994696e+02
3.8876796260860652e+02
3.8576219383377691e+02
3.8191965657401727e+02
3.7726543920056065e+02
3.7182978847745579e+02
3.6564778259820014e+02
3.5875895469762122e+02
3.5120687248460433e+02
3.4303868023928277e+02
3.3430460989761508e+02
3.2505746829874431e+02
3.1535210789204876e+02
3.0524488828923177e+02
2.9479313600355107e+02
2.8405460954753511e+02
2.7308697676881729e+02
2.6194731090052642e+02
2.5069161129924552e+02
2.3937435425290582e+02
2.2804807857832790e+02
2.1676301000841801e+02
2.0556672760923445e+02
1.9450387468333784e+02
1.8361591582472553e+02
1.7294094100769235e+02
1.6251351683242720e+02
1.5236458432707670e+02
1.4252140203234470e+02
1.3300753248016787e+02
1.2384286963153583e+02
1.1504370436685271e+02
1.0662282472976003e+02
9.8589647314800345e+01
9.0950375961518560e+01
8.3708183771243654e+01
7.6863414395399857e+01
7.0413798551132814e+01
6.4354681796028117e+01
5.8679259732062256e+01
5.3378817001955099e+01
4.8442966681113205e+01
4.3859886946808096e+01
3.9616552214215112e+01
3.5698956258804536e+01
3.2092325187306045e+01
2.8781318467693083e+01
2.5750216575362654e+01
2.2983094150966803e+01
2.0463977889911675e+01
1.8176988689368574e+01
1.6106467861660665e+01
1.4237087480211217e+01
1.2553945153424248e+01
1.1042643721631155e+01
9.6893565419037433e+00
8.4808791651327660e+00
7.4046683199090140e+00
6.4488692001335677e+00
5.6023321085961193e+00
4.8546195404253192e+00
4.1960047992016687e+00
3.6174632283685373e+00
3.1106571131199243e+00
2.6679152663305654e+00
2.2822082586575312e+00
1.9471201904570461e+00
1.6568178336366737e+00
1.4060178977096447e+00
1.1899530977196506e+00
1.0043376243358870e+00
8.4533253995935764e-01
7.0951155014364686e-01
5.9382752856318510e-01
4.9558010646016870e-01
4.1238457531408879e-01
3.4214229419611353e-01
2.8301274166493928e-01
2.3338730603528529e-01
1.9186486748261780e-01
1.5722919046978975e-01
1.2842811553072508e-01
1.0455451463449722e-01
8.4828954521911387e-02
6.8583996635942043e-02
5.5250050324998592e-02
4.4342687650794584e-02
3.5451322479264788e-02
2.8229153797810977e-02
2.2384272377195091e-02
1.7671830991340089e-02
1.3887181062696969e-02
1.0859882194602636e-02
8.4484957058490844e-03
6.5360785559578794e-03
5.0262995807447194e-03
3.8401058938097488e-03
2.9128732728502648e-03
2.1919801715834003e-03
1.6347508436366765e-03
1.2067184868235234e-03
8.8016463782236839e-04
6.3289589498479631e-04
4.4722364716401428e-04
3.0911665175285293e-04
2.0750011369544290e-04
1.3367843108044597e-04
8.0861815175162260e-05
4.3779806486095376e-05
1.8367136822508312e-05
1.5095832964040003e-06
-9.1606891899783433e-06
-1.5429161662919963e-05
-1.8629694408173684e-05
-1.9748267809972940e-05
-1.9504818941888348e-05
-1.8417401989320679e-05
-1.6852218338182865e-05
-1.5062383936983150e-05
-1.3217706941022976e-05
-1.1427476123962928e-05
-9.7576529639176326e-06
-8.2438082895786493e-06
-6.9007004964911147e-06
-5.7293272683437071e-06
-4.7219783712282807e-06
-3.8658806220383138e-06
-3.1456947332317373e-06
-2.5452333050006783e-06
-2.0485573119318138e-06
-1.6406531893085764e-06
-1.3078413349338553e-06
-1.0379209688659822e-06
-8.2022743139393436e-07
-6.4556995670416726e-07
-5.0612576372355850e-07
-3.9530921510285788e-07
-3.0764067114789758e-07
-2.3856962102689764e-07
-1.8436805960072297e-07
-1.4200903968914626e-07
-1.0902110759090478e-07
-8.3432308481436078e-08
-6.3651190005356325e-08
-4.8407027049144306e-08
-3.6709622434922892e-08
-2.7754180144018536e-08
-2.0921192989028139e-08
-1.5722614406764396e-08
-1.1787420153693422e-08
-8.8074572800063639e-09
-6.5646282141758005e-09
-4.8780179048840150e-09
-3.6162478160161373e-09
-2.6749069679729767e-09
-1.9729254247439193e-09
-1.4509050113332847e-09
-1.0618655625991628e-09
-7.7570615421651390e-10
-5.6798696286584780e-10
-4.1227745998863454e-10
-2.9936337279279750e-10
-2.1737053531544742e-10
-1.5571424546849373e-10
-1.1321518204625012e-10
-8.0288407873896057e-11
-5.9091387827766133e-11
-3.9012195492535626e-11
-3.1397045306244716e-11
-2.2197144258032582e-11
-1.4064756568221017e-11
-1.1444603279184985e-11
-8.4281047685563381e-12
-3.9478002044585091e-12
-3.3342767683187571e-12
-2.5868443716412469e-12
-4.2517417324026336e-12
-1.4875184254245472e-12
-8.9932223574901791e-13
7.1746140424488467e-13
-2.2827138291281752e-12
-1.0334650973011907e-13
-2.4689887796529928e-12
4.4832677616338351e-13
-4.1666514023914637e-14
4.0480891801661311e-13
1.2977182361482233e-12
2.7328971247428942e-13
-3.3502637703354772e-13
2.0406369503835835e-12
-1.9759541117669542e-12
5.4792470730822941e-13
1.2520975678019429e-12
4.3261985528095453e-13
-2.1943862739304317e-13
1.2083563607216772e-12
-1.7358494268456661e-13
2.8744523541802333e-13
-2.3919758907952344e-13
-4.2458628758672060e-14
-2.3120166268847352e-12
1.3183037171678966e-12
9.9271420136840949e-13
-9.7577072786905476e-13
2.3176680277595559e-12
-4.3758034595666284e-14
-2.1225065673270646e-12
-1.3980250025765512e-13
1.3336675274082611e-12
8.6151906171422437e-13
-1.4329872308899605e-12
7.2617838503407606e-13
6.1810106914122762e-13
-7.7529138703803226e-13
5.2319270178302483e-13
2.2775648424027255e-12
3.4378593771585791e-13
1.8683543206380863e-12
-1.5650896169075161e-13
8.5135751776870111e-14
-1.8229928672530680e-12
2.4109384173391687e-12
-2.2305553867649096e-13
-2.2617788518514483e-14
-9.0784353467908512e-13
1.1527429979216472e-12
7.6153582751338308e-14
-1.8800140131120906e-13
-7.4963637004412462e-13
-1.1647303843787115e-13
-1.0343505884882168e-12
3.7035831620417250e-12
-2.0822249094294244e-12
8.0291041387754897e-14
-1.4493807503314034e-12
-7.3030922272322323e-13
7.4984660988863063e-13
1.4461796181558650e-12
-2.2088137947805367e-13
2.7901444486703728e-12
1.8133385897914715e-13
-7.0342285476018570e-13
-1.7116687561189718e-12
1.7550806404645345e-12
-8.7312208086927458e-13
-1.4011828537761366e-12
8.6206195537609548e-13
1.6890038556850059e-12
1.1926086087085719e-12
6.1403402401225038e-13
3.2095173563462645e-12
-2.6862087639666625e-12
7.4009104344352668e-13
2.2482048625585538e-12
-7.3413415219637182e-13
-2.5315869051383055e-13
