-1.1953269818107446e-12
-1.0234156248456924e-12
-5.5769448656938312e-13
5.8197278237035705e-13
2.9318797508670188e-13
2.5116892685049953e-13
-1.7242655996105284e-12
8.5701485990118931e-14
9.9388078734543764e-13
-6.8558486874246498e-14
3.2593118560567727e-13
1.6922926442796912e-12
1.1383342642107846e-13
-1.0645925506466445e-12
2.2784420338451516e-13
1.0190762751916856e-12
1.5073642101592325e-12
2.5910426328945865e-12
3.3130818879244690e-12
3.8691640739149272e-12
5.6739064601903849e-12
8.8782865314263255e-12
1.0812973410581039e-11
1.7904793530299996e-11
2.5732640988102846e-11
3.4791763599144153e-11
4.9353255028812330e-11
7.1825257304791545e-11
1.0066991606826955e-10
1.4424786149888748e-10
2.0430431745951097e-10
2.8655187625886119e-10
4.0334002481167096e-10
5.6423882695724555e-10
7.8859078451150854e-10
1.0975332908417983e-09
1.5262379935975107e-09
2.1167516682367015e-09
2.9217193894311310e-09
4.0252359104379634e-09
5.5302956012541676e-09
7.5773754597065082e-09
1.0351689787215946e-08
1.4101097266278283e-08
1.9159185332045054e-08
2.5957507782349642e-08
3.5063795786332495e-08
4.7228995725157665e-08
6.3434761135452604e-08
8.4954661705036791e-08
1.1343871343952949e-07
1.5102761939638221e-07
2.0047661453437909e-07
2.6531519242014637e-07
3.5005941885373277e-07
4.6045618031840212e-07
6.0378261807286282e-07
7.8923158200989917e-07
1.0283431997257739e-06
1.3355499075125615e-06
1.7288070431303263e-06
2.2303374342066452e-06
2.8674921141516003e-06
3.6737523668832073e-06
4.6898206502614889e-06
5.9648749346060616e-06
7.5578702512917587e-06
9.5389260126080894e-06
1.1990681034265405e-05
1.5009525117755390e-05
1.8706570564888234e-05
2.3208114602227961e-05
2.8655303386322909e-05
3.5202605181450877e-05
4.3014461748573471e-05
5.2259475470796709e-05
6.3101061641985994e-05
7.5683366479098384e-05
9.0110810214147837e-05
1.0641917187384271e-04
1.2453560872387391e-04
1.4422434329902582e-04
1.6501390439653451e-04
1.8610085920198375e-04
2.0622384692802604e-04
2.2350028399066056e-04
2.3521651718467896e-04
2.3756029459109143e-04
2.2528223090944092e-04
1.9127029069881076e-04
1.2601847582227526e-04
1.6967480173029748e-05
-1.5230875191851877e-04
-4.0310080921410592e-04
-7.6278102868671091e-04
-1.2662804348742534e-03
-1.9578714481586343e-03
-2.8933085974151068e-03
-4.1423861494414346e-03
-5.7919785775218582e-03
-7.9496370550976234e-03
-1.0747822723290015e-02
-1.4348864896061561e-02
-1.8950739736687497e-02
-2.4793771871107314e-02
-3.2168367624563501e-02
-4.1423893767024544e-02
-5.2978819587962120e-02
-6.7332242041720849e-02
-8.5076913521668088e-02
-1.0691388868664506e-01
-1.3366890039700816e-01
-1.6631056430582264e-01
-2.0597049678565915e-01
-2.5396541057873090e-01
-3.1182122672100504e-01
-3.8129920879544654e-01
-4.6442408651597744e-01
-5.6351408891124632e-01
-6.8121275331752540e-01
-8.2052231434634593e-01
-9.8483840711634707e-01
-1.1779857417171393e+00
-1.4042543213134344e+00
-1.6684356854255384e+00
-1.9758585637705517e+00
-2.3324232259988480e+00
-2.7446337105689960e+00
-3.2196270137707343e+00
-3.7651982205668006e+00
-4.3898204645751617e+00
-5.1026585191998279e+00
-5.9135747485796655e+00
-6.8331260897005697e+00
-7.8725506995334102e+00
-9.0437428876840915e+00
-1.0359214969442140e+01
-1.1832044720543102e+01
-1.3475807196934532e+01
-1.5304489803428895e+01
-1.7332389657276579e+01
-1.9573992498187426e+01
-2.2043832646196620e+01
-2.4756333803133739e+01
-2.7725630831271125e+01
-3.0965373021217623e+01
-3.4488509776918342e+01
-3.8307060093092964e+01
-4.2431867673016363e+01
-4.6872344023802498e+01
-5.1636202362874620e+01
-5.6729185661831458e+01
-6.2154792630506570e+01
-6.7914005891627497e+01
-7.4005027001340792e+01
-8.0423023318855158e+01
-8.7159892005878234e+01
-9.4204046629401603e+01
-1.0154023193724373e+02
-1.0914937236312007e+02
-1.1700845968716798e+02
-1.2509048502124409e+02
-1.3336441990116700e+02
-1.4179525074825466e+02
-1.5034407031135353e+02
-1.5896822892293108e+02
-1.6762154750677843e+02
-1.7625459327299697e+02
-1.8481501794325152e+02
-1.9324795718545420e+02
-2.0149648872388423e+02
-2.0950214535331418e+02
-2.1720547785129637e+02
-2.2454666157980103e+02
-2.3146613942572233e+02
-2.3790529267907928e+02
-2.4380713051690157e+02
-2.4911698797741334e+02
-2.5378322169830588e+02
-2.5775789227630753e+02
-2.6099742190109248e+02
-2.6346321593806977e+02
-2.6512223738967390e+02
-2.6594752365654648e+02
-2.6591863574451969e+02
-2.6502203101180896e+02
-2.6325135170785580e+02
-2.6060762290013167e+02
-2.5709935489164599e+02
-2.5274254686943715e+02
-2.4756059025803154e+02
-2.4158407204411864e+02
-2.3485048014975203e+02
-2.2740381472033283e+02
-2.1929411091975970e+02
-2.1057688044881300e+02
-2.0131248048686666e+02
-1.9156542006721347e+02
-1.8140361500304604e+02
-1.7089760335951274e+02
-1.6011973409848787e+02
-1.4914334189357609e+02
-1.3804192121746124e+02
-1.2688831264220231e+02
-1.1575391387228404e+02
-1.0470792736356869e+02
-9.3816655487830758e+01
-8.3142853106409561e+01
-7.2745146146949509e+01
-6.2677523366271579e+01
-5.2988906965710932e+01
-4.3722806139234230e+01
-3.4917056017217185e+01
-2.6603642856596377e+01
-1.8808614757339715e+01
-1.1552075689102182e+01
-4.8482592208788775e+00
1.2943229127678781e+00
6.8726633804850712e+00
1.1888979863173358e+01
1.6350381358046562e+01
2.0268488390304736e+01
2.3659015708926642e+01
2.6541326215333822e+01
2.8937964861395216e+01
3.0874181067342327e+01
3.2377447865337452e+01
3.3476985488264710e+01
3.4203296515714861e+01
3.4587718981635106e+01
3.4662003063198803e+01
3.4457916130966488e+01
3.4006880069038743e+01
3.3339643891773655e+01
3.2485993811630593e+01
3.1474502068717932e+01
3.0332315033147360e+01
2.9084980350185084e+01
2.7756312226581692e+01
2.6368293363213557e+01
2.4941011529958395e+01
2.3492628357318168e+01
2.2039377586320324e+01
2.0595589772708294e+01
1.9173740280090993e+01
1.7784517314581251e+01
1.6436906744124968e+01
1.5138290502112534e+01
1.3894555488347820e+01
1.2710210042490226e+01
1.1588505266983246e+01
1.0531558708798329e+01
9.5404781641691851e+00
8.6154836390133713e+00
7.7560257729842332e+00
6.9608993097162397e+00
6.2283504645649970e+00
5.5561772981162241e+00
4.9418224454525124e+00
4.3824577739900139e+00
3.8750607442890073e+00
3.4164824271670891e+00
3.0035072856336869e+00
2.6329049617521920e+00
2.3014744166512564e+00
2.0060808577610074e+00
1.7436859521465393e+00
1.5113718700045358e+00
1.3063597303696737e+00
1.1260230331959729e+00
9.6789666079877645e-01
8.2968201909087314e-01
7.0924886710738377e-01
6.0463435396439857e-01
5.1403974751838810e-01
4.3582530017440041e-01
3.6850365599587737e-01
3.1073216085390909e-01
2.6130439497435692e-01
2.1914120563907455e-01
1.8328147799033426e-01
1.5287284420083588e-01
1.2716249636447596e-01
1.0548823636640738e-01
8.7269867270598336e-02
7.2001004875660746e-02
5.9241365808211030e-02
4.8609568908218284e-02
3.9776470321884951e-02
3.2459038825139799e-02
2.6414766792164267e-02
2.1436603195388638e-02
1.7348388119338705e-02
1.4000763142845738e-02
1.1267528402216374e-02
9.0424147926263798e-03
7.2362386785722217e-03
5.7744061710942153e-03
4.5947345177868582e-03
3.6455591109672033e-03
2.8840961772305870e-03
2.2750327550116237e-03
1.7893177634745146e-03
1.4031297650544678e-03
1.0969993143517688e-03
8.5506573274436054e-04
6.6445030347106753e-04
5.1472968160768057e-04
3.9749524859403835e-04
3.0598582494003441e-04
2.3478266463253583e-04
1.7955714038225462e-04
1.3686280589907988e-04
1.0396466559291437e-04
7.8699509881092019e-05
5.9362073775101200e-05
4.4612616713002808e-05
3.3402122670272489e-05
2.4912019728920610e-05
1.8505753680417863e-05
1.3690038586320699e-05
1.0083955651241211e-05
7.3944101259361705e-06
5.3966969273811088e-06
3.9191743287515450e-06
2.8312303672660126e-06
2.0338539812531294e-06
1.4522704136846953e-06
1.0302523940199711e-06
7.2568014278174879e-07
5.0714098731857312e-07
3.5131073555819583e-07
2.4094400086670999e-07
1.6335167788189882e-07
1.0924983908044202e-07
7.1875623340801639e-08
4.6322327786275133e-08
2.9063435260883934e-08
1.7579522220992106e-08
1.0068069338946879e-08
5.2628854855431705e-09
2.2808327882705627e-09
5.0507632777526452e-10
-4.8801487421705665e-10
-9.8203411057350094e-10
-1.1754757766862479e-09
-1.1880861847700759e-09
-1.1021206508730690e-09
-9.7299229774693980e-10
-8.3354164484447256e-10
-6.8883941000648533e-10
-5.6124936890411368e-10
-4.5032514808506953e-10
-3.5645233633464729e-10
-2.7813928514093452e-10
-2.1604409315002481e-10
-1.6405076947842104e-10
-1.2694300617076794e-10
-9.4994208960777854e-11
-7.1446550984387059e-11
-5.1606510900606086e-11
-4.1630198405418932e-11
-2.8154731955040684e-11
-2.1687463951298450e-11
-1.5869184098305469e-11
-1.3042207863192632e-11
-7.2729383768588883e-12
-6.3165018083907956e-12
-4.5735787470697309e-12
-2.9224235835092474e-12
-1.2530870922473941e-12
-2.2903499174804450e-12
3.1703252799254685e-13
-3.7873594234995693e-12
-5.9981466104449656e-13
-1.0487764439401633e-13
1.0613016950275142e-13
-1.1791425018644063e-12
7.7313775582974074e-13
-6.7245736224849770e-15
3.9826838624318974e-13
1.7664446817437057e-13
-6.2012000642166905e-13
-3.9096963485699466e-13
4.3159625614676520e-13
-2.7990956402389147e-13
-8.2270931420508030e-13
3.7393359769270419e-13
1.8018634047253381e-13
-4.0987068356824338e-14
3.2651702204462484e-13
1.3040303346789088e-13
-1.2421138078000111e-12
-7.6714205060930806e-13
4.4892100516289408e-13
-3.0785255113891542e-13
-5.0681913741355615e-13
-1.0493994416649882e-13
-6.6483084147239644e-13
-2.5860496731554940e-14
6.7044503929421796e-13
-4.8443843314933978e-13
-5.3041192228155691e-13
9.3361075090968938e-13
7.6122395096584385e-13
3.6008272220365906e-13
1.8475490699367063e-12
1.0637782934070682e-12
-3.0666583434806000e-13
1.8474781363508392e-14
-7.1475160166559528e-13
-3.2867092574736443e-13
-8.5936278837399193e-13
-1.1625840229982901e-13
-2.6268357944907922e-13
2.7454921212182874e-13
-9.3460228033393481e-13
4.1608122783538899e-14
-5.0372739154619286e-13
-8.7974358562356451e-13
-1.4116093309827434e-12
9.0264456862177973e-13
2.0138111063020230e-12
3.8560170374522332e-14
7.3660961067768315e-13
2.7151117148927030e-12
1.1145491153544741e-12
-7.6026113190733412e-13
6.8789206732056747e-13
-1.3583661664122612e-12
-7.6064553876035976e-13
-4.2077719878767912e-13
5.3854992708562103e-13
7.6964337631856272e-13
1.7219222679988568e-13
-1.6736544470113074e-12
-7.3371235849029485e-13
-4.5363472182887853e-13
3.9977716016837356e-13
-6.5690713940580145e-13
2.2794275594496939e-13
8.2087551962579824e-13
5.4957298888317953e-13
1.5177298671668543e-13
1.2339044596265936e-12
-2.0611248155754769e-12
-9.2599288970681874e-13
1.4649506353659830e-13
-1.9145262043746610e-13
-7.2660794814046173e-13
1.0998797742966152e-12
1.0695480286131825e-13
-1.0998980108834153e-12
-2.8794379801667283e-13
-4.5325984940281962e-13
-1.9064800162719014e-12
-3.9780639753576069e-13
-3.9568255805196848e-13
3.7786242081041295e-13
-5.6780785226237487e-13
1.2014890986990550e-12
-9.5125945895028619e-14
1.3814838166082803e-13
2.7836229997073899e-13
-4.2263420731785063e-13
6.5968278635230696e-13
1.1566505014193466e-12
1.3607360533204198e-13
1.4229243152875748e-13
7.4753281592850264e-13
-7.3301775468212697e-13
-9.7196045791332480e-13
4.2280007296883924e-13
9.5656463947078544e-13
-5.6179752457428711e-13
6.9404223080818298e-13
-7.2451263731872367e-13
-8.1427633561198514e-13
-1.0159460807147969e-12
-4.4372735512753288e-14
-2.0388345660032621e-12
-4.2180106610495614e-13
-3.9603580517203705e-13
2.5974049573836917e-13
-3.8374508187072054e-13
1.6916070602230547e-12
4.2563602077784355e-15
-1.0222329919845998e-12
4.1905794160594847e-13
-6.8461665928639540e-13
5.2735615411960821e-14
-1.8808597806137218e-13
2.2845031900453675e-13
-1.0542171486670674e-12
1.3342390647936192e-12
5.6499405325675943e-13
-1.9900543689252303e-13
-4.8906981146165180e-13
4.7973938193194880e-13
4.2571410791596514e-13
4.8931005010481585e-13
4.4501174849913767e-13
-1.2802477216783107e-12
1.5608037832481202e-13
1.4912137682957179e-13
-3.6119336199683985e-13
-4.9791303946309335e-13
1.6620079503371312e-12
8.0022806713313394e-13
-5.5782037315990134e-13
2.5343626342823507e-13
8.3080169392842870e-13
