-7.2461882911542875e-13
-9.4175936693682056e-13
6.5626614524463488e-13
1.0637847327543796e-12
-1.0357047849600630e-12
1.2148172665851661e-12
-8.3689293872631673e-13
-5.6256635861704145e-13
-2.0001747392470364e-12
6.5561833675697051e-13
-1.9494132106109236e-12
3.9674360955214872e-13
-2.2665116876143250e-12
-5.0497704764101271e-14
-1.9039661302676216e-12
-2.5325186169747008e-12
-1.8164829567075761e-12
-2.7012732142605462e-12
-8.9124478866399437e-13
-2.9164652119064220e-12
-4.7541280754212084e-12
-5.3129087948812128e-12
-6.0516481104019005e-12
-1.0636729536652879e-11
-1.2934272198243309e-11
-1.8680203204509916e-11
-2.8159631088756357e-11
-4.0041748441923626e-11
-5.4302087693674281e-11
-7.8151551547866076e-11
-1.0871856839115951e-10
-1.5724710929610290e-10
-2.1641638790667417e-10
-3.0245012082889861e-10
-4.2224455959785190e-10
-5.9062176159362069e-10
-8.1643272901273554e-10
-1.1256312756973821e-09
-1.5540220817442643e-09
-2.1324245496702608e-09
-2.9141243868135445e-09
-3.9740590565095205e-09
-5.3997611690734750e-09
-7.3084518032620778e-09
-9.8574046092074352e-09
-1.3250861484945069e-08
-1.7740461236458568e-08
-2.3665816498270148e-08
-3.1446771285971750e-08
-4.1617410340818946e-08
-5.4853684533094163e-08
-7.1998915260776236e-08
-9.4085655644035816e-08
-1.2239246188104953e-07
-1.5846517579256898e-07
-2.0415256113549971e-07
-2.6164437590751305e-07
-3.3347385655603721e-07
-4.2252657166982732e-07
-5.3198013582271790e-07
-6.6521610304391047e-07
-8.2561295085738417e-07
-1.0162205095288279e-06
-1.2392696027120258e-06
-1.4953826831443675e-06
-1.7824369943303240e-06
-2.0939390258766045e-06
-2.4166979228644797e-06
-2.7276049455512503e-06
-2.9892031988229315e-06
-3.1436239623388705e-06
-3.1044722058500221e-06
-2.7459295656809876e-06
-1.8883403495043579e-06
-2.7923637663036662e-07
2.4314351728660863e-06
6.7235049529247654e-06
1.3248073850283420e-05
2.2880750419973741e-05
3.6789532568731570e-05
5.6520896420090685e-05
8.4108395208339919e-05
1.2220895562787212e-04
1.7427307543220930e-04
2.4475624888774386e-04
3.3938039709230773e-04
4.6545551540408896e-04
6.3227352373615474e-04
8.5158823450676646e-04
1.1381975067752846e-03
1.5106459462438087e-03
1.9920691893045728e-03
2.6112033562907446e-03
3.4035862776578179e-03
4.4129800056426933e-03
5.6930471687853248e-03
7.3093166345692354e-03
9.3414768875606513e-03
1.1886038000795495e-02
1.5059405265596586e-02
1.9001409033583608e-02
2.3879336121470154e-02
2.9892507652257032e-02
3.7277446613594813e-02
4.6313675034448269e-02
5.7330175318262629e-02
7.0712542657626179e-02
8.6910845070767656e-02
1.0644819404940958e-01
1.2993001194904066e-01
1.5805396142152445e-01
1.9162047723136616e-01
2.3154381131373297e-01
2.7886346802893858e-01
3.3475586748896152e-01
4.0054603142079337e-01
4.7771903760915030e-01
5.6793093662910210e-01
6.7301876813796502e-01
7.9500925493911057e-01
9.3612569169748650e-01
1.0987924833667106e+00
1.2856367275979685e+00
1.4994861770173076e+00
1.7433628643945496e+00
2.0204716279422783e+00
2.3341827384391496e+00
2.6880078076006471e+00
3.0855681509700776e+00
3.5305547919098106e+00
4.0266793293934695e+00
4.5776149541743250e+00
5.1869269886807521e+00
5.8579924481600711e+00
6.5939082765209243e+00
7.3973881012413738e+00
8.2706475787502978e+00
9.2152786645594862e+00
1.0232113439791583e+01
1.1321078455549708e+01
1.2481040914758902e+01
1.3709648392946086e+01
1.5003164197849896e+01
1.6356300875541926e+01
1.7762054777641989e+01
1.9211545000090172e+01
2.0693860376611156e+01
2.2195918546661908e+01
2.3702341404433458e+01
2.5195351458903929e+01
2.6654693780368209e+01
2.8057588263156191e+01
2.9378716884574388e+01
3.0590250475171963e+01
3.1661919225699389e+01
3.2561130734894917e+01
3.3253138845139922e+01
3.3701265819411674e+01
3.3867179585779283e+01
3.3711226822071630e+01
3.3192821584155908e+01
3.2270888012728854e+01
3.0904354404554518e+01
2.9052694629870988e+01
2.6676511544395037e+01
2.3738155714734223e+01
2.0202371481950436e+01
1.6036961166350348e+01
1.1213457102935250e+01
5.7077902280052903e+00
-4.9905685168152042e-01
-7.4204249519440753e+00
-1.5063394544990890e+01
-2.3428256179047239e+01
-3.2508047908183585e+01
-4.2288172036514752e+01
-5.2746102655045632e+01
-6.3851194320394342e+01
-7.5564600802922754e+01
-8.7839311136460410e+01
-1.0062030826018679e+02
-1.1384485339067020e+02
-1.2744289694133880e+02
-1.4133761436657809e+02
-1.5544606280297128e+02
-1.6967995186885278e+02
-1.8394651952619625e+02
-1.9814950156706661e+02
-2.1219018112106963e+02
-2.2596850264747232e+02
-2.3938423322919562e+02
-2.5233815267238859e+02
-2.6473325297365932e+02
-2.7647592717736876e+02
-2.8747712752788578e+02
-2.9765347313526689e+02
-3.0692828811585724e+02
-3.1523255232834322e+02
-3.2250574837688595e+02
-3.2869659046105386e+02
-3.3376362287382682e+02
-3.3767567843106468e+02
-3.4041218979968016e+02
-3.4196334951316891e+02
-3.4233011735423315e+02
-3.4152407667683707e+02
-3.3956714406530381e+02
-3.3649113942092129e+02
-3.3233722606539078e+02
-3.2715523270010652e+02
-3.2100287101310118e+02
-3.1394486434212592e+02
-3.0605200405333773e+02
-2.9740015116096328e+02
-2.8806920118517183e+02
-2.7814203032422631e+02
-2.6770344071496271e+02
-2.5683912189223997e+02
-2.4563464456386225e+02
-2.3417450152780177e+02
-2.2254120901656316e+02
-2.1081448000609038e+02
-1.9907047912377291e+02
-1.8738116678363008e+02
-1.7581373811813731e+02
-1.6443016021594295e+02
-1.5328680916013562e+02
-1.4243420643678448e+02
-1.3191685248663117e+02
-1.2177315353767443e+02
-1.1203543640957898e+02
-1.0273004474310434e+02
-9.3877509092768719e+01
-8.5492782535943007e+01
-7.7585532897649969e+01
-7.0160482362277293e+01
-6.3217785131234464e+01
-5.6753433874299589e+01
-5.0759685993499581e+01
-4.5225501149962383e+01
-4.0136982072717537e+01
-3.5477811348509768e+01
-3.1229677657853848e+01
-2.7372685749119729e+01
-2.3885745305118878e+01
-2.0746934732047077e+01
-1.7933836767890497e+01
-1.5423843647567434e+01
-1.3194430358859186e+01
-1.1223395263604498e+01
-9.4890680314767017e+00
-7.9704854318118228e+00
-6.6475360469096927e+00
-5.5010754059975122e+00
-4.5130133918206816e+00
-3.6663760444070994e+00
-2.9453440817692185e+00
-2.3352705809151901e+00
-1.8226803205432018e+00
-1.3952532863648757e+00
-1.0417947887289425e+00
-7.5219454816719666e-01
-5.1737697526844051e-01
-3.2924471493783114e-01
-1.8061734867502954e-01
-6.5166958949437290e-02
2.2647936804032629e-02
8.7648773266311542e-02
1.3400253096980844e-01
1.6528561039152828e-01
1.8454523773239162e-01
1.9435781886288170e-01
1.9688380865716779e-01
1.9391879811972060e-01
1.8694064085823611e-01
1.7715254349836143e-01
1.6552213189744180e-01
1.5281657701052359e-01
1.3963392233865612e-01
1.2643079960972339e-01
1.1354675247972702e-01
1.0122541061321529e-01
8.9632769914300012e-02
7.8872840468828059e-02
6.9000922827186811e-02
6.0034767331413739e-02
5.1963860910024466e-02
4.4757072422845066e-02
3.8368872183788601e-02
3.2744324219207512e-02
2.7823032117558662e-02
2.3542201447014414e-02
1.9838963897598618e-02
1.6652091369773685e-02
1.3923211935024025e-02
1.1597624521025158e-02
9.6247951922058973e-03
7.9586053035191201e-03
6.5574103694981140e-03
5.3839584279691743e-03
4.4052078201565984e-03
3.5920765959750432e-03
2.9191491540054271e-03
2.3643601004717275e-03
1.9086706610104336e-03
1.5357489386782833e-03
1.2316622828686702e-03
9.8458729051016853e-04
7.8454104401961069e-04
6.2313544131266114e-04
4.9335543290368589e-04
3.8936085433460832e-04
3.0631110093230237e-04
2.4021127856936980e-04
1.8777829010000960e-04
1.4632508813999613e-04
1.1366133244582289e-04
8.8008637559478791e-05
6.7928735405134132e-05
5.2262889120230297e-05
4.0081120593898655e-05
3.0639849840787446e-05
2.3346742152571318e-05
1.7731693266599560e-05
1.3422956412294910e-05
1.0127655123117218e-05
7.6158648713079214e-06
5.7077428769431802e-06
4.2631219655293472e-06
3.1731505203540679e-06
2.3535977706531187e-06
1.7395187433604082e-06
1.2810167473162020e-06
9.3989709263589085e-07
6.8702389294503699e-07
5.0025714729269804e-07
3.6282892789320042e-07
2.6208832252019119e-07
1.8853091718533735e-07
1.3503710039832591e-07
9.6285627258326338e-08
6.8336016140067779e-08
4.8264438277587138e-08
3.3913691380029709e-08
2.3701639595426343e-08
1.6467781010647031e-08
1.1372806243316434e-08
7.8029128546346383e-09
5.3145627494140455e-09
3.5894210656699591e-09
2.4028661657828270e-09
1.5944195381288215e-09
1.0463837991527396e-09
6.7552111823294378e-10
4.3115379979086659e-10
2.6704757912276250e-10
1.6218962006694005e-10
9.6289385693975956e-11
5.1581787259337603e-11
2.7025104327000937e-11
1.2013862799458130e-11
1.3525820804968602e-12
-2.5215736415284025e-12
-5.0324708917016748e-12
-3.0920081836260240e-12
-4.1876311036283153e-12
-3.0375623153308253e-12
-1.5467890736322108e-12
-2.8400327783342858e-12
-2.1148475925054579e-12
-1.3196880035597280e-12
-3.1845032604913727e-12
-8.7645148419681853e-13
1.0537990472309386e-13
-1.5067268441441382e-12
2.7143982527573791e-14
1.2944207228023106e-12
-1.6480882971362899e-12
5.3075524172369349e-13
-1.2715972695546397e-12
2.6712664807144437e-12
5.5343647339761504e-13
1.8004553370399649e-12
-1.0744158996114006e-12
4.8226555704743350e-13
7.6498314769492214e-14
3.1316181635094897e-15
-9.2368928223536907e-13
7.1889977796915983e-13
-2.3244435127255023e-13
-1.3974174973621997e-12
5.1252662653191286e-13
3.9190945919741312e-14
-1.2672791100242962e-12
7.5623015942176750e-13
3.5583160399689514e-13
-1.9532916875994034e-13
7.1639340050203510e-13
-8.8726614050328975e-13
-2.9055404169378023e-13
-1.2500553534318770e-12
8.0536505943982938e-13
1.5036657579663111e-12
1.2293256334561503e-12
-4.4559761097859799e-13
2.9158305094526276e-13
3.2555709965472673e-14
9.3035050046281488e-13
-1.3529975249891428e-12
-6.1187754125122097e-13
1.2427537444418902e-12
1.2217234706341096e-12
-1.7245986622761905e-12
-1.3232158365135386e-12
4.1221742587306794e-13
-4.3992849774920416e-13
-5.8468074246223449e-13
-1.2834849058869892e-12
-1.0299288490024305e-12
-1.0787072116870927e-12
-9.3258847695394025e-13
-1.8765635419023827e-12
6.5151176417083650e-13
9.8484790036702301e-13
3.6194000080220618e-13
1.4902273252165213e-12
-1.5765773228069565e-13
3.4458473463860711e-13
-3.3030478091483262e-13
-1.1694420331315856e-12
6.6567168218816780e-14
6.0193649684270800e-13
3.1135384007321681e-14
1.6442121017569189e-13
1.6918356660908833e-13
3.1847239215392459e-14
5.8533621855779940e-13
-1.2484472652317202e-12
3.0417829745549550e-13
-9.2825578976825780e-14
-5.1118998539589290e-13
-1.0612192752044893e-12
-3.1252269740147407e-14
-1.8006181360630069e-12
1.6230840914359973e-12
-7.2930450831473107e-13
-1.0181414921361850e-12
-1.4816984116253301e-12
2.0285553468977538e-12
-3.0688857227118483e-13
1.6075390492262253e-12
5.4733395167142860e-13
1.6169800271432362e-13
-1.6569434492372468e-12
5.1238607776470222e-13
-1.2505105700192002e-12
-4.5464967067173832e-13
1.2577098385694817e-12
-3.8309560508904529e-13
-1.4677992074810990e-12
9.5907926348894165e-13
7.9967541618322883e-13
-6.6358028014644316e-13
-1.4287738957074362e-13
-4.1230787006602418e-13
-3.6877457270737244e-15
1.9663789380045024e-12
1.6696283175177049e-12
-2.1658304112730202e-12
-1.2299465429260060e-12
1.9736936887245859e-12
-2.6660536556992139e-12
1.3318032197653421e-12
-1.0514126485136617e-13
1.1939304143917637e-12
1.0830925562570951e-12
1.2256790394268546e-12
-1.3814800741926327e-12
-4.3664351349300599e-13
5.6572958505021780e-13
-5.6201857353456013e-13
-1.3372026498366148e-12
-4.5344375895897340e-14
1.2548690484794414e-12
-3.1086695867154774e-13
2.9056271345337819e-13
8.9604995752963990e-13
-9.6101847293996223e-13
-1.3010434046172895e-12
-2.8110196214334097e-13
1.0766954216869504e-12
-1.2475004491124416e-12
1.4582734772251175e-13
-5.7371678117018067e-13
-4.3185991867096406e-13
-8.2989458898607466e-14
2.6746981127344046e-13
3.9571790398797496e-13
2.4047595831642297e-13
7.9075587854284324e-13
-1.6269606863654081e-12
9.7197339749114372e-13
-8.0536302546596748e-13
2.0733177996031209e-13
-2.4292900529023931e-12
2.6369567961178761e-12
-1.2160021844024538e-13
-4.5719105891941978e-13
-1.2033362525138684e-12
-1.1975330042394625e-13
-2.7359760295985959e-12
1.2756867865237164e-12
