3.7897633982047722e-12
1.0565479311723016e-12
-1.2283716520945780e-13
-1.2187378013400835e-12
4.0378328509108471e-13
-1.2956933131032198e-12
-4.2743282529088282e-13
-5.1692834326543397e-13
9.8419632783976343e-13
-6.4763145921239769e-14
8.4332107267126696e-13
2.1537664095130212e-13
1.9108391863635398e-12
-1.2580645680784305e-12
-7.9816773094729716e-13
-2.1013313720788128e-12
7.7630304067759279e-13
-3.6605957895745083e-13
-1.2953021154271878e-13
1.3009320961867586e-12
5.7350600422265793e-13
1.1647521351017096e-13
2.3377395517977605e-13
5.8764184063594783e-14
5.9969457784799644e-13
1.1209120534899827e-12
-7.5512529464265472e-14
-2.2319732043768815e-13
2.2605075689736611e-12
7.5638194461426986e-14
-5.1460627612983061e-13
-1.4591456308282004e-13
-7.7084294957915900e-13
-2.3039165710773514e-13
-1.4941556221462237e-12
-8.6206113942168972e-13
-1.5570391249206814e-12
8.3760536802630628e-13
5.5639833695488836e-13
1.8813329010302140e-12
-8.5336709991900796e-13
1.1470706573910505e-12
-1.0366548496655367e-12
9.1119906148660029e-14
1.1370649986552746e-12
-1.0909803304914884e-13
9.1487369204568364e-13
1.2789966440945219e-12
-1.1284832843076880e-12
-3.0207621960704923e-13
-1.4492819820340555e-13
2.9183395894760969e-13
-1.5297660912007093e-12
-1.5410781445782161e-13
-2.0328829086008197e-13
6.6087904908116427e-13
-4.4310671058525352e-13
-5.3117838968730035e-13
-2.2868429888211808e-12
-5.5372470112081526e-12
-7.9219503154256146e-12
-1.3623211374246903e-11
-1.9121058332198753e-11
-2.9956213427358266e-11
-4.4285100141330126e-11
-6.3293405046987209e-11
-9.6850016743815286e-11
-1.3999123748402663e-10
-2.0304709620990707e-10
-2.9168577704717917e-10
-4.1606274249777051e-10
-5.9070366945368768e-10
-8.2902024000364883e-10
-1.1627708379584841e-09
-1.6185079861690269e-09
-2.2375485033113561e-09
-3.0708287596276878e-09
-4.1885365020187051e-09
-5.6768926612262519e-09
-7.6444228331196380e-09
-1.0216561973133100e-08
-1.3553205502025120e-08
-1.7841699613818776e-08
-2.3295295724214311e-08
-3.0142102622200815e-08
-3.8628817945758263e-08
-4.8980651772316632e-08
-6.1364542910452739e-08
-7.5834127402780538e-08
-9.2223415768373869e-08
-1.1000057809850383e-07
-1.2805566434642180e-07
-1.4440815516564067e-07
-1.5574466467715553e-07
-1.5684890446495835e-07
-1.3976225739775906e-07
-9.2656238061451296e-08
1.6700380617737325e-09
1.6780782630674448e-07
4.4040752753944637e-07
8.6764222372301157e-07
1.5157595182203423e-06
2.4748794624608948e-06
3.8664345813382253e-06
5.8525804671767022e-06
8.6480152379456277e-06
1.2534680165120404e-05
1.7879924969564879e-05
2.5158708509260920e-05
3.4980547372554821e-05
4.8121785322570952e-05
6.5563987850311719e-05
8.8538967294361375e-05
1.1858099312091131e-04
1.5758647070322990e-04
2.0788103888966705e-04
2.7229358456839982e-04
3.5423600850177655e-04
4.5778660217087551e-04
5.8777375455760443e-04
7.4985512205125117e-04
9.5058534562881853e-04
1.1974629372766053e-03
1.4989438808683242e-03
1.8644057238174946e-03
2.3040413946751456e-03
2.8286568344550117e-03
3.4493401685885723e-03
4.1769632994943370e-03
5.0214686031898508e-03
5.9908847756637521e-03
7.0900060721921397e-03
8.3186590100652966e-03
9.6694698559110677e-03
1.1125035452786276e-02
1.2654389494555768e-02
1.4208646897895682e-02
1.5715700796891940e-02
1.7073841447831268e-02
1.8144164054611684e-02
1.8741635156191559e-02
1.8624695677219853e-02
1.7483294482481027e-02
1.4925270889403937e-02
1.0461039922119950e-02
3.4865812555905117e-03
-6.7352059650886689e-03
-2.1094643927274934e-02
-4.0656681270110767e-02
-6.6683220969439475e-02
-1.0065590121183107e-01
-1.4429871390376889e-01
-1.9959968269676054e-01
-2.6883064506082771e-01
-3.5456399313846582e-01
-4.5968503070677552e-01
-5.8739840309044189e-01
-7.4122686076793687e-01
-9.2500043341385185e-01
-1.1428339290250913e+00
-1.3990905434332745e+00
-1.6983292810726311e+00
-2.0452338613122483e+00
-2.4445208298726016e+00
-2.9008247254101107e+00
-3.4185583810490150e+00
-4.0017467819122752e+00
-4.6538333635732583e+00
-5.3774582312889310e+00
-6.1742085110596001e+00
-7.0443419123753808e+00
-7.9864855850830132e+00
-8.9973134797418961e+00
-1.0071206656539893e+01
-1.1199902309623337e+01
-1.2372138651787941e+01
-1.3573304202001621e+01
-1.4785101390894830e+01
-1.5985235696783603e+01
-1.7147142690672478e+01
-1.8239766342629046e+01
-1.9227402660594215e+01
-2.0069623132426713e+01
-2.0721292460701253e+01
-2.1132694659663436e+01
-2.1249780674426976e+01
-2.1014549243755930e+01
-2.0365570732343880e+01
-1.9238661095513795e+01
-1.7567710015996507e+01
-1.5285663597257964e+01
-1.2325657861222300e+01
-8.6222947540713157e+00
-4.1130475087377887e+00
1.2602228331280587e+00
7.5496630342124433e+00
1.4799763694648229e+01
2.3045668702980098e+01
3.2311495357118616e+01
4.2608706020531685e+01
5.3934574970488853e+01
6.6270795896112503e+01
7.9582276162051670e+01
9.3816163342726654e+01
1.0890114755627995e+02
1.2474707973087361e+02
1.4124494110468527e+02
1.5826719302956542e+02
1.7566852860106280e+02
1.9328703890991869e+02
2.1094579698682898e+02
2.2845485202549429e+02
2.4561361549147179e+02
2.6221360956367130e+02
2.7804153734414939e+02
2.9288262375814003e+02
3.0652416640039041e+02
3.1875922710828434e+02
3.2939038807619227e+02
3.3823349115493744e+02
3.4512127584385826e+02
3.4990683056354646e+02
3.5246677321093495e+02
3.5270408078952408e+02
3.5055049404333818e+02
3.4596843139315092e+02
3.3895235688991107e+02
3.2952955910405097e+02
3.1776031153519563e+02
3.0373739987572264e+02
2.8758501687072555e+02
2.6945704113519429e+02
2.4953473165180847e+02
2.2802388431808527e+02
2.0515151039617388e+02
1.8116210863456382e+02
1.5631361281826346e+02
1.3087310426564122e+02
1.0511238409957177e+02
7.9303502832776687e+01
5.3714344860279397e+01
2.8604362870586986e+01
4.2205520805417693e+00
-1.9206253244952073e+01
-4.1464688047520539e+01
-6.2365707838579965e+01
-8.1744934164174168e+01
-9.9464458800020651e+01
-1.1541408549036531e+02
-1.2951200234665447e+02
-1.4170489201862662e+02
-1.5196750004231225e+02
-1.6030169399463506e+02
-1.6673505692815667e+02
-1.7131906776449469e+02
-1.7412692869634904e+02
-1.7525110505812660e+02
-1.7480064651461504e+02
-1.7289835979310286e+02
-1.6967790261761593e+02
-1.6528086612226352e+02
-1.5985390900174590e+02
-1.5354600121966723e+02
-1.4650582848850325e+02
-1.3887940122906690e+02
-1.3080790359197911e+02
-1.2242580965874765e+02
-1.1385928540560928e+02
-1.0522488666163720e+02
-9.6628555350352102e+01
-8.8164908967479164e+01
-7.9916811677085391e+01
-7.1955209727995154e+01
-6.4339209186362424e+01
-5.7116370295850871e+01
-5.0323190124080902e+01
-4.3985743510735745e+01
-3.8120451646346460e+01
-3.2734947805181740e+01
-2.7829010733634242e+01
-2.3395537846798025e+01
-1.9421532589591596e+01
-1.5889082951011028e+01
-1.2776311056076420e+01
-1.0058276880929988e+01
-7.7078223300788160e+00
-5.6963450807977152e+00
-3.9944946498947789e+00
-2.5727859993879214e+00
-1.4021286111594109e+00
-4.5427128370998027e-01
2.9783509286003612e-01
8.7975285847581819e-01
1.3153457445135235e+00
1.6266336149927962e+00
1.8337068356859660e+00
1.9546929139122213e+00
2.0057679030406264e+00
2.0012051394902732e+00
1.9534541411503759e+00
1.8732429078542014e+00
1.7696973920267407e+00
1.6504725167783558e+00
1.5218897793381179e+00
1.3890771617023154e+00
1.2561077543919636e+00
1.1261341628780672e+00
1.0015163942965279e+00
8.8394150140094996e-01
7.7453378384883143e-01
6.7395480759674842e-01
5.8249289974311158e-01
5.0014210817156124e-01
4.2667088519025770e-01
3.6168096539418043e-01
3.0465706542134824e-01
2.5500814235127711e-01
2.1210101465730219e-01
1.7528718083825723e-01
1.4392367251399818e-01
1.1738875672043737e-01
9.5093261749797278e-02
7.6488247343103027e-02
6.1069677494648457e-02
4.8380686595177205e-02
3.8011959934675432e-02
2.9600680596562026e-02
2.2828428214066037e-02
1.7418352560756314e-02
1.3131887459608908e-02
9.7652186171251661e-03
7.1456732026093346e-03
5.1281590569951623e-03
3.5917474395131522e-03
2.4364647077498684e-03
1.5803349598414048e-03
9.5669682864114218e-04
5.1180294018021602e-04
2.0269931753013324e-04
-4.6261038833890857e-06
-1.3684246961384122e-04
-2.1464261665821768e-04
-2.5389947552370014e-04
-2.6663514164747086e-04
-2.6182522834405106e-04
-2.4606013897987843e-04
-2.2408356839181598e-04
-1.9922673283121001e-04
-1.7375503927179422e-04
-1.4914197027483781e-04
-1.2628305579873671e-04
-1.0566107830540512e-04
-8.7471984140110459e-05
-7.1719443841415249e-05
-5.8284713084694245e-05
-4.6977228173282786e-05
-3.7570424296640250e-05
-2.9826286366500471e-05
-2.3511515704838773e-05
-1.8407561847116173e-05
-1.4316210979432373e-05
-1.1062096934777398e-05
-8.4931256370906950e-06
-6.4795486772075542e-06
-4.9122336302701107e-06
-3.7005466053107031e-06
-2.7700261487872686e-06
-2.0601393211463417e-06
-1.5221190395253370e-06
-1.1170317731957428e-06
-8.1404818774649718e-07
-5.8895042764140252e-07
-4.2286095031666943e-07
-3.0116354374389321e-07
-2.1264816426767313e-07
-1.4874928377948080e-07
-1.0299064191818841e-07
-7.0495781034575314e-08
-4.7633776726427456e-08
-3.1703227613300372e-08
-2.0724928620673248e-08
-1.3252527769127912e-08
-8.2335837254245070e-09
-4.9218169341550259e-09
-2.7787058109512986e-09
-1.4258341351325403e-09
-5.9806051729137924e-10
-1.1694671815302441e-10
1.4183240085427471e-10
2.6911290419288170e-10
3.0955271296700732e-10
3.0513777561121632e-10
2.7835676318681304e-10
2.4011955628290851e-10
1.9905200584055192e-10
1.6123089690457773e-10
1.2796528576389322e-10
9.8762284816591076e-11
7.5820418021624904e-11
5.9609738786357755e-11
4.4729119565298099e-11
3.2143159048682099e-11
2.4263844481712980e-11
1.6667829241554332e-11
1.3814543392045651e-11
9.1709052039580429e-12
5.8056117430656356e-12
5.1832900744975349e-12
5.4478079430705691e-12
2.1581847226343542e-12
-6.2278975352344314e-13
1.7088557689142972e-12
1.2042542144801458e-12
2.5369880084861248e-12
1.6413230135914770e-12
1.8390324554280229e-12
4.0256953224762637e-13
1.3356425339459573e-12
4.5314926272535363e-13
8.2306285225523075e-13
1.2608299398155705e-12
1.7272992285972125e-12
-6.5065920465238458e-13
1.9613822751268579e-12
1.0025425206754254e-12
2.4329168818911247e-13
-4.4147148380148861e-13
6.7287741001697453e-13
-4.4213786871129810e-14
8.3584436275248850e-13
8.7833374178634895e-13
-3.1391687748176454e-13
-1.2872787626860941e-12
2.2186312099466055e-13
6.8031061891774309e-13
-9.1837874133653825e-13
-1.2325518393763898e-12
7.1289320755370232e-13
-5.6685495263542750e-13
6.6843699677426906e-13
5.5994863403671881e-14
3.9689859301243707e-13
-5.7666903984969292e-13
4.3966344996718302e-13
-1.4365225854036924e-12
6.9631593991729154e-13
-1.0297738836335338e-12
-5.0725303242625650e-13
5.2740241686219283e-13
-1.0862056250886749e-12
4.4660376548906085e-13
-2.5331590700688822e-13
4.0558796143540981e-14
-6.5259463108873875e-13
-1.2828107079229276e-12
3.7095725491949599e-13
-7.4282677186846952e-13
-7.7859981690984921e-13
-3.1744265801413076e-13
5.2920414185737105e-13
-2.3895193113586383e-13
1.7803034600530438e-12
-6.4510919236082943e-13
-7.0454092964216695e-13
-7.1155900634934445e-13
-5.5076560803184980e-13
6.7157372677079953e-14
3.2043192541246811e-13
-3.9828568561201104e-13
1.1254283200893438e-12
3.5578474196985723e-13
-4.1545645607149429e-13
-4.7165158182706795e-13
6.4929183435087091e-13
5.4846273828155081e-13
-8.3255551098853894e-16
-9.4110503351148168e-13
8.7205272363086691e-13
2.9809192755986550e-13
-6.9746104482545863e-13
4.2326496055788629e-13
-1.6686981145738671e-12
-1.8759489591967577e-12
1.0607116541076309e-12
1.7712936965058929e-13
-1.2196751213551772e-12
-2.3672752832814210e-12
9.9477168988452581e-13
-8.2311964650040384e-13
1.3497674141009581e-12
5.8122542161518574e-13
-1.4232027954721790e-12
4.1766533089224525e-13
-3.4225579032556590e-14
1.1853375355782679e-12
1.1316323867109447e-12
1.8345100441693582e-12
3.5458466690500243e-14
-5.4072851790818602e-13
-2.2187409593014329e-13
1.2486744018896625e-12
-7.0176699897170144e-13
3.0853987020189659e-13
-2.5106814156595328e-13
1.4848101280665287e-13
-6.8474725694225982e-13
-1.9763328024388502e-13
-2.3862064677971768e-12
8.9902534932699497e-13
-4.8926411533459754e-13
-6.2604071016732849e-13
-1.2193607911416156e-12
