-2.5087240475172054e-13
-6.8619934982335622e-13
1.7116194867049393e-12
-2.3142463211319087e-13
9.2114253148940911e-13
5.8090982959437963e-13
5.8614246193164641e-13
-7.5389108531267064e-14
2.7763153085395151e-13
-8.5852703827383139e-13
6.1881008947872509e-13
-3.1536926302132278e-13
-7.0051603422731157e-13
-1.7102578305094139e-13
8.0803522726632456e-13
-1.0858598578877230e-12
2.4720287667991163e-13
4.3158468036058252e-14
4.7297474965122823e-13
-7.2265472747303734e-13
-3.3027865400371634e-13
-7.3041795375963248e-13
-1.3594688213719428e-12
2.9429916852115102e-13
7.5129647004322072e-14
3.2481727193316514e-13
1.0348026837612552e-12
-1.6150213895847641e-12
-7.5057928081115030e-13
-6.7863390945549223e-13
1.3039942275080369e-12
-1.5323136586966628e-12
-4.3255073256549534e-13
6.2475925677880977e-13
4.0087335995924004e-13
-5.0815802198357614e-13
1.7383319237434547e-12
-1.1063735217279640e-12
8.9192309303919898e-13
4.3165246673743241e-13
1.1150704275864319e-12
1.9030884160434216e-12
4.4023854509504658e-13
3.1798626061375349e-14
-8.8047601827750622e-14
1.8781375741668366e-12
7.4965174831291974e-13
1.8874641224808842e-14
6.3139325009198078e-13
1.8110559166086972e-13
7.5344317955626347e-13
1.5288889000423887e-12
3.7441772426844602e-13
4.2647951265433208e-13
1.8220533872325753e-12
2.6661092569550592e-12
2.0436791694145117e-12
4.8766321460264227e-12
6.2422099051349703e-12
7.3152442148508645e-12
1.0551230920103826e-11
1.2897586074582479e-11
1.7659669600330249e-11
2.1916934722636568e-11
3.0683832398341451e-11
3.7711462707411887e-11
4.7344416804793232e-11
5.9156345378635860e-11
6.8970634958849322e-11
7.7803738157912209e-11
8.0705038522849288e-11
7.4965190025280891e-11
4.7043755015384489e-11
-1.1820526490056688e-11
-1.2650865530144373e-10
-3.2530735431153607e-10
-6.5971685749880305e-10
-1.1980089186375351e-09
-2.0433237314495726e-09
-3.3384314275808305e-09
-5.2951218277904433e-09
-8.2055572726078035e-09
-1.2477811962205733e-08
-1.8678044833317546e-08
-2.7593180873575117e-08
-4.0285875274886501e-08
-5.8203544420320191e-08
-8.3292309446479151e-08
-1.1815033728212027e-07
-1.6623046736273866e-07
-2.3208241559359923e-07
-3.2164714027525079e-07
-4.4264747970515898e-07
-6.0503883133499175e-07
-8.2154207961272485e-07
-1.1083007947594061e-06
-1.4856226082127362e-06
-1.9788146347480529e-06
-2.6191259130458435e-06
-3.4447253248021052e-06
-4.5017005000396887e-06
-5.8449707855049707e-06
-7.5390070931206424e-06
-9.6581445386641572e-06
-1.2286262943449207e-05
-1.5515432165644765e-05
-1.9443037044065911e-05
-2.4166712754064423e-05
-2.9776225051960172e-05
-3.6341107184180412e-05
-4.3892619482137766e-05
-5.2398162986463066e-05
-6.1725741750472116e-05
-7.1595649122901597e-05
-8.1515717260138756e-05
-9.0695813939332002e-05
-9.7936351219009231e-05
-1.0148459464981808e-04
-9.8851430414914030e-05
-8.6580131407379838e-05
-5.9957407522121282e-05
-1.2655727024324972e-05
6.3705301100685428e-05
1.8009177250931046e-04
3.5069683399682300e-04
5.9370538623259911e-04
9.3219695774252390e-04
1.3952011732775843e-03
2.0189185793886471e-03
2.8481170029627926e-03
3.9377094589883969e-03
5.3545136473700699e-03
7.1791849457810185e-03
9.5083040571767238e-03
1.2456586712672251e-02
1.6159165638785274e-02
2.0773874057160701e-02
2.6483434688920407e-02
3.3497428632427356e-02
4.2053884114837230e-02
5.2420286090353763e-02
6.4893763964482973e-02
7.9800167002567021e-02
9.7491685677813009e-02
1.1834262332472031e-01
1.4274286769605396e-01
1.7108855783317339e-01
2.0376939063316366e-01
2.4115196639308306e-01
2.8355853677358001e-01
3.3124049583899068e-01
3.8434594965573604e-01
4.4288071679664387e-01
5.0666215632539491e-01
5.7526529649826919e-01
6.4796085186341634e-01
7.2364487348599726e-01
8.0075998138541382e-01
8.7720838356958286e-01
9.5025719487331395e-01
1.0164369322114895e+00
1.0714344803757261e+00
1.1099822905942220e+00
1.1257460877610816e+00
1.1112139124769176e+00
1.0575898994198702e+00
9.5469677871427705e-01
7.9089166367545427e-01
5.5300023424150169e-01
2.2627491567445837e-01
-2.0561694122220681e-01
-7.6056857916016329e-01
-1.4579666059078198e+00
-2.3185746007900585e+00
-3.3643613765882479e+00
-4.6182681920712207e+00
-6.1039099481955512e+00
-7.8452064212462558e+00
-9.8659409024497666e+00
-1.2189245230051224e+01
-1.4837012111285450e+01
-1.7829237820522938e+01
-2.1183300796852841e+01
-2.4913184305523693e+01
-2.9028654116889967e+01
-3.3534405022292518e+01
-3.8429192865858013e+01
-4.3704971529320964e+01
-4.9346056859447621e+01
-5.5328341763563174e+01
-6.1618588503661506e+01
-6.8173825479892741e+01
-7.4940876400937682e+01
-8.1856049592704593e+01
-8.8845014213099773e+01
-9.5822888253707745e+01
-1.0269456037802851e+02
-1.0935526385659780e+02
-1.1569141613078561e+02
-1.2158173192178113e+02
-1.2689861138811457e+02
-1.3150979774864618e+02
-1.3528029118848715e+02
-1.3807449794473268e+02
-1.3975858544818291e+02
-1.4020300651937740e+02
-1.3928514814148954e+02
-1.3689205352518101e+02
-1.3292316030655775e+02
-1.2729299303209775e+02
-1.1993374481598208e+02
-1.1079768140628762e+02
-9.9859301026681791e+01
-8.7117185380045527e+01
-7.2595481163981972e+01
-5.6344957347682815e+01
-3.8443591222368973e+01
-1.8996645724754291e+01
1.8637884584508588e+00
2.3979800230891325e+01
4.7169215891387445e+01
7.1227694638624058e+01
9.5931335045431894e+01
1.2103975204206289e+02
1.4629957087739027e+02
1.7144827253269770e+02
1.9621831453811609e+02
2.2034144244329934e+02
2.4355310062664884e+02
2.6559684693407843e+02
2.8622867398823627e+02
3.0522114099265946e+02
3.2236722347718188e+02
3.3748379461141462e+02
3.5041466028770384e+02
3.6103308090134948e+02
3.6924372532033783e+02
3.7498401656660229e+02
3.7822484380544853e+02
3.7897063090726147e+02
3.7725876763727825e+02
3.7315842497674430e+02
3.6676879072973713e+02
3.5821677500435874e+02
3.4765424700010675e+02
3.3525487446825326e+02
3.2121064499066887e+02
3.0572815367019854e+02
2.8902474484751650e+02
2.7132459604035159e+02
2.5285483050398813e+02
2.3384174077388769e+02
2.1450719947466325e+02
1.9506532582453224e+02
1.7571946693589118e+02
1.5665954254980153e+02
1.3805979060383689e+02
1.2007693938530937e+02
1.0284882032544863e+02
8.6493424088013526e+01
7.1108391811495821e+01
5.6770923455301926e+01
4.3538076408558702e+01
3.1447420028011788e+01
2.0518005708499114e+01
1.0751607531250485e+01
2.1341855051590826e+00
-5.3624781125403906e+00
-1.1779019028320365e+01
-1.7166656048920000e+01
-2.1585327138134108e+01
-2.5101838986107254e+01
-2.7788068458345691e+01
-2.9719249440218267e+01
-3.0972373311989436e+01
-3.1624725772347915e+01
-3.1752577156634963e+01
-3.1430037935566020e+01
-3.0728085877375744e+01
-2.9713766534227602e+01
-2.8449564370934166e+01
-2.6992938063948387e+01
-2.5396010308970016e+01
-2.3705399910597418e+01
-2.1962181988801895e+01
-2.0201960806900754e+01
-1.8455038969090673e+01
-1.6746666504140244e+01
-1.5097353586642566e+01
-1.3523231281877283e+01
-1.2036445664928179e+01
-1.0645571887781118e+01
-9.3560361795024338e+00
-8.1705352978345633e+00
-7.0894445444759135e+00
-6.1112070560523231e+00
-5.2326986413863352e+00
-4.4495639139976380e+00
-3.7565208358774238e+00
-3.1476320216625071e+00
-2.6165422362185300e+00
-2.1566824450554050e+00
-1.7614415438033761e+00
-1.4243075037058477e+00
-1.1389801321986126e+00
-8.9945797220490065e-01
-7.0010206450743095e-01
-5.3567938948953220e-01
-4.0138880385339243e-01
-2.9287221068161340e-01
-2.0621356341271452e-01
-1.3792812067957094e-01
-8.4944153445576959e-02
-4.4579070508703966e-02
-1.4511684038176390e-02
7.2479078143747556e-03
2.2389581567312567e-02
3.2334577435405229e-02
3.8266209447632406e-02
4.1159277324159582e-02
4.1807727161050190e-02
4.0850252528253868e-02
3.8793649938694739e-02
3.6033844427710127e-02
3.2874582732134651e-02
2.9543855748548682e-02
2.6208159829732434e-02
2.2984740704248104e-02
1.9951985784191328e-02
1.7158142984262988e-02
1.4628548246253091e-02
1.2371541802557971e-02
1.0383246152995549e-02
8.6513683388193124e-03
7.1581762204138586e-03
5.8827843464951185e-03
4.8028702438384753e-03
3.8959272763123775e-03
3.1401458857974120e-03
2.5150017966465094e-03
2.0016172177040091e-03
1.5829500232283410e-03
1.2438559240291744e-03
9.7105994131346058e-04
7.5306599650050638e-04
5.8002710880553933e-04
4.4359334357813284e-04
3.3675028601519495e-04
2.5365724700444816e-04
1.8949161144550254e-04
1.4030345516409436e-04
1.0288290327847332e-04
7.4641421361289412e-05
5.3507262608960688e-05
3.7834705054886142e-05
2.6326235637926342e-05
1.7966586715325521e-05
1.1967428041357839e-05
7.7214501770777641e-06
4.7645902787335828e-06
2.7452216056270614e-06
1.3992973104809611e-06
5.3040759441090453e-07
-6.0603239053210180e-09
-3.1538717158912902e-07
-4.7326789705521119e-07
-5.3335789081632808e-07
-5.3306929473164538e-07
-4.9796509480096298e-07
-4.4510241766855423e-07
-3.8548090573261328e-07
-3.2589837989067523e-07
-2.7026580780003366e-07
-2.2057528439482736e-07
-1.7757886387636489e-07
-1.4126675949970716e-07
-1.1119005956806350e-07
-8.6676138374801398e-08
-6.6969063841940452e-08
-5.1317095244403128e-08
-3.9019153017376093e-08
-2.9448944516142577e-08
-2.2068872158063680e-08
-1.6428628390244081e-08
-1.2146468678741154e-08
-8.9227512271384906e-09
-6.5129071521402152e-09
-4.7224172290704072e-09
-3.4044855913162223e-09
-2.4382260991092764e-09
-1.7344906309803968e-09
-1.2273390025999564e-09
-8.6178594121578778e-10
-5.9997443007288871e-10
-4.1559547193253863e-10
-2.8575114964067111e-10
-1.9572479018929895e-10
-1.3095212046791982e-10
-8.8617426404702807e-11
-5.9485207558921660e-11
-3.9102777893382068e-11
-2.5622141984418709e-11
-1.7419962906205613e-11
-8.2212243143319712e-12
-6.9317164503770920e-12
-2.9225123968618743e-12
-2.8820384783260097e-12
-1.5771008519216790e-12
-1.3435469575138016e-12
5.6630670124859142e-13
-1.4964270928747464e-12
2.5513902004481943e-13
6.0927071911337362e-13
9.7509068580715552e-13
2.4791239156228047e-13
9.3023530305701175e-13
-1.0412035093925117e-12
-2.3859732252434949e-12
1.3351143170379938e-12
-1.1008851925551816e-13
-8.5357184170760657e-13
3.8292132854598647e-13
-5.2429040378967709e-13
-7.8813778924601767e-13
-5.6961694106722316e-13
-2.2777528366174380e-13
-3.2436045937861534e-13
1.3616502514224062e-12
2.2303714103868774e-13
1.2877697596908932e-12
-1.1895747054773386e-13
5.9047598536127296e-13
-5.4032776632874289e-13
-7.0357698411107223e-13
1.2407520005829348e-12
-6.8510933544711888e-13
-1.2038640567749792e-13
1.2591198761582099e-12
4.4100664459973389e-13
-1.1699548132964395e-12
-9.0706709918481707e-13
-1.2957079200217873e-12
6.7299836467122544e-13
-6.0485004156367926e-13
-7.4812390703599322e-13
2.9687907297611241e-13
9.0601080178648086e-13
1.7611267195780989e-13
-1.4411648092592605e-13
-1.1161937588525243e-12
2.1514492969931469e-13
-5.5495863116170918e-13
-9.3970024125505332e-14
8.4141777197345902e-13
7.7137088279363245e-14
6.1814678192540055e-13
6.6964703972256482e-13
-6.8778400945840793e-13
-7.4665117657949777e-13
4.3509782319084982e-13
-1.2519001653463776e-13
-1.3271729240347628e-12
-1.1525668610658542e-12
5.9188895069701752e-13
-2.9702958394950404e-13
1.0816191948588539e-13
-1.3409788049307161e-12
7.4942539460524600e-14
-1.2229250295524661e-12
1.2967237865701617e-12
-2.0617994268097367e-12
-4.8758179459198419e-13
1.1718237188093977e-12
8.1882507811658930e-13
-8.1111159579781442e-13
-3.6582389537500664e-14
6.4800764705504066e-13
-5.2872833674982096e-13
7.9715992720236433e-15
9.5416006432022112e-13
-3.1546904004324734e-13
4.6487817195943996e-13
8.2168223538372327e-14
-9.5968179206134817e-13
2.9885867688064005e-13
8.7658327508171545e-13
-1.0236829932115434e-12
1.3363231882445293e-13
1.6645337309074640e-13
6.9396363167808271e-13
-2.7442546243423423e-14
3.9054405278071741e-13
-1.4862652139514256e-13
4.1193237474295827e-13
7.3860214461127327e-13
4.9628655815010347e-13
-2.5280774358266573e-13
1.3410690822689083e-12
8.3115548462358644e-13
-5.1456926579909191e-13
9.0976244421425264e-13
3.3282598178209449e-13
1.5627894741736520e-12
-3.7671261614099300e-13
4.6010009089835924e-13
4.2327309168618164e-13
5.3656396891467645e-13
-1.1852912967482923e-13
-3.8268568189482657e-14
-3.2448266010418901e-13
1.1648000110089870e-12
-2.4835732023667402e-13
