8.7727128765555185e-15
1.3196906449297724e-14
2.3568468889053358e-14
3.4816179099579291e-14
1.9547901711030991e-14
1.5224006138930306e-14
2.3558650416847361e-14
2.0717017598362277e-14
1.3317678859198655e-14
7.1318377977935457e-15
4.8975294132495412e-15
1.9261971415791711e-14
2.9956293126159215e-14
1.2782494790245242e-14
3.7920483194445869e-14
3.1834087233114934e-14
1.5166883376945924e-14
2.7100550629014012e-14
4.9096026329060922e-14
4.2765806452515993e-14
4.2200002505353553e-14
2.6810077784270041e-14
6.0952243739238565e-14
6.5467135575249769e-14
5.2526403069015593e-14
6.4938378787805511e-14
6.4574218152265712e-14
9.1522147580751493e-14
8.9928903201870531e-14
7.2944946833529575e-14
8.5301943952795539e-14
8.2286959039731838e-14
6.9969040767189924e-14
7.7902820248183654e-14
7.1772567206193112e-14
7.8845413268723724e-14
6.8327888120536873e-14
6.8424676571775918e-14
6.5454663891006024e-14
3.8985571531036469e-14
3.5904869865147432e-14
1.6994259804706699e-14
8.2243783467179971e-15
2.0821437233993102e-14
3.8972119480011032e-14
1.5627540380052800e-14
1.8314731368927368e-14
2.6223356184332464e-14
4.1743803095781067e-15
1.7228097782591665e-14
1.5783393980361277e-14
7.0085330524422461e-15
2.6546477332872053e-14
-1.9997119556575767e-15
6.2212040466573592e-15
-1.1307108941705631e-15
-9.9300471305618167e-15
-2.5617141311505450e-14
6.4176080482138108e-15
1.4149090128122889e-15
5.2038554792752200e-15
9.0104650623539238e-15
6.4663140912819889e-15
3.8404867699615304e-15
8.0868952765413425e-15
2.0395752947030721e-14
3.3954159644246084e-14
1.6325464283537575e-14
4.6842177140752770e-14
3.8323553037241933e-14
4.0561417224571234e-14
5.5157231838019405e-14
5.6603177311032793e-14
4.1136994432455152e-14
8.3133797512544879e-14
6.1145480156164119e-14
7.5901758750645513e-14
6.8213693958369713e-14
6.7593808707488667e-14
7.3563913768743791e-14
5.4162133619055447e-14
6.0665685204599465e-14
5.3106403597425516e-14
3.1335348710900830e-14
6.0538084680415974e-14
2.5083868284041053e-14
2.6061666296873856e-14
2.0613169549541257e-14
2.6508776838648550e-14
3.6538639945355441e-14
3.9899540297003865e-14
4.0307133146154266e-14
3.1464757832037100e-14
2.2967866828908140e-14
2.0927040339541550e-14
2.3965495258187565e-14
-1.5376218841509286e-14
-1.1676836796888214e-14
-2.6386762852815863e-14
-3.0729901094249034e-14
-3.2091217724216714e-14
-3.2914673363286066e-14
-2.8789260882026909e-14
-2.3738665756316612e-14
4.9377026032438955e-15
4.4894830919366306e-15
5.8649334150330081e-14
5.3991886171365876e-14
5.5362559331686820e-14
5.1149797090740007e-14
5.6424959203135455e-14
3.2371487758552714e-14
2.6089151537939114e-14
-1.4686528877408717e-14
-1.0846953449798254e-14
-3.2998586054205972e-14
-4.2669359104123548e-14
-6.3999241970818662e-14
-5.8773151983277852e-14
-7.5744525819211401e-14
-7.8469892677918107e-14
-6.7875649579863724e-14
-7.6946891879076718e-14
-8.7840324212804051e-14
-8.6789009573997027e-14
-9.7572960298613013e-14
-9.7391325287997071e-14
-1.1108782048393544e-13
-1.1708408775545775e-13
-1.2679093674339739e-13
-1.3462429770929772e-13
-1.4884849096812385e-13
-1.5905967099763738e-13
-1.5921102859968464e-13
-1.7928485291257116e-13
-1.8757229579546530e-13
-1.9612656571926969e-13
-2.0082903463975249e-13
-2.2808448750318093e-13
-2.4638409534705211e-13
-2.8614109843800256e-13
-3.1564016550207043e-13
-3.7859947586614587e-13
-4.2273255941798650e-13
-4.8623998355274203e-13
-5.1749284869358927e-13
-5.8193022846238756e-13
-6.0425967468269193e-13
-6.5471695256658838e-13
-6.9714806652087448e-13
-7.3342461004433427e-13
-7.7832683883442112e-13
-7.9330907444838953e-13
-8.7403647447334370e-13
-9.4437696328533077e-13
-1.0090288671571496e-12
-1.0957841382180384e-12
-1.1352332064781266e-12
-1.2363170571131887e-12
-1.3447126414222131e-12
-1.4734910909446788e-12
-1.6096396032421000e-12
-1.7316924304480622e-12
-1.8839529821989229e-12
-2.0658328481481489e-12
-2.2559691959822122e-12
-2.4496369750446568e-12
-2.6544918195936874e-12
-2.8784264955645775e-12
-3.1349697985289249e-12
-3.4503125171909529e-12
-3.7622252814349259e-12
-4.1681473848667512e-12
-4.5701169227234994e-12
-5.0385830852053156e-12
-5.5565918430601632e-12
-6.1378549459349438e-12
-6.7283750581586969e-12
-7.3902125607441792e-12
-8.0979834688540914e-12
-8.8527104878751927e-12
-9.6554795500811866e-12
-1.0531108865139972e-11
-1.1436718069374120e-11
-1.2429533902506722e-11
-1.3495475757030703e-11
-1.4662823343135116e-11
-1.5848486226887952e-11
-1.7160547756915589e-11
-1.8513265826340772e-11
-1.9971299958060328e-11
-2.1470113903434579e-11
-2.3102399812675417e-11
-2.4772997756874694e-11
-2.6499825632740941e-11
-2.8259747694769799e-11
-3.0116142353352918e-11
-3.1963356494351230e-11
-3.3877146338110764e-11
-3.5811762726809593e-11
-3.7795566735232309e-11
-3.9806969276586240e-11
-4.1855941357350801e-11
-4.3876577498573753e-11
-4.5948599005220142e-11
-4.7989729341474160e-11
-5.0004800588057910e-11
-5.2007378554375537e-11
-5.3999192212910279e-11
-5.5951863452565009e-11
-5.7823992174153538e-11
-5.9633975723319446e-11
-6.1411663660999984e-11
-6.3015546659877796e-11
-6.4583315236689350e-11
-6.6045343612841250e-11
-6.7391904623031171e-11
-6.8617419295470021e-11
-6.9693999403677201e-11
-7.0674224877629527e-11
-7.1487609608549073e-11
-7.2143997307255614e-11
-7.2659687649921925e-11
-7.3045274932790259e-11
-7.3252826109666670e-11
-7.3346657748109526e-11
-7.3273921742554444e-11
-7.3032258633845320e-11
-7.2669936139809946e-11
-7.2136449714670137e-11
-7.1412869314033017e-11
-7.0599492077431496e-11
-6.9615628431248891e-11
-6.8519283227251646e-11
-6.7308961237983532e-11
-6.5981498750394599e-11
-6.4538916092846059e-11
-6.2961483150209981e-11
-6.1298547189881215e-11
-5.9559035731707159e-11
-5.7724142509497209e-11
-5.5876858545467861e-11
-5.3962835235741113e-11
-5.2015489701675896e-11
-5.0065795076188185e-11
-4.8071949820413328e-11
-4.6072406696028246e-11
-4.4088338780498400e-11
-4.2093911404745525e-11
-4.0119628450604207e-11
-3.8147009538475907e-11
-3.6239943543804227e-11
-3.4330901081121385e-11
-3.2456444656947940e-11
-3.0620306333248853e-11
-2.8845602612059098e-11
-2.7074372584424913e-11
-2.5386033898633369e-11
-2.3771641829612988e-11
-2.2222082834470932e-11
-2.0744244435732708e-11
-1.9339453460040477e-11
-1.7990696968230968e-11
-1.6705659065562669e-11
-1.5481597133164972e-11
-1.4346868068693932e-11
-1.3248154776720807e-11
-1.2220967247947033e-11
-1.1233611506958930e-11
-1.0328908636283534e-11
-9.4461018394148336e-12
-8.6596841795828473e-12
-7.8557733099813708e-12
-7.1696003411288755e-12
-6.5023752783642709e-12
-5.9078443249919585e-12
-5.3970178157498011e-12
-4.8933385740779176e-12
-4.4436369234805012e-12
-4.0278367120573881e-12
-3.6819159664837594e-12
-3.3275545301963818e-12
-3.0376955076805288e-12
-2.7472487537047930e-12
-2.4990578513096584e-12
-2.2682727464127414e-12
-2.0645326463537800e-12
-1.8582339935789028e-12
-1.6723930619205507e-12
-1.5039036087663011e-12
-1.3710572040828062e-12
-1.2435299839095497e-12
-1.1157336498257587e-12
-9.9613657698958917e-13
-8.9986062806461523e-13
-7.8987228606073346e-13
-6.8393355441011073e-13
-5.9545068578243715e-13
-5.0579099767211714e-13
-4.5219807103710399e-13
-3.8273474696876756e-13
-3.2895178708704164e-13
-2.7647932946864769e-13
-2.2826937132082401e-13
-1.9287171564378064e-13
-1.8357642001829910e-13
-1.6041210337204031e-13
-1.4024912172155687e-13
-1.2406186919899844e-13
-9.5659748707714407e-14
-9.1697876123383747e-14
-9.4615386741975875e-14
-9.9059815111892130e-14
-1.1083370936383186e-13
-1.1584246724014035e-13
-1.2601017164098903e-13
-1.2190973549394336e-13
-9.8209226223501188e-14
-1.0085327590254668e-13
-1.0357390061579767e-13
-8.1353769851049030e-14
-8.9073211574363644e-14
-7.4777019292105245e-14
-7.9474507907974627e-14
-6.8137836861920165e-14
-4.9490069467951083e-14
-4.0271969662711098e-14
-5.9478014717927587e-14
-6.4867706063280758e-14
-4.6592180693698467e-14
-6.4836584107717859e-14
-6.7065244949985237e-14
-7.2394459905807180e-14
-2.5523848024402878e-14
-1.2513751017996965e-14
7.2609682612946182e-15
4.1965142515267756e-14
4.8551673484597924e-14
4.0717148468041763e-14
5.9325665518916480e-14
7.5413260366253096e-14
1.3456956481663237e-13
1.2182012218268087e-13
1.2977506781169262e-13
1.4922495766319514e-13
1.1847856184455647e-13
1.3531958743285593e-13
1.2202354984920433e-13
1.2653811507891664e-13
1.5848807756933326e-13
1.5628954580740803e-13
1.4566712974493368e-13
1.8722216132979128e-13
1.7727464722432833e-13
1.7595639862972819e-13
1.8497771346985945e-13
1.8349040853157844e-13
2.0943690518256315e-13
1.8648937112292716e-13
1.5106360416874777e-13
9.8761947647225559e-14
8.4827017005215233e-14
1.7502281842908758e-14
-5.0661530693484387e-16
-1.2567799873736525e-14
9.9849335725983710e-15
-1.1588862952647402e-14
-8.4179120415545948e-15
2.5394574810663162e-14
3.8935145529380010e-14
1.6055154831371788e-14
4.7698492746482851e-14
2.5061827662383308e-14
5.0854590128811702e-14
4.2646517365489035e-14
3.9541963173467662e-14
6.3356906662152574e-14
6.6902519168485636e-14
5.1604552437024104e-14
6.7534713728093758e-14
4.8788064280915919e-14
4.5094687293082446e-14
3.8715551196291512e-14
3.2293628323662092e-14
1.8777451030751131e-14
1.8901157582565240e-14
2.3134565690588307e-15
1.6686749203551352e-14
7.1445420230281494e-15
7.0847133739276036e-15
-2.4561063712412587e-15
-9.1886539830265386e-16
-4.2191699124120356e-15
1.9027960760987187e-14
1.6633871492181897e-14
1.3447079692419941e-14
8.6505133999132383e-15
1.7978831470859496e-14
1.0036242938662256e-14
-7.7749531329820008e-15
1.5793403332102639e-14
5.4192641953186269e-15
9.1970384066240318e-16
7.9137420915027022e-15
7.2617106205230117e-15
-4.1048535319202316e-15
-7.5336610849054618e-16
-1.4271074420626211e-14
8.5182267303373676e-15
1.6568567567591450e-14
1.6092321531554505e-14
2.8529877847560777e-15
1.4578747091252625e-14
-1.1630676367286015e-14
-1.2715514282126685e-14
-2.0300671706102207e-14
-1.4511052123207060e-15
-6.9979460959329187e-15
1.7158144544150240e-16
7.1017469535456667e-15
2.3229964747387899e-14
1.4341585405092612e-14
2.0173775722013863e-14
2.5030163603619007e-14
3.0767610789014120e-14
3.4259901294869210e-14
6.5299512051633227e-14
4.6651942018364536e-14
4.2201191897190383e-14
3.2675986192534905e-14
3.5207709044680139e-14
2.9623490468461098e-14
2.1491335265370052e-14
3.1779094863418242e-14
3.2515245687878197e-14
2.8442506813383113e-14
3.6102999171804062e-14
3.2827244805143602e-14
1.8887414376022400e-14
2.7066598765067730e-14
2.0909453776906621e-14
2.9901808524432622e-14
3.8332063053478269e-14
4.0053293726681952e-14
4.9969793402601644e-14
1.6955221006903319e-14
2.7417803773257476e-14
2.0664972383097580e-14
2.6983267898153855e-14
2.9588664467164517e-14
2.3055666250167129e-14
2.4528644502600012e-14
4.6119219427302298e-14
2.1781440380817906e-14
2.5166605732039794e-14
1.5286641030543185e-14
2.5326441417316426e-14
1.7043246316280242e-14
2.2117790830864538e-14
2.6861705936262807e-14
3.3103070740784637e-14
1.7528046428330147e-14
-8.6048475169974613e-16
2.1699482266484692e-14
4.7594739779901016e-15
2.0812433159168158e-14
2.0346308612393291e-14
1.0091124884296680e-14
5.3247811795464835e-14
2.4045590347067734e-14
1.0056319295864877e-14
2.7037372492356083e-14
-1.6151042417936391e-15
1.0765844267821384e-14
9.8252151058469684e-15
1.2178684634364624e-14
2.1656854069478812e-14
5.8174425675007053e-15
6.1893360025348275e-15
1.7186627713327561e-14
2.6639232040942925e-15
1.8931612475981951e-14
3.1752491451839417e-14
5.1824986824887768e-15
3.1180924270927478e-14
2.7682809832292694e-14
1.1596547988058221e-14
4.2987554081101452e-14
1.0515706491721323e-14
1.5194874213760482e-14
3.8958215085095159e-15
1.3485902333781020e-14
3.1794528449737328e-14
1.3063280800551797e-14
-9.5577488123080155e-16
6.7888049181690508e-15
-6.1845170572765369e-15
-9.1151555978800318e-16
9.1180145869858406e-15
3.8055326226064245e-15
8.4033317028139352e-15
-2.2032082851916029e-15
6.9244515857136277e-15
1.0326891695343751e-14
3.8362558537294394e-16
3.4504367000744124e-15
-4.4604590875771140e-15
3.6189089885224908e-16
7.1927133748139742e-15
-3.0040790643344498e-15
-8.6794617051695360e-16
2.1514628745705459e-14
