1.1059299200132534e-14
1.4039375001835979e-14
1.6273265933817639e-14
1.3112771606145263e-14
1.8179151525852454e-14
7.6036474187844128e-15
1.3444394923548039e-14
1.2721699542521905e-14
7.1331903217250499e-16
1.5890061450737066e-14
1.5985669533281852e-14
2.0600273707721351e-14
3.4096318337389052e-14
2.7055530515723238e-14
2.1728653681758840e-14
3.6715403910923090e-14
1.6498183617654724e-14
3.7429277225197444e-14
3.4263106127109599e-14
3.5557801614997401e-14
2.3997890466434467e-14
3.1229304315556557e-14
4.7827658575694352e-14
4.0634946479969744e-14
5.1186542743688810e-14
6.6827538506322098e-14
6.5940835140970796e-14
8.5587677226381004e-14
6.3962354572989388e-14
6.0672000878940201e-14
6.7406713729263996e-14
7.5971783287434311e-14
7.4730208995608488e-14
6.4816058368236533e-14
7.1145849727873956e-14
7.8026502602538846e-14
8.0918441692317300e-14
7.1700619966837148e-14
6.2208659781661511e-14
7.1731924270064103e-14
4.1327058849009699e-14
4.0862292005150845e-14
4.0745168077944167e-14
5.0108349073287489e-14
4.4688775411443516e-14
2.2343441419073935e-14
5.4270902613081125e-14
3.3978132572081663e-14
1.1812738814737329e-14
2.3376669708190579e-14
1.6139213140296988e-14
6.3873320621449041e-15
1.9669516163358536e-14
1.6452238871087017e-14
2.7694776665209980e-14
3.2272141689825241e-14
1.0397507227602525e-14
2.7717445751111068e-14
2.7149294767164672e-14
4.2948889719519881e-14
3.2170634485650639e-14
1.6574354545207865e-14
3.2858086938202728e-14
4.7228526718998902e-14
2.5889307609447751e-14
4.9201611970195328e-14
5.8215694037340860e-14
5.9076290438155774e-14
5.6260506981601948e-14
5.1666129948393520e-14
6.8477904209738930e-14
8.1342866860721046e-14
6.7201471327743560e-14
6.5711344399257262e-14
8.3693393384670346e-14
8.1339032673831071e-14
5.7593195348935099e-14
4.2254170315203546e-14
6.1364969340809051e-14
4.8453700475162851e-14
2.2908759256862801e-14
2.9245146900584282e-14
1.0959546221119911e-14
1.3554263743211863e-14
-2.4717344935050621e-15
3.1639401564168240e-15
-8.1653478561206673e-15
6.6164768416981986e-15
-1.9024519233924122e-14
8.6912266929680880e-15
-1.1001848752915918e-14
-1.9824682378591982e-14
2.8577922009567978e-15
-1.9457592934907531e-14
-7.5157355361080807e-15
-2.4377276895796394e-14
-5.8107131683757001e-14
-3.6013846395576558e-14
-5.8671395872260768e-14
-5.0716010314199086e-14
-8.8569119517070867e-14
-9.5126899915160923e-14
-6.7607620217869411e-14
-6.2653684879514815e-14
-5.4350402122943057e-14
-3.4193290909410506e-14
-2.2706458381994302e-14
-7.8550859662609637e-15
-3.6238701130273909e-14
-4.1908472324729251e-14
-4.5757306407400113e-14
-5.9734542165155961e-14
-9.7898353596864598e-14
-1.1348916227553410e-13
-1.2277197027463379e-13
-1.3508053110339485e-13
-1.5189426871922989e-13
-1.6051149983601889e-13
-1.8430169792036114e-13
-1.7692262626143435e-13
-1.7518806787057938e-13
-1.9065221198327058e-13
-1.7711742042298696e-13
-1.8296307892134379e-13
-1.8693996970077158e-13
-2.0007124251518122e-13
-2.0863298678580138e-13
-2.3457396086999208e-13
-2.3670185561839469e-13
-2.3835424615441524e-13
-2.4576496523425621e-13
-2.4955142950269011e-13
-2.5620037320619399e-13
-2.7334155500774306e-13
-2.8158850907779161e-13
-3.0715019401310520e-13
-2.9643483639986326e-13
-3.1132308529719869e-13
-3.4830846129694696e-13
-3.8513104798562451e-13
-4.3656618096459572e-13
-4.7439227941768252e-13
-5.0536591096229685e-13
-5.7258491869391498e-13
-6.1304555311646925e-13
-6.9346679477799864e-13
-7.2709246798111562e-13
-7.5571361078169392e-13
-8.0377279245606436e-13
-8.5544895917703591e-13
-9.1151885094108383e-13
-9.7953398315754154e-13
-1.0524592579552784e-12
-1.1346455127567538e-12
-1.2056948987387470e-12
-1.3232911380133431e-12
-1.4226426404604291e-12
-1.5263645044248086e-12
-1.6736222299165977e-12
-1.8587381133599754e-12
-2.0201402024534101e-12
-2.2161867055183030e-12
-2.4341011138278888e-12
-2.6864329232047208e-12
-2.9433962250689908e-12
-3.2139834264319885e-12
-3.5249138245703467e-12
-3.8598518693560346e-12
-4.2142793369468437e-12
-4.6255797664631540e-12
-5.1116403948044608e-12
-5.6424790308768087e-12
-6.2199491855990492e-12
-6.8613821541335799e-12
-7.5683616942745939e-12
-8.3682824004992775e-12
-9.2406973052529382e-12
-1.0161567093196821e-11
-1.1183678793184658e-11
-1.2269152682067006e-11
-1.3440110855420676e-11
-1.4687357851896646e-11
-1.6047171599727183e-11
-1.7450026535844784e-11
-1.8997723674263109e-11
-2.0623663850686976e-11
-2.2375178490708707e-11
-2.4232523754246152e-11
-2.6192337097617866e-11
-2.8266043832022779e-11
-3.0451463492547455e-11
-3.2727659966662598e-11
-3.5176158967956814e-11
-3.7647953768299242e-11
-4.0242699202206164e-11
-4.2920565517454712e-11
-4.5655866742423065e-11
-4.8444136665091999e-11
-5.1325819036764956e-11
-5.4190701815108008e-11
-5.7184904302243140e-11
-6.0176438587630042e-11
-6.3211563831204457e-11
-6.6248368334494216e-11
-6.9297575860723612e-11
-7.2334591391197097e-11
-7.5362174297966109e-11
-7.8321717011764689e-11
-8.1294251908617128e-11
-8.4127369513226755e-11
-8.6933044160488784e-11
-8.9604553973284662e-11
-9.2154806597080481e-11
-9.4587562654097808e-11
-9.6885281766151535e-11
-9.9013922106652408e-11
-1.0096090383063559e-10
-1.0275133513654230e-10
-1.0434858606497349e-10
-1.0570215922240310e-10
-1.0689931579792264e-10
-1.0783284710492693e-10
-1.0857964668773253e-10
-1.0907150116840395e-10
-1.0937921117285264e-10
-1.0944623329210373e-10
-1.0928698884215249e-10
-1.0890503395257310e-10
-1.0827604185795479e-10
-1.0737738737928296e-10
-1.0630529879942323e-10
-1.0501127718377119e-10
-1.0349682312884380e-10
-1.0186418214136318e-10
-9.9991986329323057e-11
-9.7986451981847492e-11
-9.5789477632439382e-11
-9.3410990792076702e-11
-9.0919290277856635e-11
-8.8312920217379493e-11
-8.5592043042342647e-11
-8.2805609362573297e-11
-7.9940431949030683e-11
-7.7018404809078274e-11
-7.4067797720983583e-11
-7.1057104882195846e-11
-6.8052540745536703e-11
-6.5100599330951503e-11
-6.2080362634820895e-11
-5.9151451574049388e-11
-5.6214055465902385e-11
-5.3336904361514785e-11
-5.0474682645773535e-11
-4.7683485365721254e-11
-4.4945830881520175e-11
-4.2314098672533944e-11
-3.9679726540709797e-11
-3.7186860298748873e-11
-3.4766008756800857e-11
-3.2462764329421593e-11
-3.0246101533947674e-11
-2.8133838747541980e-11
-2.6113631641551919e-11
-2.4242325411731744e-11
-2.2404962560361489e-11
-2.0722351306330899e-11
-1.9098082783399928e-11
-1.7539503114384754e-11
-1.6096672295590839e-11
-1.4758341531302038e-11
-1.3468765568602939e-11
-1.2306683336489766e-11
-1.1175570566790435e-11
-1.0158034260431856e-11
-9.2086269964424097e-12
-8.3346473224715418e-12
-7.5357599823947796e-12
-6.8258694413303103e-12
-6.1457735755483812e-12
-5.5729199387979336e-12
-5.0103163778944479e-12
-4.5221712724951289e-12
-4.0629757581431897e-12
-3.6408243543568369e-12
-3.2653206437833758e-12
-2.9292443739112500e-12
-2.6120629264573300e-12
-2.3428453419678493e-12
-2.0748382444677400e-12
-1.8465062859101668e-12
-1.6301042030412587e-12
-1.4331500417541352e-12
-1.2805029886211057e-12
-1.1215212575237002e-12
-9.7287177117852037e-13
-8.5296344701547228e-13
-7.0770284004903837e-13
-5.9897702529006811e-13
-4.9986927000474570e-13
-4.0038239208902544e-13
-3.2704301750109572e-13
-2.5243603041763407e-13
-1.8795856266921174e-13
-1.3097081372396749e-13
-8.5890219565981401e-14
-6.3476893201240445e-14
-5.1574441311195129e-14
-3.2525097798648423e-14
-2.8058286505816040e-14
-1.6761176039607629e-14
-4.7037810319776647e-15
1.7082924742390139e-16
6.2100081139166499e-15
1.4017725352848361e-16
-3.9757247189357379e-14
-2.2948115013354441e-14
-3.4436726879893686e-14
-2.0119081198283702e-15
5.4243048528858545e-15
2.0576883117291205e-14
2.7325047854994274e-14
2.4201129456023903e-14
1.9802463576442896e-14
6.8268592671834897e-15
-3.0898360366901097e-15
2.6504372507634500e-14
2.6711996532184533e-15
2.2502347871311655e-15
1.1944878390785219e-15
6.4484117006826375e-15
-9.3057207708939142e-15
-2.5551760285431665e-14
-9.0219487903522611e-15
2.9921729887538056e-14
3.5859473615115621e-14
6.3551594933400653e-14
1.0560636646579486e-13
1.1200459060089860e-13
1.0682838101062700e-13
9.5741802233720107e-14
1.2021488843899123e-13
1.3949317836957155e-13
1.2786030577858737e-13
1.5638178135817303e-13
1.7104873458618399e-13
1.5822209330373942e-13
1.3819433312542637e-13
1.2919506138252433e-13
1.1128898674288602e-13
1.2938778120711156e-13
1.2775066528643629e-13
1.2427857245045273e-13
1.5799780714861880e-13
1.5297864960789930e-13
1.4378048316781373e-13
1.5162043899623312e-13
1.8123370828528632e-13
1.7464434755503133e-13
1.3462505499167308e-13
1.1260531528806459e-13
5.3681346224461133e-14
3.3326126278458085e-14
-2.2326697431038480e-14
-4.7840250022884521e-14
-4.8876863801261463e-14
-2.7647754817591691e-14
-4.4689521947766176e-14
-4.4915377005418583e-14
-2.0917148115474794e-15
-3.8682940824054417e-15
4.9926463491766107e-16
1.5216325356996689e-14
-9.6101439213573441e-16
1.7326812326437746e-14
7.7317737649944645e-15
8.3337768679316975e-15
1.6713539198848934e-14
1.9859781609671189e-15
-4.7152528838885949e-15
-1.0182581154520371e-14
-1.3850698790687123e-14
-6.5075814198083538e-15
-7.9519031136101446e-15
-1.9319628100001001e-14
-1.1170631937523375e-14
-2.1836056002573420e-14
-4.7161101454402355e-14
-2.2830894205712557e-14
-2.8920402004500825e-14
-2.6417069959318128e-14
-4.3175854394757464e-14
-3.9321237941870791e-14
-3.8279364926477226e-14
-3.3620767220117784e-14
-4.0379539323683376e-14
-4.6934709588836040e-14
-4.4145832815270876e-14
-2.4131628058014116e-14
-5.2526858277653450e-14
-3.2296028710218876e-14
-2.8332122546952364e-14
-2.9311449967765680e-14
-1.4447987069680308e-14
-1.3140993949405256e-14
-2.0561230393953803e-14
-1.3134417695029509e-14
-1.8733315343320513e-14
-2.6134163499314672e-14
-1.9898280981402149e-14
-3.1038576040943172e-14
-2.2995255406613111e-14
-2.1123868976577644e-14
-1.1651904167713467e-14
-1.5035928578453466e-14
-2.1751504957370401e-14
1.8452182270726968e-16
-1.0081214348803611e-14
2.2388662161300530e-15
4.0004489699563807e-15
1.9629188754738520e-14
3.1252754079479430e-14
1.3141100084451372e-14
2.1406155247592232e-14
8.5410681467378055e-15
3.1663278713308993e-14
3.1118310248581424e-14
5.2945893371509991e-14
5.3133450900343757e-14
5.6535765019472694e-14
4.7951629985952278e-14
1.7321762021913174e-14
2.8336267509339115e-14
3.7567957928765014e-14
3.1121878022173732e-14
5.0289697960352599e-14
5.8318503832665035e-14
6.2164217225486412e-14
3.5132950026403058e-14
3.2696974600968675e-14
3.6940227769584529e-14
2.0590169572838536e-14
4.5440300517215778e-14
6.2053701012022197e-14
6.1630817055326068e-14
7.2943769370499429e-14
4.3293888905887535e-14
3.0456566256510976e-14
3.0830465366864893e-14
5.1359468486088734e-14
2.9583994935828537e-14
4.6052886566313678e-14
5.7663757846722277e-14
5.6971210523855068e-14
3.1337856919585548e-14
3.9967888821218661e-14
2.5242935747734718e-14
3.0286027186469652e-14
1.9999668992818727e-14
4.5090342907989266e-14
3.9797717182810682e-14
4.5329825221073820e-14
3.8026318125459539e-14
2.7005140677532229e-14
1.4446632892432272e-14
3.4657736942680550e-14
2.0302667668659978e-14
4.5193045242377338e-14
3.0922421502835108e-14
3.2796762414800771e-14
2.9433695170059628e-14
3.5379347854423577e-14
4.3862566800600317e-14
2.8144159542869194e-14
2.8119967141486574e-14
4.8705095387763247e-14
1.6375558824551428e-14
3.6676606184572071e-14
2.1722278467853380e-14
2.3763747433755480e-14
2.6195872566857580e-14
3.4090266517812494e-14
2.4899832295807935e-14
5.3388127048326373e-14
3.8055258890002042e-14
4.9042804718008043e-14
3.5331605484838571e-14
4.3386125922725289e-14
4.2990744436736445e-14
1.5148193548197730e-14
3.3304121489668194e-14
3.3540327935515631e-14
4.0398139254279573e-14
5.6253033850838497e-14
1.7269895125888911e-14
1.5436227713032114e-14
2.4399093350182422e-14
1.5250742800002313e-14
2.0677020112417797e-14
2.3952184036144139e-14
1.0565339988196437e-14
3.3579955035255572e-14
9.7238499387139954e-15
2.9223336601549045e-14
1.7340398767355323e-14
8.7483356442369298e-15
1.7929562550702844e-14
2.2703746010452863e-14
2.4119599721427184e-14
1.2412465440138034e-14
1.8028483962762791e-14
6.5111060366575499e-15
2.2821881176563277e-14
