-3.4177981502144685e-14
-2.5671258389017614e-14
-8.5696389780909775e-15
-1.7164307399325934e-14
-8.5946300736904339e-15
-1.7214135759824428e-14
-2.1548667246276231e-14
-3.0211394185410352e-14
-3.0254516935372322e-14
-3.0297501630100593e-14
-2.6006012148569888e-14
-2.6042617546113465e-14
8.6930342176924651e-15
-8.7051556066194861e-15
6.5379273495843687e-15
8.7292765806328340e-15
3.2779784006809960e-14
2.8448009574219924e-14
3.9443176379796606e-14
4.1690870156519266e-14
4.3944292353352045e-14
3.0802273662671793e-14
4.2960442814073635e-14
2.8678341196511859e-14
2.6507306339694611e-14
3.3177711393201318e-14
3.3221128308003447e-14
4.5461323276385235e-14
3.6083097204909605e-14
3.3350401902037733e-14
3.7845586756402040e-14
3.5107550327942164e-14
7.3373040590724961e-14
5.5588092252478936e-14
8.8940768343286225e-14
9.9133221947424469e-14
1.4804345885629881e-13
1.2520643197192528e-13
1.5037622621021924e-13
1.5027869475783435e-13
1.9047182792488479e-13
2.5389350924288051e-13
3.2876399044053275e-13
5.1862077148502353e-13
7.3837097099488363e-13
1.0408383602265515e-12
1.5017968250326136e-12
2.1797556312107603e-12
3.1334888088118084e-12
4.5404997046413941e-12
6.5574273271864160e-12
9.4397943340916861e-12
1.3524268586163243e-11
1.9364131233325945e-11
2.7698390832655385e-11
3.9498653103974358e-11
5.6248209173083394e-11
7.9940187302795973e-11
1.1335640040983240e-10
1.6040786086429871e-10
2.2656044931775159e-10
3.1925858813471130e-10
4.4896165255621916e-10
6.3005720181221978e-10
8.8232537312799697e-10
1.2329883168498374e-09
1.7194595312832511e-09
2.3927821075817182e-09
3.3228336767343687e-09
4.6046617060213407e-09
6.3676723279230616e-09
8.7872176813908395e-09
1.2100759195140853e-08
1.6628853864797619e-08
2.2803484923090092e-08
3.1205359442341866e-08
4.2613388935679608e-08
5.8069873474911004e-08
7.8966888068351786e-08
1.0715885339682704e-07
1.4511077162495112e-07
1.9609211857895031e-07
2.6442920082415967e-07
3.5583403491887537e-07
4.7783101649151105e-07
6.4030952377565100e-07
8.5623773974668712e-07
1.1425824709877201e-06
1.5214914579209465e-06
2.0218097273085306e-06
2.6810184618644981e-06
3.5477099921913314e-06
4.6847368671795755e-06
6.1732101189076738e-06
8.1175636164937069e-06
1.0651949986419210e-05
1.3948301052786903e-05
1.8226458247955804e-05
2.3766872284360888e-05
3.0926484661336429e-05
4.0158534808448135e-05
5.2037202006982014e-05
6.7288181611914116e-05
8.6826525746804407e-05
1.1180335398476492e-04
1.4366335927667797e-04
1.8421541939789917e-04
2.3571906936619233e-04
3.0099011510577149e-04
3.8352927989982702e-04
4.8767848225929236e-04
6.1881016503767137e-04
7.8355603730675158e-04
9.9008267253721254e-04
1.2484226386078761e-03
1.5708712365705569e-03
1.9724605071963545e-03
2.4715239428241328e-03
3.0903673320468064e-03
3.8560633770496860e-03
4.8013901684978684e-03
5.9659362892207617e-03
7.3973982495790722e-03
9.1530991305283551e-03
1.1301760722808162e-02
1.3925565084761131e-02
1.7122545273936501e-02
2.1009349010310600e-02
2.5724423152062421e-02
3.1431671052940736e-02
3.8324639052747841e-02
4.6631292435123650e-02
5.6619445068087727e-02
6.8602910492787841e-02
8.2948445298637929e-02
1.0008355805269288e-01
1.2050525864563288e-01
1.4478982346823718e-01
1.7360365110869225e-01
2.0771528101404413e-01
2.4800864352122812e-01
2.9549760355721649e-01
3.5134185184500899e-01
4.1686418634305966e-01
4.9356921260127734e-01
5.8316347446362349e-01
6.8757700583055781e-01
8.0898626978690413e-01
9.4983842312593669e-01
1.1128768120278305e+00
1.3011675683231689e+00
1.5181271354122787e+00
1.7675505086374463e+00
2.0536399269462020e+00
2.3810337013877012e+00
2.7548348118390882e+00
3.1806388469918678e+00
3.6645608048250096e+00
4.2132602124928571e+00
4.8339639668679464e+00
5.5344862411605424e+00
6.3232447505082128e+00
7.2092726217439482e+00
8.2022250713909486e+00
9.3123800630796953e+00
1.0550632092890908e+01
1.1928478240485944e+01
1.3457995627180139e+01
1.5151809441177459e+01
1.7023050726747499e+01
1.9085303189755010e+01
2.1352538348002902e+01
2.3839038452386479e+01
2.6559306724608764e+01
2.9527964599499271e+01
3.2759635824673268e+01
3.6268817456718530e+01
4.0069738000099775e+01
4.4176203160730459e+01
4.8601429928271031e+01
5.3357869956640130e+01
5.8457023477321556e+01
6.3909245250573107e+01
6.9723544330797537e+01
7.5907379688829863e+01
8.2466453990029024e+01
8.9404508066809328e+01
9.6723118841388157e+01
1.0442150364276623e+02
1.1249633401506837e+02
1.2094156222637258e+02
1.2974826375243222e+02
1.3890449902321424e+02
1.4839519767761649e+02
1.5820206846964891e+02
1.6830353780537129e+02
1.7867471966273368e+02
1.8928741935620880e+02
2.0011017325614910e+02
2.1110832616197763e+02
2.2224414756292043e+02
2.3347698750572400e+02
2.4476347223280339e+02
2.5605773916493524e+02
2.6731171018955774e+02
2.7847540158956610e+02
2.8949726831962238e+02
3.0032457971945610e+02
3.1090382315875530e+02
3.2118113154843741e+02
3.3110273014053132e+02
3.4061539758522952e+02
3.4966693582971618e+02
3.5820664313886630e+02
3.6618578430120613e+02
3.7355805196136822e+02
3.8028001299761598e+02
3.8631153394281421e+02
3.9161617963034905e+02
3.9616157953166436e+02
3.9991975663580268e+02
4.0286741419799228e+02
4.0498617624626428e+02
4.0626277837272420e+02
4.0668920603819538e+02
4.0626277837275899e+02
4.0498617624633397e+02
4.0286741419809618e+02
3.9991975663594019e+02
3.9616157953183466e+02
3.9161617963055113e+02
3.8631153394304698e+02
3.8028001299787798e+02
3.7355805196165778e+02
3.6618578430152161e+02
3.5820664313920594e+02
3.4966693583007793e+02
3.4061539758561128e+02
3.3110273014093087e+02
3.2118113154885259e+02
3.1090382315918390e+02
3.0032457971989595e+02
2.8949726832007110e+02
2.7847540159002176e+02
2.6731171019001800e+02
2.5605773916539806e+02
2.4476347223326690e+02
2.3347698750618619e+02
2.2224414756337950e+02
2.1110832616243189e+02
2.0011017325659682e+02
1.8928741935664860e+02
1.7867471966316410e+02
1.6830353780579119e+02
1.5820206847005713e+02
1.4839519767801212e+02
1.3890449902359637e+02
1.2974826375280020e+02
1.2094156222672594e+02
1.1249633401540662e+02
1.0442150364308911e+02
9.6723118841695509e+01
8.9404508067100991e+01
8.2466453990305126e+01
7.5907379689090448e+01
6.9723544331042802e+01
6.3909245250803373e+01
5.8457023477537120e+01
5.3357869956841419e+01
4.8601429928458465e+01
4.4176203160904542e+01
4.0069738000261040e+01
3.6268817456867545e+01
3.2759635824810609e+01
2.9527964599625523e+01
2.6559306724724493e+01
2.3839038452492328e+01
2.1352538348099444e+01
1.9085303189842783e+01
1.7023050726827137e+01
1.5151809441249458e+01
1.3457995627245023e+01
1.1928478240544319e+01
1.0550632092943282e+01
9.3123800631265681e+00
8.2022250714328333e+00
7.2092726217812269e+00
6.3232447505412930e+00
5.5344862411898719e+00
4.8339639668938981e+00
4.2132602125156939e+00
3.6645608048450757e+00
3.1806388470094902e+00
2.7548348118544799e+00
2.3810337014010967e+00
2.0536399269578460e+00
1.7675505086475056e+00
1.5181271354209294e+00
1.3011675683306361e+00
1.1128768120342103e+00
9.4983842313139122e-01
8.0898626979156496e-01
6.8757700583449999e-01
5.8316347446698102e-01
4.9356921260412973e-01
4.1686418634549621e-01
3.5134185184702027e-01
2.9549760355887439e-01
2.4800864352265373e-01
2.0771528101521056e-01
1.7360365110965387e-01
1.4478982346899916e-01
1.2050525864626177e-01
1.0008355805317656e-01
8.2948445299023163e-02
6.8602910493050243e-02
5.6619445068273981e-02
4.6631292435255906e-02
3.8324639052838408e-02
3.1431671052992105e-02
2.5724423152080508e-02
2.1009349010316918e-02
1.7122545273893633e-02
1.3925565084716863e-02
1.1301760722722544e-02
9.1530991304273352e-03
7.3973982494878630e-03
5.9659362890912672e-03
4.8013901683850672e-03
3.8560633769272432e-03
3.0903673319112985e-03
2.4715239426618542e-03
1.9724605070215481e-03
1.5708712364079205e-03
1.2484226384647302e-03
9.9008267243288735e-04
7.8355603722018823e-04
6.1881016495400295e-04
4.8767848221148891e-04
3.8352927984523571e-04
3.0099011507050792e-04
2.3571906933377804e-04
1.8421541939556287e-04
1.4366335929591952e-04
1.1180335397913362e-04
8.6826525764850193e-05
6.7288181580309298e-05
5.2037202027325794e-05
4.0158534781345174e-05
3.0926484656889398e-05
2.3766872324948430e-05
1.8226458255874411e-05
1.3948301106813139e-05
1.0651950032494461e-05
8.1175636569445699e-06
6.1732101906924176e-06
4.6847368402588431e-06
3.5477100123642621e-06
2.6810185065879034e-06
2.0218096691998402e-06
1.5214914903025902e-06
1.1425824520360410e-06
8.5623766171146192e-07
6.4030943520546400e-07
4.7783094413472622e-07
3.5583398151140352e-07
2.6442915413620655e-07
1.9609209354198147e-07
1.4511076268344295e-07
1.0715880845483503e-07
7.8966880756095619e-08
5.8069884944845181e-08
4.2613332469570508e-08
3.1205390196986306e-08
2.2803522833630292e-08
1.6628885693182068e-08
1.2100781650001212e-08
8.7872428468630334e-09
6.3676409668924939e-09
4.6046396900848026e-09
3.3227706147344771e-09
2.3927585422719479e-09
1.7194280660107614e-09
1.2329757622179601e-09
8.8229618477540496e-10
6.3002249480083860e-10
4.4894547317488816e-10
3.1923549946444304e-10
2.2651432169145509e-10
1.6040555698119835e-10
1.1334029080282273e-10
7.9919497658644444e-11
5.6234431289636220e-11
3.9475715442473790e-11
2.7641110679556172e-11
1.9332090359047895e-11
1.3471689448657876e-11
9.3735741996725633e-12
6.5026870642812082e-12
4.4949352319405271e-12
3.1061817167960192e-12
2.1433884882499969e-12
1.4563910253339709e-12
9.7280970923135220e-13
6.3418365606922521e-13
4.4849102703121447e-13
2.9035170289765265e-13
1.7828966426833388e-13
9.9180596789289105e-14
3.7710384077808625e-14
-2.5296935250317256e-14
-6.4006875537217404e-14
-1.0374257533490635e-13
-8.2611018289520391e-14
-1.0096735022618342e-13
-1.0195805865404428e-13
-8.6764317960895313e-14
-1.0420812557659022e-13
-8.8491886680410654e-14
-9.3936965357406281e-14
-8.4378935002250145e-14
-6.5974359388900537e-14
-5.9798030954406202e-14
-4.6448795950481853e-14
-4.5283314996978284e-14
-4.5223538040653312e-14
-3.4148044288109809e-14
-2.4201786449242128e-14
-4.8338721588687244e-14
-3.7302357508464608e-14
-4.3825751533107336e-14
-4.5954477004509108e-14
-3.7150421874384621e-14
-1.7458553161265668e-14
-2.3972400281809348e-14
-3.9173200229787688e-14
-3.4772136870769860e-14
-3.9063926319170200e-14
-2.6006012148569888e-14
-2.1641072592928997e-14
-3.4576590783282660e-14
-4.3159134550586220e-14
-5.6026534840318202e-14
-5.1642407279473284e-14
-7.7351670663213913e-14
-7.7239383296966711e-14
-5.1417833868545868e-14
-6.8456689037380296e-14
-5.1266972253217031e-14
-5.9723068560640896e-14
-6.8153608293898712e-14
-8.5064978964261053e-14
-7.6443819651778439e-14
-6.7847846303219381e-14
-5.0809003598696956e-14
-6.7642539189507986e-14
-6.7539451271671591e-14
-8.4295095219725919e-14
-8.4165519628069269e-14
-8.4035589568987139e-14
-1.0068636876044987e-13
-1.0052961010030892e-13
-6.6914956146712748e-14
-1.0021484384143749e-13
-8.3380701408368918e-14
-6.6598953663571499e-14
-8.3116344158849505e-14
-9.9580391912755375e-14
-8.2850641668584457e-14
-1.3234766667110067e-13
-1.3213377955113359e-13
-1.3191936897769855e-13
-1.6463054827882263e-13
-1.6436124020471087e-13
-1.6409129160072105e-13
-1.3105656565831549e-13
-1.3083959298580017e-13
-1.3062211895572537e-13
-1.6300518408070106e-13
-1.6273210201555996e-13
-1.2996672570309630e-13
-1.6218410405459987e-13
-1.6190919743091766e-13
-1.2930695352005206e-13
-9.6814555264935956e-14
-1.6108090270540079e-13
-1.6080362834527130e-13
-1.2842061894806248e-13
-1.2819787470839085e-13
-1.2797467368837524e-13
-9.5813264716293758e-14
-9.5645187183437313e-14
-9.5476775471567437e-14
-1.1119270445057933e-13
-9.5138960734488784e-14
-9.4969563325040134e-14
-9.4799842967945067e-14
-9.4629802474648198e-14
-6.2972963105254907e-14
-6.2859181554394719e-14
-4.7058894155428690e-14
-7.8288746176514669e-14
-6.2516597634396824e-14
-9.3602994248220250e-14
-9.3430791620553836e-14
-7.7715242823510813e-14
-6.2056997580996467e-14
-9.2912409391300600e-14
-6.9554274951796065e-14
-8.4851589924439965e-14
-6.1594283257576715e-14
-5.3793365657930768e-14
