-7.4635458343108765e-02
-8.6704860049972202e-02
-9.9857013109083917e-02
-1.1429481684944476e-01
-1.3012923739413815e-01
-1.4752235072596587e-01
-1.6661733686604160e-01
-1.8758993541608049e-01
-2.1061255215667293e-01
-2.3586709937621864e-01
-2.6353830738629558e-01
-2.9383492310820009e-01
-3.2696958871760790e-01
-3.6315951434330634e-01
-4.0262669304152682e-01
-4.4561321873087834e-01
-4.9236567660623037e-01
-5.4313865184095478e-01
-5.9819456819127237e-01
-6.5780048840374394e-01
-7.2223195193046430e-01
-7.9177555443703174e-01
-8.6671723649320154e-01
-9.4734890766572477e-01
-1.0339557986206667e+00
-1.1268227476429182e+00
-1.2262383415888121e+00
-1.3324846783276738e+00
-1.4458309189599843e+00
-1.5665370408872812e+00
-1.6948526345766961e+00
-1.8310134629670538e+00
-1.9752350666324612e+00
-2.1277143508998790e+00
-2.2886299226446543e+00
-2.4581365066104244e+00
-2.6363517734701749e+00
-2.8233657531791030e+00
-3.0192381084535813e+00
-3.2239896603211400e+00
-3.4376009522468554e+00
-3.6600027821910741e+00
-3.8910751022587791e+00
-4.1306506289033793e+00
-4.3785083633046034e+00
-4.6343799967608623e+00
-4.8979398247244212e+00
-5.1687967001828827e+00
-5.4465036369438540e+00
-5.7305618778435639e+00
-6.0204110848443397e+00
-6.3154237225736756e+00
-6.6149134110622949e+00
-6.9181430599824765e+00
-7.2243139638109009e+00
-7.5325646211982002e+00
-7.8419800693980255e+00
-8.1516014974380635e+00
-8.4604236924303180e+00
-8.7674048805102576e+00
-9.0714682568810954e+00
-9.3714984965749242e+00
-9.6663513436548154e+00
-9.9548575204315881e+00
-1.0235826474433075e+01
-1.0508064003302369e+01
-1.0770381595299082e+01
-1.1021596660055907e+01
-1.1260534305128919e+01
-1.1486044375197595e+01
-1.1697009249805246e+01
-1.1892348018265583e+01
-1.2071019387644119e+01
-1.2232037005007884e+01
-1.2374480899199032e+01
-1.2497494377245539e+01
-1.2600288838750011e+01
-1.2682158706446192e+01
-1.2742490811098703e+01
-1.2780768677194747e+01
-1.2796580163033624e+01
-1.2789618056157208e+01
-1.2759676094263037e+01
-1.2706651232196990e+01
-1.2630549462558715e+01
-1.2531487902159268e+01
-1.2409697821598041e+01
-1.2265527685104141e+01
-1.2099432779572805e+01
-1.1911969221956141e+01
-1.1703803504010704e+01
-1.1475709800601670e+01
-1.1228554251220121e+01
-1.0963288745888800e+01
-1.0680952740812275e+01
-1.0382667017508968e+01
-1.0069624222603268e+01
-9.7430853861652214e+00
-9.4043650027770322e+00
-9.0548159127461432e+00
-8.6958296129953077e+00
-8.3288191596047429e+00
-7.9552126686040472e+00
-7.5764530884024399e+00
-7.1939853280606183e+00
-6.8092464915209021e+00
-6.4236565616815851e+00
-6.0386043915208925e+00
-5.6554382292886407e+00
-5.2754674666547796e+00
-4.8999561679550006e+00
-4.5301054595227006e+00
-4.1670481016546885e+00
-3.8118514176858818e+00
-3.4655087101409197e+00
-3.1289351159129453e+00
-2.8029653418835916e+00
-2.4883439434424282e+00
-2.1857260638218121e+00
-1.8956825909788806e+00
-1.6187017934585184e+00
-1.3551917523764638e+00
-1.1054747232306958e+00
-8.6978835640242924e-01
-6.4828371600860724e-01
-4.4102630527466791e-01
-2.4801030005945629e-01
-6.9162001281330890e-02
9.5670022704520727e-02
2.4670598925519305e-01
3.8422070009143550e-01
5.0853746858246229e-01
6.2003749528501817e-01
7.1915077227605217e-01
8.0634050037380778e-01
8.8210222501291313e-01
9.4696291002527799e-01
1.0014745127133473e+00
1.0462135390128102e+00
1.0817713984412174e+00
1.1087458714441334e+00
1.1277323220785509e+00
1.1393197629503056e+00
1.1440953312095976e+00
1.1426394933697110e+00
1.1355227754973338e+00
1.1233046684819463e+00
1.1065227150269887e+00
1.0856930530988467e+00
1.0613182667928305e+00
1.0338812222168841e+00
1.0038348591898953e+00
9.7160516919515527e-01
9.3759563433855275e-01
9.0218474471736698e-01
8.6572599957417196e-01
8.2854993562000290e-01
7.9095404840542172e-01
7.5320418822432844e-01
7.1554238471253395e-01
6.7817896915212195e-01
6.4130238447830723e-01
6.0508385342791160e-01
5.6967344887700355e-01
5.3520241595250440e-01
5.0178179317074034e-01
4.6949738750353925e-01
4.3841485119496371e-01
4.0859122922958102e-01
3.8007146532153652e-01
3.5287846358398411e-01
3.2702150578975719e-01
3.0250507673978910e-01
2.7932427661829745e-01
2.5746368700207434e-01
2.3689909474703547e-01
2.1759558464114184e-01
1.9951087489107652e-01
1.8260427583401900e-01
1.6683740841940153e-01
1.5217155383589653e-01
1.3856792901064538e-01
1.2598370228315764e-01
1.1436674066345699e-01
1.0366088858062084e-01
9.3816553529356098e-02
8.4785442043212034e-02
7.6514598289677424e-02
6.8952043845483466e-02
6.2050763249179207e-02
5.5767758946835437e-02
5.0055749577339118e-02
4.4869793227089033e-02
4.0173708914241650e-02
3.5935225720484416e-02
3.2116356324490454e-02
2.8678648212500650e-02
2.5585253224110219e-02
2.2797297980068514e-02
2.0283912836439249e-02
1.8021303782009401e-02
1.5988345984896131e-02
1.4170047712189850e-02
1.2550643478179030e-02
1.1107855559109486e-02
9.8189473301637398e-03
8.6708856735920187e-03
7.6524627285658835e-03
6.7463511550388934e-03
5.9367261119687969e-03
5.2163075866682078e-03
4.5807894333617571e-03
4.0176231588521837e-03
3.5156455272156431e-03
3.0701117070138203e-03
2.6745883108328611e-03
2.3239744254076886e-03
2.0104738086334194e-03
1.7216479479995103e-03
1.4490303535000762e-03
1.1848730264598533e-03
9.2768977939114493e-04
6.7882627901522520e-04
4.3190896355794047e-04
1.8241288244756203e-04
-6.9473838152182401e-05
-3.2329132325977720e-04
-5.8172310616556964e-04
-8.4833754715874757e-04
-1.1253214727213441e-03
-1.4155325300673383e-03
-1.7276109912026480e-03
-2.0722757623441728e-03
-2.4535859483769099e-03
-2.8770145031723525e-03
-3.3553632858459061e-03
-3.8983881652077477e-03
-4.5203418934238702e-03
-5.2314187146188613e-03
-6.0416447989497229e-03
-6.9670803393485792e-03
-8.0269889830099708e-03
-9.2452608600625975e-03
-1.0653367465044061e-02
-1.2277364881667889e-02
-1.4154620519826277e-02
-1.6334735820523187e-02
-1.8881121984469534e-02
-2.1853170877752879e-02
-2.5330046694384725e-02
-2.9405668355407904e-02
-3.4204407816285899e-02
-3.9848468928554849e-02
-4.6516041110131273e-02
-5.4372187183711715e-02
-6.3729192581689187e-02
