5.3812012592758682e-02
6.3910873550980962e-02
7.5337623384109584e-02
8.8294007867714644e-02
1.0300740260749908e-01
1.1973165241503145e-01
1.3874638511109552e-01
1.6036300086507757e-01
1.8492587297340132e-01
2.1281740982624009e-01
2.4446053104468227e-01
2.8032354219471411e-01
3.2092346608691552e-01
3.6683103895576197e-01
4.1867471588801775e-01
4.7714591777863463e-01
5.4300360440396656e-01
6.1707981214298246e-01
7.0028470290342615e-01
7.9361237317425048e-01
8.9814627522835244e-01
1.0150652282466617e+00
1.1456490819917411e+00
1.2912848129228214e+00
1.4534722650957479e+00
1.6338301655910157e+00
1.8341017357276996e+00
2.0561604102034310e+00
2.3020150661630208e+00
2.5738151799433591e+00
2.8738553744888042e+00
3.2045796981653050e+00
3.5685851451385910e+00
3.9686246947626951e+00
4.4076094179143102e+00
4.8886098759746863e+00
5.4148563922247908e+00
5.9897383799109463e+00
6.6168023354624781e+00
7.2997486493745036e+00
8.0424268712083169e+00
8.8488295589866048e+00
9.7230843786600349e+00
1.0669444571229320e+01
1.1692277485329916e+01
1.2796051289817045e+01
1.3985319600495112e+01
1.5264704142167748e+01
1.6638875221602085e+01
1.8112530148758555e+01
1.9690369428909371e+01
2.1377070888263749e+01
2.3177261608307802e+01
2.5095487865010686e+01
2.7136183005686590e+01
2.9303633500188550e+01
3.1601943160685753e+01
3.4034995812457723e+01
3.6606416473621287e+01
3.9319531374971739e+01
4.2177326941514693e+01
4.5182408115917170e+01
4.8336956206448598e+01
5.1642686685925042e+01
5.5100807179539565e+01
5.8711976108305592e+01
6.2476262272408221e+01
6.6393105871931212e+01
7.0461281283524002e+01
7.4678862108443113e+01
7.9043188829602144e+01
8.3550839595268030e+01
8.8197604468253914e+01
9.2978463642231915e+01
9.7887569945358891e+01
1.0291823609690040e+02
1.0806292699733109e+02
1.1331325746097492e+02
1.1865999561072769e+02
1.2409307226695240e+02
1.2960159646891594e+02
1.3517387736506757e+02
1.4079745251130521e+02
1.4645912270168199e+02
1.5214499325682789e+02
1.5784052177056276e+02
1.6353057211596996e+02
1.6919947458027968e+02
1.7483109180114559e+02
1.8040889024119429e+02
1.8591601674621279e+02
1.9133537979639283e+02
1.9664973487677062e+02
2.0184177346038149e+02
2.0689421492556630e+02
2.1178990080298072e+02
2.1651189058972076e+02
2.2104355845186862e+02
2.2536868999490289e+02
2.2947157837758559e+02
2.3333711892108684e+02
2.3695090147535646e+02
2.4029929969989055e+02
2.4336955654133811e+02
2.4614986510466105e+02
2.4862944425496337e+02
2.5079860821973330e+02
2.5264882961588003e+02
2.5417279527526642e+02
2.5536445440954137e+02
2.5621905861858414e+02
2.5673319342386930e+02
2.5690480098253232e+02
2.5673319382158297e+02
2.5621905941337423e+02
2.5536445560007931e+02
2.5417279685966290e+02
2.5264883159152274e+02
2.5079861058354786e+02
2.4862944700314179e+02
2.4614986823305350e+02
2.4336956004507027e+02
2.4029930357388741e+02
2.3695090571384534e+02
2.3333712351825477e+02
2.2947158332696415e+02
2.2536869529016138e+02
2.2104356408607595e+02
2.1651189655627743e+02
2.1178990709475266e+02
2.0689422153595885e+02
2.0184178038233895e+02
1.9664974210399689e+02
1.9133538732220973e+02
1.8591602456493320e+02
1.8040889834683202e+02
1.7483110018894703e+02
1.6919948324527741e+02
1.6353058105468111e+02
1.5784053097937729e+02
1.5214500273388356e+02
1.4645913244507778e+02
1.4079746252116399e+02
1.3517388764156456e+02
1.2960160701454305e+02
1.2409308308434991e+02
1.1866000670516635e+02
1.1331326883797887e+02
1.0806293866539575e+02
1.0291824806489382e+02
9.7887582225497269e+01
9.2978476247244757e+01
8.8197617414642124e+01
8.3550852900217791e+01
7.9043202514554281e+01
7.4678876195739591e+01
7.0461295800322034e+01
6.6393120846563875e+01
6.2476277738683386e+01
5.8711992101561421e+01
5.5100823741374050e+01
5.1642703859925341e+01
4.8336974043405853e+01
4.5182426669207857e+01
4.2177346272864305e+01
3.9319551549465203e+01
3.6606437566092040e+01
3.4035017902103483e+01
3.1601966338173739e+01
2.9303657861853114e+01
2.7136208661460302e+01
2.5095514932180929e+01
2.3177290220407183e+01
2.1377101188365117e+01
1.9690401579638237e+01
1.8112564325110846e+01
1.6638911622278520e+01
1.5264742981906563e+01
1.3985361122976672e+01
1.2796095759515213e+01
1.1692325202297647e+01
1.0669495862490692e+01
9.7231396152680905e+00
8.8488891470050319e+00
8.0424912715380543e+00
7.2998183684130877e+00
6.6168779483351976e+00
5.9898205209515911e+00
5.4149457824311567e+00
4.8887073135339350e+00
4.4077158109483845e+00
3.9687410522338387e+00
3.5687126162799965e+00
3.2047195642590895e+00
2.8740090968248388e+00
2.5739843931811244e+00
2.3022016372705547e+00
2.0563664344183450e+00
1.8343296097658477e+00
1.6340825876413934e+00
1.4537523267490153e+00
1.2915960052080688e+00
1.1459954120999043e+00
1.0154512343925224e+00
8.9857717654226343e-01
7.9409409720308755e-01
7.0082408033821075e-01
6.1768462210158459e-01
5.4368283046094090e-01
4.7790981779140507e-01
4.1953516293757281e-01
3.6780162421154228e-01
3.2201995921648391e-01
2.8156403695851823e-01
2.4586607725861864e-01
2.1441221001801816e-01
1.8673816792102568e-01
1.6242531564686508e-01
1.4109680677381745e-01
1.2241408575040844e-01
1.0607350217768849e-01
9.1803273301584554e-02
7.9360535750403610e-02
6.8528745731569904e-02
5.9115139318618677e-02
5.0948540927242103e-02
4.3877197839604851e-02
3.7766964407397532e-02
3.2499474150634908e-02
2.7970667077194040e-02
2.4089262953987778e-02
2.0775601862621642e-02
1.7960384786994476e-02
1.5583802975641195e-02
1.3594516662204398e-02
1.1949057210904260e-02
1.0611021649436357e-02
9.5507436286307364e-03
8.7446908484098210e-03
8.1754179555337259e-03
7.8311665815252295e-03
7.7061379506646998e-03
7.8003121980352872e-03
8.1201151068147279e-03
8.6784959061128684e-03
9.4961192096236109e-03
1.0601769173259798e-02
1.2034289687892155e-02
1.3843413890080180e-02
1.6092835655734467e-02
1.8861575401704397e-02
2.2248875711861349e-02
2.6376117281826775e-02
3.1394886381027970e-02
3.7489607498395063e-02
4.4881775918126823e-02
