5.3811840583852216e-02
6.3910670130885527e-02
7.5337384871729113e-02
8.8293730059692030e-02
1.0300708072031017e-01
1.1973128102775556e-01
1.3874595811450130e-01
1.6036251139614688e-01
1.8492531335112422e-01
2.1281677147695097e-01
2.4445980442598750e-01
2.8032271671050124e-01
3.2092252999978987e-01
3.6682997929186534e-01
4.1867351833845029e-01
4.7714456659424803e-01
5.4300208228692914e-01
6.1707810013238018e-01
7.0028278025805124e-01
7.9361021725072289e-01
8.9814386135722302e-01
1.0150625296055411e+00
1.1456460694772130e+00
1.2912814550214875e+00
1.4534685277561445e+00
1.6338260120966930e+00
1.8340971265736765e+00
2.0561553029762805e+00
2.3020094154276189e+00
2.5738089371366590e+00
2.8738484878232553e+00
3.2045721125433486e+00
3.5685768020808259e+00
3.9686155323513743e+00
4.4075993707547969e+00
4.8885988751768172e+00
5.4148443654070775e+00
5.9897252512293893e+00
6.6167880256672618e+00
7.2997330758960475e+00
8.0424099482762337e+00
8.8488111977827604e+00
9.7230644875091201e+00
1.0669423055827918e+01
1.1692254249017179e+01
1.2796026233887670e+01
1.3985292624557019e+01
1.5264675144544888e+01
1.6638844099783938e+01
1.8112496799896334e+01
1.9690333750359478e+01
2.1377032778177483e+01
2.3177220966267530e+01
2.5095444592709825e+01
2.7136137007652643e+01
2.9303584684545910e+01
3.1601891439955988e+01
3.4034941104392679e+01
3.6606358702065847e+01
3.9319470470749998e+01
4.2177262843335640e+01
4.5182340771292218e+01
4.8336885572615209e+01
5.1642612730768739e+01
5.5100729882507039e+01
5.8711895461300088e+01
6.2476178280659425e+01
6.6393018554829808e+01
7.0461190675412496e+01
7.4678768259353291e+01
7.9043091805929677e+01
8.3550739480375015e+01
8.8197501362990295e+01
9.2978357665366232e+01
9.7887461233910543e+01
1.0291812480636412e+02
1.0806281330178777e+02
1.1331314155307994e+02
1.1865987770157196e+02
1.2409295258579078e+02
1.2960147526275878e+02
1.3517375489813207e+02
1.4079732906432528e+02
1.4645899857107574e+02
1.5214486875372381e+02
1.5784039721968662e+02
1.6353044785439576e+02
1.6919935095604995e+02
1.7483096917176789e+02
1.8040876897202077e+02
1.8591589720871298e+02
1.9133526236632966e+02
1.9664961993229187e+02
2.0184166138003957e+02
2.0689410608627981e+02
2.1178979557795387e+02
2.1651178934633546e+02
2.2104346154956625e+02
2.2536859778307215e+02
2.2947149119347424e+02
2.3333703708775454e+02
2.3695082529968553e+02
2.4029922947067234e+02
2.4336949252745123e+02
2.4614980755335827e+02
2.4862939339028117e+02
2.5079856424103957e+02
2.5264879269657246e+02
2.5417276556163375e+02
2.5536443201979765e+02
2.5621904364208535e+02
2.5673318592051925e+02
2.5690480098238339e+02
2.5673320132463579e+02
2.5621907438957749e+02
2.5536447798953043e+02
2.5417282657300706e+02
2.5264886851054706e+02
2.5079865456196470e+02
2.4862949786755439e+02
2.4614992578409510e+02
2.4336962405870531e+02
2.4029937380286430e+02
2.3695098188928611e+02
2.3333720535136891e+02
2.2947167051087010e+02
2.2536878750180028e+02
2.2104366098820057e+02
2.1651199779949945e+02
2.1179001231963119e+02
2.0689433037511236e+02
2.0184189246256355e+02
1.9664985704837420e+02
1.9133550475218766e+02
1.8591614410236403e+02
1.8040901961595270e+02
1.7483122281828798e+02
1.6919960686948647e+02
1.6353070531625056e+02
1.5784065553026429e+02
1.5214512723701390e+02
1.4645925657572536e+02
1.4079758596819988e+02
1.3517401010857006e+02
1.2960172822078385e+02
1.2409320276560834e+02
1.1866012461443164e+02
1.1331338474599553e+02
1.0806305236107228e+02
1.0291835935557435e+02
9.7887690937100501e+01
9.2978582224275186e+01
8.8197720520079898e+01
8.3550953015293857e+01
7.9043299538418310e+01
7.4678970045028890e+01
7.0461386408640479e+01
6.6393208163879308e+01
6.2476361730652911e+01
5.8712072748793986e+01
5.5100901038639670e+01
5.1642777815320464e+01
4.8337044677483554e+01
4.5182494014082422e+01
4.2177410371298258e+01
3.9319612453947123e+01
3.6606495337912939e+01
3.4035072610439151e+01
3.1602018059179617e+01
2.9303706677777495e+01
2.7136254659782018e+01
2.5095558204775866e+01
2.3177330862748295e+01
2.1377139298759509e+01
1.9690437258504236e+01
1.8112597674297792e+01
1.6638942744430906e+01
1.5264771979874089e+01
1.3985388099270958e+01
1.2796120815813456e+01
1.1692348438993331e+01
1.0669517378290617e+01
9.7231595068348327e+00
8.8489075086437285e+00
8.0425081949262136e+00
7.2998339423710918e+00
6.6168922586361267e+00
5.9898336501677516e+00
5.4149578098155589e+00
4.8887183149340627e+00
4.4077258587496759e+00
3.9687502153307355e+00
3.5687209600720142e+00
3.2047271506693962e+00
2.8740159843388580e+00
2.5739906369031567e+00
2.3022072889957510e+00
2.0563715427183076e+00
1.8343342200852146e+00
1.6340867424042096e+00
1.4537560654723951e+00
1.2915993646220751e+00
1.1459984262713121e+00
1.0154539348520024e+00
8.9857959241286911e-01
7.9409625532952732e-01
7.0082600541514750e-01
6.1768633680087426e-01
5.4368435555658401e-01
4.7791117228131191e-01
4.1953636416216078e-01
3.6780268796810617e-01
3.2202089986930060e-01
2.8156486754477456e-01
2.4586680958854509e-01
2.1441285477073360e-01
1.8673873473511512e-01
1.6242581320587629e-01
1.4109724288642270e-01
1.2241446742554436e-01
1.0607383569491631e-01
9.1803564276657465e-02
7.9360789195674894e-02
6.8528966112319512e-02
5.9115330604732876e-02
5.0948706640927585e-02
4.3877341098911886e-02
3.7767087966134108e-02
3.2499580434559722e-02
2.7970758216942677e-02
2.4089340814577531e-02
2.0775668070059906e-02
1.7960440752104914e-02
1.5583849914953176e-02
1.3594555616246446e-02
1.1949089060015699e-02
1.0611047127423577e-02
9.5507633337456564e-03
8.7447052521750276e-03
8.1754274088213542e-03
7.8311713189655255e-03
7.7061380916318527e-03
7.8003077460643026e-03
8.1201059445380145e-03
8.6784817886731945e-03
9.4960997528752925e-03
1.0601743839092886e-02
1.2034257762908155e-02
1.3843374460802402e-02
1.6092787573770941e-02
1.8861517244534422e-02
2.2248805728300430e-02
2.6376033332461985e-02
3.1394785853839730e-02
3.7489487218292233e-02
4.4881632045654797e-02
