5.8000229147385388e-13
6.8452119519583868e-13
6.9840871336614788e-13
4.5930698106469777e-13
-3.8401216649995755e-13
-1.4767236944192841e-12
5.3923272421237116e-13
1.8426741005572411e-13
-1.7235848789898358e-12
-4.6319092528709993e-13
1.4177898427102818e-13
2.3593838723477056e-13
-2.4886715665624807e-13
-7.7776349747334139e-13
5.4335951974347899e-14
4.8769132774804302e-14
-1.8805990041592831e-12
-1.1325901007712762e-12
-1.0521147075319556e-12
-3.8853751754237746e-13
-7.6946383262991419e-13
-1.9958036807818820e-12
-1.8687793856834444e-12
-1.9917889256508483e-12
-3.2923235946335158e-12
-2.6820821036348023e-12
-2.4107401686450565e-12
-3.9334104494687470e-12
-4.5681788961431183e-12
-6.1212356088707436e-12
-8.8514843103350153e-12
-8.6493126086928293e-12
-9.6863111987931007e-12
-8.2898172876744587e-12
-5.4377974571113883e-12
-2.2976480083411342e-13
1.1572578767973871e-11
3.5738470457747540e-11
7.4305401956702751e-11
1.3806219827789192e-10
2.3776966145289568e-10
4.0086225812565085e-10
6.4752330491780926e-10
1.0212003087461998e-09
1.5867661897565606e-09
2.4285049003706794e-09
3.6632303435603370e-09
5.4692368566466752e-09
8.0834879418077053e-09
1.1847277691636126e-08
1.7226195291493499e-08
2.4867581176924523e-08
3.5654483920566969e-08
5.0809094281503564e-08
7.1979596839600846e-08
1.0139909975076320e-07
1.4208973966058858e-07
1.9809797902547529e-07
2.7483832460372813e-07
3.7950788663209944e-07
5.2163574312803302e-07
7.1379586625308221e-07
9.7248919502717778e-07
1.3192860097162324e-06
1.7822550770242474e-06
2.3977652368861555e-06
3.2127231815044516e-06
4.2873657129555039e-06
5.6986841999538321e-06
7.5446549440552316e-06
9.9493420619667227e-06
1.3069137934462275e-05
1.7100202212041334e-05
2.2287359410063877e-05
2.8934593374321945e-05
3.7417364768631930e-05
4.8196847494048664e-05
6.1836274960741644e-05
7.9019385373997196e-05
1.0057095285765351e-04
1.2747921113738650e-04
1.6091975320564798e-04
2.0228018463932951e-04
2.5318456555368385e-04
3.1551593567235675e-04
3.9143484866299450e-04
4.8339080064283663e-04
5.9412259913161486e-04
7.2664224962150099e-04
8.8419560477887330e-04
1.0701909266931831e-03
1.2880843382080960e-03
1.5412083737979922e-03
1.8325266940061634e-03
2.1642941530854698e-03
2.5375972157355431e-03
2.9517446209492010e-03
3.4034726354169307e-03
3.8859228534938155e-03
4.3873435994860660e-03
4.8894581692002165e-03
5.3654350957353077e-03
5.7773866822072540e-03
6.0733130740561869e-03
6.1833997280940477e-03
6.0155670620056561e-03
5.4501622159457142e-03
4.3336748650324060e-03
2.4713524391735756e-03
-3.8141479044144288e-04
-4.5290705414479061e-03
-1.0347362094783813e-02
-1.8296428393483291e-02
-2.8935622424863919e-02
-4.2940167647474679e-02
-6.1119725401423179e-02
-8.4438919411936875e-02
-1.1403982371717472e-01
-1.5126637096091877e-01
-1.9769057764358008e-01
-2.5514041162895668e-01
-3.2572904383351248e-01
-4.1188513127810678e-01
-5.1638367173850308e-01
-6.4237685288088398e-01
-7.9342419115110840e-01
-9.7352112023156756e-01
-1.1871250474719086e+00
-1.4391777526729688e+00
-1.7351228602796940e+00
-2.0809169782818460e+00
-2.4830329697487059e+00
-2.9484537116236886e+00
-3.4846546070274016e+00
-4.0995730581975813e+00
-4.8015630847611597e+00
-5.5993332937665494e+00
-6.5018664807790580e+00
-7.5183192727110262e+00
-8.6579004188246422e+00
-9.9297266024322450e+00
-1.1342654985942593e+01
-1.2905092118790302e+01
-1.4624779332056786e+01
-1.6508555313266193e+01
-1.8562097195804160e+01
-2.0789642202335312e+01
-2.3193692640212419e+01
-2.5774707845834893e+01
-2.8530787497596183e+01
-3.1457351543770400e+01
-3.4546822799950903e+01
-3.7788319035440239e+01
-4.1167362062156158e+01
-4.4665611934865389e+01
-4.8260634838602705e+01
-5.1925713549333814e+01
-5.5629709479186211e+01
-5.9336985232947086e+01
-6.3007396285370483e+01
-6.6596359821637108e+01
-7.0055007953845120e+01
-7.3330431428691426e+01
-7.6366018577221752e+01
-7.9101892636307966e+01
-8.1475448711410877e+01
-8.3421989578419954e+01
-8.4875457274547045e+01
-8.5769255049031685e+01
-8.6037151785557384e+01
-8.5614258529428014e+01
-8.4438064317817336e+01
-8.2449516190016354e+01
-7.9594126116949596e+01
-7.5823085706833950e+01
-7.1094367984900643e+01
-6.5373794374600138e+01
-5.8636044282740869e+01
-5.0865584460466565e+01
-4.2057495612916760e+01
-3.2218174587401187e+01
-2.1365891892627928e+01
-9.5311862838869850e+00
3.2429193309665920e+00
1.6900893391453632e+01
3.1374871855049118e+01
4.6585040467760727e+01
6.2440224439424014e+01
7.8838682509900607e+01
9.5669097985200338e+01
1.1281175493746231e+02
1.3013988351443828e+02
1.4752115430643593e+02
1.6481929808168601e+02
1.8189582402815287e+02
1.9861180702267529e+02
2.1482971246607170e+02
2.3041522593764631e+02
2.4523905437794332e+02
2.5917866572861539e+02
2.7211993494502019e+02
2.8395866603191996e+02
2.9460196219547072e+02
3.0396941929553662e+02
3.1199412144357746e+02
3.1862342172846445e+02
3.2381949555959477e+02
3.2755965887619089e+02
3.2983644836174267e+02
3.3065746569766912e+02
3.3004499266718409e+02
3.2803538845999657e+02
3.2467828472149512e+02
3.2003559763750360e+02
3.1418037956410700e+02
3.0719553533383254e+02
2.9917243034557902e+02
2.9020941884588456e+02
2.8041032142302441e+02
2.6988288067140348e+02
2.5873722326845132e+02
2.4708435538357037e+02
2.3503471646655544e+02
2.2269681411243135e+02
2.1017595995137012e+02
1.9757312345397872e+02
1.8498391726539941e+02
1.7249772427942307e+02
1.6019697322745361e+02
1.4815656617340974e+02
1.3644345805558132e+02
1.2511638537148832e+02
1.1422573832412539e+02
1.0381356828815821e+02
9.3913720351137471e+01
8.4552078964056136e+01
7.5746913411481302e+01
6.7509308886518070e+01
5.9843668421395392e+01
5.2748270761818091e+01
4.6215869456212531e+01
4.0234318924658531e+01
3.4787214038208042e+01
2.9854530733833805e+01
2.5413256367872567e+01
2.1437999825835757e+01
1.7901572813003490e+01
1.4775535205161827e+01
1.2030698801448734e+01
9.6375852552560950e+00
7.5668353322130297e+00
5.7895679297906320e+00
4.2776884688635270e+00
3.0041473176917775e+00
1.9431498215505143e+00
1.0703202808199064e+00
3.6282284468111664e-01
-2.0055723090777441e-01
-6.3936816750668368e-01
-9.7147808077255871e-01
-1.2130891199082392e+00
-1.3787752250801624e+00
-1.4815394931219086e+00
-1.5328873126553046e+00
-1.5429116620595087e+00
-1.5203872430691194e+00
-1.4728704358954527e+00
-1.4068023959882776e+00
-1.3276129568008515e+00
-1.2398233472480038e+00
-1.1471460684304553e+00
-1.0525805949355969e+00
-9.5850386584292824e-01
-8.6675480566457663e-01
-7.7871236278253553e-01
-6.9536677112174849e-01
-6.1738392917357399e-01
-5.4516294919444863e-01
-4.7888705994918218e-01
-4.1856814984056323e-01
-3.6408531612262823e-01
-3.1521784241783490e-01
-2.7167306342749764e-01
-2.3310959524975636e-01
-1.9915641472779810e-01
-1.6942826437415315e-01
-1.4353784276509168e-01
-1.2110521649235130e-01
-1.0176486049055430e-01
-8.5170700710243435e-02
-7.0999498167111305e-02
-5.8952877772793393e-02
-4.8758269814239356e-02
-4.0168997711147646e-02
-3.2963713069330443e-02
-2.6945348656331417e-02
-2.1939732092782556e-02
-1.7793977909532337e-02
-1.4374753184607941e-02
-1.1566492276509037e-02
-9.2696192569997338e-03
-7.3988219486332135e-03
-5.8814093779867181e-03
-4.6557742431739537e-03
-3.6699738249172061e-03
-2.8804361296400891e-03
-2.2507929786920043e-03
-1.7508378414806791e-03
-1.3556033545404705e-03
-1.0445515210233817e-03
-8.0086829877432444e-04
-6.1085354776297892e-04
-4.6339708447974324e-04
-3.4953165701327835e-04
-2.6205393002555558e-04
-1.9520509135058153e-04
-1.4440332273456477e-04
-1.0602096214717235e-04
-7.7199978591703267e-05
-5.5699997637983173e-05
-3.9773816531018784e-05
-2.8066003660862908e-05
-1.9530757144186995e-05
-1.3365679006189675e-05
-8.9587018118689527e-06
-5.8457922841655987e-06
-3.6773901223237149e-06
-2.1919513009321355e-06
-1.1952124321548779e-06
-5.4400119676407168e-07
-1.3369685241536537e-07
1.1142935586315369e-07
2.4561132581322434e-07
3.0723742881447139e-07
3.2309005531460879e-07
3.1154455760559490e-07
2.8495810565473623e-07
2.5141717529170950e-07
2.1602188583392388e-07
1.8183895847410991e-07
1.5054680051816096e-07
1.2292811364933986e-07
9.9201397333187133e-08
7.9236329915352611e-08
6.2709925211024670e-08
4.9225064945483024e-08
3.8352883736502088e-08
2.9676161769340312e-08
2.2812873951514203e-08
1.7432436131098711e-08
1.3244858863928986e-08
1.0007675541800135e-08
7.5261852509603842e-09
5.6299878171554844e-09
4.1912070451067584e-09
3.1079202214195510e-09
2.2924465005152458e-09
1.6809536941305257e-09
1.2304309299197882e-09
8.9654596289675659e-10
6.5021294031372659e-10
4.6981410049960232e-10
3.3693691487470895e-10
2.4192596521583766e-10
1.7170766409118523e-10
1.2339159063684395e-10
8.5417468504903123e-11
6.1432839426346057e-11
4.3412618647156308e-11
2.8663522814988376e-11
2.2398706030260517e-11
1.5085775017191692e-11
7.8678205262454858e-12
5.6804906216433283e-12
5.5131764260638299e-12
1.6798921951998688e-12
2.4592554686984666e-12
1.9891874042284476e-12
1.5031151787879593e-12
-1.1139348527824464e-12
1.7555905779198241e-12
1.5051933825003365e-13
8.9457431889850332e-13
-1.0365291286405240e-14
3.9498968428037399e-13
-1.0798781937833768e-12
2.5387726446027269e-12
-9.1880755619778665e-13
-1.9766976512812834e-13
-1.5616355565414892e-13
1.3133010196447734e-12
3.4852272193341702e-13
-3.9212883537709854e-14
6.1614866603168215e-13
8.6080202125352592e-13
-4.2583827968121350e-13
1.0333555231802459e-12
6.1784262908828143e-13
7.8101813623256520e-14
-6.8303257771032770e-13
-6.6564944952184193e-13
-1.7415038465580675e-12
5.3815692217323228e-13
-8.2446925248329888e-13
-9.3769251486021284e-14
9.1527545091361209e-14
1.6699870355072358e-12
-4.7240220144529410e-13
7.7457948571526183e-13
-5.3453807319662899e-13
-1.0886921615150692e-13
-2.6097650273184366e-13
2.6568285726786530e-13
4.0963682912208282e-13
8.6977687717796592e-13
3.0943009885721523e-13
-1.0102233714458820e-12
-8.7751861616915680e-13
-6.1132629141926326e-14
-2.3771430211565907e-12
-8.5234805105185888e-13
-6.1890682184434496e-13
4.6721882820214230e-14
-4.1435936892099758e-13
4.8583150735930153e-13
-2.6414749832703454e-13
-7.9419197695832001e-13
-3.5259054956080490e-14
1.6558787285786436e-13
3.6448370640041121e-13
1.6033183925086761e-12
-5.4126640669657789e-13
-2.0461174142817185e-13
1.3952630790128733e-12
4.1107442613541410e-13
3.7277282500424617e-13
1.0623282967654288e-12
4.2388193268694259e-13
1.7205815379172822e-14
-3.8139708543184880e-13
1.1880534696045294e-12
-1.2446527380256171e-12
2.1939649609987136e-13
1.1028643991222236e-12
-6.1096765329986916e-13
1.6262957308072852e-13
6.0558904071584769e-13
3.0749941450023507e-13
5.9472368931750647e-13
1.8063359929632631e-12
-3.9674033634405243e-13
1.2676315675560394e-13
8.3039321079297558e-13
2.9816042461460548e-13
5.5463360827922179e-14
-7.6323513598492471e-13
4.3041050553899002e-13
1.2154765947493162e-13
2.8202923473762214e-13
1.1215358373206021e-12
-1.9195633625702824e-12
2.1222580217223535e-13
-3.6997626770826505e-13
1.7957437088392795e-13
-1.6409411106721783e-12
-1.0368721805589254e-12
3.9073151323257906e-13
1.4311463251889168e-14
1.0515173527916187e-12
-4.2749867464117556e-13
-4.3735727863784613e-13
1.3705432405555785e-12
3.1048721170078124e-13
-1.6020543046465783e-12
4.8165378542770551e-13
4.5149471914178213e-13
1.2675396028445037e-12
-4.9774530869781746e-13
1.6049529704512985e-12
2.1736766189303144e-13
-6.4531432131934511e-14
-3.7016726538717297e-13
-1.2954702337560378e-12
-4.4591656652721976e-13
9.0126659911690393e-13
-1.0107607962353583e-12
-3.5621082045030274e-13
2.3252472430637821e-13
4.8821437943937959e-13
-9.3080066268537813e-13
7.2797649203964143e-14
-1.2225838664306593e-12
-4.0233345509289472e-13
1.0292265934818046e-12
-2.6956308634715820e-13
-5.7509482745503822e-13
2.6484813260110351e-13
1.4081316034315167e-12
-4.8142951277671072e-13
-1.9961545212319006e-13
-4.3426518097107910e-13
-6.3352457498494669e-13
-5.5351977659996402e-13
5.2954664892501062e-13
2.8732579702494858e-14
-3.5990324680555099e-15
1.5834635977239704e-12
-2.1324844902755477e-13
-3.8891422643264170e-13
2.2830936953594240e-13
1.8136744043958329e-12
1.1200463576264842e-13
