1.3298383095206567e-14
2.4051322945514217e-14
3.0123347121702563e-14
2.2395221346332597e-14
3.8552497641731400e-14
3.7969480059501426e-15
3.1295906966286888e-14
3.1838199500069955e-14
2.1120065611606343e-14
3.0347449977328639e-14
2.3198102081216947e-14
2.0590555333493698e-14
4.7613522354317452e-14
2.6981618336133810e-14
3.7097695282533486e-14
2.7858432160500036e-14
2.0298044036048155e-14
1.5367896346868074e-14
4.4160324389043880e-14
3.4444381929191671e-14
4.8756430310983570e-14
3.2103800150073631e-14
3.7852196831980118e-14
3.3524210059857299e-14
3.1119196112812894e-14
3.9109465129742235e-14
4.6632054572326389e-14
6.2638474863007111e-14
6.3733926443295220e-14
4.6490382538805598e-14
6.9289573310250583e-14
5.9397439122324109e-14
5.4325210878140975e-14
6.1587075286865250e-14
5.9599687096295360e-14
5.2434187718162870e-14
5.9007736296422736e-14
5.4252288154769102e-14
5.2166902575123318e-14
4.3834303234483038e-14
3.2469263596254942e-14
3.2718232755222786e-14
8.7970329596738253e-15
2.8249264033133218e-14
2.8843320580638389e-14
1.3233747746411751e-14
1.2445418478621077e-14
7.3188682757842177e-15
-8.5488161015829794e-15
-4.4643682151158970e-15
3.2485656299255621e-15
7.8014787233949632e-15
1.8814996682077455e-15
6.1521677007635412e-15
-5.4671504650899708e-15
-2.8442678393285926e-15
-6.3056950349908603e-15
-1.0915025150156979e-14
-5.7889678556998327e-15
1.4702967345864275e-15
1.6304432987789387e-14
9.2014737893394723e-16
-7.2265122191703545e-15
1.5006002165499191e-14
3.7295415784094055e-15
-4.6566516968927411e-16
2.5371070016287687e-14
2.7635876052015400e-14
4.2393842442421322e-14
4.5715175554469111e-14
3.8207756923859513e-14
3.7817596767206819e-14
3.6706295985538570e-14
5.2110812298344061e-14
5.5214110146910889e-14
6.1922361044181512e-14
6.3551307581047594e-14
6.7071461904357065e-14
5.9482104198929114e-14
6.5701006356585724e-14
5.3824471883872197e-14
5.9529594101300087e-14
4.1239053183724931e-14
3.7541124835928275e-14
3.0206497594920756e-14
1.9608076264902985e-14
2.3479857076092707e-14
1.9182130870644824e-14
2.1859066194816943e-14
3.7702861151971847e-14
3.4862728285359834e-14
5.7781414852098134e-14
4.5586582093817455e-14
8.6641811389296571e-15
1.6957510704001634e-14
-1.3648203599280607e-15
-3.5607516933380040e-15
-2.0383946578062857e-14
-2.2541157115923108e-14
-3.4261796471190837e-14
-3.4107075592954584e-14
-2.2902895805308631e-14
-3.0518782801021787e-14
-3.0290039210551683e-15
1.1271365646600181e-15
8.0848362931535745e-15
3.6006377064506625e-14
6.3858432480680740e-14
5.3630832451087638e-14
5.1739120195277616e-14
4.1439128963293365e-14
2.4288175593997883e-14
5.2670920072098619e-15
-1.9095664905649260e-14
-2.8463003589788260e-14
-5.6009704591810824e-14
-5.8971548109327285e-14
-7.0948683541835935e-14
-6.7651759667037469e-14
-6.6693487096853276e-14
-7.1422652333316151e-14
-6.1488790020365285e-14
-5.9614382137981369e-14
-5.2197300051157120e-14
-7.0499634157195359e-14
-5.4565538710945723e-14
-7.0442027967865885e-14
-9.5470766843457549e-14
-9.2347125939320812e-14
-1.0214788043123256e-13
-1.1000090306789720e-13
-1.2139029499983325e-13
-1.3983380467138570e-13
-1.3054574801677022e-13
-1.3366916339050004e-13
-1.5036809549963089e-13
-1.6760453107860181e-13
-1.6954476111193825e-13
-1.9010046472844879e-13
-2.1534827820539896e-13
-2.5875024371258964e-13
-2.7739556976593680e-13
-3.2530349695932773e-13
-3.7790196024321244e-13
-4.3109679029186630e-13
-4.9122889455726576e-13
-5.3315279980363236e-13
-5.6914824397488423e-13
-6.1272317483960850e-13
-6.1203492277294513e-13
-6.5542566271233509e-13
-7.1018152810445991e-13
-7.3804159888161937e-13
-8.1870918079536821e-13
-8.9007464897826970e-13
-9.5699236302657528e-13
-1.0506048586742775e-12
-1.1349810797630198e-12
-1.2343114974800818e-12
-1.3453804928725659e-12
-1.5008631411536341e-12
-1.6128758457758074e-12
-1.7850433837826392e-12
-1.9282363713211782e-12
-2.1309678555941523e-12
-2.2916210922188127e-12
-2.5092255865616396e-12
-2.7687968308611723e-12
-2.9770056502265162e-12
-3.2622995846531191e-12
-3.5794697479525577e-12
-3.9437868725201730e-12
-4.3391699713043359e-12
-4.7626442133736514e-12
-5.2549926114942711e-12
-5.8074043980896181e-12
-6.4019378729018282e-12
-7.0499076385599686e-12
-7.7693372003493639e-12
-8.4876280827664710e-12
-9.2928919754259341e-12
-1.0134983366691940e-11
-1.1044979630077467e-11
-1.2022519150000970e-11
-1.3084866071589097e-11
-1.4179019119974794e-11
-1.5405980495620493e-11
-1.6671282645699848e-11
-1.8029239296178589e-11
-1.9450723507205498e-11
-2.0987850154547097e-11
-2.2555314377984178e-11
-2.4250794036726283e-11
-2.5987601495745765e-11
-2.7806616502024477e-11
-2.9651553115601929e-11
-3.1569702338505342e-11
-3.3509218863092404e-11
-3.5515550259950962e-11
-3.7511542840676200e-11
-3.9610376587080179e-11
-4.1700546597641909e-11
-4.3827068788607332e-11
-4.5965466916510526e-11
-4.8108253347629595e-11
-5.0222429976829026e-11
-5.2353375595125052e-11
-5.4464317682431821e-11
-5.6542942255368211e-11
-5.8591330847658587e-11
-6.0562131881565674e-11
-6.2440206343113209e-11
-6.4256812336949154e-11
-6.5955284619046037e-11
-6.7608106347625979e-11
-6.9113884381762620e-11
-7.0504270482968075e-11
-7.1778839189491949e-11
-7.2913880741222227e-11
-7.3924909815763864e-11
-7.4757131339402959e-11
-7.5413729461833782e-11
-7.5971546273948361e-11
-7.6349839671890084e-11
-7.6561022758554375e-11
-7.6660572000737565e-11
-7.6560532522015734e-11
-7.6315403904673688e-11
-7.5928649206025635e-11
-7.5319353550611546e-11
-7.4587165003218892e-11
-7.3739370695586653e-11
-7.2708881786208464e-11
-7.1576105706268075e-11
-7.0284231551123657e-11
-6.8919510164552520e-11
-6.7375257558057568e-11
-6.5731924043495639e-11
-6.4002471522891843e-11
-6.2192521318295489e-11
-6.0260089851296172e-11
-5.8336666410263066e-11
-5.6316893498805053e-11
-5.4284738034248431e-11
-5.2200984646889713e-11
-5.0122339717340065e-11
-4.8026328787416497e-11
-4.5972085473020938e-11
-4.3874985697679408e-11
-4.1810096514048612e-11
-3.9769129164013039e-11
-3.7786457990916332e-11
-3.5787630307358009e-11
-3.3836773914096713e-11
-3.1900230695157396e-11
-3.0051812490584757e-11
-2.8194231376771445e-11
-2.6453033794692127e-11
-2.4743044290237562e-11
-2.3145196895531776e-11
-2.1580234897036455e-11
-2.0110406360530005e-11
-1.8688972760251232e-11
-1.7374764142405880e-11
-1.6079192283318333e-11
-1.4906418364413573e-11
-1.3738108882372676e-11
-1.2660269161375092e-11
-1.1653975821425119e-11
-1.0713103055322123e-11
-9.7974028163591843e-12
-8.9744622087149824e-12
-8.1600242716851006e-12
-7.4330247453452173e-12
-6.7479454524435238e-12
-6.1371920483470520e-12
-5.5793900481986520e-12
-5.0770906921887559e-12
-4.5995974610495207e-12
-4.1937080341127261e-12
-3.8058531441217959e-12
-3.4563980475905164e-12
-3.1376389144114578e-12
-2.8594192739638645e-12
-2.5981656502435808e-12
-2.3476791108015779e-12
-2.1222438466039618e-12
-1.9136233382557131e-12
-1.7097102106635594e-12
-1.5419301801712793e-12
-1.3746353297573748e-12
-1.2529386708255657e-12
-1.1061906948547705e-12
-1.0018684545002510e-12
-8.9467633552308265e-13
-7.7462009025080148e-13
-6.6789042859962955e-13
-5.7819833155997063e-13
-4.9526374739302589e-13
-4.1439029639278973e-13
-3.7401155685960508e-13
-3.2167536865162170e-13
-2.7298488160809005e-13
-2.2905239725207116e-13
-1.9679786828676236e-13
-1.7253207647510636e-13
-1.4438000997196454e-13
-1.3939365174205450e-13
-1.3585395582233039e-13
-1.3118873574945328e-13
-1.4359452384871634e-13
-1.3577951131109569e-13
-1.1483512438962682e-13
-1.3932461683481750e-13
-1.4848655437785926e-13
-1.3576015502755659e-13
-1.1991730837273470e-13
-1.1658855027922478e-13
-1.0556323041147488e-13
-8.1984396678090141e-14
-8.5953497265973653e-14
-7.6503593490867858e-14
-1.0452265394554886e-13
-9.5203164795107597e-14
-9.3491580796374478e-14
-8.3107271064568799e-14
-9.0944757271014171e-14
-8.4447217317177454e-14
-7.8708432548785432e-14
-9.0172639126611475e-14
-1.0754926861313501e-13
-9.3716325396714037e-14
-9.8886875440619328e-14
-6.7828409768639323e-14
-6.1971010082935163e-14
-4.1896314410436053e-14
-1.3095713104806071e-14
6.3813795835377821e-15
1.2499481089537749e-15
1.1077625092056808e-14
3.0824083684480924e-14
6.0856247906402524e-14
5.1112128149815084e-14
6.0293005948971721e-14
7.6536485375282706e-14
5.1734949953270685e-14
6.2364235289538054e-14
5.8270741065631144e-14
5.9446645704137806e-14
1.0349072404189969e-13
9.8189885125758247e-14
1.0677614733829736e-13
1.0449171772337387e-13
1.1460169414663200e-13
1.1237095254333972e-13
1.2757551199579127e-13
1.2764664141940100e-13
1.2522426069740046e-13
1.3103006784579691e-13
9.0980823531571994e-14
5.4763704682824186e-14
3.4764766217604247e-14
-4.7619870151320250e-15
-4.4327504375538446e-14
-5.4357513671698250e-14
-4.2845986312350048e-14
-5.2903813243706657e-14
-5.6279999818100768e-14
-2.1501739893699957e-14
-5.2543043365371761e-15
1.2254829094737928e-14
1.2137018101423677e-14
2.2563555183044660e-14
4.4146962882014263e-14
4.0709887275020980e-14
3.5024409815031214e-14
4.3702925944975547e-14
4.0031803593165212e-14
4.1825290325018392e-14
4.2322200386343522e-14
2.4853817101099473e-14
4.0045548924389951e-14
4.4640104513847863e-14
1.4323866677098977e-14
2.3684740338618864e-14
2.3699712924329597e-14
3.4809933441231404e-14
3.3335520348124884e-14
2.5237803078664193e-14
3.4015848193908378e-14
2.1916800037501736e-14
6.3307178533919402e-15
1.7849515518920207e-14
1.6109303969807547e-14
2.9108264154478862e-14
2.4002691950830259e-14
2.0365994571396267e-14
1.2326066782333535e-14
2.2860186628627568e-14
2.4526255286999679e-14
2.1136524119475461e-14
3.8691750450764819e-14
3.6671274957366310e-14
3.1060792963484031e-14
2.7609883734588793e-14
1.0387254159147973e-14
1.6226563243407722e-14
2.9782612707150564e-14
4.0771852367868888e-14
3.9808228805287053e-14
3.8350828134788862e-14
4.0977292411214795e-14
3.7465164006303652e-14
3.3402776819247828e-14
2.4890977690848039e-14
1.4853954000259803e-14
4.5397692631332242e-14
1.6850448252811193e-14
3.2584357252257456e-14
4.7591017836527771e-14
4.5090628688221875e-14
2.6958846154955776e-14
2.9233608515154235e-14
3.8641174027328833e-14
2.2982954474939383e-14
3.6393744517421900e-14
4.8233063878401494e-14
5.3875912206739842e-14
4.9952984532790834e-14
4.7913691590213403e-14
4.7072939332954134e-14
5.5189120045702136e-14
6.1720518957250368e-14
5.6828500653709798e-14
5.1048751469610688e-14
5.5313705819211504e-14
5.3946874067180418e-14
2.5365812780609856e-14
2.5169170780020746e-14
4.4926868766205533e-14
2.2159256578395601e-14
3.7228986448002024e-14
6.7845027321851868e-14
4.8712092297271311e-14
5.8162591202882576e-14
3.9474748061621540e-14
3.8292261282977492e-14
3.3127548174659579e-14
2.1600797340943070e-14
2.8847014693658003e-14
2.3517079437079683e-14
4.2066652943492638e-14
3.3335519569059669e-14
2.2373865082474538e-14
1.6229197844095008e-14
1.9937484179703682e-14
2.8081320278574842e-14
2.8584974679890655e-14
2.6130026880431548e-14
2.1531841948218473e-14
2.8754995494496045e-14
1.1424122627120525e-14
-2.7949356029859517e-15
2.4261902006329729e-14
2.2149470711855572e-14
4.2101413041629278e-14
3.0456017808666547e-14
3.6673507255766518e-14
2.8820657158808238e-14
9.7555116712326657e-15
3.4254060292639698e-14
3.5249365220328581e-14
6.8143895467934090e-15
3.5228863400406605e-14
2.8967304649986658e-14
2.8140872784101825e-14
3.5254449565539705e-14
2.1468808293249798e-14
1.9715761135087318e-14
3.8767278658390234e-14
1.9949758903029723e-14
5.1844074844338200e-14
4.2902630158175010e-14
4.0076163874165478e-14
6.1179322807899924e-14
3.8033367057762733e-14
3.6113683690155621e-14
6.5998243121239822e-14
4.2715445238571051e-14
3.8565068539177598e-14
2.7281050839788006e-14
3.4177371861223639e-14
4.3008049448126576e-14
2.0674951941768532e-14
3.4584562432968821e-14
5.0568453129602463e-14
6.8938044844385284e-15
2.7497899181294315e-14
1.9424554959182492e-14
1.7362124234829125e-14
1.3521737284918018e-14
1.5581357970637335e-14
2.2757793817607059e-14
3.4897391526888439e-14
2.0989649416505476e-14
5.9708877230150847e-15
7.2578422610947567e-15
1.3830873515678820e-14
1.4806922361117511e-14
-1.6315410862611970e-15
4.8966625773238632e-15
1.1534717203028133e-14
