-3.4177981800296817e-14
-3.4228344817281624e-14
0.0000000000000000e+00
0.0000000000000000e+00
0.0000000000000000e+00
-8.6070679549960991e-15
-4.3097334868512697e-15
1.7263653970834230e-14
-1.2966221656842025e-14
-1.7312858225372175e-14
-4.3343353959056204e-15
-1.7361745182197750e-14
-4.3465171467631396e-15
0.0000000000000000e+00
1.5255163948775509e-14
1.3093914985174213e-14
2.4038508481360922e-14
1.9694776030883003e-14
2.4104163553482063e-14
3.0719588804365404e-14
2.4169361005185405e-14
1.8701380601192505e-14
2.3132546332452145e-14
5.2944630363115930e-14
2.2089422142442910e-14
5.1978414969449876e-14
3.9865354317370148e-14
3.3264383175342267e-14
3.7193346674132769e-14
4.1132162704663571e-14
1.4470371533092103e-14
4.7924592929230038e-14
4.5753531413880256e-14
3.3520457932102002e-14
4.3631320699966431e-14
5.0686760816414813e-14
6.5329784497022065e-14
6.7656390960681316e-14
9.3879738303471997e-14
1.6716394281809533e-13
1.7582015038750952e-13
2.5050826463828805e-13
3.3723729210512140e-13
4.8525259085704512e-13
6.9080720281595854e-13
1.0022888000727532e-12
1.4643370530553991e-12
2.1206590423991208e-12
3.0822880381705889e-12
4.4505099098812711e-12
6.4160150373181636e-12
9.2708188995514953e-12
1.3311666102809534e-11
1.9084918066819093e-11
2.7322633266673944e-11
3.8982556060276528e-11
5.5506500265055694e-11
7.8910303482295220e-11
1.1192034498987969e-10
1.5840809171503996e-10
2.2373282777751449e-10
3.1529426620012097e-10
4.4344679873092479e-10
6.2235687831622027e-10
8.7161118111142762e-10
1.2181299449913658e-09
1.6988598420613533e-09
2.3643558796547937e-09
3.2835808557082351e-09
4.5506420185425568e-09
6.2934537166834938e-09
8.6854845074425099e-09
1.1961551798838237e-08
1.6438818485382024e-08
2.2544607206782542e-08
3.0853434457819122e-08
4.2135958217730435e-08
5.7423707501931549e-08
7.8094144559996276e-08
1.0598256195407528e-07
1.4352885343018914e-07
1.9396919835810717e-07
2.6158639729339644e-07
3.5203534729159186e-07
4.7276592656290004e-07
6.3357035619056039e-07
8.4729049489271571e-07
1.1307291389459980e-06
1.5058218639601670e-06
2.0011396969874132e-06
2.6538110449311549e-06
3.5119745836834538e-06
4.6379012614061721e-06
6.1119588095256306e-06
8.0376319148682099e-06
1.0547865531286172e-05
1.3813057888464131e-05
1.8051107712086077e-05
2.3540010886874245e-05
3.0633614220946060e-05
3.9781265451372225e-05
5.1552261955944238e-05
6.6666189815742295e-05
8.6030474855843856e-05
1.1078673980185943e-04
1.4236788110805887e-04
1.8256815935172296e-04
2.3362904267651964e-04
2.9834406203344801e-04
3.8018654614847358e-04
4.8346480790246402e-04
6.1351016927571383e-04
7.7690415053803812e-04
9.8175222491044033e-04
1.2380127670883825e-03
1.5578912185672121e-03
1.9563110677078758e-03
2.4514750143198303e-03
3.0655316703450649e-03
3.8253653517159813e-03
4.7635289538605309e-03
5.9193425805141465e-03
7.3401835171622602e-03
9.0829963071777948e-03
1.1216055090531578e-02
1.3821013991508351e-02
1.6995285170065405e-02
2.0854788145439038e-02
2.5537118122374729e-02
3.1205185237356596e-02
3.8051380824640338e-02
4.6302330891976003e-02
5.6224300885167430e-02
6.8129319385588805e-02
8.2382091477771785e-02
9.9407774979791641e-02
1.1970069435835468e-01
1.4383406774269200e-01
1.7247082177967676e-01
2.0637556688403005e-01
2.4642780146999410e-01
2.9363640772535793e-01
3.4915549311588617e-01
4.1430162079962263e-01
4.9057245819943007e-01
5.7966685584760747e-01
6.8350634803114785e-01
8.0425804249471888e-01
9.4435883832792300e-01
1.1065408790356479e+00
1.2938581116110239e+00
1.5097137822154163e+00
1.7578886549344968e+00
2.0425696922488266e+00
2.3683788846754035e+00
2.7404018629836675e+00
3.1642158700913390e+00
3.6459166119778845e+00
4.1921434486558500e+00
4.8101023285066695e+00
5.5075858133805902e+00
6.2929894891833937e+00
7.1753240087853927e+00
8.1642219726587566e+00
9.2699388194652208e+00
1.0503346875721261e+01
1.1875921702555818e+01
1.3399719880332036e+01
1.5087347390364391e+01
1.6951917788860765e+01
1.9006999423132871e+01
2.1266551015407405e+01
2.3744845036311649e+01
2.6456378409047158e+01
2.9415770226738278e+01
3.2637646329331872e+01
3.6136510772105090e+01
3.9926604424120654e+01
4.4021751160089110e+01
4.8435192350660955e+01
5.3179410611177751e+01
5.8265944033726079e+01
6.3705192397746636e+01
6.9506217125670034e+01
7.5676537016813597e+01
8.2221922049384261e+01
8.9146187780884276e+01
9.6450993095286904e+01
1.0413564423474635e+02
1.1219690820810006e+02
1.2062883878201269e+02
1.2942261832767414e+02
1.3856641881144216e+02
1.4804528517735730e+02
1.5784104426959001e+02
1.6793224228116085e+02
1.7829411349042650e+02
1.8889858275884146e+02
1.9971430391374466e+02
2.1070673573116719e+02
2.2183825677014295e+02
2.3306831979739735e+02
2.4435364598666450e+02
2.5564845848860068e+02
2.6690475435489026e+02
2.7807261317424599e+02
2.8910054014999321e+02
2.9993584073079273e+02
3.1052502331014131e+02
3.2081422594899476e+02
3.3074966256137429e+02
3.4027808354681571e+02
3.4934724546686243e+02
3.5790638405525272e+02
3.6590668463143703e+02
3.7330174386137310e+02
3.8004801678321763e+02
3.8610524309158893e+02
3.9143684685346284e+02
3.9601030411027688e+02
3.9979747320104292e+02
4.0277488311468153e+02
4.0492397573878958e+02
4.0623129850713542e+02
4.0668864464814919e+02
4.0629313898883998e+02
4.0504726805907370e+02
4.0295885405523353e+02
4.0004097304467359e+02
3.9631181860757937e+02
3.9179451290557319e+02
3.8651686792182551e+02
3.8051110032163035e+02
3.7381350402259721e+02
3.6646408512846693e+02
3.5850616436045880e+02
3.4998595250726055e+02
3.4095210470357836e+02
3.3145525953403569e+02
3.2154756904275268e+02
3.1128222570995717e+02
3.0071299233835629e+02
2.8989374057861727e+02
2.7887800352183706e+02
2.6771854740565277e+02
2.5646696702931564e+02
2.4517330896242859e+02
2.3388572607374178e+02
2.2265016631258183e+02
2.1151009805854761e+02
2.0050627372740357e+02
1.8967653269465839e+02
1.7905564398459987e+02
1.6867518858219003e+02
1.5856348066786188e+02
1.4874552655935057e+02
1.3924301967740723e+02
1.3007436943935858e+02
1.2125476163032266e+02
1.1279624750936676e+02
1.0470785867844540e+02
9.6995744575688974e+01
8.9663329350325341e+01
8.2711484831851720e+01
7.6138716317627143e+01
6.9941357966542881e+01
6.4113774696824436e+01
5.8648567637745423e+01
5.3536780372104616e+01
4.8768103422520703e+01
4.4331074673638000e+01
4.0213273677979558e+01
3.6401508059407149e+01
3.2881990499225815e+01
2.9640505060605346e+01
2.6662561872360367e+01
2.3933539448978024e+01
2.1438814166429815e+01
1.9163876639704032e+01
1.7094434955712693e+01
1.5216504902447186e+01
1.3516487500756213e+01
1.1981234288228279e+01
1.0598100925228870e+01
9.3549897914749014e+00
8.2403823183410694e+00
7.2433618584421025e+00
6.3536279312614345e+00
5.5615027032664761e+00
4.8579305647835227e+00
4.2344716557375577e+00
3.6832901700733109e+00
3.1971382361564027e+00
2.7693361295650272e+00
2.3937495272023419e+00
2.0647644592794405e+00
1.7772605599950762e+00
1.5265831600936490e+00
1.3085147061876565e+00
1.1192459338910290e+00
9.5534716537690589e-01
8.1374004773495812e-01
6.9166999709547194e-01
5.8667956539988375e-01
4.9658290228567803e-01
4.1944144404862599e-01
3.5354092517144675e-01
2.9736977548824395e-01
2.4959893763545085e-01
2.0906311489683521e-01
1.7474343870127479e-01
1.4575152765846247e-01
1.2131489586133017e-01
1.0076365697364363e-01
8.3518462067123656e-02
6.9079602986208771e-02
5.7017208910690551e-02
4.6962461479424102e-02
3.8599753063453861e-02
3.1659713286579599e-02
2.5913030452415210e-02
2.1164996938405303e-02
1.7250710671427180e-02
1.4030868333858030e-02
1.1388089820368444e-02
9.2237175446105140e-03
7.4550383734211011e-03
6.0128801567812641e-03
4.8395389484128838e-03
3.8869970184851857e-03
3.1153956008177913e-03
2.4917299583757358e-03
1.9887377703793566e-03
1.5839550281252265e-03
1.2589165660616191e-03
9.9848104963990965e-04
7.9026269590367064e-04
6.2415422312544935e-04
4.9192752299552045e-04
3.8690033590583356e-04
3.0365879792089163e-04
2.3782713654988389e-04
1.8587702894940319e-04
1.4497022532312880e-04
1.1282898531939819e-04
8.7629700584191514e-05
6.7915788886188406e-05
5.2526558684524551e-05
4.0539269997264813e-05
3.1222068806424365e-05
2.3995853714831125e-05
1.8403461249431773e-05
1.4084829449433287e-05
1.0757031795950722e-05
8.1982675470668801e-06
6.2350580323972102e-06
4.7320321760864749e-06
3.5837990759691010e-06
2.7084972178548993e-06
2.0426874035895803e-06
1.5373197424669228e-06
1.1545567021082919e-06
8.6527691321830400e-07
6.4711836345519310e-07
4.8294884904931238e-07
3.5967257164350549e-07
2.6730202262355664e-07
1.9823757486615055e-07
1.4670959872359528e-07
1.0834772248903370e-07
7.9849081630973257e-08
5.8723060176266618e-08
4.3095932636004088e-08
3.1561179367167807e-08
2.3065260116037199e-08
1.6821008361745383e-08
1.2241520550516440e-08
8.8901045757470272e-09
6.4426949441811431e-09
4.6592389611705380e-09
3.3624333382479727e-09
2.4214909953339978e-09
1.7401868331585148e-09
1.2479529315321886e-09
8.9308064645187823e-10
6.3776216390240412e-10
4.5449500493624346e-10
3.2319982696894605e-10
2.2935117270943649e-10
1.6241224057843919e-10
1.1476944408301734e-10
8.0908003585019519e-11
5.6934807528205816e-11
3.9957406682554699e-11
2.7975627017701367e-11
1.9554088015697604e-11
1.3624854881117092e-11
9.4717627574728098e-12
6.5665507616206870e-12
4.5188566195287957e-12
3.1243864720621769e-12
2.1524802927673814e-12
1.4552558930364512e-12
9.6600685255880753e-13
6.5909801973588181e-13
4.3322084451806126e-13
2.7453488101019939e-13
1.6249184733294360e-13
7.6076026609980054e-14
1.9136612982542901e-14
-3.5415709659393626e-14
-7.8885667468678214e-14
-8.6919455768570116e-14
-6.8609151381334975e-14
-8.1948570289039518e-14
-7.0392961657414206e-14
-8.1463604712518514e-14
-9.5849185858460075e-14
-1.0129260073164472e-13
-9.8939526505812377e-14
-9.5481427282848289e-14
-8.4269770710867080e-14
-6.2012773382575784e-14
-5.3084338692204127e-14
-3.9760959856397241e-14
-2.4266288916428135e-14
-3.3046494760645915e-14
-1.8701380601192505e-14
-1.0986073184175184e-14
-1.7554050745351662e-14
-2.1912875957710963e-15
-2.1883084478758892e-15
-1.7482551622807944e-14
0.0000000000000000e+00
-1.0896545677696791e-14
0.0000000000000000e+00
-1.7386068587052558e-14
-1.3021308886648313e-14
-1.3003006187716861e-14
-1.7312858225372175e-14
-1.7288295542456032e-14
-2.5895480956251344e-14
-3.8787601381661433e-14
-2.5821203864988297e-14
-4.2973150743329084e-14
-5.1492922647177076e-14
-5.1417834317090109e-14
-3.4228344817281624e-14
-5.1266972700445231e-14
-4.2659335058311416e-14
-5.1115206666328295e-14
-5.9545485794428668e-14
-6.7950062505455322e-14
-5.0885885171318312e-14
-6.7745338722573411e-14
-5.0731904834691515e-14
-8.4424314826066250e-14
-8.4295095955075435e-14
-6.7332416289830736e-14
-8.4035590302072864e-14
-6.7124246425859278e-14
-8.3774675814400388e-14
-1.0037243509566954e-13
-1.0021484471566317e-13
-6.6704561708593376e-14
-6.6598954244548459e-14
-8.3116344883916176e-14
-8.2983660651205334e-14
-9.9420770869599917e-14
-1.1580420934743284e-13
-9.9100335527853437e-14
-9.8939527596374347e-14
-1.3170443977198375e-13
-9.8616744983111156e-14
-1.3127303442573909e-13
-1.3105656680158938e-13
-9.8129695595385970e-14
-1.3062212009520938e-13
-1.3040414840214336e-13
-1.3018568274812471e-13
-1.6245840854607871e-13
-1.2974728437553226e-13
-9.7145519306000988e-14
-1.6163369331007898e-13
-1.6135759351583196e-13
-1.6108090411059246e-13
-1.2864290379843531e-13
-9.6315465051256233e-14
-9.6148406870045177e-14
-9.5981006103573165e-14
-1.2775102073616296e-13
-7.9704323348166274e-14
-7.9563980253717086e-14
-7.9423361014693258e-14
-7.9282467970362434e-14
-9.4969564153508547e-14
-7.8999869829110756e-14
-7.8858169416793914e-14
-7.8716204568250620e-14
-9.4288773154121593e-14
-6.2745192754596882e-14
-7.8288746859467716e-14
-6.2516598179761296e-14
-6.2401996709844897e-14
-7.7858993696332274e-14
-7.7715243501460892e-14
-6.2056998122351607e-14
-4.6456205100911699e-14
-5.4097769878875187e-14
-4.6282685817078594e-14
-5.3894998320533447e-14
-3.0739066358398853e-14
