5.3392518442546111e-02
6.3414750380045765e-02
7.4755887742028612e-02
8.7616401749860504e-02
1.0222225141113009e-01
1.1882572521722248e-01
1.3770477032473788e-01
1.5916894627268494e-01
1.8356062890324079e-01
2.1126004670607210e-01
2.4268775310048193e-01
2.7830948020075325e-01
3.1863946301847368e-01
3.6424541742312161e-01
4.1575253711250215e-01
4.7384872452661991e-01
5.3928915537584254e-01
6.1290180259904059e-01
6.9559247775876365e-01
7.8835062910115838e-01
8.9225475733583781e-01
1.0084784192977485e+00
1.1382958894601543e+00
1.2830882530797116e+00
1.4443491494297229e+00
1.6236907898624657e+00
1.8228495771472464e+00
2.0436918340608687e+00
2.2882190477020061e+00
2.5585730437545813e+00
2.8570405575827111e+00
3.1860575398548678e+00
3.5482127102624674e+00
3.9462506341212942e+00
4.3830738727666967e+00
4.8617444310588311e+00
5.3854840843558005e+00
5.9576737670141373e+00
6.5818516331322359e+00
7.2617099399679246e+00
8.0010903923710899e+00
8.8039780764799769e+00
9.6744936499098504e+00
1.0616883903989425e+01
1.1635510397070988e+01
1.2734836271383299e+01
1.3919410988461330e+01
1.5193853102189802e+01
1.6562830845624955e+01
1.8031040666716727e+01
1.9603183535825508e+01
2.1283939185325433e+01
2.3077938156501261e+01
2.4989731847476971e+01
2.7023760494731285e+01
2.9184319322401944e+01
3.1475522853211718e+01
3.3901267660955547e+01
3.6465193621926709e+01
3.9170643994004990e+01
4.2020624444399758e+01
4.5017761403922407e+01
4.8164259929815564e+01
5.1461861501479682e+01
5.4911801986568186e+01
5.8514770242270771e+01
6.2270867635894000e+01
6.6179568980648511e+01
7.0239685205338674e+01
7.4449328272260374e+01
7.8805878681471270e+01
8.3305956078442506e+01
8.7945393304938293e+01
9.2719214394671312e+01
9.7621616835437663e+01
1.0264595856392310e+02
1.0778474997570832e+02
1.1302965136062792e+02
1.1837147598560603e+02
1.2380019915871054e+02
1.2930497341586349e+02
1.3487415006866115e+02
1.4049530715593724e+02
1.4615528392608266e+02
1.5184022177919789e+02
1.5753561167240244e+02
1.6322634779355525e+02
1.6889678737572072e+02
1.7453081632897795e+02
1.8011192042941198e+02
1.8562326161452415e+02
1.9104775899723822e+02
1.9636817402819668e+02
2.0156719930224440e+02
2.0662755033360864e+02
2.1153205969715754e+02
2.1626377277558049e+02
2.2080604443493922e+02
2.2514263580968827e+02
2.2925781047312009e+02
2.3313642914578409e+02
2.3676404220334985e+02
2.4012697914093465e+02
2.4321243427488824e+02
2.4600854787769774e+02
2.4850448208078097e+02
2.5069049081298417e+02
2.5255798319598932e+02
2.5409957976761669e+02
2.5530916106993902e+02
2.5618190810314991e+02
2.5671433432204952e+02
2.5690430882707903e+02
2.5675107058453597e+02
2.5625523349294684e+02
2.5541878229837559e+02
2.5424505934696035e+02
2.5273874234793414e+02
2.5090581330484179e+02
2.4875351895285223e+02
2.4629032301934228e+02
2.4352585079662845e+02
2.4047082648605323e+02
2.3713700393258046e+02
2.3353709132722850e+02
2.2968467060023713e+02
2.2559411217139893e+02
2.2128048585333539e+02
2.1675946863075035e+02
2.1204725015087487e+02
2.0716043667055561e+02
2.0211595430041618e+02
1.9693095227993388e+02
1.9162270709591189e+02
1.8620852813446405e+02
1.8070566562061083e+02
1.7513122146326350e+02
1.6950206367507528e+02
1.6383474488878960e+02
1.5814542553404624e+02
1.5244980208210350e+02
1.4676304080214837e+02
1.4109971731082268e+02
1.3547376223009846e+02
1.2989841310420374e+02
1.2438617276046153e+02
1.1894877413509612e+02
1.1359715162301178e+02
1.0834141885007286e+02
1.0319085281091211e+02
9.8153884160404246e+01
9.3238093500260021e+01
8.8450213354600308e+01
8.3796135592210518e+01
7.9280923913980715e+01
7.4908831099499636e+01
7.0683320576463160e+01
6.6607091964146761e+01
6.2682110120659132e+01
5.8909637323356655e+01
5.5290268098390776e+01
5.1823966326559400e+01
4.8510104146236664e+01
4.5347502295967573e+01
4.2334471438454102e+01
3.9468854138877163e+01
3.6748067073451551e+01
3.4169143183358919e+01
3.1728773394102117e+01
2.9423347666171111e+01
2.7248995047850023e+01
2.5201622552052683e+01
2.3276952582202618e+01
2.1470558787190921e+01
1.9777900125036460e+01
1.8194353072800546e+01
1.6715241814818569e+01
1.5335866401354361e+01
1.4051528757884530e+01
1.2857556586866338e+01
1.1749325084439501e+01
1.0722276557547067e+01
9.7719378991785177e+00
8.8939360439406094e+00
8.0840113893314474e+00
7.3380293344188194e+00
6.6519899412471570e+00
6.0220358930512061e+00
5.4444587670617528e+00
4.9157038116958693e+00
4.4323732514258003e+00
3.9912283188909941e+00
3.5891900368567380e+00
3.2233389543203605e+00
2.8909138533640815e+00
2.5893096317715618e+00
2.3160743676319853e+00
2.0689057687006476e+00
1.8456469989299022e+00
1.6442820807623750e+00
1.4629308492325634e+00
1.2998436513359330e+00
1.1533957485591240e+00
1.0220816108241466e+00
9.0450904044208180e-01
7.9939330982349821e-01
7.0555123158793098e-01
6.2189534167150617e-01
5.4742809380000812e-01
4.8123624468558346e-01
4.2248530789127053e-01
3.7041425684102569e-01
3.2433033436803438e-01
2.8360415314205817e-01
2.4766492355662512e-01
2.1599600036269109e-01
1.8813056328279887e-01
1.6364763324814210e-01
1.4216821719554190e-01
1.2335179718953737e-01
1.0689293299401943e-01
9.2518212184185530e-02
7.9983290868616774e-02
6.9070282204264574e-02
5.9585206561318931e-02
5.1355789148073122e-02
4.4229285417690431e-02
3.8070655298273602e-02
3.2760727217629917e-02
2.8194716302949608e-02
2.4280690600683819e-02
2.0938403275074000e-02
1.8098027096606378e-02
1.5699276057819692e-02
1.3690378830764906e-02
1.2027473561181759e-02
1.0673797813416675e-02
9.5993522809438847e-03
8.7802940896060805e-03
8.1988821511792785e-03
7.8430732722624859e-03
7.7067863754189140e-03
7.7897177260321422e-03
8.0979976619524035e-03
8.6442636682821632e-03
9.4488395405065637e-03
1.0540133576703080e-02
1.1956561457686856e-02
1.3747367815360369e-02
1.5975672994837056e-02
1.8719828276337863e-02
2.2078274257906073e-02
2.6171443937290356e-02
3.1149770525195644e-02
3.7196304519772051e-02
4.4530919966557107e-02
