1.4101539640078386e-14
1.6587624411840124e-14
3.3923324659054982e-14
3.1125606210444296e-14
3.0368995124140976e-14
2.2707906373810784e-14
2.7308847293025878e-14
2.7651531846083102e-14
1.3023539236763092e-14
2.1557808879164484e-14
1.9100421764017727e-14
3.5819528932695538e-14
3.2869980390737265e-14
1.8162473914928222e-14
3.2628467417407251e-14
3.0040942195052231e-14
2.4166642114581903e-14
3.5781929439258357e-14
5.4865930120218696e-14
4.8538339912368455e-14
5.6087261059888173e-14
6.3890291376827114e-14
6.6851295000344133e-14
4.2270545405764594e-14
6.4042842487833115e-14
6.6743593479162083e-14
8.3087821946876999e-14
6.7086387926686980e-14
8.0966739253320435e-14
7.4855981326921611e-14
9.3254821732301374e-14
7.0852626599063032e-14
7.3880476250415374e-14
7.5299416651507596e-14
7.2238678116359787e-14
8.5073327766576592e-14
6.2801594524824286e-14
7.5113124739903415e-14
8.5108611467172573e-14
6.4231506779286849e-14
4.3689301804762808e-14
2.8082327753324933e-14
1.5524433807542731e-14
1.9570892901326797e-14
2.4397083449287597e-14
8.0359733403484009e-15
2.5772400116162719e-14
2.5429598311843063e-14
-2.9579408271869989e-15
1.0300011344357472e-14
2.3113842427151641e-14
2.3375109818411702e-14
3.0930085221483855e-14
1.9376206310492535e-14
1.3515709438344810e-14
1.8404663860700419e-14
-2.8907738065916609e-15
-2.1961488063583296e-15
1.7560772147850859e-15
8.9500478746994195e-15
1.0564185857830658e-14
5.2491210829159882e-15
2.3305994682812711e-14
3.0200477622047788e-14
1.7373703354587091e-14
3.1260207691617199e-14
3.2042135695435864e-14
3.2277858959882204e-14
4.9651504498196871e-14
3.6143845681237022e-14
3.6460118639527442e-14
5.0823352939161508e-14
3.8161810354800959e-14
4.7625358825510434e-14
3.6752333106041401e-14
4.7563965018692943e-14
6.3297409974551958e-14
4.5700826171526047e-14
2.9587215844590659e-14
3.1795811942388186e-14
2.5032793793221164e-14
1.8097263449769216e-14
3.2521410614116914e-14
1.9142041951319030e-14
1.8309913217847905e-14
-2.0975694070465977e-14
-9.6291462366864321e-15
3.7158622435428871e-15
-3.6858868027669322e-15
-1.5991242804531930e-14
-1.4173928840850219e-15
2.6731507350199583e-14
6.6366524145204734e-15
-1.7078064344680567e-16
1.7945998363580288e-16
-2.5054064062303178e-15
-3.8854736549229971e-14
-3.8917449019418403e-14
-5.8850028175218406e-14
-6.8732067480740836e-14
-6.1350601012083744e-14
-3.8808705028863348e-14
-3.6196440314517363e-14
-1.3467838464607400e-14
-5.2054550383805081e-15
-6.9042663300885019e-15
1.2320999990754174e-14
8.2514325712871453e-15
6.3442239123978757e-15
-2.3313085048600389e-14
3.9619182697591306e-15
-3.5393314740424383e-14
-4.6146461089013838e-14
-5.8046381361524531e-14
-6.6083864729933468e-14
-9.0438030624011334e-14
-9.9399267304488228e-14
-1.0770924097647161e-13
-1.0572961249030904e-13
-1.1269242776660566e-13
-1.0354998958221337e-13
-1.2419686826253937e-13
-1.1004740610696719e-13
-1.1813594696189478e-13
-1.4084823478185469e-13
-1.6374747301877053e-13
-1.4913765971747163e-13
-1.6048909102957903e-13
-1.6721343921007247e-13
-1.6205339931846782e-13
-1.6440546238724727e-13
-1.8735119541682981e-13
-2.0308454442550594e-13
-1.9727454872791696e-13
-1.9464416596405264e-13
-2.3124080855324261e-13
-2.1120038785643585e-13
-2.4835182795436547e-13
-2.6607310654541190e-13
-2.9405076369157087e-13
-3.4439384122544478e-13
-3.7852829515962484e-13
-4.2402236087056839e-13
-4.6668378824494041e-13
-5.2049279280483016e-13
-5.7188682798705358e-13
-6.2482724257713938e-13
-6.5212705436179585e-13
-7.1326604533827148e-13
-7.2966991276703051e-13
-7.6144749178426164e-13
-8.1922148011803864e-13
-8.6957879381768101e-13
-9.3645581459860047e-13
-1.0178770623335681e-12
-1.1207132558718287e-12
-1.2199714509171629e-12
-1.3118791328063358e-12
-1.4609524726478854e-12
-1.5662193738037074e-12
-1.7277063826413738e-12
-1.8811673235365109e-12
-2.0695882228771618e-12
-2.2603922865884715e-12
-2.4754034279768696e-12
-2.7169172583378906e-12
-3.0160306924804783e-12
-3.2897306833764036e-12
-3.5981047460825963e-12
-3.9261211388868548e-12
-4.3258177040076106e-12
-4.7773215766168644e-12
-5.2532364340758131e-12
-5.7927763927467386e-12
-6.4250271379687276e-12
-7.0675831135281934e-12
-7.8413681016252648e-12
-8.6248249196184316e-12
-9.5018243181429830e-12
-1.0415614712913162e-11
-1.1417041883422693e-11
-1.2462448094351548e-11
-1.3619865272945911e-11
-1.4838751045130661e-11
-1.6136928911253950e-11
-1.7501915087911500e-11
-1.9001882810340443e-11
-2.0569198675058698e-11
-2.2258658204812136e-11
-2.4003995722316216e-11
-2.5905334773064081e-11
-2.7849641627562527e-11
-2.9950720713600112e-11
-3.2080299863423342e-11
-3.4315398148767441e-11
-3.6585339514455396e-11
-3.8963547534090778e-11
-4.1371689453484995e-11
-4.3866453715808427e-11
-4.6356046096787868e-11
-4.8914849021602794e-11
-5.1499933880741969e-11
-5.4144034923176056e-11
-5.6766262502329895e-11
-5.9412222011081359e-11
-6.2031849350029004e-11
-6.4663362155515773e-11
-6.7230484903146882e-11
-6.9800971376883229e-11
-7.2267064649901136e-11
-7.4718069125901896e-11
-7.7003475215342554e-11
-7.9277949368469719e-11
-8.1376261258076397e-11
-8.3384571240575486e-11
-8.5236309175439686e-11
-8.6933699648675941e-11
-8.8474548288562391e-11
-8.9894784240221219e-11
-9.1107913576124640e-11
-9.2162208010121282e-11
-9.2954676053893180e-11
-9.3651073537715064e-11
-9.4082491258836895e-11
-9.4364478088413973e-11
-9.4428760226860318e-11
-9.4326720899736778e-11
-9.3985309266030128e-11
-9.3513807572844885e-11
-9.2765287219490030e-11
-9.1881839655981244e-11
-9.0799045445043252e-11
-8.9552749464815631e-11
-8.8117944913830203e-11
-8.6546498997422017e-11
-8.4826835057451256e-11
-8.2958879705488279e-11
-8.0925806420066789e-11
-7.8777675503640969e-11
-7.6574285274905979e-11
-7.4207346848129376e-11
-7.1806936279585778e-11
-6.9325577274678694e-11
-6.6817191587962767e-11
-6.4274818125842222e-11
-6.1692310949775976e-11
-5.9110725104042973e-11
-5.6560802709428390e-11
-5.3962927187413668e-11
-5.1436357170746121e-11
-4.8906703796538320e-11
-4.6425324945761358e-11
-4.3988982966619878e-11
-4.1561307742261567e-11
-3.9182695641920259e-11
-3.6891526457995123e-11
-3.4607817012190378e-11
-3.2453099019528501e-11
-3.0352003278870964e-11
-2.8370634961269254e-11
-2.6457859019844273e-11
-2.4614070412028945e-11
-2.2862058667447966e-11
-2.1246122539374742e-11
-1.9658269297810468e-11
-1.8174569431077145e-11
-1.6764415752972855e-11
-1.5458027202324991e-11
-1.4225072147940502e-11
-1.3036291227883354e-11
-1.1934702370397377e-11
-1.0933353705105110e-11
-9.9263010409119496e-12
-9.0298279761500397e-12
-8.1953727998936419e-12
-7.4703600313887712e-12
-6.7699533295828990e-12
-6.1396265865700452e-12
-5.5451589366511862e-12
-5.0620774589350130e-12
-4.5568298192347979e-12
-4.1432962580066077e-12
-3.7346376900903462e-12
-3.3825815415098311e-12
-3.0370612536654177e-12
-2.7440878676212544e-12
-2.4637310052467560e-12
-2.2192172391336013e-12
-1.9763338463428719e-12
-1.7752024484317445e-12
-1.5891445728305418e-12
-1.4352718533135289e-12
-1.2806935105604552e-12
-1.1276750466713411e-12
-9.8729365202658040e-13
-8.7113490484938395e-13
-7.2492564874790718e-13
-6.4271357232298226e-13
-5.4729482924550050e-13
-4.6346068267348980e-13
-3.8875556348952043e-13
-3.1745479555560913e-13
-2.5848529882033236e-13
-2.0938136323499778e-13
-1.6112583843079880e-13
-1.3682035219897405e-13
-1.0812310164855370e-13
-1.0781100115724821e-13
-7.9946182627519181e-14
-7.7597543054762446e-14
-7.8949124541311141e-14
-5.8933384284112803e-14
-7.1876654653415560e-14
-5.1448344971851025e-14
-6.6831205165557678e-14
-8.8563018287781926e-14
-6.7198726297397503e-14
-4.3416963464641671e-14
-5.3646656006895086e-14
-3.6565479726669953e-14
-3.0064519488096023e-14
-2.9254502436865059e-14
-4.9164197721972572e-14
-5.5820927851103608e-14
-5.1399319156243498e-14
-4.4879128777231044e-14
-4.4556885292286396e-14
-2.9583558035697927e-14
-4.2801294184477425e-14
-3.9847228730917692e-14
-3.7414957078338450e-14
-4.6816590331487694e-14
-3.0558524197015037e-14
6.0638036336348137e-15
4.4197739792471503e-14
6.0097765991619005e-14
6.6752986947311757e-14
7.3234383885377009e-14
7.4272878231292397e-14
6.0509889075601981e-14
1.0050903124856429e-13
1.2852851313202635e-13
1.2637161288961584e-13
1.3983097364366578e-13
1.4581036814172659e-13
1.4683081724261018e-13
1.4787627476142687e-13
1.0833295560997693e-13
1.4219638983200213e-13
1.4877242807388355e-13
1.4900104174049743e-13
1.4618736270909923e-13
1.7725020228314584e-13
1.5007994015392223e-13
1.7056969327366354e-13
1.4716734214689926e-13
1.5442775550382659e-13
1.4979788462146175e-13
1.3884637529245698e-13
1.0751429688800812e-13
6.1928900768553597e-14
3.3402327845857026e-14
1.2114943218032223e-14
-5.2767505582920825e-15
-2.0511340478874549e-14
3.8962377579134274e-15
-2.2809383320145901e-14
-7.8553334425294982e-15
8.3394190996366943e-15
-3.1991598809034790e-15
1.5625541891135892e-14
5.3466338492874377e-15
2.3266347845445834e-14
3.5166079303461331e-14
3.7111846633473439e-14
3.7060045100823757e-14
3.2666470530173591e-14
3.2703148023406888e-14
3.3108785614081446e-14
3.2002187471529571e-14
3.0115396426992615e-14
3.4653414449003358e-14
2.2347247592448390e-14
1.1642078395963665e-14
1.7606875569911496e-14
-1.4452310008301945e-14
-7.3172620464090276e-15
-1.0373437935085948e-14
2.6152966093108061e-15
-1.0295043237730729e-15
-1.6861919457203051e-14
-1.4221242060908262e-14
-1.3716977770727352e-14
-2.9907212271567657e-14
-1.4174452142949617e-14
-7.9986923889151105e-15
-1.3431124620248760e-14
-1.2911517048096255e-14
-1.3749084968469036e-14
-1.6481570865521144e-14
-6.6933461547091688e-15
-8.2930484766547269e-15
-2.0345850060120748e-14
2.7355110461000761e-16
-1.0132152339673823e-14
-1.5747752031920846e-14
-2.6336820926197051e-14
2.6210777097906190e-15
-1.5795549434653207e-14
-1.3113091194071236e-14
-2.3574936378810299e-14
9.5481416594011610e-15
-7.9330662004231837e-15
-2.7627473055478930e-14
-1.8147316569297275e-14
-1.3886390797192735e-14
-6.4671879706066211e-15
-9.5947717222349573e-15
6.3533991165124690e-16
-5.7587940293146842e-17
2.2200309078550481e-14
-5.6655446048580304e-15
4.0957736194074606e-15
1.0019697042140377e-14
3.0530020452990703e-15
3.1862201290729755e-14
3.2761408329230332e-14
4.9836043665481575e-14
2.8061983269030291e-14
2.0941519856410984e-14
1.1727836943972179e-14
2.0106056147119052e-14
2.7753864942798538e-14
2.7324973475051209e-14
6.8297315849907462e-15
3.3159544410233704e-14
2.7230773846537537e-14
1.0119208604080453e-15
4.1153421876532058e-15
1.9528417332839390e-14
1.4567818494532733e-14
1.3044146564834836e-14
1.2418618705709925e-14
3.2028548897841269e-14
2.4882347887451104e-14
1.7751030288312348e-14
1.5175384837236859e-14
2.2512071896612042e-15
7.2353094919567434e-16
8.3253618667651162e-15
-2.0061031486838398e-15
2.7649919686828323e-14
2.0550128971636446e-14
3.3901798842824843e-15
6.6469489181334737e-15
1.3615004360773375e-14
8.2011540667494620e-15
2.0456609991453087e-14
2.9240361492496145e-14
2.0217257847529529e-14
3.6301431436619398e-14
2.2209245549355863e-14
1.0075169834054702e-14
1.6740383855006072e-14
2.2669149366643677e-14
1.0631723430384870e-14
1.4877314686242253e-14
1.7744270912491215e-14
2.9549784451665144e-14
1.4277235417816426e-14
7.8712239251318899e-15
2.2701356508060779e-14
-8.7947422961560727e-15
7.9009780576429377e-15
1.3045004967910518e-14
2.5382471327309198e-14
2.2847486222856408e-14
1.7703379642119014e-15
1.8899203484719037e-14
-6.7850863127908146e-15
5.5000353916691344e-15
1.4712879743821022e-14
3.1552666774427542e-14
3.2784246289686776e-14
5.5841802681920948e-14
1.5640414933805140e-14
3.8771930322690011e-14
3.4484055838847465e-14
4.6205141460313355e-14
2.6647949452832257e-14
3.5412120658106264e-14
3.4688150848863849e-14
4.7988858021434881e-14
2.5152901961558051e-14
1.8906780111785835e-14
2.8855100626172412e-14
2.3887981229754729e-14
2.1802190904551184e-14
2.0385649227743323e-14
1.7199504238083591e-14
7.7524857942148908e-15
5.5261819073102224e-15
1.5502697052655257e-14
9.6674090334837494e-15
6.8585923841333642e-15
3.7051630991708771e-15
6.4528088491802980e-15
7.6477121343614441e-15
3.8513070445214397e-14
3.5138647738267644e-15
1.3665434044417586e-14
1.7214411436153537e-14
