1.9695695943469603e-12
-7.0463934894869771e-13
4.7197914564689214e-13
5.9077382974155801e-13
-9.3049236413115549e-13
-1.5443865960093280e-12
1.6052249239856982e-12
5.1544530376576953e-13
9.9250770753421266e-14
4.2512926479336280e-13
5.6808563801127139e-13
-6.7272794770089847e-13
-9.7056602486195666e-13
-1.3760923495624834e-12
-7.5859125604885972e-13
2.9486930984155409e-13
1.9999500340021171e-12
8.5421276576391064e-13
-1.2744681791658585e-12
-1.6102862482150333e-13
-9.9063496333519294e-13
-1.0090213875124738e-12
6.3184546253360914e-13
-1.3805073350747596e-12
1.4562993262863101e-12
-1.1513762937660341e-12
-1.5512913970922691e-12
-3.2736874026734665e-13
7.1307134571550026e-13
1.5730427513008967e-12
-5.0130340829682040e-13
1.0057450349968283e-12
-3.9356989291674057e-14
-4.7787464453091678e-13
2.9079025276748997e-14
8.0723599464783075e-13
-3.2343553816820929e-13
-1.7690849343505978e-13
2.2011013999559647e-12
-1.2322150127382236e-13
8.5210626475660067e-13
9.4442724477846567e-13
-2.8837415245708036e-12
-1.8432686394013386e-12
3.8609499241099147e-13
2.4073244001187400e-13
2.1260801695820768e-13
1.8010413221491013e-12
1.5396797785059684e-13
3.0105358777595487e-13
1.9736674651362253e-13
1.7180650391824754e-12
1.2293109788269805e-12
1.4613286732085255e-12
6.3597290269632559e-13
5.7495683485095096e-13
1.6364881497076530e-13
2.1586744939161717e-12
5.9363633996508110e-15
-1.7746002676763163e-13
-1.2082186205383028e-12
-7.1883382402174943e-13
-1.1107266128406540e-13
7.8539008043050241e-13
-1.0069667381220578e-12
9.8488771340168094e-13
-1.0062590428974523e-12
-1.6651748382875561e-12
4.8828641468647967e-13
2.6122024769734550e-12
4.3341894406173105e-13
2.1101650854291179e-13
1.5550608980676232e-13
1.0373430477126467e-12
-1.4304198410643632e-12
1.6209157501194946e-12
-2.2452618436260458e-12
1.2556366928256531e-12
1.3118290776288837e-12
3.6842464340294893e-13
6.1328607476225803e-13
1.0252926468930978e-12
2.5665060027257106e-12
1.2101984069228542e-12
4.5280935283765496e-12
6.3478104085635218e-12
7.0144155261161410e-12
9.7619929440978779e-12
1.5789181468354251e-11
2.1385884823710230e-11
3.1757132895159932e-11
4.8174202012177562e-11
6.6338822502440250e-11
1.0028674913398143e-10
1.4239453856384255e-10
2.0701589363116264e-10
2.9647412715401604e-10
4.2650630537795034e-10
6.1196724503306431e-10
8.7384292861647516e-10
1.2434921010661831e-09
1.7671297910910421e-09
2.5024940996327692e-09
3.5335019235037412e-09
4.9762794218334694e-09
6.9924396920132372e-09
9.7996152952877306e-09
1.3692239843559306e-08
1.9083196253656142e-08
2.6525809062336285e-08
3.6778658942567065e-08
5.0858032729899251e-08
7.0149047176733186e-08
9.6515926483014528e-08
1.3246141738776699e-07
1.8132846194095641e-07
2.4761468557830585e-07
3.3728987081609372e-07
4.5831251641024214e-07
6.2122700347415157e-07
8.4000158841144344e-07
1.1330603863754129e-06
1.5246629890393937e-06
2.0466614772762506e-06
2.7407847122336211e-06
3.6615388201887217e-06
4.8799562216857013e-06
6.4883664210044262e-06
8.6064716737261221e-06
1.1389079537610285e-05
1.5035879455125075e-05
1.9803797344014866e-05
2.6022581052366408e-05
3.4114354092292833e-05
4.4618126741518802e-05
5.8220421412287324e-05
7.5793417605957665e-05
9.8442350370416887e-05
1.2756423177271635e-04
1.6492039682435220e-04
2.1272585875301269e-04
2.7375907803696187e-04
3.5149642875143802e-04
4.5027639615813825e-04
5.7549955245115127e-04
7.3387137717856842e-04
9.3369621633259271e-04
1.1852321661305989e-03
1.5011181349348951e-03
1.8968863254838180e-03
2.3915753067178303e-03
3.0084612284660946e-03
3.7759272404501621e-03
4.7284940510358879e-03
5.9080377398095839e-03
7.3652241573729750e-03
9.1611932527054119e-03
1.1369530300865405e-02
1.4078565526805862e-02
1.7394047873994546e-02
2.1442243402260176e-02
2.6373513567483315e-02
3.2366433399449779e-02
3.9632514454230487e-02
4.8421601961510706e-02
5.9028020008635357e-02
7.1797542409095541e-02
8.7135270275395291e-02
1.0551449954634963e-01
1.2748666334487485e-01
1.5369243364238780e-01
1.8487406548517060e-01
2.2188906313303644e-01
2.6572524183782953e-01
3.1751725045076690e-01
3.7856460874626879e-01
4.5035129860577527e-01
5.3456693006315492e-01
6.3312948076935904e-01
7.4820958132782844e-01
8.8225628768403908e-01
1.0380242465859733e+00
1.2186021197081900e+00
1.4274420871366755e+00
1.6683902013957133e+00
1.9457173092255713e+00
2.2641502003935248e+00
2.6289025815501588e+00
3.0457054089123559e+00
3.5208360477416654e+00
4.0611456599024205e+00
4.6740841545971987e+00
5.3677219734136994e+00
6.1507679202482288e+00
7.0325821920127138e+00
8.0231837184153942e+00
9.1332508815867968e+00
1.0374114660263235e+01
1.1757743231422186e+01
1.3296717066716642e+01
1.5004193583886002e+01
1.6893860456808959e+01
1.8979876753483531e+01
2.1276801161090347e+01
2.3799506671767844e+01
2.6563081243838777e+01
2.9582714119873813e+01
3.2873567676142862e+01
3.6450634895954572e+01
4.0328582800938797e+01
4.4521582437124422e+01
4.9043126293591165e+01
5.3905834326901704e+01
5.9121250069639700e+01
6.4699628611347009e+01
7.0649718548691865e+01
7.6978540302751142e+01
8.3691163487445451e+01
9.0790486277894416e+01
9.8277019962530915e+01
1.0614868206142096e+02
1.1440060154775148e+02
1.2302493981317025e+02
1.3201073106385118e+02
1.4134374581796212e+02
1.5100638109103539e+02
1.6097758070103595e+02
1.7123278889704503e+02
1.8174394021386391e+02
1.9247948808059365e+02
2.0340447426704807e+02
2.1448064074179885e+02
2.2566658494640686e+02
2.3691795886926099e+02
2.4818771163949626e+02
2.5942637466697124e+02
2.7058238764134973e+02
2.8160246298420958e+02
2.9243198563804174e+02
3.0301544438857871e+02
3.1329689026752175e+02
3.2322041698555716e+02
3.3273065781484524e+02
3.4177329288859914e+02
3.5029556052518137e+02
3.5824676592499384e+02
3.6557878043913450e+02
3.7224652457479823e+02
3.7820842798808434e+02
3.8342685992099894e+02
3.8786852386458770e+02
3.9150481067062935e+02
3.9431210488309858e+02
3.9627203970853969e+02
3.9737169678064771e+02
3.9760374768453789e+02
3.9696653507567265e+02
3.9546409214033696e+02
3.9310610008133858e+02
3.8990778425581050e+02
3.8588975052354056e+02
3.8107776426552755e+02
3.7550247538641224e+02
3.6919909340455558e+02
3.6220701744498064e+02
3.5456942657018794e+02
3.4633283640134084e+02
3.3754662838846320e+02
3.2826255837798516e+02
3.1853425129472060e+02
3.0841668880370111e+02
2.9796569674600573e+02
2.8723743895714858e+02
2.7628792378270884e+02
2.6517252921323461e+02
2.5394555207931415e+02
2.4265978619037423e+02
2.3136613368104474e+02
2.2011325316046737e+02
2.0894724755823080e+02
1.9791139383984537e+02
1.8704591603990352e+02
1.7638780234623582e+02
1.6597066627651904e+02
1.5582465133203476e+02
1.4597637790232628e+02
1.3644893063848684e+02
1.2726188401885524e+02
1.1843136340545699e+02
1.0997013853556875e+02
1.0188774611346764e+02
9.4190637962270060e+01
8.6882351064717398e+01
7.9963695760979604e+01
7.3432958378410319e+01
6.7286114636726197e+01
6.1517050296691572e+01
5.6117785694613367e+01
5.1078701021169607e+01
4.6388759454167619e+01
4.2035725532978525e+01
3.8006376460174273e+01
3.4286704326019482e+01
3.0862107566817158e+01
2.7717570282881866e+01
2.4837828349303887e+01
2.2207521548876070e+01
1.9811331235912011e+01
1.7634103299588855e+01
1.5660956432461946e+01
1.3877375922189694e+01
1.2269293370636150e+01
1.0823152903986758e+01
9.5259645701505704e+00
8.3653457259024364e+00
7.3295512972997550e+00
6.4074938538753763e+00
5.5887544720039859e+00
4.8635853775010780e+00
4.2229053541291472e+00
3.6582888855646352e+00
3.1619499657498009e+00
2.7267214688137495e+00
2.3460309171053018e+00
2.0138734262483964e+00
1.7247825421402330e+00
1.4737996171804053e+00
1.2564423047470992e+00
1.0686726821507753e+00
9.0686544535837410e-01
7.6777655371987352e-01
6.4851264162450473e-01
5.4650145605476963e-01
4.5946352586224221e-01
3.8538521975001300e-01
3.2249330630184425e-01
2.6923109036634219e-01
2.2423616619160594e-01
1.8631979827583656e-01
1.5444791622211568e-01
1.2772368918941746e-01
1.0537162897156374e-01
8.6723157559635486e-02
7.1203565277031602e-02
5.8320278480198724e-02
4.7652351416561919e-02
3.8841094313089401e-02
3.1581749467241939e-02
2.5616127897326851e-02
2.0726121361070795e-02
1.6728007836651172e-02
1.3467472298125937e-02
1.0815269185972465e-02
8.6634577284150846e-03
6.9221462092731384e-03
5.5166864528526068e-03
4.3852647265781525e-03
3.4768402578768658e-03
2.7493872489160799e-03
2.1684007970714748e-03
1.7056314460439719e-03
1.3380168618564738e-03
1.0467830182749292e-03
8.1669041320493621e-04
6.3540401652699429e-04
4.9296836464958905e-04
3.8137163468292810e-04
2.9418479865317090e-04
2.2626391776456149e-04
1.7350523564185690e-04
1.3264447672026744e-04
1.0109272902767982e-04
7.6802838144216046e-05
5.8160856844594889e-05
4.3898224445793716e-05
3.3020872353456160e-05
2.4752212442609680e-05
1.8487460181765613e-05
1.3757075346158068e-05
1.0197700312793669e-05
7.5290317004884319e-06
5.5355546097410987e-06
4.0521179148088429e-06
2.9525792920484060e-06
2.1409373109832284e-06
1.5443750692839863e-06
1.1078687391536188e-06
7.8998511692631847e-07
5.5964804261757088e-07
3.9363765658138064e-07
2.7466638082186062e-07
1.8993805384715036e-07
1.3000192775695597e-07
8.7914378025580630e-08
5.8611820970012150e-08
3.8394881234275535e-08
2.4599497952101293e-08
1.5303489521931920e-08
9.1345555233987898e-09
5.1150399348678864e-09
2.5578006932755260e-09
9.8482122655664255e-10
5.9906731778673381e-11
-4.4579156596859258e-10
-6.8541847455486571e-10
-7.6132958014582552e-10
-7.5006564934341560e-10
-6.8400417058624873e-10
-5.9934797773130704e-10
-5.0890717850225302e-10
-4.2376636033324402e-10
-3.4566926191559403e-10
-2.7680900217208689e-10
-2.1841043441484313e-10
-1.6858137784948312e-10
-1.3285710446708979e-10
-1.0336887037502929e-10
-8.0112016743044553e-11
-5.9705457335272356e-11
-4.3424944424476431e-11
-3.4982357717302297e-11
-2.4040566395163729e-11
-1.7948492962062013e-11
-1.2115387627520185e-11
-1.1018652464555901e-11
-9.3891640932247251e-12
-5.2792496212825881e-12
-2.3320585907975806e-12
-3.9044572495209155e-12
-3.4653679440415671e-12
-9.2902462213201160e-13
1.5058962278796395e-13
-9.1732869064383516e-13
-7.9524525602663352e-13
1.4947304376718434e-12
-1.9943142099489300e-12
-3.9836532314279531e-14
-1.6492551665526961e-12
1.8174049620892228e-12
-4.5999528889644815e-13
-1.7412802258620292e-13
9.7518331522882859e-14
2.0040954976055376e-12
-8.7934713619598293e-13
4.7667794979215539e-13
-1.4212727891952908e-12
-1.8587547667098011e-12
2.4463173675770029e-12
-6.0849514887591225e-13
1.9955527336716658e-12
-4.2509449745570460e-13
1.0685911463719489e-13
-1.8375093907732526e-12
-8.9897465681591520e-14
-5.8284402312966635e-13
-5.2990835507103132e-14
-1.4587780768080945e-12
-1.7032455050717463e-12
4.1240408693387992e-13
-1.7047821896093021e-12
-1.5585378594903388e-12
1.0799082003877875e-12
-1.1238360190915510e-12
-1.5212431846252787e-12
-2.4419801894083773e-12
1.3870318851949314e-12
5.2945414690622284e-13
1.1744902762074584e-13
-1.6626837119933265e-12
-1.0825069988493837e-13
8.8645257530790647e-13
-1.3091569504061068e-12
-8.4890519528909748e-13
1.7758535009977845e-13
2.0334903452380432e-13
5.1931309725829927e-13
-1.5999929375113101e-12
1.0292253706317953e-12
-7.4798240997193772e-13
-1.1576608969546116e-12
-1.1372402034267285e-13
-5.0914226823289891e-13
2.1913098894406499e-12
4.8723640600795425e-13
-1.4379838433827587e-13
-1.9653939872789144e-12
-9.4461142075970635e-13
-1.1104312836354359e-12
-1.1958181950350742e-12
1.0208830763774033e-12
-7.3917090095502907e-13
-1.1434507415006185e-13
8.8108391491418059e-13
2.8937262741512472e-12
5.3419794307742533e-13
9.9501675588924917e-13
1.4675607682677867e-12
-8.7512094484255115e-13
-1.7362046099451618e-14
-1.2513020861776251e-12
2.0091551641639783e-12
-6.5289515825620400e-13
1.1692879371659826e-12
-2.2798524620132959e-12
-1.2118498873974521e-12
2.2137035230262450e-12
4.5159411103853246e-13
-2.9719567783913789e-14
-2.0022796434712423e-13
5.7505384609019670e-13
-1.9773287751055708e-13
3.6026897897488446e-13
