6.0698804303526607e-13
-2.0614647841458912e-12
9.8232480203710992e-13
1.2025012523992017e-12
4.6938109909069727e-13
-7.2331872679891100e-13
3.0728403816660768e-12
-1.4815989242452926e-13
-1.7205587008617273e-12
1.1662698207593263e-12
-1.9792501969342135e-13
7.3626691335460236e-13
6.7568678576290565e-13
-2.1788358732308647e-12
-6.9649772102751760e-14
3.2734812553974846e-12
2.5213563917981133e-12
4.1183061390462884e-12
5.8714405042888371e-12
1.0189501097542406e-11
9.5003046218720327e-12
1.6291773079502712e-11
2.5781169564886086e-11
3.5504475798267889e-11
5.1127946671544305e-11
7.2657948763590511e-11
1.0078592016210869e-10
1.4413431245174784e-10
2.0365464923072203e-10
2.8632503825430352e-10
4.0477398456857088e-10
5.7268792265912165e-10
7.9940235815702383e-10
1.1184757932315965e-09
1.5636854301180092e-09
2.1760354137460804e-09
3.0233430203323275e-09
4.1938192458555154e-09
5.8040950850058955e-09
8.0153476775496905e-09
1.1049340241844320e-08
1.5190445855124403e-08
2.0841209163585036e-08
2.8531706031492671e-08
3.8975878849300486e-08
5.3123969388533761e-08
7.2253591193956256e-08
9.8054686897530060e-08
1.3278340812920506e-07
1.7941490211293970e-07
2.4190147170084618e-07
3.2543252114545965e-07
4.3686394214118198e-07
5.8516797926504637e-07
7.8211357834093914e-07
1.0430659541286147e-06
1.3880632886362481e-06
1.8431391650120968e-06
2.4420838468888052e-06
3.2286165772873781e-06
4.2591759126635746e-06
5.6064417813775752e-06
7.3638027925216415e-06
9.6509370093887425e-06
1.2620872205805455e-05
1.6468792006263580e-05
2.1443042455574153e-05
2.7858843929229430e-05
3.6115350057113412e-05
4.6716713626287869e-05
6.0298205686862410e-05
7.7658306206995030e-05
9.9798200246084561e-05
1.2797010925055146e-04
1.6373639649326901e-04
2.0904151873917334e-04
2.6629946561148373e-04
3.3849965705507661e-04
4.2933483813252624e-04
5.4335509023185826e-04
6.8615275872466793e-04
8.6458379736669084e-04
1.0870319273430958e-03
1.3637229935180345e-03
1.7070977585772972e-03
2.1322527692275344e-03
2.6574600331822924e-03
3.3047775963490193e-03
4.1007646636624174e-03
5.0773164144475641e-03
6.2726352655129410e-03
7.7323571225351639e-03
9.5108528373837615e-03
1.1672726901883701e-02
1.4294537072274066e-02
1.7466760448565818e-02
2.1296032877335131e-02
2.5907690076582137e-02
3.1448639928758071e-02
3.8090596155766591e-02
4.6033703929048611e-02
5.5510587751830681e-02
6.6790851123170222e-02
8.0186055717255414e-02
9.6055205466527599e-02
1.1481075714571827e-01
1.3692517425943596e-01
1.6293803511204757e-01
1.9346369809548422e-01
2.2919951822708218e-01
2.7093459801483671e-01
3.1955904313398675e-01
3.7607367869978314e-01
4.4160016577313499e-01
5.1739143904350460e-01
6.0484236686977633e-01
7.0550051263654112e-01
8.2107685322557467e-01
9.5345628539624994e-01
1.1047077253402375e+00
1.2770935801987759e+00
1.4730783438798198e+00
1.6953360434996556e+00
1.9467562378883501e+00
2.2304482463764725e+00
2.5497432657422459e+00
2.9081940161497100e+00
3.3095715444191764e+00
3.7578588057319480e+00
4.2572406443218735e+00
4.8120897999817149e+00
5.4269485823215531e+00
6.1065058786067432e+00
6.8555691949656197e+00
7.6790314753165161e+00
8.5818324979825107e+00
9.5689147168452493e+00
1.0645173492316054e+01
1.1815401746870764e+01
1.3084229180112267e+01
1.4456056288108730e+01
1.5934983550654685e+01
1.7524736275367900e+01
1.9228585718632537e+01
2.1049267237003889e+01
2.2988896356889651e+01
2.5048883781842971e+01
2.7229850482873108e+01
2.9531544134160466e+01
3.1952758261108446e+01
3.4491255556457467e+01
3.7143696889191965e+01
3.9905577577485275e+01
4.2771172517192703e+01
4.5733491749018590e+01
4.8784248007590989e+01
5.1913837722995801e+01
5.5111336837874696e+01
5.8364512661001562e+01
6.1659852801287116e+01
6.4982612015422845e+01
6.8316877560134728e+01
7.1645653368618639e+01
7.4950963074540965e+01
7.8213971589910017e+01
8.1415124611218673e+01
8.4534305087142897e+01
8.7551005337671157e+01
9.0444513176074139e+01
9.3194110058958799e+01
9.5779278983460031e+01
9.8179919572064179e+01
1.0037656754191295e+02
1.0235061555345217e+02
1.0408453227953527e+02
1.0556207643561032e+02
1.0676850246894413e+02
1.0769075462334541e+02
1.0831764617708114e+02
1.0864002079652766e+02
1.0865089315536071e+02
1.0834556623650252e+02
1.0772172305756958e+02
1.0677949093493278e+02
1.0552147682013489e+02
1.0395277269742979e+02
1.0208093051348737e+02
9.9915906611071449e+01
9.7469976146118626e+01
9.4757618473023541e+01
9.1795374974378703e+01
8.8601681278977594e+01
8.5196676245479594e+01
8.1601990479565103e+01
7.7840517491162316e+01
7.3936170878754524e+01
6.9913631143411394e+01
6.5798085882555881e+01
6.1614967189127690e+01
5.7389690085362425e+01
5.3147395752129022e+01
4.8912703176960967e+01
4.4709472640757802e+01
4.0560584199634988e+01
3.6487734001018637e+01
3.2511250910104735e+01
2.8649935522144631e+01
2.4920923207321149e+01
2.1339572387800175e+01
1.7919378790699852e+01
1.4671915965802192e+01
1.1606801912510260e+01
8.7316912353063429e+00
6.0522918492314188e+00
3.5724048934600825e+00
1.2939861884065595e+00
-7.8277270562094126e-01
-2.6593459982947905e+00
-4.3387600944007119e+00
-5.8254674050887258e+00
-7.1252100877067734e+00
-8.2448762771845701e+00
-9.1923513438806754e+00
-9.9763666393499904e+00
-1.0606348076945768e+01
-1.1092266743634026e+01
-1.1444493557818609e+01
-1.1673659781625179e+01
-1.1790524970396195e+01
-1.1805853703653113e+01
-1.1730302195609267e+01
-1.1574315635765970e+01
-1.1348036865882392e+01
-1.1061226763595148e+01
-1.0723196479517799e+01
-1.0342751466876956e+01
-9.9281470541310739e+00
-9.4870551433052395e+00
-9.0265414719139354e+00
-8.5530527548929420e+00
-8.0724129256923440e+00
-7.5898276218657532e+00
-7.1098960097731485e+00
-6.6366290138054582e+00
-6.1734730068109984e+00
-5.7233380276151529e+00
-5.2886296171647222e+00
-4.8712834044945552e+00
-4.4728016248184836e+00
-4.0942908128231137e+00
-3.7364999818780307e+00
-3.3998586725449611e+00
-3.0845143292056849e+00
-2.7903685402965950e+00
-2.5171117532490399e+00
-2.2642561491082529e+00
-2.0311664320691860e+00
-1.8170883551274664e+00
-1.6211748637983057e+00
-1.4425097949869312e+00
-1.2801291169684452e+00
-1.1330397390781481e+00
-1.0002359560980874e+00
-8.8071362243372653e-01
-7.7348217529227414e-01
-6.7757464468277107e-01
-5.9205580147945858e-01
-5.1602860323493716e-01
-4.4863910205912755e-01
-3.8907997948650119e-01
-3.3659287080553990e-01
-2.9046963644426449e-01
-2.5005273061465505e-01
-2.1473480874471285e-01
-1.8395770512266482e-01
-1.5721090136373309e-01
-1.3402959488399144e-01
-1.1399246519299533e-01
-9.6719224322671729e-02
-8.1868026720646747e-02
-6.9132803162643031e-02
-5.8240573535147257e-02
-4.8948783744302546e-02
-4.1042703781040274e-02
-3.4332916148703402e-02
-2.8652917071396548e-02
-2.3856846814577840e-02
-1.9817360337415272e-02
-1.6423644835711907e-02
-1.3579587119808870e-02
-1.1202090628341521e-02
-9.2195392088836245e-03
-7.5704030716092574e-03
-6.2019805559835276e-03
-5.0692683854819693e-03
-4.1339523082217604e-03
-3.3635095604317550e-03
-2.7304144163311870e-03
-2.2114380266646241e-03
-1.7870340428982881e-03
-1.4408017184154335e-03
-1.1590185334554401e-03
-9.3023504577795430e-04
-7.4492491696722784e-04
-5.9518376785280315e-04
-4.7447099273980470e-04
-3.7738919788523153e-04
-2.9949641494254729e-04
-2.3714679749440603e-04
-1.8735593800957680e-04
-1.4768733552568552e-04
-1.1615706866859566e-04
-9.1153976435999736e-05
-7.1373026103418142e-05
-5.5759903337536635e-05
-4.3465053295094105e-05
-3.3805675016363571e-05
-2.6234387830550515e-05
-2.0313514202137775e-05
-1.5693967838826430e-05
-1.2098030222126983e-05
-9.3053279210190384e-06
-7.1414190939377134e-06
-5.4685654923183626e-06
-4.1782992979288908e-06
-3.1853955347028105e-06
-2.4230672966064812e-06
-1.8391042084139587e-06
-1.3927950755167888e-06
-1.0524681543272666e-06
-7.9354151004301712e-07
-5.9699645902348455e-07
-4.4814077826555833e-07
-3.3566172186140215e-07
-2.5085973901043287e-07
-1.8707029951389308e-07
-1.3919303354659670e-07
-1.0334289159104973e-07
-7.6556071490713100e-08
-5.6588375995693867e-08
-4.1738553819012218e-08
-3.0718514678755402e-08
-2.2555090463240825e-08
-1.6526590498387021e-08
-1.2084274479032263e-08
-8.8144188431602758e-09
-6.4130056645488557e-09
-4.6605663419561858e-09
-3.3772960798963793e-09
-2.4423552961397036e-09
-1.7639611269908136e-09
-1.2695400163978264e-09
-9.1031183922331345e-10
-6.5411787562006312e-10
-4.6694284090296543e-10
-3.3358611621528755e-10
-2.3856186608090491e-10
-1.6843884501080671e-10
-1.1878050932706983e-10
-8.5805382382985291e-11
-6.1040887604115390e-11
-3.9845018402314493e-11
-2.9909671135770577e-11
-2.0381784296068163e-11
-1.2943494329751031e-11
-1.0355841348353436e-11
-7.0566988948685586e-12
-3.3911375968490964e-12
-4.5820774184319855e-12
-3.2188424662650667e-12
-1.4727181741369446e-12
-1.6036058240339956e-13
-2.3242229380646409e-12
3.5147098644446188e-13
-8.5654064230600243e-13
-1.2489177441163669e-12
-4.1789986148422462e-13
1.1682484833759518e-12
-1.1728747671835127e-12
1.7372415823427744e-13
9.8970581701613355e-13
-2.0060140753434801e-12
-1.1847330721567287e-12
2.1736547665553831e-13
-1.4183521292201239e-12
-1.1425471913863011e-12
1.7533379218262890e-12
3.7158521437844634e-13
5.4882482430843474e-13
1.5057632587159842e-12
-2.1961613157222810e-12
2.3179649596153671e-13
3.9685605837902345e-14
-6.5020291430460241e-13
-1.1219629909220586e-13
1.0854069494189080e-12
2.0918189024798270e-13
-9.8594682070259420e-13
1.5422802130578585e-13
-3.0346604238400538e-13
-5.2205503458330831e-13
3.8045829388025777e-13
6.6223678393138903e-13
-2.2567996306516877e-12
6.6628612536954583e-13
1.1273399867410865e-12
-2.4022016109242699e-12
9.5150156941025233e-13
-1.4401030820268628e-12
-7.4397293003278312e-13
1.5303467024900695e-12
1.0740953670804036e-12
2.6171461829659450e-13
9.0068977272358244e-13
7.4948026388113811e-14
5.3059808673766581e-13
-5.8628576355018825e-14
1.5059120336272997e-12
-4.6958816232864268e-14
-8.8636642192698984e-13
4.8146834263011733e-13
1.2068046247538404e-12
-4.0972499477208297e-13
1.6801374676583747e-12
-1.8744388271002786e-12
1.0427227385360922e-12
2.1941210146699352e-12
2.4554774656710131e-12
-8.4921151352027462e-13
1.1762014408842857e-12
-6.4343969997029618e-13
9.6723046083719125e-13
-9.7345809300853808e-13
7.5981539613520898e-13
-3.0666806301007357e-12
1.2125199959890276e-12
8.3992397189104267e-13
1.0737684761746832e-12
-4.9155620476928926e-13
4.1538279964920943e-13
-1.6512061178406179e-12
-4.6657445074580404e-13
-1.7610147897808432e-12
1.7079046004398000e-12
-6.1934947853221730e-13
1.4970543805805609e-12
-1.7712786454670627e-12
1.1159732175169015e-13
1.5777758604073294e-12
1.4461058026806485e-13
-1.8851628091454680e-12
-4.8515140140466911e-13
-1.1624943478894464e-13
-7.3634541523380069e-13
1.2277746697848334e-12
-6.5247122181192571e-13
7.4671445311540102e-14
-1.0572418822442910e-13
-1.2355821017932862e-12
-8.9065787230751443e-13
-7.9015420143633211e-13
-5.6732097963883837e-13
-2.2031057297423647e-13
-1.7864513724956450e-12
1.3259085618273868e-12
-5.1427320030811069e-14
3.9893849401509362e-13
-1.8797588691892014e-12
1.0140155306611556e-12
-2.8201714084329267e-12
1.5991617472978271e-12
3.7833715498248385e-13
1.9748938830121260e-12
-1.3630286284348462e-12
3.1117349868350301e-13
-2.8680686296763419e-13
9.9111489999862615e-13
-1.0059697455127769e-12
-8.0687684971589152e-13
-1.5446951157961416e-13
-6.9415562290167133e-13
5.7974775450997595e-13
3.1449091885727941e-13
1.9881010057386852e-12
1.3657077144888184e-12
9.7397324506587774e-13
-5.0096959484094915e-13
3.0683075335228958e-13
-4.0156183535074458e-14
1.2538388080426213e-12
4.1557371047477286e-13
-3.8941316960789551e-13
2.1043392124152433e-12
-3.2700686903996603e-13
2.2253411727501589e-13
-4.1016215768833140e-13
7.0075938387008700e-13
-2.1569937500936414e-13
-2.6860313298282063e-13
-9.2838605129156852e-15
-8.3294158713930552e-13
1.3337094151670873e-13
4.0986662256238943e-13
1.0437679934529320e-13
-2.3050792605487368e-12
6.6157119545837339e-13
1.7639375679192605e-13
-1.0543541313759308e-12
9.1100018800759321e-13
7.9772146619440328e-13
3.5356690499131022e-14
-3.8966280893266449e-13
