-2.5633486126608516e-14
-3.4228344518690148e-14
-2.5708916934272934e-14
0.0000000000000000e+00
0.0000000000000000e+00
0.0000000000000000e+00
-1.7238933797020984e-14
-8.6318269101172431e-15
-1.2966221543730997e-14
-2.5969287111514798e-14
-8.6686707161899631e-15
4.3404362576855774e-15
-4.3465171088462326e-15
-1.3057733409929228e-14
-4.3586182330562461e-15
1.0911595725791043e-14
-8.7412757351493226e-15
8.7532337151445917e-15
1.3147725459932199e-14
2.6331075888327959e-14
3.0761004647346430e-14
2.2001624044765571e-14
2.5335645762145989e-14
3.0884367442397379e-14
2.7611777437181883e-14
2.8754016540774475e-14
1.7717935097601839e-14
4.0471665843611247e-14
2.0539609178179313e-14
1.7786881014420124e-14
3.7289034009984362e-14
2.8977660588142737e-14
4.2405711672206062e-14
3.7989851991643898e-14
5.4259462448419900e-14
5.9367918228401094e-14
5.8880921136027933e-14
8.8430551729050333e-14
1.1945774979316480e-13
1.5590711029183561e-13
1.6285904813695771e-13
2.3132519731017999e-13
3.5192434028256339e-13
5.0108833537157127e-13
6.9307213841851048e-13
1.0181621432281516e-12
1.4859047951380887e-12
2.1570261668602834e-12
3.1198352628039136e-12
4.5234130273785693e-12
6.5323380400215285e-12
9.4032590875156170e-12
1.3503694141052447e-11
1.9341244894555910e-11
2.7668605153043793e-11
3.9512415700874695e-11
5.6232134975728363e-11
7.9924095357344777e-11
1.1336100315469233e-10
1.6044241911080451e-10
2.2655583655512193e-10
3.1925627926768446e-10
4.4898938863850103e-10
6.3005257421070240e-10
8.8230714397939657e-10
1.2329832820903497e-09
1.7194417240447914e-09
2.3927843789095383e-09
3.3228197439698639e-09
4.6046675784914657e-09
6.3676602250632197e-09
8.7872259005245090e-09
1.2100745146991133e-08
1.6628828106110283e-08
2.2803473813409112e-08
3.1205324369171850e-08
4.2613297119221778e-08
5.8069802131929047e-08
7.8966793649364612e-08
1.0715869001739946e-07
1.4511061369242461e-07
1.9609188592416902e-07
2.6442892029474104e-07
3.5583366022021239e-07
4.7783050244925262e-07
6.4030881447276374e-07
8.5623681705272726e-07
1.1425812912245858e-06
1.5214898983992201e-06
2.0218076539281177e-06
2.6810157624738087e-06
3.5477064879027239e-06
4.6847322369544433e-06
6.1732041188502563e-06
8.1175557599938476e-06
1.0651939743247234e-05
1.3948287751143967e-05
1.8226440964718209e-05
2.3766849949022716e-05
3.0926455831183659e-05
4.0158497689836199e-05
5.2037154307594720e-05
6.7288120403496076e-05
8.6826447478938220e-05
1.1180325398643327e-04
1.4366323188154081e-04
1.8421525745082623e-04
2.3571886385632699e-04
3.0098985495161237e-04
3.8352895126366035e-04
4.8767806802093965e-04
6.1880964398294716e-04
7.8355538341435800e-04
9.9008185368566846e-04
1.2484216154006759e-03
1.5708699607585139e-03
1.9724589199640080e-03
2.4715219723982569e-03
3.0903648913101146e-03
3.8560603603107692e-03
4.8013864479404750e-03
5.9659317107382632e-03
7.3973926276823393e-03
9.1530922424643557e-03
1.1301752302047528e-02
1.3925554812801904e-02
1.7122532771324969e-02
2.1009333826163195e-02
2.5724404751834847e-02
3.1431648804599609e-02
3.8324612210893810e-02
4.6631260122856899e-02
5.6619406256609855e-02
6.8602863977996337e-02
8.2948389675192885e-02
1.0008349168449374e-01
1.2050517963313494e-01
1.4478972961171024e-01
1.7360353986778210e-01
2.0771514946289521e-01
2.4800848829920272e-01
2.9549742081479463e-01
3.5134163718504580e-01
4.1686393475681133e-01
4.9356891839943196e-01
5.8316313120237229e-01
6.8757660623255024e-01
8.0898580565729383e-01
9.4983788526411017e-01
1.1128761901346933e+00
1.3011668509050263e+00
1.5181263096815698e+00
1.7675495604116511e+00
2.0536388405453989e+00
2.3810324595323529e+00
2.7548333955494160e+00
3.1806372354903920e+00
3.6645589754438905e+00
4.2132581405886294e+00
4.8339616257450100e+00
5.5344836020064694e+00
6.3232417823434277e+00
7.2092692913883374e+00
8.2022213434502920e+00
9.3123758999550450e+00
1.0550627454813769e+01
1.1928473085582729e+01
1.3457989911568381e+01
1.5151803119097130e+01
1.7023043750729901e+01
1.9085295510832047e+01
2.1352529915958776e+01
2.3839029216053770e+01
2.6559296632209957e+01
2.9527953599035101e+01
3.2759623864357586e+01
3.6268804485459512e+01
4.0069723968025919e+01
4.4176188019759692e+01
4.8601413632719414e+01
5.3357852463866855e+01
5.8457004748404643e+01
6.3909225251010845e+01
6.9723523031228012e+01
7.5907357065761559e+01
8.2466430026573434e+01
8.9404482753406242e+01
9.6723092176514044e+01
1.0442147563361374e+02
1.1249630467818722e+02
1.2094153158825910e+02
1.2974823185005644e+02
1.3890446590447280e+02
1.4839516340169996e+02
1.5820203310731253e+02
1.6830350143909911e+02
1.7867468238678674e+02
1.8928738127654887e+02
2.0011013449023170e+02
2.1110828683840899e+02
2.2224410782097419e+02
2.3347694749471751e+02
2.4476343211133226e+02
2.5605769909997025e+02
2.6731167035540818e+02
2.7847536216671659e+02
2.8949722949345221e+02
3.0032454167885408e+02
3.1090378609464057e+02
3.2118109565220448e+02
3.3110269560243506e+02
3.4061536459272907e+02
3.4966690456579664e+02
3.5820661378036107e+02
3.6618575701713900e+02
3.7355802691133823e+02
3.8027999033024577e+02
3.8631151379428360e+02
3.9161616212303323e+02
3.9616156477289735e+02
3.9991974471678100e+02
4.0286740519283666e+02
4.0498617021125193e+02
4.0626277534570340e+02
4.0668920603818987e+02
4.0626278139976870e+02
4.0498618228133523e+02
4.0286742320324100e+02
3.9991976855495142e+02
3.9616159429059161e+02
3.9161619713785723e+02
3.8631155409156855e+02
3.8028003566523950e+02
3.7355807701167953e+02
3.6618581158558101e+02
3.5820667249770389e+02
3.4966696709399099e+02
3.4061543057810593e+02
3.3110276467902185e+02
3.2118116744508103e+02
3.1090386022329483e+02
3.0032461776049479e+02
2.8949730714623877e+02
2.7847544101286962e+02
2.6731175002416649e+02
2.5605777923036260e+02
2.4476351235473820e+02
2.3347702751719345e+02
2.2224418730532702e+02
2.1110836548600244e+02
2.0011021202251655e+02
1.8928745743631140e+02
1.7867475693911427e+02
1.6830357417206690e+02
1.5820210383239740e+02
1.4839523195393278e+02
1.3890453214234222e+02
1.2974829565518061e+02
1.2094159286484417e+02
1.1249636335229260e+02
1.0442153165224651e+02
9.6723145506574610e+01
8.9404533380509051e+01
8.2466477953765690e+01
7.5907402312163626e+01
6.9723565630617159e+01
6.3909265250370346e+01
5.8457042206458596e+01
5.3357887449619170e+01
4.8601446224014367e+01
4.4176218301879445e+01
4.0069752032338855e+01
3.6268830428130357e+01
3.2759647785129886e+01
2.9527975600093100e+01
2.6559316817126518e+01
2.3839047688828053e+01
2.1352546780146358e+01
1.9085310868768431e+01
1.7023057702847225e+01
1.5151815763332090e+01
1.3458001342858919e+01
1.1928483395449511e+01
1.0550636731022264e+01
9.3123842262529628e+00
8.2022287993750123e+00
7.2092759521382161e+00
6.3232477187073846e+00
5.5344888803451635e+00
4.8339663080179704e+00
4.2132622844209173e+00
3.6645626342270869e+00
3.1806404585118222e+00
2.7548362281449155e+00
2.3810349432571627e+00
2.0536410133592411e+00
1.7675514568738098e+00
1.5181279611521310e+00
1.3011682857492444e+00
1.1128774339277525e+00
9.4983896099358378e-01
8.0898673392151266e-01
6.8757740543283241e-01
5.8316381772848158e-01
4.9356950680622302e-01
4.1686443793196898e-01
3.5134206650718564e-01
2.9549778630147605e-01
2.4800879874484164e-01
2.0771541256649725e-01
1.7360376235068939e-01
1.4478991732566379e-01
1.2050533765888009e-01
1.0008362442144689e-01
8.2948500922527105e-02
6.8602957007917756e-02
5.6619483879852328e-02
4.6631324747598575e-02
3.8324665894785455e-02
3.1431693301416409e-02
2.5724441552385999e-02
2.1009364194531401e-02
1.7122557776550647e-02
1.3925575356726422e-02
1.1301769143523727e-02
9.1531060184592387e-03
7.3974038713926658e-03
5.9659408675686526e-03
4.8013938888846865e-03
3.8560663936484875e-03
3.0903697726034438e-03
2.4715259130078187e-03
1.9724620941911877e-03
1.5708725121201920e-03
1.2484236615916029e-03
9.9008349119565739e-04
7.8355669102670594e-04
6.1881068590358482e-04
4.8767889635326387e-04
3.8352960840254272e-04
3.0099037513057548e-04
2.3571927471954777e-04
1.8421558124188093e-04
1.4366348656433601e-04
1.1180345384521300e-04
8.6826603977413654e-05
6.7288242662308064e-05
5.2037249637592915e-05
4.0158571831236622e-05
3.0926513398067475e-05
2.3766894557856263e-05
1.8226475436767007e-05
1.3948314332051444e-05
1.0651960186989031e-05
8.1175714248426467e-06
6.1732160887521631e-06
4.6847413483840853e-06
3.5477134148324442e-06
2.6810210270849807e-06
2.0218116073772017e-06
1.5214928388669971e-06
1.1425834533840190e-06
8.5623841839197252e-07
6.4030998256420201e-07
4.7783128578519392e-07
3.5583422565323012e-07
2.6442934034170832e-07
1.9609218370034784e-07
1.4511079708345089e-07
1.0715883236278213e-07
7.8966883960535224e-08
5.8069846386138875e-08
4.2613297343180068e-08
3.1205315014296419e-08
2.2803464545867665e-08
1.6628834943722535e-08
1.2100720399806167e-08
8.7871835358173673e-09
6.3676080558764882e-09
4.6045899795768856e-09
3.3227179625584732e-09
2.3926990498202743e-09
1.7193840681235257e-09
1.2329264098004155e-09
8.8226838979116363e-10
6.3000398439476856e-10
4.4890386905146542e-10
3.1920317532606743e-10
2.2650740254751060e-10
1.6039173368259602e-10
1.1333108531310292e-10
7.9887313767742065e-11
5.6202282894926158e-11
3.9434427651772772e-11
2.7613616206068542e-11
1.9286317681507827e-11
1.3423682410066021e-11
9.3484562176515166e-12
6.4867211542671888e-12
4.4641792128674419e-12
3.0845636022835193e-12
2.0956566131139950e-12
1.4348232704771154e-12
9.6940827668159237e-13
6.5230318909977455e-13
4.4792546457594182e-13
2.9487079554975623e-13
1.6249184591544356e-13
8.4528917718144126e-14
2.0262295922404631e-14
-2.6983397600338405e-14
-5.4461990588684980e-14
-9.2527161785186755e-14
-8.0370719488448655e-14
-8.2228257524924996e-14
-1.0056137291905737e-13
-7.8115784659326967e-14
-9.5849185022318281e-14
-9.4057414144587429e-14
-9.8939525642711949e-14
-7.6052066416501779e-14
-5.2114199853417223e-14
-6.8656998503207132e-14
-4.6448795950481853e-14
-2.2089421949745506e-14
-3.6399433057111197e-14
-2.2030996314909555e-14
-4.2903166887292871e-14
-5.2733150824022456e-14
-2.4136819564300627e-14
-2.6295450919864399e-14
-2.4071392716647625e-14
-1.5297232536511315e-14
-1.7458553161265668e-14
-6.5379273495843687e-15
-1.3057733409929228e-14
-1.3039551326538698e-14
-4.3404362576855774e-15
-8.6686707161899631e-15
-1.7312858074343199e-14
-2.1610369239551664e-14
-2.5895480730351731e-14
-3.8787601043297212e-14
-4.3035339399561070e-14
-5.1567780442142600e-14
-5.1492922197977803e-14
-5.1417833868545868e-14
-5.1342516778035228e-14
-5.1266972253217031e-14
-7.6786802435109727e-14
-6.8153608293898712e-14
-5.9545485274982732e-14
-5.0962546434518957e-14
-6.7847846303219381e-14
-6.7745338131595941e-14
-8.4553173986884979e-14
-5.0654588453753693e-14
-6.7436076175780740e-14
-6.7332415702455408e-14
-8.4035589568987139e-14
-6.7124245840299920e-14
-1.1728454511702706e-13
-8.3643695183390932e-14
-1.0021484384143749e-13
-6.6704561126695140e-14
-4.9949215247678621e-14
-8.3116344158849505e-14
-4.9790195956377687e-14
-6.6280513334867565e-14
-8.2717291669437918e-14
-9.9100334663350187e-14
-9.8939526733273906e-14
-9.8778328967293588e-14
-9.8616744122826520e-14
-1.3127303328057683e-13
-1.6382070707289437e-13
-1.6354949123225021e-13
-9.7966589216794035e-14
-1.6300518408070106e-13
-1.6273210201555996e-13
-1.2996672570309630e-13
-1.6218410405459987e-13
-1.6190919743091766e-13
-1.2930695352005206e-13
-1.2908607368658129e-13
-1.2886472216432062e-13
-1.2864290267621704e-13
-1.2842061894806248e-13
-6.4098937354195424e-14
-1.2797467368837524e-13
-9.5813264716293758e-14
-7.9704322652864423e-14
-9.5476775471567437e-14
-6.3538688257473909e-14
-7.9282467278740651e-14
-9.4969563325040134e-14
-9.4799842967945067e-14
-7.8858168728873505e-14
-9.4459444657882373e-14
-9.4288772331592079e-14
-9.4117788310857381e-14
-7.8288746176514669e-14
-6.2516597634396824e-14
-7.8002495206850204e-14
-6.2287194413702557e-14
-9.3258291388212976e-14
-6.2056997580996467e-14
-4.6456204695650300e-14
-4.6369516634530708e-14
-5.3996466315552707e-14
-6.1594283257576715e-14
-4.6108599135369237e-14
