-1.5258317647211989e-01
-1.7747647936545810e-01
-2.0458142173759156e-01
-2.3431352577739434e-01
-2.6690843754768540e-01
-3.0271558131150350e-01
-3.4205282939802989e-01
-3.8529742189869454e-01
-4.3280981625107462e-01
-4.8497931967942692e-01
-5.4220375672975663e-01
-6.0492475517830757e-01
-6.7358427803537413e-01
-7.4865127194205194e-01
-8.3061406496708845e-01
-9.1998180594241274e-01
-1.0172780490722979e+00
-1.1230500039675162e+00
-1.2378554353098290e+00
-1.3622722623153536e+00
-1.4968872330132796e+00
-1.6423015096317790e+00
-1.7991217807482884e+00
-1.9679627246660518e+00
-2.1494392377795304e+00
-2.3441668544503123e+00
-2.5527542707369659e+00
-2.7758022783356089e+00
-3.0138962211580265e+00
-3.2676037334179626e+00
-3.5374669958771574e+00
-3.8239994753592774e+00
-4.1276779689157550e+00
-4.4489385236452472e+00
-4.7881683365996555e+00
-5.1457010458515828e+00
-5.5218086158068118e+00
-5.9166962150617994e+00
-6.3304942689416190e+00
-6.7632531682359467e+00
-7.2149357148109168e+00
-7.6854119327158950e+00
-8.1744521680755948e+00
-8.6817222963916336e+00
-9.2067777629477519e+00
-9.7490594942009441e+00
-1.0307889177734216e+01
-1.0882466188894295e+01
-1.1471864407880537e+01
-1.2075030463171686e+01
-1.2690782365974618e+01
-1.3317809348139024e+01
-1.3954672559662344e+01
-1.4599806740307638e+01
-1.5251523173245214e+01
-1.5908013377129993e+01
-1.6567354437668488e+01
-1.7227514843326411e+01
-1.7886362225266787e+01
-1.8541671390576024e+01
-1.9191134386652919e+01
-1.9832370722625555e+01
-2.0462939525747505e+01
-2.1080351910989577e+01
-2.1682084783328911e+01
-2.2265595375703512e+01
-2.2828335902221902e+01
-2.3367770524118342e+01
-2.3881389557587561e+01
-2.4366729308984652e+01
-2.4821384878650228e+01
-2.5243030926301376e+01
-2.5629437802377520e+01
-2.5978482030892124e+01
-2.6288176925007466e+01
-2.6556673481985992e+01
-2.6782274074795723e+01
-2.6963469306158146e+01
-2.7098933692417035e+01
-2.7187524152800798e+01
-2.7228303989376041e+01
-2.7220565856037648e+01
-2.7163837423917158e+01
-2.7057878975056521e+01
-2.6902682387391106e+01
-2.6698473002035470e+01
-2.6445712847875871e+01
-2.6145102598545680e+01
-2.5797581979900070e+01
-2.5404326632635829e+01
-2.4966740694511781e+01
-2.4486443150540129e+01
-2.3965252334195501e+01
-2.3405177079340355e+01
-2.2808417468973694e+01
-2.2177354317946456e+01
-2.1514515197221385e+01
-2.0822555387623854e+01
-2.0104258732655484e+01
-1.9362506373981205e+01
-1.8600255830391376e+01
-1.7820529320305035e+01
-1.7026386829916287e+01
-1.6220909100336794e+01
-1.5407177676041051e+01
-1.4588253858887530e+01
-1.3767161378786305e+01
-1.2946866332889421e+01
-1.2130260770879621e+01
-1.1320145092953410e+01
-1.0519213020127344e+01
-9.7300367671528214e+00
-8.9550541177030354e+00
-8.1965565418515940e+00
-7.4566789004235590e+00
-6.7373906469455962e+00
-6.0404884734530047e+00
-5.3675906702442360e+00
-4.7201328458723806e+00
-4.0993654216721724e+00
-3.5063524053150568e+00
-2.9419718903169225e+00
-2.4069177303257603e+00
-1.9017028105364393e+00
-1.4266633585674982e+00
-9.8196466360149159e-01
-5.6760767063630813e-01
-1.8343675024124659e-01
1.7085184200420694e-01
4.9570059392014804e-01
7.9168086999937570e-01
1.0594824154463454e+00
1.2999025546830945e+00
1.5138350544267689e+00
1.7022588504282592e+00
1.8662267381603137e+00
2.0068540593642004e+00
2.1253076561544417e+00
2.2227948985036607e+00
2.3005532914436699e+00
2.3598401583649640e+00
2.4019232365337455e+00
2.4280712521027827e+00
2.4395457829258533e+00
2.4375928708521002e+00
2.4234363811893744e+00
2.3982706950595758e+00
2.3632557627810846e+00
2.3195107983802701e+00
2.2681112231498934e+00
2.2100831420455118e+00
2.1464023961608145e+00
2.0779895021484038e+00
2.0057108804638148e+00
1.9303743865974246e+00
1.8527314067071754e+00
1.7734758462170330e+00
1.6932414359881940e+00
1.6126108073788816e+00
1.5321056329221590e+00
1.4521927376975761e+00
1.3732985648938787e+00
1.2957863065736028e+00
1.2199679738800056e+00
1.1461251492467004e+00
1.0745009966834280e+00
1.0052868466555769e+00
9.3862706717833833e-01
8.7463171971586762e-01
8.1338591091960522e-01
7.5495208571120820e-01
6.9936965087001990e-01
6.4665364541897730e-01
5.9679493705869524e-01
5.4976143023694557e-01
5.0550219101646954e-01
4.6395388321839359e-01
4.2504812576057893e-01
3.8871171320073000e-01
3.5485707130353938e-01
3.2337719555727490e-01
2.9416276131483166e-01
2.6711337548051101e-01
2.4211936595168823e-01
2.1906757752414430e-01
1.9785236356111469e-01
1.7836500431031299e-01
1.6049989612897866e-01
1.4415509560864012e-01
1.2923018211027856e-01
1.1562943103857388e-01
1.0325986877827707e-01
9.2032836156226275e-02
8.1863349143199968e-02
7.2670533630484355e-02
6.4377530528115082e-02
5.6911539310239859e-02
5.0203788987091338e-02
4.4189536203776331e-02
3.8807917502185832e-02
3.4002031710525585e-02
2.9718615229999652e-02
2.5908252156943427e-02
2.2524860812330124e-02
1.9526043195091648e-02
1.6872387661375554e-02
1.4527958616357431e-02
1.2459426037678245e-02
1.0636693929391190e-02
9.0318687542669026e-03
7.6200257830145559e-03
6.3780278264728030e-03
5.2854303082446553e-03
4.3231591914287167e-03
3.4745578444876101e-03
2.7239291685030457e-03
2.0577296804265600e-03
1.4629755974160000e-03
9.2859232163742416e-04
4.4367751868538318e-04
-9.8214226545007476e-07
-4.1480649245558736e-04
-8.0572084063287831e-04
-1.1822366209105208e-03
-1.5515413493770588e-03
-1.9218057252276865e-03
-2.3000282565265192e-03
-2.6946303877834325e-03
-3.1130015006719538e-03
-3.5644740243624350e-03
-4.0574845988511580e-03
-4.6030702749882274e-03
-5.2115078565778414e-03
-5.8965602928372322e-03
-6.6713495934914826e-03
-7.5537568827128967e-03
-8.5610554137846660e-03
-9.7172271686420050e-03
-1.1045430083130942e-02
-1.2578558446941260e-02
-1.4348282984673276e-02
-1.6399666041683823e-02
-1.8778414763689320e-02
-2.1543659813349325e-02
-2.4764709016090420e-02
-2.8522705730761950e-02
-3.2907810496285703e-02
-3.8050852116612272e-02
-4.4077118088946252e-02
-5.1151018826812708e-02
-5.9461005913782367e-02
-6.9272154988235538e-02
-8.0851244351783716e-02
-9.4571368432330660e-02
-1.1076920544562477e-01
-1.3007868338607165e-01
