-1.7088990751072340e-14
-8.5570861296725354e-15
1.7139277956181952e-14
8.5821536996629656e-15
2.5783890221071294e-14
1.7214135759824425e-14
1.7238933797020981e-14
1.7263653820234483e-14
1.7288295391641327e-14
8.6564290371715979e-15
2.1671676790474904e-14
1.3021308773056729e-14
8.6930342176924635e-15
1.7410311213238969e-14
1.5255163815696855e-14
8.7292765806328309e-15
2.1853189337873300e-14
4.8142785433295245e-14
3.5060601226485857e-14
4.3885126480546589e-14
6.1522009294692847e-14
4.2903166887292858e-14
4.6265092261310056e-14
5.4047643024195407e-14
5.3014612679389209e-14
6.1931727933975774e-14
6.4227514728806654e-14
4.6015729657804560e-14
6.1618827534537927e-14
3.7797122155642756e-14
5.5655274641767678e-14
5.8512583879903585e-14
6.6119432015216017e-14
8.3801144099214458e-14
7.7193874411154071e-14
8.9051877342601615e-14
1.0822874075479419e-13
1.1846886612590234e-13
1.4784653268518751e-13
1.7448088155403985e-13
1.9498003686985245e-13
2.6969132759577076e-13
3.7734423645064572e-13
5.2371083358247724e-13
7.3610602936606486e-13
1.0431059819263915e-12
1.5301754498442651e-12
2.1774826847757118e-12
3.1494179458210183e-12
4.5598646055392620e-12
6.5688315486250001e-12
9.4534950515577088e-12
1.3537984882903771e-11
1.9380151670464963e-11
2.7712138069399190e-11
3.9510121934724632e-11
5.6255098114806971e-11
7.9944785001496292e-11
1.1336560589955220e-10
1.6044241911080446e-10
2.2656044931775157e-10
3.1926320586876484e-10
4.4897320925716987e-10
6.3005951561297847e-10
8.8233431013831076e-10
1.2329891059722482e-09
1.7194437096788147e-09
2.3927869520221735e-09
3.3228305615099601e-09
4.6046751647838140e-09
6.3676885475760840e-09
8.7872426025104096e-09
1.2100759242178975e-08
1.6628866860855251e-08
2.2803510325705708e-08
3.1205379008306520e-08
4.2613365041834745e-08
5.8069871277985941e-08
7.8966889289319392e-08
1.0715881262765862e-07
1.4511075468805308e-07
1.9609214665345046e-07
2.6442921396724301e-07
3.5583402642654157e-07
4.7783104140189919e-07
6.4030954985647085e-07
8.5623774414390800e-07
1.1425824765385417e-06
1.5214914891519400e-06
2.0218097004587347e-06
2.6810184551461004e-06
3.5477100448321056e-06
4.6847368671795746e-06
6.1732101391157226e-06
8.1175636434609472e-06
1.0651950018999331e-05
1.3948301098901176e-05
1.8226458223239292e-05
2.3766872266388353e-05
3.0926484585902094e-05
4.0158534719400415e-05
5.2037201937042117e-05
6.7288181522721967e-05
8.6826525676751950e-05
1.1180335388300158e-04
1.4366335918727314e-04
1.8421541930725634e-04
2.3571906924141188e-04
3.0099011500135138e-04
3.8352927973508288e-04
4.8767848204496337e-04
6.1881016476401951e-04
7.8355603698902852e-04
9.9008267213262884e-04
1.2484226380638640e-03
1.5708712358869176e-03
1.9724605063648568e-03
2.4715239417828975e-03
3.0903673307674791e-03
3.8560633754896258e-03
4.8013901665433052e-03
5.9659362868436372e-03
7.3973982466446235e-03
9.1530991268998808e-03
1.1301760718399494e-02
1.3925565079385379e-02
1.7122545267357851e-02
2.1009349002323548e-02
2.5724423142371652e-02
3.1431671041230617e-02
3.8324639038609595e-02
4.6631292418086563e-02
5.6619445047623895e-02
6.8602910468260572e-02
8.2948445269291696e-02
1.0008355801766532e-01
1.2050525860395213e-01
1.4478982341872090e-01
1.7360365104999140e-01
2.0771528094460581e-01
2.4800864343933696e-01
2.9549760346076032e-01
3.5134185173170496e-01
4.1686418621030574e-01
4.9356921244602736e-01
5.8316347428245896e-01
6.8757700561965762e-01
8.0898626954196518e-01
9.4983842284207265e-01
1.1128768116996091e+00
1.3011675679445502e+00
1.5181271349764593e+00
1.7675505081370055e+00
2.0536399263728424e+00
2.3810337007323170e+00
2.7548348110916319e+00
3.1806388461413966e+00
3.6645608038595263e+00
4.2132602113993913e+00
4.8339639656323836e+00
5.5344862397676948e+00
6.3232447489417138e+00
7.2092726199863071e+00
8.2022250694235019e+00
9.3123800608825942e+00
1.0550632090443189e+01
1.1928478237765459e+01
1.3457995624163710e+01
1.5151809437840996e+01
1.7023050723065925e+01
1.9085303185702461e+01
2.1352538343552904e+01
2.3839038447512035e+01
2.6559306719282564e+01
2.9527964593693849e+01
3.2759635818361296e+01
3.6268817449873055e+01
4.0069737992694435e+01
4.4176203152739923e+01
4.8601429919671176e+01
5.3357869947408481e+01
5.8457023467437537e+01
6.3909245240018535e+01
6.9723544319556893e+01
7.5907379676890756e+01
8.2466453977382571e+01
8.9404508053450442e+01
9.6723118827316085e+01
1.0442150362798471e+02
1.1249633399958620e+02
1.2094156221020371e+02
1.2974826373559617e+02
1.3890449900573626e+02
1.4839519765952781e+02
1.5820206845098693e+02
1.6830353778617945e+02
1.7867471964306176e+02
1.8928741933611275e+02
2.0011017323569089e+02
2.1110832614122521e+02
2.2224414754194717e+02
2.3347698748460877e+02
2.4476347221162987e+02
2.5605773914379142e+02
2.6731171016853574e+02
2.7847540156876130e+02
2.8949726829913226e+02
3.0032457969938059e+02
3.1090382313919520e+02
3.2118113152949354e+02
3.3110273012230414e+02
3.4061539756781809e+02
3.4966693581321692e+02
3.5820664312337260e+02
3.6618578428680723e+02
3.7355805194814826e+02
3.8028001298565357e+02
3.8631153393218119e+02
3.9161617962110972e+02
3.9616157952387562e+02
3.9991975662951251e+02
4.0286741419323977e+02
4.0498617624307929e+02
4.0626277837112667e+02
4.0668920603819527e+02
4.0626277837435646e+02
4.0498617624951873e+02
4.0286741420284841e+02
3.9991975664223037e+02
3.9616157953962346e+02
3.9161617963979046e+02
3.8631153395368011e+02
3.8028001300984033e+02
3.7355805197487769e+02
3.6618578431592033e+02
3.5820664315469941e+02
3.4966693584657702e+02
3.4061539760302259e+02
3.3110273015915783e+02
3.2118113156779629e+02
3.1090382317874401e+02
3.0032457973997128e+02
2.8949726834056105e+02
2.7847540161082662e+02
2.6731171021103995e+02
2.5605773918654182e+02
2.4476347225444047e+02
2.3347698752730150e+02
2.2224414758435282e+02
2.1110832618318443e+02
2.0011017327705508e+02
1.8928741937674468e+02
1.7867471968283607e+02
1.6830353782498301e+02
1.5820206848871916e+02
1.4839519769610081e+02
1.3890449904107442e+02
1.2974826376963631e+02
1.2094156224289485e+02
1.1249633403088878e+02
1.0442150365787062e+02
9.6723118855767567e+01
8.9404508080459848e+01
8.2466454002951565e+01
7.5907379701029484e+01
6.9723544342283404e+01
6.3909245261357860e+01
5.8457023487421061e+01
5.3357869966072990e+01
4.8601429937058199e+01
4.4176203168894972e+01
4.0069738007666245e+01
3.6268817463712928e+01
3.2759635831122473e+01
2.9527964605430821e+01
2.6559306730050590e+01
2.3839038457366609e+01
2.1352538352549246e+01
1.9085303193895154e+01
1.7023050730508544e+01
1.5151809444585792e+01
1.3457995630261289e+01
1.1928478243264671e+01
1.0550632095390899e+01
9.3123800653235431e+00
8.2022250734001290e+00
7.2092726235387090e+00
6.3232447521076178e+00
5.5344862425826031e+00
4.8339639681293205e+00
4.2132602136090513e+00
3.6645608058104471e+00
3.1806388478598917e+00
2.7548348126018776e+00
2.3810337020564476e+00
2.0536399275311008e+00
1.7675505091478818e+00
1.5181271358566977e+00
1.3011675687092052e+00
1.1128768123623876e+00
9.4983842341520797e-01
8.0898627003647383e-01
6.8757700604536409e-01
5.8316347464807750e-01
4.9356921275936105e-01
4.1686418647823642e-01
3.5134185196029705e-01
2.9549760365532052e-01
2.4800864360454969e-01
2.0771528108461679e-01
1.7360365116831034e-01
1.4478982351850558e-01
1.2050525868793756e-01
1.0008355808817707e-01
8.2948445328339906e-02
6.8602910517594623e-02
5.6619445088752489e-02
4.6631292452297871e-02
3.8324639067003556e-02
3.1431671064721785e-02
2.5724423161791167e-02
2.1009349018319804e-02
1.7122545280492747e-02
1.3925565090118787e-02
1.1301760727153920e-02
9.1530991340391665e-03
7.3973982524320504e-03
5.9659362914987711e-03
4.8013901703110361e-03
3.8560633785079232e-03
3.0903673331671732e-03
2.4715239436705360e-03
1.9724605078610810e-03
1.5708712370499469e-03
1.2484226389865320e-03
9.9008267284265441e-04
7.8355603758578586e-04
6.1881016521515874e-04
4.8767848242981790e-04
3.8352928002762475e-04
3.0099011521866474e-04
2.3571906944210922e-04
1.8421541946811719e-04
1.4366335932876687e-04
1.1180335402438396e-04
8.6826525792018836e-05
6.7288181587096024e-05
5.2037202012599780e-05
4.0158534781345168e-05
3.0926484636578835e-05
2.3766872297890061e-05
1.8226458261473708e-05
1.3948301098901176e-05
1.0651949980829341e-05
8.1175635985816976e-06
6.1732100752227128e-06
4.6847367383494979e-06
3.5477099295630586e-06
2.6810184048569925e-06
2.0218095865447101e-06
1.5214913630772969e-06
1.1425823505772167e-06
8.5623759936210909e-07
6.4030940635426588e-07
4.7783089526368723e-07
3.5583395385879053e-07
2.6442911822129209e-07
1.9609203995696979e-07
1.4511073302013222e-07
1.0715878775282199e-07
7.8966844700593998e-08
5.8069833565705267e-08
4.2613311080051531e-08
3.1205345835419286e-08
2.2803501308105654e-08
1.6628852861171627e-08
1.2100734328792635e-08
8.7872074607300929e-09
6.3676340699125132e-09
4.6046235039859936e-09
3.3227427639695632e-09
2.3927194781563060e-09
1.7193780035529425e-09
1.2329506608793950e-09
8.8228691978065764e-10
6.3001092579704463e-10
4.4892698245336683e-10
3.1922626399633560e-10
2.2649125787830682e-10
1.6039173368259599e-10
1.1332648256824298e-10
7.9903405713193248e-11
5.6209171836649722e-11
3.9464246611723496e-11
2.7627363442812354e-11
1.9309204020277859e-11
1.3435112657349791e-11
9.3690072938505515e-12
6.5118104414320747e-12
4.4903787846704387e-12
3.1095951032979921e-12
2.1286143364221863e-12
1.4586613153189026e-12
9.7961257433087205e-13
6.5683307235741169e-13
4.4905658948648702e-13
2.7848908468588075e-13
1.7941807986496887e-13
8.1147761009418361e-14
1.8573771262204241e-14
-1.5740315266864063e-14
-6.4568339357719276e-14
-9.8134868560046538e-14
-9.1852250843941288e-14
-7.8592314164979337e-14
-9.4136618538117585e-14
-8.3974468508776470e-14
-6.5756999026939278e-14
-9.4613966891005082e-14
-9.7272005547610047e-14
-1.2046203220715973e-13
-6.3756733863223174e-14
-6.2012772841606416e-14
-6.0825804220869065e-14
-3.2029661827130979e-14
-2.5369301827683565e-14
-3.7452693735346237e-14
-3.8502842078339744e-14
-4.6141506971019635e-14
-3.0719588536382608e-14
-2.1912875766553662e-14
-1.3129850572716884e-14
-1.7482551470298639e-14
-1.5276234016107456e-14
-4.3586182330562453e-15
-8.7051556066194845e-15
-1.3039551326538695e-14
-1.3021308773056729e-14
4.3343353580949808e-15
-8.6564290371715979e-15
-1.7288295391641327e-14
-3.0211394185410345e-14
-3.0168134144786717e-14
-1.7214135759824425e-14
-3.4378520294761729e-14
-4.2910768498314830e-14
-4.2848194890454879e-14
-4.2785430648362685e-14
-5.9811467628753185e-14
-6.8254935497875299e-14
-5.9634407257161349e-14
-5.1038987378556623e-14
-5.9456304173605430e-14
-8.4809807879024208e-14
-5.0809003598696943e-14
-5.0731904392130980e-14
-3.3769725635835789e-14
-5.0577057131835536e-14
-5.0499311776841546e-14
-6.7228471655189698e-14
-5.0343184380224927e-14
-6.7019740066872607e-14
-1.0037243422006910e-13
-6.6809895894291643e-14
-8.3380701408368893e-14
-8.3248692079464351e-14
-6.6493075327079589e-14
-9.9580391912755350e-14
-8.2850641668584431e-14
-9.9260750003325486e-14
-9.9100334663350161e-14
-6.5959684488849250e-14
-6.5852219311529038e-14
-9.8616744122826495e-14
-9.8454774960432609e-14
-6.5528282829157731e-14
-9.8129694739350100e-14
-1.3062211895572535e-13
-1.3040414726456082e-13
-1.3018568161244797e-13
-9.7475044277322197e-14
-1.2974728324367986e-13
-1.2952735794473411e-13
-9.6980215140039017e-14
-9.6814555264935931e-14
-9.6648541623240443e-14
-6.4321451338108505e-14
-9.6315464211046832e-14
-9.6148406031293098e-14
-6.3987336844187608e-14
-9.5813264716293745e-14
-6.3763458122291534e-14
-6.3651183647711608e-14
-7.9423360321842367e-14
-7.9282467278740626e-14
-7.9141302770866770e-14
-7.8999869139954195e-14
-9.4629802474648185e-14
-7.8716203881568621e-14
-6.2859181554394707e-14
-4.7058894155428678e-14
-6.2630996941211723e-14
-6.2516597634396811e-14
-7.8002495206850179e-14
-4.6715395810276905e-14
-6.2172194258808638e-14
-4.6542748185747347e-14
-3.0970803130433531e-14
-4.6369516634530696e-14
-5.3996466315552695e-14
-3.8496427035985449e-14
-3.0739066090246149e-14
