1.1387263665919816e-12
4.5612173569378951e-13
1.1199798967139450e-12
7.0889261469309816e-13
2.8239687533685499e-12
-3.3591462918021607e-13
2.6809393277685453e-12
-1.7324541006353522e-12
-1.7681948244921603e-12
8.3654498954900598e-13
1.9480661217658050e-13
-1.9546779863572900e-13
-6.0195555140550436e-14
1.5800014719282916e-12
-1.3043127912421523e-12
-2.0788088252951774e-13
-2.4762584889678834e-12
-3.6886141681322420e-12
-3.8008032318663358e-12
-7.6192573995690596e-12
-9.0722855456956657e-12
-1.2840399563103538e-11
-1.7677611655269005e-11
-2.7845292543377780e-11
-3.7310607504737254e-11
-5.2596271580151889e-11
-7.4833223774471082e-11
-1.0888440454107382e-10
-1.5566049832608654e-10
-2.1650286912237263e-10
-3.0899087776879349e-10
-4.3239580206157416e-10
-6.0970941664100364e-10
-8.5347012093209117e-10
-1.1938855563616291e-09
-1.6668740800374839e-09
-2.3205148165805196e-09
-3.2200847059190052e-09
-4.4638946333053750e-09
-6.1657920728208422e-09
-8.5007687840520424e-09
-1.1690854662580029e-08
-1.6039463608894555e-08
-2.1955163226582544e-08
-2.9975934269425671e-08
-4.0830148898020853e-08
-5.5486542851281908e-08
-7.5212971227665754e-08
-1.0171360308938087e-07
-1.3722101772694717e-07
-1.8467506414050122e-07
-2.4793567843806842e-07
-3.3206391641127594e-07
-4.4365491137145159e-07
-5.9131413019627973e-07
-7.8619607191576345e-07
-1.0427641091449287e-06
-1.3796841265121503e-06
-1.8210051295212896e-06
-2.3975967406681597e-06
-3.1490134171237914e-06
-4.1257521394769563e-06
-5.3921201438658095e-06
-7.0297642610187413e-06
-9.1420637851016358e-06
-1.1859508060390446e-05
-1.5346336684343438e-05
-1.9808661635655014e-05
-2.5504331544893168e-05
-3.2754980215372356e-05
-4.1960550258173897e-05
-5.3616806071223586e-05
-6.8336377414980823e-05
-8.6873873779866353e-05
-1.1015578164247552e-04
-1.3931586617456338e-04
-1.7573691294192029e-04
-2.2109966239468900e-04
-2.7743990669053969e-04
-3.4721477644316105e-04
-4.3337915369998965e-04
-5.3947330230962075e-04
-6.6972268056941233e-04
-8.2915073982171947e-04
-1.0237054821604003e-03
-1.2604001443073250e-03
-1.5474681254170359e-03
-1.8945316242743469e-03
-2.3127829049095277e-03
-2.8151761315328475e-03
-3.4166266109430317e-03
-4.1342129131651095e-03
-4.9873755491301455e-03
-5.9981038480413033e-03
-7.1911000703383018e-03
-8.5939069226580057e-03
-1.0236980908137976e-02
-1.2153690082296068e-02
-1.4380209842651530e-02
-1.6955285106493544e-02
-1.9919821034003846e-02
-2.3316257729943342e-02
-2.7187676609630597e-02
-3.1576578034834692e-02
-3.6523260641533009e-02
-4.2063723262467011e-02
-4.8227000226360402e-02
-5.5031830127492229e-02
-6.2482547531252451e-02
-7.0564076207211238e-02
-7.9235891981995626e-02
-8.8424813462419510e-02
-9.8016469863304312e-02
-1.0784528777930052e-01
-1.1768283317695560e-01
-1.2722434185389198e-01
-1.3607327170334294e-01
-1.4372371393458169e-01
-1.4954050882104161e-01
-1.5273692490361740e-01
-1.5234978005351074e-01
-1.4721190866139375e-01
-1.3592191245308652e-01
-1.1681117343577425e-01
-8.7908156703826068e-02
-4.6900088970210994e-02
8.9078345958611121e-03
8.2635486797483088e-02
1.7787277529550935e-01
2.9872613467825865e-01
4.4986603840422951e-01
6.3657491931812604e-01
8.6479477640966851e-01
1.1411736318358019e+00
1.4731098874799489e+00
1.8687935178898334e+00
2.3372429283503533e+00
2.8883362071176797e+00
3.5328354125601331e+00
4.2824024629509960e+00
5.1496051430388272e+00
6.1479117109610550e+00
7.2916725858271718e+00
8.5960876237813224e+00
1.0077157552509505e+01
1.1751618233705242e+01
1.3636856562723661e+01
1.5750806996304567e+01
1.8111827923868784e+01
2.0738557365746104e+01
2.3649747791406465e+01
2.6864080200686423e+01
3.0399957997322812e+01
3.4275281602381057e+01
3.8507205199381239e+01
4.3111877465764771e+01
4.8104168618422626e+01
5.3497386574759439e+01
5.9302985494648404e+01
6.5530270411316195e+01
7.2186102069091334e+01
7.9274606450622159e+01
8.6796893784001213e+01
9.4750792059145965e+01
1.0313060024227531e+02
1.1192686644693345e+02
1.2112619629186200e+02
1.3071109654278249e+02
1.4065985889251132e+02
1.5094648837919829e+02
1.6154068047610087e+02
1.7240785031080716e+02
1.8350921679340146e+02
1.9480194365939565e+02
2.0623933857657954e+02
2.1777111053814011e+02
2.2934368478493872e+02
2.4090057348496063e+02
2.5238279936905269e+02
2.6372936849956994e+02
2.7487778735568173e+02
2.8576461847761152e+02
2.9632606804489438e+02
3.0649859799153165e+02
3.1621955460403564e+02
3.2542780502416861e+02
3.3406437270198722e+02
3.4207306262866683e+02
3.4940106713121918e+02
3.5599954313734480e+02
3.6182415211928577e+02
3.6683555439765229e+02
3.7099985012224863e+02
3.7428896003596367e+02
3.7668094005499523e+02
3.7816022474564767e+02
3.7871779592347582e+02
3.7835127382138046e+02
3.7706492954351535e+02
3.7486961881532045e+02
3.7178263832946806e+02
3.6782750724587311e+02
3.6303367760556029e+02
3.5743617853815346e+02
3.5107520015891623e+02
3.4399562394379547e+02
3.3624650712323876e+02
3.2788052923453301e+02
3.1895340940872370e+02
3.0952330323629172e+02
2.9965018815448894e+02
2.8939524623064511e+02
2.7882025298647937e+02
2.6798698052766900e+02
2.5695662272400881e+02
2.4578924954340457e+02
2.3454329689596486e+02
2.2327509751138177e+02
2.1203845747508109e+02
2.0088428210647254e+02
1.8986025389819625e+02
1.7901056426856994e+02
1.6837569993068377e+02
1.5799228376899035e+02
1.4789296925421237e+02
1.3810638663474916e+02
1.2865713842905873e+02
1.1956584111897639e+02
1.1084920941516857e+02
1.0252017903736478e+02
9.4588063625929607e+01
8.7058741176707485e+01
7.9934865265612274e+01
7.3216096297955431e+01
6.6899348073912691e+01
6.0979045097629161e+01
5.5447386264262065e+01
5.0294610826660161e+01
4.5509262861405567e+01
4.1078450811165332e+01
3.6988099066940102e+01
3.3223188958775332e+01
2.9767986937612950e+01
2.6606258144740153e+01
2.3721463970793856e+01
2.1096942596016643e+01
1.8716071871619381e+01
1.6562414243190673e+01
1.4619843727573485e+01
1.2872655231316925e+01
1.1305656740165881e+01
9.9042451139025260e+00
8.6544663896630301e+00
7.5430616299963313e+00
6.5574994514155307e+00
5.6859964365117177e+00
4.9175266710017542e+00
4.2418216586526745e+00
3.6493618553349028e+00
3.1313610315033111e+00
2.6797446234614131e+00
2.2871231710288757e+00
1.9467618658094252e+00
1.6525471527892295e+00
1.3989512416722205e+00
1.1809952948091320e+00
9.9421196883009355e-01
8.3460789813806358e-01
6.9862662254231322e-01
5.8311237924789694e-01
4.8527510248055938e-01
4.0265690272418619e-01
3.3310023280783457e-01
2.7471788939684549e-01
2.2586494698017154e-01
1.8511267618649202e-01
1.5122445954518315e-01
1.2313368538316731e-01
9.9923573504163005e-02
8.0808865041835057e-02
6.5119291977155477e-02
5.2284729593766378e-02
4.1821926607234133e-02
3.3322702433415646e-02
2.6443498755485437e-02
2.0896172544335311e-02
1.6439919609231180e-02
1.2874221272756697e-02
1.0032711460299057e-02
7.7778671311743231e-03
5.9964310759450731e-03
4.5954827917923857e-03
3.4990797679362927e-03
2.6453984634801208e-03
1.9843106276253818e-03
1.4753373381546997e-03
1.0859289556398185e-03
7.9002518420307995e-04
5.6685459343863091e-04
3.9993801730531806e-04
2.7626470423118912e-04
1.8561419032064264e-04
1.2000052461857334e-04
7.3218786667475182e-05
4.0476714829944183e-05
1.8096854177384180e-05
3.2768212979276715e-06
-6.1027045370761295e-06
-1.1631000730361576e-05
-1.4488635380336424e-05
-1.5543178209466634e-05
-1.5424238519864314e-05
-1.4581973710724846e-05
-1.3332430571120674e-05
-1.1892436789734797e-05
-1.0406260264305316e-05
-8.9658368930988018e-06
-7.6259441733140927e-06
-6.4155343466893693e-06
-5.3460598371049587e-06
-4.4175293275065238e-06
-3.6228463564492941e-06
-2.9508784684404739e-06
-2.3885379581469212e-06
-1.9221964013726233e-06
-1.5385724447738262e-06
-1.2252937194115917e-06
-9.7114864277748514e-07
-7.6623235902341118e-07
-6.0194590307432119e-07
-4.7092318109556970e-07
-3.6695963523810202e-07
-2.8484790588194683e-07
-2.2028839262970461e-07
-1.6974824958452949e-07
-1.3034591944326745e-07
-9.9746823570233267e-08
-7.6075488244805169e-08
-5.7834781121165391e-08
-4.3827789221806611e-08
-3.3107619965630605e-08
-2.4929076759489782e-08
-1.8719820388361761e-08
-1.4009713801423486e-08
-1.0459411219901772e-08
-7.7809602948624466e-09
-5.7742164374216985e-09
-4.2740694438502427e-09
-3.1534759410718944e-09
-2.3198352785858803e-09
-1.7017930795121912e-09
-1.2474569419393220e-09
-9.1034868117337739e-10
-6.6104427675016057e-10
-4.8193432121135319e-10
-3.4721553133469480e-10
-2.5065548428072509e-10
-1.8195335202738503e-10
-1.3158452174673380e-10
-9.1904083389128377e-11
-6.9093135580596053e-11
-4.6864619161380583e-11
-3.2958812385341611e-11
-2.4406111038959409e-11
-1.8319472222204895e-11
-1.2468810267896321e-11
-9.4836263427824440e-12
-5.3095594146730240e-12
-4.9516305103096099e-12
-1.4736204617947354e-12
-2.5578167647272487e-12
6.0502143820636893e-13
-6.5900370440359518e-13
-1.2380658574539039e-12
-8.5487335832771815e-13
-1.6584593330129735e-12
-1.5129102829200266e-12
6.6853287491654505e-13
-1.1603534060161431e-12
1.0986716988352994e-12
4.2339405961293958e-14
1.1740101055565953e-12
-1.0619472449256958e-12
-1.7063848223766912e-14
-2.4418258853249734e-12
-2.7952919392559407e-12
-3.5357418570033632e-13
4.3783834446776420e-13
1.2874347885385992e-12
4.9293937229451987e-13
8.3236806165638261e-13
-1.6035386942792951e-12
-2.6279725505990423e-13
3.1175410559413802e-13
4.6000863368313870e-14
-2.2704788952486258e-13
1.0936616481407944e-13
-1.2579286545454929e-12
8.2595186805961589e-13
4.4609626671921526e-13
5.1400354669414164e-13
-2.6475383451343024e-12
3.4887788045880186e-13
-3.0481339539035518e-13
4.3167654603032537e-13
1.9882699259634177e-12
-2.1030534880028826e-12
6.8787682633612578e-13
1.9336246681360397e-13
4.0581279268395206e-13
-1.8577545543431377e-12
-3.0356092126041399e-13
7.0960870100687742e-13
5.2286144952990896e-13
1.4037750735597793e-12
1.9473019544546357e-12
4.4513859764756307e-13
-4.6691777988211370e-13
1.1776918534976493e-12
-2.5516377031498312e-12
1.9368059493643309e-12
1.9617645197281442e-12
-3.1744865791213392e-13
1.1816423311003352e-12
-8.2596374908541995e-13
-2.1416675217337896e-12
-5.7199485876312500e-13
8.5933998212317743e-13
-5.9587320115223906e-13
5.5340173127471034e-13
-8.9365006447772621e-13
9.7299131059396991e-13
-1.5484812264301777e-12
3.3089199956339264e-13
1.0880162953002543e-12
6.6466701421418564e-13
-5.4820489160148552e-13
9.3680313128479692e-13
1.0433706740760385e-12
1.6187535193859215e-12
1.8201688557277496e-12
-4.3372462080875933e-13
6.3837875423204770e-13
5.8513270185361804e-13
-1.1783615982906001e-12
-2.8678409518402226e-12
-2.1450269555787072e-12
1.2807984573882075e-12
-5.2853198919757990e-13
-1.4558498347013370e-12
-1.2855698145852186e-12
7.8058804373625336e-14
-3.4573874135869515e-13
-6.6971267689727983e-14
-2.0527336446968861e-13
3.9689017959891482e-13
-7.3816787725691561e-13
-1.2179034597345483e-12
-1.6125080184739358e-12
1.4228511099124342e-12
-1.2643309911121969e-12
2.3657993488147628e-12
-1.9043994571897557e-12
1.6001231185066542e-12
-1.2846047161170664e-12
-1.0912314309725100e-12
-1.7077190819258457e-12
5.6334278840840102e-13
-1.1968893676941122e-12
-8.3356452587882621e-13
-1.9123002626921337e-12
1.1928448607809767e-13
-1.8231249216414020e-12
-2.4093167960841991e-13
-9.9196925639788321e-13
-2.3899921988474200e-13
-1.5703769886748169e-12
1.1983570846235239e-12
-1.9781735122081061e-12
1.0168432790015882e-12
-7.4839616304720151e-13
1.5007313879585095e-12
1.0158546388934294e-12
-5.6230696965750990e-14
-8.3308056347381094e-13
1.3249198966342636e-12
-1.4049119619906523e-12
8.6106042935830611e-13
-6.4766027646591878e-13
1.2741014126078293e-12
-1.7300893066879303e-13
-1.5542976868687253e-12
-1.2550818315198576e-12
2.7856224801283928e-12
-5.2978037451187903e-13
4.7021943662615565e-13
-1.2479685171804853e-12
6.5104643970313457e-13
3.9031354933011157e-14
-7.3239821921128938e-13
5.5605203325649167e-13
2.7723904146693293e-13
5.7799523729658015e-13
-7.7110115230942443e-13
1.3514755686680226e-12
6.0721280650292319e-13
8.8417886332724829e-13
-6.4947535909719063e-13
5.1526723122723153e-13
8.1220333325727865e-14
1.2029579746418982e-12
-1.4731576964474388e-12
