1.4420565828527318e-12
-6.5089333255714022e-13
-3.1221078228384756e-13
8.7972183193687895e-13
-2.2516562315581346e-12
-5.4486104616672724e-15
1.7139565847428844e-13
1.3205143617662032e-13
-2.7241742535609190e-12
3.0315548399075834e-12
-1.2325252848106172e-12
2.7053965624893500e-13
2.1043951896499622e-12
-6.3496040448267307e-13
-1.1485773915651592e-12
-6.5468752526150277e-13
7.2231259348746069e-13
1.9903674744754453e-13
4.1584632387646319e-13
-1.4240437545530446e-12
-1.1093428625609097e-12
-7.8958967028168261e-13
1.9572743542728664e-12
-1.8240329388723685e-12
2.4933552501635289e-13
9.7355916314834972e-13
9.4864554670866597e-13
7.3832474603496319e-13
-6.5186071102146779e-13
6.4700544069517563e-13
-2.1266758033163828e-13
1.1605252211135353e-12
-7.6010649152310304e-13
-4.9289611879983948e-13
2.0101414980303568e-12
1.4154776119967030e-12
-3.7264145135867414e-13
-1.4202649262668845e-12
-2.6822031488582122e-14
-6.0851455237701143e-14
-2.2817564230133306e-13
-1.8720272656256729e-12
2.1554337128761913e-13
-4.1053544517960512e-13
2.6350339137082396e-13
-2.0043968805783700e-12
3.4990511093047660e-12
1.4756569222255769e-12
1.0880871767855518e-12
3.2447202237135101e-13
1.2001105552916809e-12
-1.1424696704020244e-13
-1.5394122926763512e-12
8.1637978569973861e-13
-2.6352541722386830e-12
-8.8616275673489435e-13
5.5143096387652210e-13
-9.3954885058914496e-13
-1.4982537575583190e-12
4.1267507765715151e-12
-8.0277878153135353e-13
1.8965425616013081e-13
3.4709194957817780e-12
1.3263699659496205e-12
2.8996269828720664e-12
-1.3242866195990018e-12
-1.9443072392930734e-12
-2.9773959189341665e-12
-4.4297470913050737e-12
-9.6738795895902997e-12
-1.6142383685854916e-11
-2.3632283904359236e-11
-3.8979058845281105e-11
-6.2175479941325352e-11
-9.3414413755984168e-11
-1.4079597982635592e-10
-2.1488635099125069e-10
-3.2063722600285608e-10
-4.6988387083391139e-10
-6.9231125858655936e-10
-1.0047698524158926e-09
-1.4546119541324980e-09
-2.0919565735498358e-09
-2.9821449074502980e-09
-4.2327092452197627e-09
-5.9684397111453584e-09
-8.3687898288448016e-09
-1.1658122989029984e-08
-1.6156696391695854e-08
-2.2259807519205372e-08
-3.0497148342690280e-08
-4.1555946622248126e-08
-5.6299207152693872e-08
-7.5843792943352241e-08
-1.0159390092010026e-07
-1.3528801510409983e-07
-1.7908468763592959e-07
-2.3561657810513851e-07
-3.0803510251409465e-07
-4.0006756900068846e-07
-5.1602559557424493e-07
-6.6076880386179303e-07
-8.3957292075045848e-07
-1.0578990848179248e-06
-1.3209585560147190e-06
-1.6330114435188913e-06
-1.9962930429723614e-06
-2.4094032079851955e-06
-2.8649851800375355e-06
-3.3464505086401457e-06
-3.8233618634041736e-06
-4.2451269311676708e-06
-4.5324604241696673e-06
-4.5659451238817275e-06
-4.1708018916825071e-06
-3.0970040063586648e-06
-9.9335010556189481e-07
2.6259571466172500e-06
8.4239932032032432e-06
1.7295269638790980e-05
3.0433826717957531e-05
4.9418209326290378e-05
7.6316692717812276e-05
1.1381657173915069e-04
1.6538170833243167e-04
2.3544305073294161e-04
3.2962713634829581e-04
4.5502773021692652e-04
6.2052597668541627e-04
8.3716421904934382e-04
1.1185780286626888e-03
1.4814902627386455e-03
1.9462693410312345e-03
2.5375518670503268e-03
3.2849265421321674e-03
4.2236725475584130e-03
5.3955398940951889e-03
6.8495528596792679e-03
8.6428089847269442e-03
1.0841235925360317e-02
1.3520255993168556e-02
1.6765293640829827e-02
2.0672043842638939e-02
2.5346399796854796e-02
3.0903915960785351e-02
3.7468657774713976e-02
4.5171262075379158e-02
5.4146003381452805e-02
6.4526630419206976e-02
7.6440706055299290e-02
9.0002152771150423e-02
1.0530167626086842e-01
1.2239471311455313e-01
1.4128652707445047e-01
1.6191406337990399e-01
1.8412416564745920e-01
2.0764776639735760e-01
2.3206968431179562e-01
2.5679370104310972e-01
2.8100265197086749e-01
3.0361335074761431e-01
3.2322628091914180e-01
3.3807013102106537e-01
3.4594142551125967e-01
3.4413971302115443e-01
3.2939901759663404e-01
2.9781653595248547e-01
2.4477987328227821e-01
1.6489444758971131e-01
5.1913053081403086e-02
-1.0133005141062003e-01
-3.0297778116867657e-01
-5.6219846797743278e-01
-8.8922022660129563e-01
-1.2953476450484451e+00
-1.7929567312069632e+00
-2.3954638536183688e+00
-3.1172643124664798e+00
-3.9736361885384328e+00
-4.9806052642849243e+00
-6.1547671109566542e+00
-7.5130629070474066e+00
-9.0725062107022882e+00
-1.0849858762448555e+01
-1.2861254450192886e+01
-1.5121771825320609e+01
-1.7644957009021965e+01
-2.0442300455276559e+01
-2.3522672817945711e+01
-2.6891727069576451e+01
-3.0551275996828632e+01
-3.4498656200590659e+01
-3.8726091697611025e+01
-4.3220072088416337e+01
-4.7960761950582977e+01
-5.2921459560574050e+01
-5.8068124162933216e+01
-6.3358991716366091e+01
-6.8744299278161961e+01
-7.4166137876345445e+01
-7.9558452806982245e+01
-8.4847208740728533e+01
-8.9950734802241939e+01
-9.4780261893416665e+01
-9.9240660982096912e+01
-1.0323138691181543e+02
-1.0664762756905645e+02
-1.0938165306183639e+02
-1.1132435402879781e+02
-1.1236695244769146e+02
-1.1240286249936881e+02
-1.1132967333884706e+02
-1.0905122020984339e+02
-1.0547970539982308e+02
-1.0053782625572160e+02
-9.4160864044720356e+01
-8.6298685015554298e+01
-7.6917603737637734e+01
-6.6002058785413269e+01
-5.3556052177702114e+01
-3.9604306721994078e+01
-2.4193099555391555e+01
-7.3907356758370808e+00
1.0712367968012456e+01
3.0004009345151918e+01
5.0350951806437635e+01
7.1600101154442285e+01
9.3580102200335858e+01
1.1610333733601134e+02
1.3896829936525734e+02
1.6196230092416667e+02
1.8486447357956675e+02
2.0744900141435915e+02
2.2948852685819850e+02
2.5075766093702833e+02
2.7103652619131458e+02
2.9011425839849301e+02
3.0779239302397855e+02
3.2388806405233095e+02
3.3823694649264365e+02
3.5069587932361213e+02
3.6114511280319590e+02
3.6949013271819098e+02
3.7566302404735126e+02
3.7962334737574747e+02
3.8135851291535982e+02
3.8088364882602218e+02
3.7824097235296188e+02
3.7349868376581441e+02
3.6674941387850907e+02
3.5810826575308914e+02
3.4771049978278393e+02
3.3570891849111348e+02
3.2227101290553810e+02
3.0757593615069567e+02
2.9181137189778059e+02
2.7517036550096736e+02
2.5784818410165531e+02
2.4003926879021031e+02
2.2193433723465731e+02
2.0371768920577350e+02
1.8556476037164921e+02
1.6763996184683029e+02
1.5009483452238632e+02
1.3306653843785685e+02
1.1667668864509608e+02
1.0103054040633887e+02
8.6216518392738124e+01
7.2306077007626868e+01
5.9353872222326792e+01
4.7398219517363010e+01
3.6461807766837367e+01
2.6552635250214873e+01
1.7665131445958323e+01
9.7814268437983536e+00
2.8727326613447777e+00
-3.0992070072011555e+00
-8.1806265454732348e+00
-1.2424247292708205e+01
-1.5887813802365057e+01
-1.8632685068228572e+01
-2.0722504067008298e+01
-2.2221964902521869e+01
-2.3195692680299466e+01
-2.3707247116839394e+01
-2.3818256905555828e+01
-2.3587688117603804e+01
-2.3071246488811777e+01
-2.2320910394630346e+01
-2.1384588686924108e+01
-2.0305895384902652e+01
-1.9124031487326604e+01
-1.7873762898940502e+01
-1.6585482622892496e+01
-1.5285344933424255e+01
-1.3995459172054890e+01
-1.2734131061772338e+01
-1.1516139959168385e+01
-1.0353041213914967e+01
-9.2534837282713305e+00
-8.2235338568610032e+00
-7.2669979135699139e+00
-6.3857367150321851e+00
-5.5799667520304119e+00
-4.8485437087749768e+00
-4.1892251192001009e+00
-3.5989099380734459e+00
-3.0738536976695747e+00
-2.6098587077905444e+00
-2.2024394326354924e+00
-1.8469637409775164e+00
-1.5387711791898866e+00
-1.2732697643694320e+00
-1.0460130454547361e+00
-8.5275934264052533e-01
-6.8951516022331139e-01
-5.5256478598106262e-01
-4.3848805273517910e-01
-3.4416815547352736e-01
-2.6679130076416646e-01
-2.0383982373890019e-01
-1.5308025010107693e-01
-1.1254761398798409e-01
-8.0527173569754210e-02
-5.5534500035176876e-02
-3.6294756481900739e-02
-2.1721834221514288e-02
-1.0897877554494461e-02
-3.0536052317908474e-03
2.4502711836234927e-03
6.1403254103594056e-03
8.4462633812817135e-03
9.7152770502022309e-03
1.0224895826341463e-02
1.0194368029697951e-02
9.7946359343241644e-03
9.1569904393053458e-03
8.3805063417168035e-03
7.5383677750773424e-03
6.6831969134942331e-03
5.8514984754846656e-03
5.0673290755870199e-03
4.3452944231653478e-03
3.6929701504071471e-03
3.1128336426083773e-03
2.6037853858442701e-03
2.1623295177232850e-03
1.7834746741937153e-03
1.4614077401574189e-03
1.1899857162776652e-03
9.6308373224050087e-04
7.7483098400395189e-04
6.1976082075718857e-04
4.9289639140021263e-04
3.8978894563731825e-04
3.0652250674889251e-04
2.3969549990613952e-04
1.8638761388255670e-04
1.4411790980026711e-04
1.1079887546471035e-04
8.4689563873419869e-05
6.4350051176791028e-05
4.8598698091535910e-05
3.6473072458063226e-05
2.7194857519896943e-05
2.0139038647348341e-05
1.4807076307722325e-05
1.0803960101211709e-05
7.8187477877864167e-06
5.6082760449161729e-06
3.9836153803844062e-06
2.7989153924707410e-06
1.9423388640762321e-06
1.3286940867114448e-06
8.9351942077810716e-07
5.8839047310530071e-07
3.7719494671170689e-07
2.3320003545876781e-07
1.3677787334094172e-07
7.3633442691330898e-08
3.3457643607939379e-08
8.8874884030422965e-09
-5.2813775837784099e-09
-1.2687061630052163e-08
-1.5820454869056808e-08
-1.6370531727244738e-08
-1.5463346291697020e-08
-1.3823823947451805e-08
-1.1901478760530092e-08
-9.9633004924203053e-09
-8.1690581950801636e-09
-6.5780110064391995e-09
-5.2196223438399944e-09
-4.0937419854925505e-09
-3.1710120580131364e-09
-2.4345514842830262e-09
-1.8536547377043132e-09
-1.3977302946185588e-09
-1.0414708470989018e-09
-7.7858670607308021e-10
-5.7268518655149167e-10
-4.1844941578981228e-10
-3.0548375763937947e-10
-2.2529467409673655e-10
-1.5881561110580941e-10
-1.1563123046634419e-10
-8.2344834165477232e-11
-5.5177077838110049e-11
-4.1335060659852774e-11
-3.0472729884552326e-11
-1.9277998520993432e-11
-1.3586102325910054e-11
-9.2417795052443056e-12
-5.7817048822002149e-12
-3.8254229112639774e-12
-3.1615298835368530e-12
-2.0495682647176675e-12
-1.5548597332076671e-12
-5.5997424347112766e-13
6.7537237295335419e-14
2.6283688010604190e-12
1.3010492056624610e-12
-1.0100448087558687e-12
1.6474090452367283e-12
-9.1131101439733469e-13
-2.0170476163222558e-12
2.8916183929039851e-12
-7.1171429943026437e-13
-3.3179797095405637e-13
-5.6964037838078306e-14
-6.9054414794445525e-13
-2.0667317127710174e-12
1.6253812631990683e-13
-1.4863979919807130e-12
-1.6159114036702187e-12
-1.2584721272606890e-13
1.9608870057027451e-12
-6.0327950762875059e-13
2.3989978120872318e-12
3.2246247032791809e-13
4.9747744258506661e-13
-6.7745727461562745e-13
3.9042499336542164e-12
2.4808467211791373e-13
-1.4251796741916103e-12
-1.2431533208365435e-13
-8.6326645995891418e-13
-1.8682140212547662e-12
3.0279153054299136e-12
3.5303805349122262e-13
8.2056925179910549e-13
8.6578245317892413e-13
7.3012318911820635e-13
-2.6519191336719420e-12
1.9777129012152944e-12
1.8807943304417759e-12
-1.2681481104678336e-12
1.5626325698982473e-12
-2.7095092186866765e-13
3.0601829561650571e-13
-4.7119113253383458e-13
1.6231174904511904e-12
-1.8847361769585429e-12
-9.4059255783157781e-13
8.1154990752887319e-13
1.4048176617942569e-12
-1.6479931136263469e-12
1.5507514089757488e-12
6.4901131215368201e-16
-2.1341261611862366e-12
1.7054878289248662e-12
-7.3592064720730580e-13
-7.5540375707943480e-13
1.2589396124204332e-12
-5.6106375005769300e-13
-1.1980996529580842e-13
1.1901545452108647e-12
5.1502503347065529e-12
-9.9140817927448699e-13
1.1311039427784951e-12
-2.9075562775719409e-13
9.1212255683886537e-13
-2.0381429819793307e-13
8.4530000622438633e-13
-2.9529182474985534e-12
-1.1376654325378824e-12
3.0441180895881990e-13
1.6059785461479463e-13
-9.6921503115539883e-13
1.5913793339409650e-12
-1.6513672769903886e-13
-1.1248697671242497e-12
-1.3281451157744552e-12
1.1832193200845722e-12
1.3620858543602885e-12
1.2036693905550460e-13
6.3569469939006822e-14
5.6146384807710902e-13
4.3191798540632937e-13
1.9392528894335075e-12
-2.4523597356343573e-12
-1.4313692883006661e-13
2.9301848764860323e-12
-1.7797825659834885e-13
-2.6578884234232576e-12
1.1577223491029844e-12
-1.8965676108886971e-12
-3.5185330644497471e-13
-2.8450697421160462e-12
-5.1752737923611866e-13
-2.2929063524374453e-12
9.5222653533354743e-13
