1.9786923851833883e-12
-1.0357689646303990e-12
1.9537110460365410e-12
7.5874352625448470e-13
-4.3787571706471336e-13
-7.5774292562841274e-13
-1.1151688686654637e-12
-1.7638379820460044e-12
-5.4588307321386750e-13
-2.2625514842577060e-12
-1.4667106935660617e-12
9.8482192346075778e-13
6.8396577220690758e-13
-1.9887694377631217e-12
-1.0551647410718805e-13
3.9456163140381477e-13
-2.6019289311802485e-13
-1.7651735738386858e-12
2.3399823818644319e-13
-1.8090190614951209e-12
-4.7796389845379996e-14
-5.2954781625985410e-13
2.3000645121124341e-13
1.8444933281016573e-13
2.1642687748390081e-12
2.4640222090912924e-12
-2.4822263175279099e-13
3.4448790828214677e-12
2.8692743011441414e-12
5.8081056842738158e-12
7.6816027652448586e-12
1.0789636701890719e-11
1.4073079711673709e-11
2.3678090464276999e-11
3.1234253456040651e-11
4.7968188067999337e-11
6.9124323088875565e-11
9.8923729638341489e-11
1.3886572656789677e-10
1.9811870344889998e-10
2.7679968302209138e-10
3.8876777564241453e-10
5.4323556577525225e-10
7.5392480823856990e-10
1.0410002789503142e-09
1.4305910050825704e-09
1.9566861348253512e-09
2.6579243395568328e-09
3.5960553055082112e-09
4.8406804299992484e-09
6.4728080451244646e-09
8.6132466094524459e-09
1.1381562468027818e-08
1.4946748976507602e-08
1.9495895813847094e-08
2.5244160356718429e-08
3.2421289947818406e-08
4.1283683527505738e-08
5.2057392652364176e-08
6.4931167233885329e-08
7.9977945800267122e-08
9.7084683552538849e-08
1.1577886514195065e-07
1.3507226983247068e-07
1.5313838518459399e-07
1.6691763494108241e-07
1.7154573144508643e-07
1.5954845365024686e-07
1.1976226028677791e-07
3.5852964979737121e-08
-1.1564986007778583e-07
-3.6804021098301818e-07
-7.6790542719042474e-07
-1.3797613426916175e-06
-2.2920642837919078e-06
-3.6250267819350224e-06
-5.5406692152009340e-06
-8.2556805524423098e-06
-1.2057803474694043e-05
-1.7326472320204086e-05
-2.4558810363863928e-05
-3.4401973381807629e-05
-4.7693310634363086e-05
-6.5509787380632197e-05
-8.9228486705501483e-05
-1.2060009595075239e-04
-1.6183766654576435e-04
-2.1572292236111262e-04
-2.8573275009372576e-04
-3.7618846793942810e-04
-4.9243053260851607e-04
-6.4102123505652901e-04
-8.2997758306116735e-04
-1.0690361232748202e-03
-1.3699505388702043e-03
-1.7468217168809242e-03
-2.2164583087947347e-03
-2.7987634951000288e-03
-3.5171408118115787e-03
-4.3989080817175208e-03
-5.4757038621047480e-03
-6.7838648983699883e-03
-8.3647462025339212e-03
-1.0264946767914481e-02
-1.2536394135299864e-02
-1.5236229290426236e-02
-1.8426420174928862e-02
-2.2173016858333307e-02
-2.6544944655625215e-02
-3.1612212731850782e-02
-3.7443395729204763e-02
-4.4102224374604378e-02
-5.1643098800105862e-02
-6.0105315473897573e-02
-6.9505776432475783e-02
-7.9829928081359192e-02
-9.1020658074206243e-02
-1.0296486332235849e-01
-1.1547739168870751e-01
-1.2828205625629677e-01
-1.4098942572358009e-01
-1.5307110984112923e-01
-1.6383028658420259e-01
-1.7236826080001447e-01
-1.7754690366230258e-01
-1.7794690165639979e-01
-1.7182184379189383e-01
-1.5704829908279558e-01
-1.3107218316040431e-01
-9.0851884998235904e-02
-3.2798820922542889e-02
4.7283696524474367e-02
1.5426214539598465e-01
2.9373364667647628e-01
4.7208431703662029e-01
6.9654317343236194e-01
9.7522935630005891e-01
1.3171901608996002e+00
1.7324271067756090e+00
2.2319070449464644e+00
2.8275551141023061e+00
3.5322262242560272e+00
4.3596516834154917e+00
5.3243576046506949e+00
6.4415518513160572e+00
7.7269765110082931e+00
9.1967232460707429e+00
1.0867009359832617e+01
1.2753913050945799e+01
1.4873067106235631e+01
1.7239311205412978e+01
1.9866304072990491e+01
2.2766097903597572e+01
2.5948678789488138e+01
2.9421478271312299e+01
3.3188862586143038e+01
3.7251607665728322e+01
4.1606369402431568e+01
4.6245160105157794e+01
5.1154843363304309e+01
5.6316660670787520e+01
6.1705804081389921e+01
6.7291049816728830e+01
7.3034468078336673e+01
7.8891224278084337e+01
8.4809486455356890e+01
9.0730452762344939e+01
9.6588511548470976e+01
1.0231154475049020e+02
1.0782138300067973e+02
1.1303441812008415e+02
1.1786237550212219e+02
1.2221324536509024e+02
1.2599236802760080e+02
1.2910366432151409e+02
1.3145099809905071e+02
1.3293965362307608e+02
1.3347790656956877e+02
1.3297866354299205e+02
1.3136114153439354e+02
1.2855255576337282e+02
1.2448978195628008e+02
1.1912095743298391e+02
1.1240698449635394e+02
1.0432289961692419e+02
9.4859072833288039e+01
8.4022203673393506e+01
7.1836082743075650e+01
5.8342091896340925e+01
4.3599420538392145e+01
2.7684981028529350e+01
1.0693012230723159e+01
-7.2656331362745874e+00
-2.6064514731989188e+01
-4.5562934645276719e+01
-6.5607554359019630e+01
-8.6034274789963959e+01
-1.0667034903312474e+02
-1.2733669149910457e+02
-1.4785034196036594e+02
-1.6802703877594777e+02
-1.8768385237690163e+02
-2.0664182807095418e+02
-2.2472858643534408e+02
-2.4178083004659788e+02
-2.5764670704325260e+02
-2.7218798499220645e+02
-2.8528199265553508e+02
-2.9682329242167998e+02
-3.0672505223192258e+02
-3.1492009263268949e+02
-3.2136159192848527e+02
-3.2602344009684037e+02
-3.2890023994454600e+02
-3.3000696172227640e+02
-3.2937826486585578e+02
-3.2706750750260017e+02
-3.2314547067380715e+02
-3.1769882972640198e+02
-3.1082840989158518e+02
-3.0264726660106146e+02
-2.9327863352953756e+02
-2.8285378266686558e+02
-2.7150984091937249e+02
-2.5938760685509692e+02
-2.4662940930841361e+02
-2.3337704673999158e+02
-2.1976984262425177e+02
-2.0594284784262240e+02
-1.9202521624394478e+02
-1.7813877434813074e+02
-1.6439680077241499e+02
-1.5090302550623042e+02
-1.3775085379742200e+02
-1.2502281427566250e+02
-1.1279022614867684e+02
-1.0111307596691753e+02
-9.0040090645182602e+01
-7.9608990218204298e+01
-6.9846901231358629e+01
-6.0770909747757329e+01
-5.2388731687089646e+01
-4.4699477581506422e+01
-3.7694488802562041e+01
-3.1358222831179237e+01
-2.5669166148100565e+01
-2.0600754745362444e+01
-1.6122284024090924e+01
-1.2199791872632085e+01
-8.7969009324097271e+00
-5.8756083814439988e+00
-3.3970139252500067e+00
-1.3219790162895022e+00
3.8828743129078624e-01
1.7717194550262467e+00
2.8649612743755717e+00
3.7030102982848194e+00
4.3189333699718881e+00
4.7436524480534450e+00
5.0057949069165542e+00
5.1316028638583147e+00
5.1448953965532986e+00
5.0670771867459896e+00
4.9171869954611873e+00
4.7119794189672106e+00
4.4660335690024713e+00
4.1918826397954829e+00
3.9001587427292561e+00
3.5997478822151412e+00
3.2979504901387977e+00
3.0006435092391941e+00
2.7124405990723144e+00
2.4368476146260587e+00
2.1764110633274698e+00
1.9328577698403397e+00
1.7072244606400113e+00
1.4999764160349629e+00
1.3111147219721044e+00
1.1402719858520729e+00
9.8679665981233378e-01
8.4982634263900814e-01
7.2835061080672114e-01
6.2126406343639995e-01
5.2741035951981297e-01
4.4561808343551668e-01
3.7472930140446575e-01
3.1362167192624352e-01
2.6122495248319783e-01
2.1653270703308553e-01
1.7860996847282326e-01
1.4659755117244516e-01
1.1971364375628941e-01
9.7253244804083885e-02
7.8585936298566181e-02
6.3152423078276315e-02
5.0460203346071562e-02
4.0078675758350252e-02
3.1633934445078067e-02
2.4803453985964001e-02
1.9310822985661832e-02
1.4920646792062129e-02
1.1433707310487493e-02
8.6824403244686599e-03
6.5267680405269530e-03
4.8503059330380705e-03
3.5569485024616425e-03
2.5678271824858675e-03
1.8186252880806665e-03
1.2572290037011894e-03
8.4168959209350103e-04
5.3846966090792536e-04
3.2094562974261526e-04
1.6813851346382191e-04
6.3646189895876496e-05
-5.2483913615749184e-06
-4.8316610113402192e-05
-7.2992880055826155e-05
-8.4872081294577959e-05
-8.8113121625413017e-05
-8.5763847220178126e-05
-8.0020691696614614e-05
-7.2434414455046595e-05
-6.4071864375695237e-05
-5.5642002754897195e-05
-4.7593124699248807e-05
-4.0187170940461378e-05
-3.3555842182556101e-05
-2.7742443620685830e-05
-2.2732661516135796e-05
-1.8476808545627912e-05
-1.4905593376667973e-05
-1.1940970287502345e-05
-9.5034390289842794e-06
-7.5166425792180565e-06
-5.9100886655103681e-06
-4.6205781139301048e-06
-3.5926802492507363e-06
-2.7786489112839174e-06
-2.1379769129046725e-06
-1.6367309266121144e-06
-1.2468009113908925e-06
-9.4513915000943562e-07
-7.1301706549277662e-07
-5.3533467964790905e-07
-4.0002644586312862e-07
-2.9750347532035243e-07
-2.2021094333383248e-07
-1.6222432668187709e-07
-1.1893709004182564e-07
-8.6782509580484843e-08
-6.3009897436797437e-08
-4.5523086782130250e-08
-3.2723521851587779e-08
-2.3403171747218915e-08
-1.6646910805470792e-08
-1.1777862685326789e-08
-8.2845964590007729e-09
-5.7916297890801291e-09
-4.0266326735090791e-09
-2.7790835078961476e-09
-1.9051645964059965e-09
-1.2953538649154415e-09
-8.7525359455764484e-10
-5.8385712378630115e-10
-3.8879217975149830e-10
-2.5205817403417796e-10
-1.6234521932868712e-10
-1.0534174272657957e-10
-6.5632192132115177e-11
-3.8665510595473435e-11
-2.4779790840409482e-11
-1.2383854266779135e-11
-7.6042845959370825e-12
-3.3726730241210408e-12
-1.5782444894065268e-12
2.3178669678869587e-13
-4.4896872210130895e-13
5.9105140002741842e-13
-4.6390054662722445e-13
-2.2894974954256201e-13
-1.8018028433516046e-12
1.4934299865727368e-12
1.9697384445373412e-12
-2.8571121675717801e-13
1.3139614664350850e-12
4.9330850156954693e-13
-6.5287569672171015e-13
8.4814930251344633e-13
-9.9869503467937766e-13
-1.6045891438008787e-12
5.3288768230933416e-13
1.4031533313693139e-13
-9.1327128261964301e-13
-2.8829681936421209e-12
3.5993054506797112e-13
-9.4452411317632905e-13
-8.0928902208241808e-13
-6.2181479351158003e-13
3.3279434369152714e-12
-9.1581164191102044e-13
1.5135721889585640e-12
5.5363557328946635e-13
3.9201604099033591e-15
-5.2967223883118823e-14
1.1504522276468880e-12
-8.7379659810291784e-13
1.2212448898395402e-12
-3.1124643313999771e-13
4.4684137464352936e-13
-1.1151938701796232e-12
1.7638178407336152e-12
-2.0545210920628852e-12
-8.3297126782140733e-13
1.0750556716358930e-12
-3.9606592394596957e-13
9.8948001087179710e-13
2.3903130476223597e-12
7.1894653952174160e-13
7.0108299432214432e-13
6.0424873191950158e-13
1.0844641336677616e-15
-2.7839453261400389e-12
3.9270393682299446e-13
6.5284015371492249e-14
1.7719767151408862e-12
-7.8771185221761088e-13
2.2218334682190391e-12
-3.2733656042861023e-13
2.2232585753719303e-12
-1.1915223593367554e-12
-2.2106228791692304e-12
-7.0703238443948970e-14
2.0895776200466235e-12
9.9997989856459131e-13
7.1586130107374928e-13
-3.2442208416964791e-13
-4.9503521808632816e-13
-1.3614736923587498e-12
1.7212092107237052e-12
-9.0875008996579864e-13
5.2697287838337012e-13
3.6403442869263881e-13
8.9078745281109771e-13
-3.4357318904775236e-13
4.3949048696102292e-13
4.2963461888202250e-13
-7.2288486463851091e-13
-7.2906023568119519e-13
1.0535730802094875e-12
2.5760482852554012e-14
3.3316837863489135e-12
5.2216524312670382e-13
-1.8830601122165480e-12
-1.4764059674123042e-12
1.3223648180604268e-12
-1.0182250237175855e-12
-3.8838360538999689e-13
9.9689971366566122e-13
1.7682374480371671e-12
1.7823406418232910e-12
1.4271199681895646e-14
-6.1079604563597909e-13
7.6546336276970872e-13
-5.2350956211704810e-13
-1.5071598188479489e-12
-3.4181726051422651e-13
-6.2205370733469751e-14
-2.9375128710626912e-13
-2.1553319232445003e-13
-7.1311023476234480e-13
-8.8937030859917585e-14
-1.8040883834040816e-12
-5.9920503695807088e-13
3.7377911932647062e-13
-1.7173772340076042e-12
-6.2308482245248219e-13
-6.4647074432391895e-13
5.9403643892400962e-13
-1.2218455118171567e-12
1.6082103251503466e-12
-2.1687856784304658e-12
2.2261198610559157e-12
8.0671934133734785e-13
-3.5128801083247065e-13
7.6634172177551641e-13
1.8066612797254100e-12
-8.9870099098360952e-13
-9.1857984968326861e-13
-5.3973251570141414e-13
8.4549416592432795e-13
-2.3702622246610021e-13
-2.5806201846428043e-12
-4.2817292178657922e-13
2.1744193722333050e-12
6.2534939835250554e-13
-1.6167153761361393e-13
-1.2845300418005619e-12
5.4904457864952537e-13
-7.4935735205376802e-13
-1.8191431062607584e-12
-1.3121722113137483e-13
-7.6789626302600200e-14
-1.6275129844722024e-13
-9.6381995352215484e-13
-6.5085922675835614e-13
6.2919165852373110e-13
2.1081550222434341e-12
8.6778241091686814e-13
-7.7066876232084651e-13
-7.2170557050264459e-13
-2.7748608496776308e-13
-3.3371847330603699e-13
