-3.3318203453278558e-02
-3.9755517540014600e-02
-4.7036078717020924e-02
-5.5317722057897152e-02
-6.4734628291439680e-02
-7.5463345687545272e-02
-8.7685982281200919e-02
-1.0160381276265322e-01
-1.1742988053310921e-01
-1.3541185395152253e-01
-1.5581930009511186e-01
-1.7894980515601613e-01
-2.0512258256253763e-01
-2.3468674193226505e-01
-2.6801907240863099e-01
-3.0552660473712717e-01
-3.4765622104443433e-01
-3.9488913311471852e-01
-4.4773133344606253e-01
-5.0672527150819346e-01
-5.7244629826999482e-01
-6.4550592571281817e-01
-7.2655607411338075e-01
-8.1628692767647304e-01
-9.1542179967206072e-01
-1.0247130388008967e+00
-1.1449343769008007e+00
-1.2768800144870758e+00
-1.4213589674232441e+00
-1.5791928754661835e+00
-1.7512130538854607e+00
-1.9382563773090649e+00
-2.1411512782782673e+00
-2.3607076711433885e+00
-2.5977060120873801e+00
-2.8528771000166899e+00
-3.1268878558557818e+00
-3.4203394271587877e+00
-3.7337429961120372e+00
-4.0675004950045599e+00
-4.4218923968291497e+00
-4.7970522545819394e+00
-5.1929430868813631e+00
-5.6093400167694583e+00
-6.0458151290215545e+00
-6.5017087066080785e+00
-6.9760940093444965e+00
-7.4677578523327721e+00
-7.9751841566401245e+00
-8.4965282899917582e+00
-9.0295853459318067e+00
-9.5717653533362750e+00
-1.0120078738046344e+01
-1.0671119877311261e+01
-1.1221042923287515e+01
-1.1765541521699722e+01
-1.2299838883926865e+01
-1.2818686560431425e+01
-1.3316358447033185e+01
-1.3786637019987921e+01
-1.4222817879808348e+01
-1.4617722916181158e+01
-1.4963721857564577e+01
-1.5252742060195477e+01
-1.5476287342869719e+01
-1.5625476714368055e+01
-1.5691077808094862e+01
-1.5663553843684298e+01
-1.5533119085462355e+01
-1.5289793794300003e+01
-1.4923464927995921e+01
-1.4423947307050828e+01
-1.3781065803380182e+01
-1.2984738225111048e+01
-1.2025054324238358e+01
-1.0892376389789867e+01
-9.5774332032775185e+00
-8.0714057554189544e+00
-6.3660377544432079e+00
-4.4537352405585464e+00
-2.3276590437931204e+00
1.8163970802584389e-02
2.5887427325997430e+00
5.3880356470611321e+00
8.4188480794590479e+00
1.1682745517654176e+01
1.5179978315474925e+01
1.8909407266391153e+01
2.2868439960581121e+01
2.7052983463198487e+01
3.1457407124136608e+01
3.6074506237883305e+01
4.0895475454076347e+01
4.5909914435176773e+01
5.1105835917332833e+01
5.6469687338005592e+01
6.1986393323925952e+01
6.7639410759975519e+01
7.3410794552072190e+01
7.9281275558618717e+01
8.5230366920546388e+01
9.1236482024229304e+01
9.7277052696726813e+01
1.0332865884912326e+02
1.0936717786109787e+02
1.1536795390356465e+02
1.2130595886285535e+02
1.2715595797267038e+02
1.3289268162339656e+02
1.3849101537476946e+02
1.4392618376151120e+02
1.4917392557664894e+02
1.5421067286537971e+02
1.5901372351464505e+02
1.6356141286834506e+02
1.6783327331275567e+02
1.7181019144934137e+02
1.7547455513201567e+02
1.7881036719404409e+02
1.8180336507834585e+02
1.8444112725031044e+02
1.8671315922441886e+02
1.8861096506517697e+02
1.9012809910600828e+02
1.9126019814493250e+02
1.9200499446582600e+02
1.9236230762820458e+02
1.9233403402407910e+02
1.9192410718466144e+02
1.9113844370086221e+02
1.8998488226030767e+02
1.8847309756592290e+02
1.8661449588139962e+02
1.8442211112036395e+02
1.8191047644897642e+02
1.7909548819787176e+02
1.7599426666666795e+02
1.7262501356563408e+02
1.6900685937960375e+02
1.6515970818194990e+02
1.6110408597614602e+02
1.5686098074979915e+02
1.5245167179827314e+02
1.4789758374892079e+02
1.4322014047329270e+02
1.3844061585838710e+02
1.3357999622251677e+02
1.2865885112524711e+02
1.2369721229272298e+02
1.1871445602846912e+02
1.1372920586938831e+02
1.0875925086462448e+02
1.0382146101171740e+02
9.8931712658673348e+01
9.4104830458169957e+01
8.9354554863111659e+01
8.4693507448101926e+01
8.0133160603247845e+01
7.5683819672233753e+01
7.1354628105321424e+01
6.7153582072354851e+01
6.3087539454958296e+01
5.9162242437512937e+01
5.5382348013007842e+01
5.1751471377269333e+01
4.8272229809656842e+01
4.4946291996842312e+01
4.1774440021407671e+01
3.8756614913039243e+01
3.5891975989851183e+01
3.3178969915049116e+01
3.0615397682223350e+01
2.8198480024596638e+01
2.5924915878167084e+01
2.3790947462689029e+01
2.1792421026834443e+01
1.9924837443423737e+01
1.8183421238151237e+01
1.6563176879108585e+01
1.5058931602249942e+01
1.3665394479430656e+01
1.2377200686661775e+01
1.1188943020617678e+01
1.0095221723187962e+01
9.0906784704694807e+00
8.1700183937916915e+00
7.3280470106081008e+00
6.5596940714694760e+00
5.8600286062895250e+00
5.2242834302815337e+00
4.6478735166183345e+00
4.1264041934801572e+00
3.6556744154389413e+00
3.2316835477119024e+00
2.8506392416402822e+00
2.5089504897932025e+00
2.2032360853350355e+00
1.9303292255727682e+00
1.6872680824825697e+00
1.4712839546883643e+00
1.2798006870850338e+00
1.1104375301824596e+00
9.6100069813330824e-01
8.2946543431710185e-01
7.1396906155932749e-01
6.1280821140042174e-01
5.2443349454061094e-01
4.4743404488391963e-01
3.8052394755988461e-01
3.2253736970915664e-01
2.7242804067165416e-01
2.2925669892807526e-01
1.9217734599238123e-01
1.6042419558469453e-01
1.3331868386104062e-01
1.1026274980789989e-01
9.0725626911203172e-02
7.4232998539179432e-02
6.0362657532298823e-02
4.8746326158740680e-02
3.9059229926113888e-02
3.1017895734963167e-02
2.4381465423910478e-02
1.8933395465802087e-02
1.4481463827173685e-02
1.0860921643608483e-02
7.9298122039509478e-03
5.5701221170536457e-03
3.6859976789477464e-03
2.1972764246724363e-03
1.0358854366832738e-03
1.3991464272539563e-04
-5.4724860543016224e-04
-1.0758129042990102e-03
-1.4897466173236121e-03
-1.8255005329148827e-03
-2.1088543114805517e-03
-2.3572920016201671e-03
-2.5873411131596739e-03
-2.8138309508730923e-03
-3.0505532917509694e-03
-3.3202567901598240e-03
-3.6453497263511680e-03
-4.0426194077215665e-03
-4.5336254808847377e-03
-5.1452135498642948e-03
-5.9050069366667077e-03
-6.8481928764184399e-03
-8.0150453970872452e-03
-9.4544870596155843e-03
-1.1212522182085939e-02
-1.3354792588969934e-02
-1.5960519918213362e-02
-1.9138983856676450e-02
-2.2992787782830770e-02
-2.7694943867691720e-02
