-3.4177981503191352e-14
-1.7114172259869177e-14
-8.5696389783534141e-15
-1.7164307399851575e-14
0.0000000000000000e+00
-2.5821203640527387e-14
-4.3097334493872271e-15
-2.5895480731144754e-14
-2.5932443088256147e-14
-2.5969287112310078e-14
-1.7337341432910864e-14
-3.4723490062547985e-14
-1.3039551326938021e-14
-3.4820622427544289e-14
-2.1793091165948617e-14
0.0000000000000000e+00
-4.3706378677085073e-15
8.7532337154126498e-15
2.6295450920669671e-14
2.1942563240945268e-14
3.2958219266023339e-14
8.8006496181757394e-15
8.8123985262336921e-15
1.7648209967624675e-14
1.8776008657858677e-14
2.6542169115373880e-14
2.8791644534484701e-14
1.2196940391598825e-14
2.3870356613209664e-14
3.6685442093364957e-14
1.7809687885911065e-14
4.1794702772639631e-14
3.0130374083805966e-14
2.1508960319457067e-14
6.5446980481026178e-14
6.0488067630789339e-14
9.8415253901803410e-14
8.4781036898384279e-14
1.2142528920524134e-13
1.4915301165560172e-13
1.8145541004050630e-13
2.4768722346897304e-13
3.4119149524426612e-13
4.6941683789067797e-13
7.1345661309972708e-13
1.0170283324093772e-12
1.4938508101310985e-12
2.1615720597965747e-12
3.1255242404029191e-12
4.5268303629697641e-12
6.5483039502360835e-12
9.4032590878035825e-12
1.3515124388750108e-11
1.9357265332287728e-11
2.7657149123270917e-11
3.9491771806733573e-11
5.6213764466186941e-11
7.9880417222137817e-11
1.1328735924040307e-10
1.6031109777899188e-10
2.2639208348870249e-10
3.1902539257477142e-10
4.4863806494333661e-10
6.2958518647671400e-10
8.8167956502016679e-10
1.2321089865762358e-09
1.7182129249086421e-09
2.3910898980878593e-09
3.3204762174208333e-09
4.6014481183891646e-09
6.3632497462538742e-09
8.7811688646316813e-09
1.2092459604647386e-08
1.6617514290507268e-08
2.2788073475672748e-08
3.1184371253508172e-08
4.2584895176384080e-08
5.8031380316868475e-08
7.8914908838443159e-08
1.0708874882654239e-07
1.4501652255224231e-07
1.9596568054010868e-07
2.6425991261763579e-07
3.5560783203453096e-07
4.7752940094221871e-07
6.3990825796406335e-07
8.5570503502302264e-07
1.1418767697277308e-06
1.5205586164967284e-06
2.0205792104377106e-06
2.6793988780335096e-06
3.5455828533402510e-06
4.6819490605401450e-06
6.1695644505685461e-06
8.1128062347673153e-06
1.0645755294801212e-05
1.3940252232179035e-05
1.8216022852375411e-05
2.3753371881399231e-05
3.0909056723826074e-05
4.0136085376904849e-05
5.2008346749731224e-05
6.7251172744183673e-05
8.6779162037926497e-05
1.1174286934709339e-04
1.4358628617713450e-04
1.8411742105550958e-04
2.3559473465718754e-04
3.0083270853193870e-04
3.8333043699682049e-04
4.8742784065576480e-04
6.1849491753837853e-04
7.8316039304434292e-04
9.8958720841240593e-04
1.2478035210422814e-03
1.5700992906080703e-03
1.9715001055454822e-03
2.4703316842723342e-03
3.0888904737782640e-03
3.8542379800277447e-03
4.7991389106885997e-03
5.9631658938529399e-03
7.3939964704695270e-03
9.1489312284821801e-03
1.1296665360200648e-02
1.3919349556630656e-02
1.7114979986381239e-02
2.1000161107367969e-02
2.5713289183850772e-02
3.1418208568781733e-02
3.8308396993586555e-02
4.6611740191722442e-02
5.6595960062741049e-02
6.8574764135528515e-02
8.2914787162818610e-02
1.0004339811048270e-01
1.2045744740139563e-01
1.4473302982802874e-01
1.7353633782730707e-01
2.0763567756736676e-01
2.4791471626272721e-01
2.9538702303278641e-01
3.5121195716158515e-01
4.1671194651275378e-01
4.9339118481696059e-01
5.8295575930240984e-01
6.8733519942967181e-01
8.0870541309344046e-01
9.4951294838674949e-01
1.1125004867599000e+00
1.3007334370863983e+00
1.5176274597985815e+00
1.7669767059888206e+00
2.0529825084209756e+00
2.3802822101081165e+00
2.7539777619723949e+00
3.1796636647394116e+00
3.6634537724199898e+00
4.2120064164315520e+00
4.8325472517221177e+00
5.5328891704356833e+00
6.3214485761205808e+00
7.2072572637853130e+00
8.1999691099301391e+00
9.3098607438107930e+00
1.0547825348474074e+01
1.1925358729435626e+01
1.3454536792131977e+01
1.5147983588306179e+01
1.7018829128009582e+01
1.9080656209488673e+01
2.1347435595232245e+01
2.3833448959942764e+01
2.6553199155900831e+01
2.9521307483434857e+01
3.2752397818855329e+01
3.6260967638617622e+01
4.0061246185437426e+01
4.4167040247805097e+01
4.8591568266422186e+01
5.3347283736485167e+01
5.8445689139823529e+01
6.3897141911412554e+01
6.9710654215942711e+01
7.5893688576635640e+01
8.2451951654659439e+01
8.9389188717285435e+01
9.6706981550125761e+01
1.0440455275709731e+02
1.1247857954495480e+02
1.2092302020132686e+02
1.2972895654057385e+02
1.3888445560542064e+02
1.4837445386988037e+02
1.5818066708704046e+02
1.6828152876142232e+02
1.7865215999861829e+02
1.8926437319478407e+02
2.0008671167674223e+02
2.1108452699274767e+02
2.2222009508867791e+02
2.3345277209024565e+02
2.4473918985591175e+02
2.5603349087590908e+02
2.6728760147977601e+02
2.7845154168863701e+02
2.8947376942059520e+02
3.0030155614001995e+02
3.1088139044657123e+02
3.2115940553991271e+02
3.3108182598338163e+02
3.4059542873608262e+02
3.4964801303875225e+02
3.5818887343405322e+02
3.6616926998505505e+02
3.7354288963329140e+02
3.8026629261490831e+02
3.8629933793299904e+02
3.9160558206712284e+02
3.9615264538595551e+02
3.9991254111253403e+02
4.0286196216801545e+02
4.0498252178164444e+02
4.0626094439210738e+02
4.0668920406742217e+02
4.0626460842422375e+02
4.0498982681885428e+02
4.0287286239729735e+02
3.9992696841338852e+02
3.9617051003942743e+02
3.9162677368500243e+02
3.8632372659373897e+02
3.8029373018990390e+02
3.7357321128458960e+02
3.6620229581331637e+02
3.5822441025373598e+02
3.4968585625605277e+02
3.4063536430415013e+02
3.3112363240876630e+02
3.2120285591408242e+02
3.1092625447664523e+02
3.0034760215360251e+02
2.8952076632071720e+02
2.7849926083629703e+02
2.6733581848338576e+02
2.5608198726902594e+02
2.4478775464696054e+02
2.3350120317041862e+02
2.2226820048681716e+02
2.1113212596870116e+02
2.0013363564738640e+02
1.8931046648957886e+02
1.7869728044415052e+02
1.6832554809686221e+02
1.5822347121474164e+02
1.4841594294746452e+02
1.3892454398757280e+02
1.2976757258041906e+02
1.2096010592263825e+02
1.1251409019755721e+02
1.0443845626866971e+02
9.6739257888177320e+01
8.9419829175387747e+01
8.2480958077078043e+01
7.5921072535330481e+01
6.9736436153522675e+01
6.3921350263055238e+01
5.8468359446433325e+01
5.3368457760487026e+01
4.8611293120601701e+01
4.4185367546536284e+01
4.0078231226510297e+01
3.6276668622720578e+01
3.2766875112597432e+01
2.9534622930639920e+01
2.6565415440783251e+01
2.3844629024703430e+01
2.1357642113605159e+01
1.9089951116837568e+01
1.7027273207727116e+01
1.5155636113512493e+01
1.3461455221010047e+01
1.1931598451977424e+01
1.0553439481944453e+01
9.3148999738642750e+00
8.2044815740336521e+00
7.2112884734018943e+00
6.3250413739922324e+00
5.5360837192551635e+00
4.8353810505019297e+00
4.2145143409505526e+00
3.6656681362491130e+00
3.1816142975083350e+00
2.7556921017311198e+00
2.3817854068540103e+00
2.0542975360957172e+00
1.7681244804946477e+00
1.5186269608334693e+00
1.3016018318476112e+00
1.1132532538121136e+00
9.5016400022817582e-01
8.0926721618092656e-01
6.8781889063727963e-01
5.8337125798599110e-01
4.9374729983992788e-01
4.1701647775279804e-01
3.5147179116514493e-01
2.9560822261501774e-01
2.4810260396270481e-01
2.0779491296637703e-01
1.7367098881805398e-01
1.4484663799134678e-01
1.2055308769904569e-01
1.0012373314616931e-01
8.2982116293589814e-02
6.8631067737755694e-02
5.6642939269945076e-02
4.6650852428095323e-02
3.8340887626751606e-02
3.1445139000998108e-02
2.5735561691949786e-02
2.1018540729426428e-02
1.7130113739488220e-02
1.3931783253281056e-02
1.1306858274006659e-02
9.1572688424224769e-03
7.4008015219167401e-03
5.9687079136944493e-03
4.8036424356548433e-03
3.8578896010505030e-03
3.0918448663140607e-03
2.4727167526127185e-03
1.9734213573535816e-03
1.5716435466120626e-03
1.2490420510397197e-03
9.9057837499044689e-04
7.8395187369669785e-04
6.1912556706702159e-04
4.8792924790399059e-04
3.8372822214869420e-04
3.0114760107636336e-04
2.3584346729850362e-04
1.8431346806015877e-04
1.4374047227530933e-04
1.1186387019886159e-04
8.6873914418061419e-05
6.7325210115900180e-05
5.2066072726709731e-05
4.0180996305052732e-05
3.0943922026290480e-05
2.3780380064826388e-05
1.8236899358248366e-05
1.3956354359744074e-05
1.0658148113160029e-05
8.1223236441432552e-06
6.1768578321953678e-06
4.6875261161365069e-06
3.5498383127812121e-06
2.6826389194997310e-06
2.0230408287937057e-06
1.5224247816878765e-06
1.1432884540673806e-06
8.5677061903120452e-07
6.4071085998679525e-07
4.7813264249331883e-07
3.5606024468967245e-07
2.6459848452581061e-07
1.9621851861008090e-07
1.4520495554454798e-07
1.0722884631688041e-07
7.9018837220665614e-08
5.8108333929729260e-08
4.2641749138737163e-08
3.1226321658600050e-08
2.2818923151911067e-08
1.6640182875922760e-08
1.2109052650893539e-08
8.7932816895610239e-09
6.3720768234047772e-09
4.6078569676905707e-09
3.3251098428634764e-09
2.3944476569162079e-09
1.7206380504631640e-09
1.2338402611415590e-09
8.8292157194787557e-10
6.3048062737037990e-10
4.4925519277412687e-10
3.1945715070880158e-10
2.2667346200911956e-10
1.6053687832283656e-10
1.1342774295863461e-10
7.9972371196147414e-11
5.6282653883424925e-11
3.9503240637484209e-11
2.7666313947767074e-11
1.9334378993516992e-11
1.3462545251243130e-11
9.3735741999596192e-12
6.5004062201925592e-12
4.5108827975239720e-12
3.1175596718980696e-12
2.1308872829224904e-12
1.4575261703710720e-12
9.9321830456032842e-13
6.5909801400641459e-13
4.5244996423197876e-13
2.8470283709124198e-13
1.9860114501384626e-13
9.8053544556049980e-14
5.9098363108823330e-14
-1.6864623500727964e-15
-3.0319046308031464e-14
-7.3460958752913096e-14
-6.3568478482357315e-14
-9.8170470721539279e-14
-8.2404458366751116e-14
-8.8159242689654500e-14
-7.9131303916197695e-14
-6.9569093304340107e-14
-8.2264324694212338e-14
-7.5496941846430569e-14
-5.7103857287939946e-14
-5.7583289068969402e-14
-5.3084338230747761e-14
-2.3193893047943072e-14
-1.3236157475718508e-14
-1.9827896684025809e-14
-3.4102517270430993e-14
-5.0535936207902466e-14
-1.7554050592756213e-14
-2.1912875767224724e-14
2.1883084288531624e-15
8.7412757354170146e-15
1.0911595726125198e-14
8.7172364663794474e-15
-4.3525778034430361e-15
-1.3039551326938021e-14
-1.3021308773455495e-14
-1.3003006074683147e-14
-8.6564290374366930e-15
-8.6441476960853829e-15
-2.1579567275953961e-14
-1.7238933797548909e-14
-3.4428271520703184e-14
-3.4378520295814537e-14
-3.4328614799703149e-14
-4.2848194891767071e-14
-4.2785430649672951e-14
-3.4177981503191352e-14
-4.2659334687478469e-14
-4.2596005184991148e-14
-5.9545485276806251e-14
-5.9456304175426222e-14
-6.7847846305297153e-14
-8.4681672667088209e-14
-8.4553173989474336e-14
-6.7539451273739909e-14
-5.0577057133384417e-14
-6.7332415704517389e-14
-8.4035589571560643e-14
-6.7124245842355527e-14
-8.3774675086156274e-14
-8.3643695185952433e-14
-1.0021484384450646e-13
-8.3380701410922354e-14
-8.3248692082013773e-14
-9.9739612993673815e-14
-9.9580391915804909e-14
-9.9420770005345998e-14
-9.9260750006365264e-14
-9.9100334666385029e-14
-1.3191936898173843e-13
-9.8778328970318560e-14
-1.3148899216779539e-13
-9.8454774963447699e-14
-1.3105656566232896e-13
-1.3083959298980698e-13
-1.3062211895972554e-13
-1.3040414726855433e-13
-1.3018568161643478e-13
-1.6245840713384547e-13
-1.2974728324765327e-13
-1.9429103692305116e-13
-1.9396043028601792e-13
-1.2908607369053441e-13
-1.2886472216826697e-13
-1.6080362835019574e-13
-1.2842061895199522e-13
-9.6148406034237556e-14
-9.5981005269220759e-14
-6.3875509812818632e-14
-9.5645187186366347e-14
-9.5476775474491309e-14
-1.2707737651883944e-13
-9.5138960737402319e-14
-1.1079782388260655e-13
-1.2639979062779762e-13
-9.4629802477546145e-14
-7.8716203883979242e-14
-7.8573976945399652e-14
-7.8431490261449705e-14
-1.2526199388625948e-13
-7.8145747045389166e-14
-9.3602994251086731e-14
-7.7858993019512538e-14
-9.3258291391068905e-14
-6.2056997582896890e-14
-7.7427007828454964e-14
-6.9554274953926091e-14
-6.9424028122122386e-14
-5.3894997852030111e-14
-3.8423832613984383e-14
