-7.5460149381477633e-16
1.6690581251874170e-14
1.2328525716112205e-14
1.7208785957071254e-14
2.3941648007586005e-14
1.3533016353626723e-14
1.3217279328498749e-14
1.5037344196328080e-14
1.8340912051596183e-14
2.5139074242297195e-14
1.9505983336721482e-14
2.2744587280064955e-14
3.4186413515837685e-14
8.5494310400294817e-15
3.6515010677099913e-15
2.5681483691351530e-14
9.9084192868905496e-15
2.4913472286592751e-14
2.0710585847271060e-14
2.9414867642061034e-14
3.1626439351846432e-14
3.5562142662284747e-14
5.0529485391027917e-14
4.4614123407444980e-14
5.6103371411153516e-14
5.1313956752564827e-14
5.8339195784531265e-14
7.0945463402891856e-14
9.3543040586437815e-14
6.6821655312824153e-14
7.3840888203815653e-14
6.8566042857158335e-14
3.2211508535797705e-14
4.3283137109851680e-14
4.1014923159909960e-14
4.7298582903831577e-14
4.7680003115907798e-14
5.0938710973639746e-14
4.5106702737994362e-14
4.2065445170087288e-14
8.9491664142242485e-15
1.0499885512626768e-15
-1.3870353131124821e-14
1.8034438552854516e-14
1.6406716787695509e-14
5.8554749903049345e-15
-2.7000420862644210e-15
3.6885529851310012e-15
-1.0682900089703461e-14
-6.7829277819004791e-15
-1.5970557150337471e-14
-9.1263582247405513e-15
-1.8645720055295232e-14
-3.7577894275214855e-14
-2.0505713635660875e-14
-2.3842047397240943e-14
-4.2784323705584583e-14
-3.1216331339942009e-14
-2.0926740858522503e-14
7.9270985746187357e-15
-5.5375681105317539e-15
-1.8093031928980874e-14
1.1350347415391706e-14
4.3880056591241278e-15
1.3572542970191370e-14
2.7064018410561957e-14
1.3851897020064388e-14
2.3778766355614166e-14
3.1628941802197742e-14
2.5417246085767918e-14
4.3126230537668640e-14
5.7948500732667074e-14
3.4908076245744175e-14
4.7121805643146970e-14
5.7622777591780224e-14
7.5338111739146957e-14
6.3528380735100082e-14
6.5181968337148301e-14
6.8114121650783939e-14
8.5169645144100817e-14
4.9150056648709214e-14
4.2134462255339745e-14
5.2789400748231737e-14
1.9702295526811707e-14
8.4451688119539344e-15
1.6208106925243840e-14
4.6454431779685627e-15
2.0965440632982708e-14
-5.0089460354547083e-15
6.8408112335427773e-15
1.9985601048880326e-14
2.9913193499734253e-14
1.3715340090979720e-14
2.1977301519485128e-14
1.6516601628700415e-14
2.0928451206355830e-14
1.3125855360477570e-14
2.5387212367212085e-14
1.0435811785086546e-14
1.6557758609314377e-15
4.1056426420528256e-15
1.0836598662531492e-14
7.9230637096365997e-16
6.2678937560412099e-15
6.6115487144571353e-15
2.9817378639720943e-14
4.1131467312659143e-14
4.5873542262437732e-14
4.0460544784566222e-14
3.6594962915374279e-14
3.8737898663422890e-14
5.2772352666421783e-14
2.3014626265267626e-14
8.6515317590822125e-15
2.6390175920054387e-15
-4.1387815385260427e-14
-5.6685993874641544e-14
-5.8377433431575553e-14
-5.3301398262054593e-14
-6.8920445483679058e-14
-7.1441647817508707e-14
-8.2288838726023442e-14
-6.6808530625735471e-14
-7.2006018109639863e-14
-9.0267513751489146e-14
-9.7761570279484873e-14
-9.0768439925209616e-14
-1.0939846916573669e-13
-1.1576418465919904e-13
-1.1301103362368947e-13
-1.2543640894745129e-13
-1.4935430048846661e-13
-1.5404816841952518e-13
-1.3661579994748153e-13
-1.6652336373292530e-13
-1.8421358038556769e-13
-1.7813348453594248e-13
-1.9266638188561593e-13
-2.2380316338897187e-13
-2.5719988395569500e-13
-2.8627296778703726e-13
-3.0318735506228878e-13
-3.5573730790097421e-13
-3.8529439470360286e-13
-4.2802301343750855e-13
-4.7552239007120071e-13
-5.2006489430640428e-13
-5.8964063972251653e-13
-6.3199976991238344e-13
-6.4277945608829498e-13
-6.9563374645522985e-13
-7.5220976972520358e-13
-7.9425218128922516e-13
-8.3973275773352417e-13
-9.1168272469859825e-13
-9.6754609662602825e-13
-1.0669249086499531e-12
-1.1073089121135851e-12
-1.2242645621470010e-12
-1.3450990861139210e-12
-1.4459366289874541e-12
-1.5785279941024492e-12
-1.7111546997396945e-12
-1.8941133251178234e-12
-2.0538920095090948e-12
-2.2056094292570483e-12
-2.4024060895352022e-12
-2.6261488747287432e-12
-2.8284399922395414e-12
-3.0827354157097524e-12
-3.3898564098673158e-12
-3.7153645303475989e-12
-4.1131053072848538e-12
-4.4959334786612005e-12
-4.9567444408887028e-12
-5.4563698951539087e-12
-6.0091261930344988e-12
-6.6296533276280110e-12
-7.2723978371441584e-12
-8.0055268138642800e-12
-8.7644902863046159e-12
-9.5516468037277308e-12
-1.0425040747650209e-11
-1.1363792947675091e-11
-1.2340059641378494e-11
-1.3396269977472787e-11
-1.4549662738313053e-11
-1.5758607657329381e-11
-1.7051787267986242e-11
-1.8384605532622454e-11
-1.9827919277035927e-11
-2.1341457465024945e-11
-2.2941905104153130e-11
-2.4594213857659628e-11
-2.6304724855493194e-11
-2.8058419159030726e-11
-2.9880147776359597e-11
-3.1724152189718378e-11
-3.3613791373449918e-11
-3.5552623464276107e-11
-3.7526823939211745e-11
-3.9526359401561320e-11
-4.1545683354356843e-11
-4.3591201385392420e-11
-4.5636602592195344e-11
-4.7651888473747142e-11
-4.9674156226558310e-11
-5.1701754858380066e-11
-5.3647440275216211e-11
-5.5575621974335477e-11
-5.7472070345563007e-11
-5.9270567793557004e-11
-6.0985417434799552e-11
-6.2658679045513636e-11
-6.4187431466243012e-11
-6.5648038247337258e-11
-6.6993198857421939e-11
-6.8219960166471534e-11
-6.9291200515420629e-11
-7.0228014478358500e-11
-7.1038258742688970e-11
-7.1710498573802687e-11
-7.2232951346080448e-11
-7.2606242480196528e-11
-7.2837473569028141e-11
-7.2886010700292997e-11
-7.2829504684317635e-11
-7.2603503314021218e-11
-7.2204433761240320e-11
-7.1654429225406197e-11
-7.0961501550524680e-11
-7.0150542441046513e-11
-6.9173085871288528e-11
-6.8099922558890497e-11
-6.6898782775330028e-11
-6.5582763849604103e-11
-6.4128914339307260e-11
-6.2583385922363847e-11
-6.0936801276544800e-11
-5.9196306198110519e-11
-5.7372464635601730e-11
-5.5520902930394545e-11
-5.3635654792184197e-11
-5.1697753749157229e-11
-4.9741467143567413e-11
-4.7755832694422515e-11
-4.5753678793620965e-11
-4.3774173192761517e-11
-4.1808381630565905e-11
-3.9853913260297441e-11
-3.7891638209563908e-11
-3.5994633542797568e-11
-3.4103808459505168e-11
-3.2250978678094439e-11
-3.0437799607584196e-11
-2.8672760205761462e-11
-2.6909765033866785e-11
-2.5251359834229105e-11
-2.3639205485109352e-11
-2.2112165574002235e-11
-2.0638740677638409e-11
-1.9231041737594720e-11
-1.7902409891637397e-11
-1.6642049899802030e-11
-1.5410593352968519e-11
-1.4270879972629709e-11
-1.3181157097582446e-11
-1.2151824409858406e-11
-1.1188673111046980e-11
-1.0273698691291042e-11
-9.4354027136239578e-12
-8.6367161018515256e-12
-7.8817993318537780e-12
-7.1720991315860698e-12
-6.5247541617243457e-12
-5.9330409266428413e-12
-5.4190282043662038e-12
-4.9133684112331838e-12
-4.4554451794858869e-12
-4.0614021505095159e-12
-3.6778771583667021e-12
-3.3528850296613197e-12
-3.0347427491585816e-12
-2.7803302024205702e-12
-2.5149272344900437e-12
-2.2950433694175873e-12
-2.0872965581706480e-12
-1.8735446542666226e-12
-1.6846189941665581e-12
-1.5424043383644702e-12
-1.3952687131731098e-12
-1.2685630030419166e-12
-1.1485081945402627e-12
-1.0253753977883523e-12
-9.2229967464784485e-13
-7.9639581683240695e-13
-7.0364977620497214e-13
-6.1294475143518868e-13
-5.2009250828066488e-13
-4.6514080461463125e-13
-4.0736856581187606e-13
-3.3960161390676140e-13
-2.9934312983101241e-13
-2.3299547717640663e-13
-2.2872161910313214e-13
-1.9970358667091898e-13
-1.7007926168897576e-13
-1.3794822236373666e-13
-1.2841664295954320e-13
-1.2407092032647217e-13
-1.1546791538183217e-13
-9.4372857581882146e-14
-9.9814961221510807e-14
-1.0208271362432849e-13
-1.1064494184127215e-13
-1.2888758774852695e-13
-1.1371749993331845e-13
-9.7569657586618981e-14
-1.1526302946599660e-13
-9.3210117178176717e-14
-8.9393196946539436e-14
-1.0277838149936433e-13
-8.9016665046630941e-14
-7.8549261118556445e-14
-9.0984266792987376e-14
-8.3674308928157452e-14
-8.5805808029575973e-14
-7.0332284857075621e-14
-8.0580779488201920e-14
-9.5358884018172638e-14
-9.1312136954027905e-14
-8.6680740403588858e-14
-8.5192352638915885e-14
-4.2362595219048695e-14
-3.9374473208147314e-14
-2.1861387695696291e-14
2.3137454983525256e-14
2.9545651197233709e-14
2.6734422209921518e-14
4.7434750193129441e-14
6.3167681007444214e-14
7.1019609521364531e-14
8.6423185944778140e-14
8.9315246401238451e-14
1.1727909293809917e-13
1.1559670300817545e-13
1.0162964613169349e-13
8.4416561972476172e-14
9.5117069724286197e-14
1.0333100542168311e-13
1.1127666583090339e-13
1.1558914096329105e-13
1.3468488346632627e-13
1.1981033397365985e-13
1.1826963121409724e-13
1.2289571138227557e-13
1.1176096575100688e-13
1.1833456734794772e-13
1.0827871052623317e-13
7.3318809817000334e-14
6.0174614525394994e-14
2.5664729550027112e-15
-1.3111344099033835e-14
-3.5228775901343810e-14
-4.0535473337940468e-14
-3.0957989197827809e-14
-2.8863196931379389e-14
-6.8488100925051336e-14
-3.0855345123718999e-14
-1.8196280549107281e-14
-2.4017683137050694e-14
-2.5427355549813789e-16
-1.7531000673147733e-15
1.6530155233213348e-14
1.4825985714508933e-14
1.3046284025931340e-14
3.0473763051859980e-14
2.6689311155328349e-14
8.5712237169318018e-15
1.6809712777432789e-14
5.9972990603905485e-15
1.8626737812078864e-14
1.2186054284481323e-14
7.6643669083342461e-15
1.0763011512850634e-14
-5.0857505579471119e-15
1.7439372876374722e-15
-2.2610025516961497e-15
2.6352892596659935e-15
-8.5491171528457527e-15
3.0766497673923689e-16
-2.5360158501509992e-14
-5.7704331764918784e-15
-1.0055018298046013e-14
-2.0619296517162583e-14
-1.9498421081787211e-14
-6.1612207308425471e-16
-2.0714468900058184e-14
-7.4006213077521711e-16
-2.7867281628404299e-14
-1.2438189605140290e-14
-1.9581868930552152e-14
-1.4867375945853174e-14
-5.8835878881346305e-15
9.9518774033661334e-15
-8.6793089521237702e-15
-2.0481356359890803e-14
-1.7549683453544204e-14
-1.9389135693751557e-14
-1.5310209938684448e-14
-1.7221463396287358e-14
-1.3493921299867737e-14
-2.2145845354450246e-14
-3.1242411009356423e-14
-1.9759699877611256e-14
-1.1709372292739204e-14
-3.4985644551631437e-15
3.0508598692492928e-15
7.3612420076972319e-16
3.3600802305861610e-14
3.3876948495677636e-14
-2.9245866257755598e-15
8.9913166632092543e-15
-2.9098885110193017e-15
1.3187749116545783e-14
2.7498666551621739e-14
4.8162937789655839e-14
4.3941432480300172e-14
5.5465981001501468e-14
1.8831568143018326e-14
2.8071941074405539e-14
3.5512018510093162e-15
2.0335352687360014e-14
3.0602032972111902e-14
1.3071414440072410e-14
3.9180303860140211e-14
5.1818510864138289e-14
2.2962305529466153e-14
2.2760757763263446e-15
1.2131379557765295e-14
1.5923081916367690e-14
1.6013956556546572e-14
4.0741726819857046e-14
3.5376674766711650e-14
3.9962930962747461e-14
1.9661017271289317e-14
2.5517645297508067e-14
2.3310463636675155e-14
1.6681743872926410e-14
2.5528903165440472e-14
3.1272169181059882e-14
4.0424307990652371e-14
4.2298632148005654e-14
2.4494385886207494e-14
2.0223200147361870e-14
3.5776140099086156e-14
1.9848096964638537e-14
3.1684716570338193e-14
3.6601661919224399e-14
4.0663114017326025e-14
3.6199890964799298e-14
2.0750886661272513e-14
2.7962259827734067e-14
2.9024050795278827e-14
1.1815556155992404e-14
1.0111121471944486e-14
2.3120841444793905e-14
3.8836054805874999e-14
4.0091364345739720e-14
3.5828044978359799e-14
1.3360890194141214e-14
3.1421513477366586e-14
2.5483320729149544e-14
3.4478716487118005e-14
1.4376717402875160e-14
1.1387325243898145e-14
1.9826322656001288e-14
2.8299987148589495e-14
2.5525803923205831e-14
2.0209821405158753e-14
1.9539624005258874e-14
2.3410948024241982e-15
3.2693192867859346e-14
3.3608254828406995e-14
3.0143079482947291e-14
1.4873402970807246e-14
2.2189301638726637e-14
5.0123271455725535e-14
1.8080621310401695e-14
2.5896759562858701e-14
2.5789312586204253e-14
1.8782100914777930e-14
3.0217536474311730e-14
2.3986888331521833e-14
2.8198409551068802e-14
2.0442733360825763e-14
5.6129256552093000e-17
-8.8683968082948465e-15
1.8054493325188456e-14
7.4837000264780466e-15
1.6078878314284248e-14
1.7445980823788462e-14
1.0217231831128484e-14
1.9277850764055142e-14
1.0682698389215898e-14
1.3520127656179166e-14
-4.1935797221472682e-15
-1.3137382444612641e-15
1.8453975763001887e-14
2.3427831564516019e-15
4.2250061617558753e-15
1.6260126413412186e-14
