-1.5163937051581232e-14
-1.0284956040093282e-14
-1.1841758347819067e-14
1.9534280713539573e-15
-6.1522622359418675e-15
-2.9400306641371906e-14
-2.6241375936208714e-14
-7.5653662589446327e-15
-1.6724143887267705e-14
-7.8231399514802702e-15
-2.1560251269110205e-14
1.6099582834750596e-14
9.5471062388533226e-15
-9.9885224465898344e-15
1.5129441428727973e-14
-7.2696577305704524e-15
-6.1104595801728548e-15
-2.8719639492046502e-15
3.7120977147300432e-15
1.6711748297645165e-14
2.1267452079960843e-14
6.7981707631845467e-15
4.1530046286814280e-14
3.7289552064551412e-14
5.9868671243156839e-14
2.6878881247253318e-14
4.6026493786539295e-14
5.4235150632627527e-14
5.8716960526920443e-14
5.0962867269830289e-14
6.8342459385691232e-14
4.2452973728610340e-14
4.1238036865308163e-14
3.9546314576239131e-14
4.7210059208882382e-14
4.3497183292992804e-14
3.4968834906558558e-14
1.2477982447884402e-14
4.3711978487397011e-14
3.6899579671401945e-14
1.4616436329855031e-14
-6.0496641894404450e-15
-2.2615975812003733e-15
3.8144431330569288e-16
1.8861515149435253e-14
1.4203417184681863e-14
3.0584699043772983e-14
2.5812964885127232e-14
6.7242929210676883e-15
6.0193231299576654e-15
1.3614431836471298e-14
8.9740317940878000e-15
1.2627417794599843e-14
-3.0207591565418807e-15
-6.8039068950629384e-16
1.0479714880669905e-14
-1.5227398924314735e-14
8.0766896312426578e-15
-1.3263892504228378e-14
1.2339163328553332e-14
1.7370611657712325e-14
6.8260761249573145e-15
4.2963416194298835e-15
2.8570889131324707e-14
9.0850745533007541e-15
3.7478236399345659e-14
3.3524929024647689e-14
5.1405635124403588e-14
6.7867918982949795e-14
5.5631944501892116e-14
7.2735836327342496e-14
8.1941704966646397e-14
6.1092381078408156e-14
6.7105463820206660e-14
7.5010584664411581e-14
7.3718548278643907e-14
1.0214227710727872e-13
8.2926896691812735e-14
1.0109603107846703e-13
1.1346540995938976e-13
7.7562489878988200e-14
6.4583563205730491e-14
8.7102759503242371e-14
7.9261645376609361e-14
7.4123227170858623e-14
4.2721838203309912e-14
5.3825496723793682e-14
5.5896961278857520e-14
3.7391192290576516e-14
3.2432219568996458e-14
6.0027972520832523e-14
6.8966048793941952e-14
7.2408583321673673e-14
4.2851744899099531e-14
5.2557050438841700e-14
6.8047389828678610e-14
1.9425905834171493e-14
3.8922646117783929e-14
-4.6128618635492456e-15
-1.6505756468090994e-14
-2.0231121692018273e-14
-3.6629580268398056e-14
-1.1250094978883157e-14
-1.5041733803140542e-14
1.6496635261418649e-14
4.0256165313276008e-14
6.3518490414872525e-14
8.9792209844737439e-14
6.9930879555691202e-14
7.3820117092579232e-14
6.2108840165989102e-14
5.0288344989363909e-14
2.5499772850193817e-14
1.6838977824854727e-14
3.2648547656813748e-15
-1.7458404529856684e-14
-2.5129692190573157e-14
-4.0707606460428045e-14
-3.8103760936186114e-14
-4.4219330441046390e-14
-5.6802694312526751e-14
-7.0001769903466297e-14
-3.2826128025987224e-14
-5.3603270569644050e-14
-5.5569223569750659e-14
-6.6970647870973255e-14
-7.0619620507607530e-14
-7.8958658359856914e-14
-8.0917949160730896e-14
-9.0042008901450092e-14
-8.9411718333864869e-14
-1.1043884984547704e-13
-1.1730393917786629e-13
-1.2424052858312875e-13
-1.2557691016944616e-13
-1.6574021915300231e-13
-1.4184303713917486e-13
-1.5882664570529457e-13
-1.6957518047966974e-13
-2.1798537882353822e-13
-2.2555581690760360e-13
-2.5273597294145405e-13
-2.9346603870886070e-13
-3.3622334912114834e-13
-3.8443226153660045e-13
-4.2047192752686257e-13
-4.6513560189508872e-13
-5.1993606534712785e-13
-5.3487783982955508e-13
-5.5639246546528641e-13
-5.7705883117720609e-13
-6.4159021926271437e-13
-6.4635828628937089e-13
-6.8371868984693343e-13
-7.2711110815061694e-13
-7.7786965751574689e-13
-8.4278615636151589e-13
-8.8666899110641227e-13
-9.6213701951756815e-13
-1.0412198123276144e-12
-1.1276111481898319e-12
-1.2195693649604876e-12
-1.3360239187423096e-12
-1.4204175422733311e-12
-1.5251474472184034e-12
-1.6105353884641732e-12
-1.7609876043874627e-12
-1.9138685377686469e-12
-2.0191015539741228e-12
-2.1824339058911269e-12
-2.3986747371000863e-12
-2.6213209846217582e-12
-2.8716072863192742e-12
-3.1375941101936045e-12
-3.4555472475226601e-12
-3.8119982491052621e-12
-4.2093870878197526e-12
-4.6367995663905769e-12
-5.0903735783701781e-12
-5.5876613109168284e-12
-6.1111676183821180e-12
-6.6936419639914616e-12
-7.2817476948142032e-12
-7.9757847133040297e-12
-8.6602800674642618e-12
-9.4294712224217920e-12
-1.0247705681202652e-11
-1.1117973378437805e-11
-1.2078786760356446e-11
-1.3054409646848627e-11
-1.4129618663713445e-11
-1.5279075193133109e-11
-1.6489057691536005e-11
-1.7760602160614526e-11
-1.9067623389497998e-11
-2.0435979203604754e-11
-2.1855340238883248e-11
-2.3291147903386686e-11
-2.4782574465467145e-11
-2.6327175797319223e-11
-2.7902180452489929e-11
-2.9506483280408898e-11
-3.1154527444035412e-11
-3.2825411529166882e-11
-3.4517288823995113e-11
-3.6175787043276102e-11
-3.7905156843264044e-11
-3.9583769459185961e-11
-4.1278480133163335e-11
-4.2971195918768505e-11
-4.4589380544312846e-11
-4.6180418346645401e-11
-4.7748222975355832e-11
-4.9232908902147790e-11
-5.0666281796233915e-11
-5.2028782016826374e-11
-5.3331551938175826e-11
-5.4499868663256066e-11
-5.5634567104093978e-11
-5.6589572456527036e-11
-5.7529423988831211e-11
-5.8306972647779769e-11
-5.8971815044850895e-11
-5.9545405442813506e-11
-5.9942803620191483e-11
-6.0266757429283769e-11
-6.0444904755474820e-11
-6.0499958784551446e-11
-6.0419719594286421e-11
-6.0169584217175161e-11
-5.9817381798229110e-11
-5.9371597486562599e-11
-5.8782195479715806e-11
-5.8096807942311853e-11
-5.7304178854893186e-11
-5.6392920923752583e-11
-5.5382005126848258e-11
-5.4257137635156375e-11
-5.3041628554113327e-11
-5.1722682838890854e-11
-5.0347267940439867e-11
-4.8931477587047882e-11
-4.7417809492067385e-11
-4.5898430380996847e-11
-4.4346315248603478e-11
-4.2715513151884878e-11
-4.1119014487409528e-11
-3.9505682750606697e-11
-3.7873360132786685e-11
-3.6248684325483332e-11
-3.4646400011620344e-11
-3.3038421544071201e-11
-3.1450055343519660e-11
-2.9864255823152445e-11
-2.8315658103603644e-11
-2.6767755721174249e-11
-2.5244561418594000e-11
-2.3776974713437678e-11
-2.2362616180103252e-11
-2.1001057267029574e-11
-1.9695723089452659e-11
-1.8433591657969418e-11
-1.7221400206948343e-11
-1.6056877034434822e-11
-1.4960291812638835e-11
-1.3918426501808009e-11
-1.2908243254201541e-11
-1.1949380267694397e-11
-1.1062076662022906e-11
-1.0195133053988671e-11
-9.4024265095540923e-12
-8.6246605859938407e-12
-7.8903160829060780e-12
-7.1940152569847213e-12
-6.5942874852791650e-12
-6.0076144787423725e-12
-5.5008711790756587e-12
-5.0060545786586112e-12
-4.6055254274471430e-12
-4.1895502055546666e-12
-3.8333442408720243e-12
-3.4902141827676851e-12
-3.1982124626341638e-12
-2.9386880586627224e-12
-2.6735871071659445e-12
-2.4124321607109490e-12
-2.2029836629814321e-12
-2.0121742011601138e-12
-1.8138393024052945e-12
-1.6360679777343660e-12
-1.4679195894976648e-12
-1.3423350875589943e-12
-1.2221699521481263e-12
-1.1175038334367198e-12
-9.8337507937277861e-13
-8.7150401524152522e-13
-7.5689668398112272e-13
-6.8017926993463322e-13
-5.6679023858549673e-13
-5.0424675329015859e-13
-4.3437023564056213e-13
-3.7005393798059378e-13
-3.1253892552380605e-13
-2.5834717098280103e-13
-2.3946219016099280e-13
-2.0064714621772594e-13
-1.7261988031575878e-13
-1.7754917949577279e-13
-1.6367887412290408e-13
-1.2628988371458973e-13
-1.2862186115102778e-13
-1.1658863395831307e-13
-1.1455552098177849e-13
-1.3377594671810147e-13
-1.3192207097735996e-13
-1.3400386620531632e-13
-1.1878765973542757e-13
-1.0052901086450842e-13
-6.3988869290541266e-14
-6.7645451662663102e-14
-4.9187202089800614e-14
-4.3436019339494191e-14
-4.7605706177695824e-14
-4.9539412959173710e-14
-4.6098383860787237e-14
-1.7592164252802798e-14
-1.3545264516834718e-14
-2.4659472410054366e-14
-1.8925409406623242e-14
-1.9598839844700362e-14
-3.8925849121879541e-14
-4.0313662942606157e-14
-3.1538700994265238e-14
-1.0333811377741017e-14
8.3203670205951621e-15
-6.4341068520696370e-15
3.8647611083673642e-14
6.6238282128800687e-14
4.8208483910575490e-14
2.6426031726554736e-14
4.8363133226081356e-14
9.8031139101572711e-14
9.5591349687425487e-14
1.1117651154882871e-13
1.3306722140819088e-13
1.2790996940825360e-13
1.0135986907378177e-13
8.3112926810372097e-14
1.0000233760660074e-13
1.2431327269081887e-13
1.3391164575647912e-13
1.2223517867868353e-13
1.5449471174796287e-13
1.6031611146325367e-13
1.7069391286279131e-13
1.7219049798239759e-13
1.6835452154122802e-13
1.9231002351929339e-13
1.6354571247012592e-13
1.3281219016403118e-13
8.3341732915183921e-14
5.3050904399253523e-14
8.8999970783906457e-15
-4.5626640063268850e-14
-2.5022049091883221e-14
-4.7950436191132311e-14
-6.0392043332688716e-15
-3.0931268295594713e-14
1.1506228025939820e-14
1.6363023724317253e-14
1.6456458704546679e-14
9.6449799099545048e-15
1.5494334457286051e-14
1.3711038920653278e-14
1.6234157180571312e-14
1.0360557281871719e-14
3.7928754656562405e-14
5.1669471769866166e-14
3.4505110801866268e-14
2.1224355898591948e-14
3.9097489232986171e-14
2.8234711006471812e-14
1.8212207069615535e-14
1.0322538497416227e-14
1.5985645388758869e-14
7.3868086323746852e-15
-1.2185125576439991e-15
-2.5157117892013964e-15
-8.9103098841563277e-15
-6.1354017499060293e-15
-1.6518345840762589e-14
-2.6450540824332895e-14
5.1926414565651833e-15
7.7648953361922572e-15
6.9921312423269188e-15
1.2400663378190826e-14
-3.6740279313525090e-15
3.2206704364976673e-15
2.1489382734051840e-15
-5.3108531526756854e-15
1.4117934119283805e-14
8.3819590791454763e-15
-6.9475835143239507e-16
1.2735157279820795e-14
1.7393009461123029e-14
1.6039226486018470e-14
-2.5978956098596536e-15
1.1065713442362601e-14
-2.0237308991529011e-15
1.8353443206827573e-14
1.5249090327984523e-14
1.4499190490595272e-14
2.7910257287106269e-14
6.5440841154016466e-15
-7.3878041137371575e-15
2.9152007847695956e-14
3.2310305850110879e-14
2.1613562236664754e-14
3.3614207055245180e-14
3.8721479226273786e-14
5.2381161777335116e-14
5.6674705351057061e-14
2.0905526910505308e-14
3.6251872232737331e-14
3.1995546357927817e-14
4.7032415332578005e-14
5.9483160211873463e-14
6.6377420799233506e-14
4.9059249843381636e-14
3.5686973890914048e-14
1.1989682725366310e-14
3.3605206436170661e-14
4.5794220367035696e-14
3.1954386552158512e-14
3.9160697850586880e-14
6.0785052787476114e-14
5.9817224031909195e-14
4.2711204218364429e-14
2.9697514053058180e-14
4.2349714365217278e-14
3.7535776914407336e-14
4.6425829705471369e-14
5.6537867433057725e-14
6.5319914345376919e-14
6.1305591262079003e-14
4.0672634374406056e-14
3.3976783324776700e-14
4.5669699065764443e-14
3.6113522466278667e-14
2.6203506985443236e-14
4.1748894414380021e-14
4.5688554112347526e-14
6.1751504218303759e-14
5.3040768226785211e-14
2.8579383473380574e-14
4.5154513430755828e-14
2.3684830339201027e-14
2.4190791175427177e-14
3.8143065726569513e-14
4.0320718629375895e-14
3.6425758223187849e-14
1.8856066593921220e-14
7.5544881562749465e-15
2.4475738247312615e-14
1.7507012725675890e-14
2.2470104168484992e-14
2.4451577777218463e-14
4.0479145854069105e-14
3.1724812488592678e-14
1.9802750867174158e-14
2.6589203359189567e-14
2.1189700939366434e-14
1.7495202231794613e-14
1.4219519349977812e-14
2.6438141657417470e-14
1.3792583795038884e-14
1.5905066208129565e-14
1.2866505999409188e-14
1.0399281739460727e-14
2.5912384296225929e-14
1.2728281037189718e-14
1.2563514949759948e-14
2.8206471478884940e-14
3.5995444899305829e-14
4.3852825094935674e-14
1.1313142678702472e-14
7.0579332233994337e-15
4.3432042566502501e-14
6.8984856320757824e-15
1.1155020759113240e-14
1.3801040571804908e-14
2.2077731316986836e-14
2.3635585851049714e-14
2.6714359797266690e-14
8.1558245396545050e-15
-2.1945885431374721e-15
-6.9072646898073263e-15
5.5739690708386557e-15
-1.9233418825937182e-14
2.8583899198094896e-15
6.7339348279076948e-15
-8.6295293477445691e-15
-8.5009865605430857e-15
7.3329879747160160e-15
-8.0013169898595246e-15
-1.7866256634073136e-14
-9.2371544120663679e-17
-6.6613387793327709e-15
-3.9899042931209337e-15
-6.7567248803607976e-17
3.3077423222972504e-16
-8.6848582401527661e-15
