-1.2693402537200999e-13
-1.8365266390149655e-13
-2.3659447821761223e-13
-3.0285231553318819e-13
-3.4864690031270508e-13
-3.9965903674226826e-13
-4.5740675482963518e-13
-5.1591792553083246e-13
-5.2983718147384947e-13
-5.6031044942816073e-13
-6.2542161287169268e-13
-7.1186133036783987e-13
-7.6461424605279846e-13
-8.2223415934477368e-13
-9.0726938365740484e-13
-9.8500134330742456e-13
-1.0297050073717193e-12
-1.0919421725933268e-12
-1.1666135477050199e-12
-1.2545522466012603e-12
-1.3114705468775767e-12
-1.3581323609559225e-12
-1.4360855682050684e-12
-1.5073275899297372e-12
-1.5120136815219240e-12
-1.5334665781482700e-12
-1.5738479223029350e-12
-1.5935840380225617e-12
-1.5905563879076754e-12
-1.5819942132103603e-12
-1.6147856597381073e-12
-1.6019232626413338e-12
-1.5504024212628454e-12
-1.4598966771181821e-12
-1.3828683283319598e-12
-1.2561857185954084e-12
-1.1085193987491142e-12
-9.2480144388407625e-13
-7.6907962615724968e-13
-5.5864406706716421e-13
-2.7504172137745100e-13
-1.1169120468381546e-14
2.7098329158225189e-13
5.6100208794996376e-13
8.3353844778077036e-13
1.0926624559627784e-12
1.3329467567612431e-12
1.5617118359014844e-12
1.8381124817752110e-12
2.1236374188341559e-12
2.4530928414572874e-12
2.8347812347056034e-12
3.2323459269095510e-12
3.6802115938198661e-12
4.0915892133377917e-12
4.5585372260444501e-12
5.0856512524858875e-12
5.5854931534919450e-12
6.1110424458954187e-12
6.6765988978487967e-12
7.2360260427996286e-12
7.7912955505044651e-12
8.3426337623450475e-12
8.9404087778564917e-12
9.5298538723893231e-12
1.0156989872125132e-11
1.0780852271865395e-11
1.1480195677711003e-11
1.2143277735114880e-11
1.2859775615236164e-11
1.3530479825276462e-11
1.4250189614871860e-11
1.5014502748729998e-11
1.5789147473514824e-11
1.6620620471360942e-11
1.7460300498731896e-11
1.8296351331097750e-11
1.9106852286968999e-11
1.9904997935580085e-11
2.0713274060177598e-11
2.1514032788603794e-11
2.2322749197408221e-11
2.3170468965443798e-11
2.4033453680414489e-11
2.4870565476573515e-11
2.5702173807055854e-11
2.6510606856261638e-11
2.7363560630699028e-11
2.8207984153511721e-11
2.9000998447413180e-11
2.9819909211171545e-11
3.0641770613526844e-11
3.1416294964532085e-11
3.2169336798376712e-11
3.2868192072984151e-11
3.3592002457018448e-11
3.4273529387274560e-11
3.4928469830588814e-11
3.5568083805966330e-11
3.6223635425116225e-11
3.6768646957465404e-11
3.7301733447040245e-11
3.7777385082470231e-11
3.8230474066714749e-11
3.8621567015261810e-11
3.8956754967187976e-11
3.9272038301189719e-11
3.9527857321574310e-11
3.9712994860716712e-11
3.9848004234509440e-11
3.9921136180455001e-11
3.9941054604508911e-11
3.9863831207119460e-11
3.9726697799062438e-11
3.9548639799903942e-11
3.9314683508057570e-11
3.9026514792186017e-11
3.8674102769441173e-11
3.8278783550680517e-11
3.7826669606031410e-11
3.7334554712524624e-11
3.6761767432035267e-11
3.6155509676435916e-11
3.5507835420175581e-11
3.4821446962878128e-11
3.4076237428095499e-11
3.3321898577470164e-11
3.2546148226125633e-11
3.1739379736310120e-11
3.0903733937766228e-11
3.0071886506474329e-11
2.9191138649229470e-11
2.8316727474831363e-11
2.7397996733266155e-11
2.6508059850050177e-11
2.5617373179433208e-11
2.4721696095833827e-11
2.3816530971373146e-11
2.2947707096620447e-11
2.2071724893556985e-11
2.1201132976036041e-11
2.0354112362742456e-11
1.9564905031790970e-11
1.8783050724713655e-11
1.8013024858837085e-11
1.7253870462738338e-11
1.6510703982421804e-11
1.5754268574054995e-11
1.5014751091976643e-11
1.4257122556007266e-11
1.3553432289026318e-11
1.2856502672755531e-11
1.2155249130361214e-11
1.1508274551308002e-11
1.0870784261658512e-11
1.0239799233234964e-11
9.6458562944162313e-12
9.0574839418202910e-12
8.5555927864477583e-12
8.0426196554554893e-12
7.5683822748760233e-12
7.0763723981996037e-12
6.6135041859776985e-12
6.1151293380730977e-12
5.6661859738950032e-12
5.2107259522866936e-12
4.8266843758159869e-12
4.4405928287647754e-12
4.0709103422537006e-12
3.7240913542345057e-12
3.3671564436476442e-12
3.0180904670622973e-12
2.7083386804259924e-12
2.4135705014228053e-12
2.1567581845719413e-12
1.9310225528071063e-12
1.7245243360152149e-12
1.5555395402222912e-12
1.3736795987736268e-12
1.1730454274222075e-12
9.7407408046687084e-13
7.5439310776244962e-13
6.1178736359718153e-13
4.6792640742118955e-13
2.8481764500462861e-13
2.0217318611360918e-13
1.3099712098665175e-13
7.1381205291915818e-14
3.3993746150693836e-14
2.0802699696784411e-14
6.0410176252209344e-14
8.9606145785759801e-14
1.5301010520144400e-13
2.1145144749898367e-13
2.6658521294178800e-13
3.1192846285805403e-13
3.7777071787306705e-13
4.4015975292237324e-13
5.4189854764742161e-13
6.0741370196704938e-13
6.0395308137776621e-13
6.3913200617490536e-13
6.3172185108738790e-13
6.6082658320589337e-13
6.7209923399337751e-13
7.0038635646818002e-13
7.3049682900442058e-13
7.5650862915628833e-13
7.6082378182479414e-13
7.8013998618185320e-13
7.7454887730424188e-13
7.9833033940744617e-13
8.1755322569267201e-13
8.6669623351909615e-13
9.3522504056138657e-13
9.6310007565558289e-13
9.5412598562137771e-13
9.7182631253644563e-13
9.8699276323284284e-13
9.8384655813752995e-13
9.7602631302492458e-13
9.8929174997866912e-13
1.0193861713674700e-12
9.9999795065192456e-13
9.4912657132211635e-13
9.0364939673085676e-13
8.6062303845707236e-13
7.8747802584524940e-13
7.4584880084444650e-13
6.8883190669126117e-13
6.3304716760967245e-13
5.3891312603025594e-13
4.0433847137210382e-13
3.0083360775693087e-13
1.9347780351710950e-13
1.1187563006049879e-13
5.8123380636359230e-14
3.8517702313968130e-14
3.7385962451663239e-14
4.4559569587883062e-14
6.1703978291599501e-14
7.1748793646054596e-14
7.0345821111922916e-14
6.9274012380608222e-14
8.3239733673091842e-14
1.1198343234721084e-13
1.2282683382588181e-13
1.1875133314038814e-13
1.1733314876964231e-13
1.1170826830421997e-13
9.0502336553195716e-14
4.9354252758654396e-14
2.4499529709695743e-14
2.9500626374651957e-14
-9.8643424037518328e-15
-7.0481048250591859e-14
