3.1389933623288242e-13
-3.8509156698701960e-13
9.8822085980018070e-14
-2.8840596617259177e-13
3.2415656229838461e-13
-5.1150184739554232e-13
3.2595120920395499e-13
-1.3886710360391850e-13
1.6517309217715975e-13
-1.9178756675359661e-13
2.2634593042060900e-13
-5.1543382009388924e-13
-2.6979190752672961e-15
4.4052590011843427e-14
-3.4630187536660592e-13
-4.4463177333878910e-13
4.8894835613048988e-13
-4.3648670669540829e-13
-2.3726382292319483e-13
-1.3517450859326176e-13
-2.3822017321580057e-13
-1.7105141729597935e-13
1.7711607384863990e-13
-4.1243039701420779e-13
2.1579231484951240e-13
-2.5088124181653469e-13
1.1239616299808578e-13
-3.7259697740307289e-13
-6.6860729297628479e-14
1.5933484700918363e-13
-8.0316490796842126e-14
-3.5086782125177707e-13
1.2451972782628501e-13
6.4209445925600758e-14
-2.8062070786463123e-14
-1.7229240350875033e-13
-6.5197145289845331e-13
1.0140781993843413e-13
2.3868472860984325e-13
-7.5818282229959126e-13
-1.2499647682305993e-13
2.1329433915978207e-13
-3.4567502962137914e-14
-3.8990538639347979e-13
-2.7003485791410906e-13
-1.8706493973468254e-14
1.3186223314746365e-13
-3.0079984412133856e-13
-3.4331713916464566e-13
4.7886911160644265e-14
8.8418187446910978e-14
-1.7760246996028533e-13
-1.8511630952810375e-13
-3.8855970928983501e-14
3.5431721380083679e-13
2.0883374103674578e-13
-4.6253678132595489e-14
1.7256920825154960e-13
-2.8502598711217874e-14
3.4596613804929749e-13
-2.2499076174745625e-13
4.7116542468570235e-13
1.8647277327413102e-13
1.0288618097692714e-12
7.9775546459442432e-14
7.8000563639896165e-13
7.6857067399782112e-13
1.3066594621167119e-12
1.1423187449637474e-12
2.3880713874644401e-12
3.5368992460904031e-12
4.4014289983536400e-12
6.5455947478976398e-12
9.0401757472217959e-12
1.2417475572702430e-11
1.8325583517179604e-11
2.4743443443175029e-11
3.4751462736951583e-11
4.8665858455068443e-11
6.6811638724022894e-11
9.0614963851475851e-11
1.2310131577299442e-10
1.6589274783908389e-10
2.2245715010429664e-10
2.9573099497925080e-10
3.9018537798098532e-10
5.1012318695066075e-10
6.6064697487705072e-10
8.4638609692252603e-10
1.0693547506738256e-09
1.3327819849753040e-09
1.6323899072011331e-09
1.9529496702047801e-09
2.2700289497305599e-09
2.5331697918767189e-09
2.6577464146132622e-09
2.5083868724130903e-09
1.8691336099661562e-09
4.1220339677676561e-10
-2.3550444882070365e-09
-7.1591333357499281e-09
-1.5060364383885047e-08
-2.7580926868056444e-08
-4.6888524884784178e-08
-7.6042956242050227e-08
-1.1932195621912270e-07
-1.8265754496358800e-07
-2.7422304597476902e-07
-4.0519552522784320e-07
-5.9076034117312840e-07
-8.5142550463482577e-07
-1.2147117986364752e-06
-1.7173429580804574e-06
-2.4080479352290428e-06
-3.3511237706979145e-06
-4.6309553978709600e-06
-6.3577070620671576e-06
-8.6744339106031068e-06
-1.1765945313938784e-05
-1.5869748265819450e-05
-2.1289503916779149e-05
-2.8411437994775505e-05
-3.7724233902438413e-05
-4.9842973084976408e-05
-6.5537710109142772e-05
-8.5767320409538562e-05
-1.1171923256207233e-04
-1.4485561987422792e-04
-1.8696654718505627e-04
-2.4023038467946585e-04
-3.0728155743417295e-04
-3.9128533526951284e-04
-4.9601882112933454e-04
-6.2595659571404406e-04
-7.8635853257909608e-04
-9.8335604596551471e-04
-1.2240314864707667e-03
-1.5164833980887242e-03
-1.8698679062487678e-03
-2.2944035113742754e-03
-2.8013229158269427e-03
-3.4027511928748822e-03
-4.1114844762168718e-03
-4.9406373733284995e-03
-5.9031204329978394e-03
-7.0109010994818905e-03
-8.2739927846802418e-03
-9.6991068355834521e-03
-1.1287891425386668e-02
-1.3034669802555141e-02
-1.4923578052134311e-02
-1.6924989796894444e-02
-1.8991102416658929e-02
-2.1050546762666430e-02
-2.3001870546896373e-02
-2.4705735222883038e-02
-2.5975657951375519e-02
-2.6567125115468760e-02
-2.6164902766840310e-02
-2.4368373500801968e-02
-2.0674739826435657e-02
-1.4459952396742099e-02
-4.9572489915744910e-03
8.7667718324692633e-03
2.7838568431476099e-02
5.3606527776566090e-02
8.7672176042751682e-02
1.3192351973888378e-01
1.8857019977107850e-01
2.6018001536767033e-01
3.4971623330588952e-01
4.6057494142545702e-01
5.9662153550177577e-01
7.6222524770910471e-01
9.6229043640607115e-01
1.2022831652189554e+00
1.4882514095721515e+00
1.8268370474135920e+00
2.2252776250640234e+00
2.6913957473294916e+00
3.2335738321619916e+00
3.8607119040907638e+00
4.5821660874496972e+00
5.4076655103459599e+00
6.3472054535094395e+00
7.4109147839751097e+00
8.6088960105091754e+00
9.9510366925943536e+00
1.1446791432608871e+01
1.3104934283789865e+01
1.4933282114091158e+01
1.6938390273813159e+01
1.9125222814843152e+01
2.1496800489175001e+01
2.4053830797188510e+01
2.6794325440703698e+01
2.9713211636189666e+01
3.2801944829718956e+01
3.6048131393407090e+01
3.9435170836221161e+01
4.2941927890876634e+01
4.6542445502420776e+01
5.0205710202454092e+01
5.3895481566412116e+01
5.7570197383376843e+01
6.1182965786473666e+01
6.4681654870867092e+01
6.8009089247223130e+01
7.1103361531811828e+01
7.3898264961124610e+01
7.6323851151433303e+01
7.8307114526779017e+01
7.9772802149963880e+01
8.0644344660208048e+01
8.0844900810779777e+01
8.0298504783826886e+01
7.8931302121510441e+01
7.6672856844301876e+01
7.3457509226329492e+01
6.9225760864543616e+01
6.3925661213597706e+01
5.7514167758741564e+01
4.9958450554797750e+01
4.1237111050390880e+01
3.1341285009163737e+01
2.0275599983260960e+01
8.0589592188708963e+00
-5.2748739124004533e+00
-1.9676913874030930e+01
-3.5082832510398362e+01
-5.1413094974299405e+01
-6.8573361849144348e+01
-8.6455161816910291e+01
-1.0493683340999976e+02
-1.2388472836427786e+02
-1.4315466301726741e+02
-1.6259359823244321e+02
-1.8204152264348619e+02
-2.0133350876392262e+02
-2.2030190685284984e+02
-2.3877863750828777e+02
-2.5659754089997733e+02
-2.7359673845474919e+02
-2.8962096174532530e+02
-3.0452380335414273e+02
-3.1816984560296822e+02
-3.3043662524031907e+02
-3.4121639541398281e+02
-3.5041765044642995e+02
-3.5796638396974060e+02
-3.6380705673180319e+02
-3.6790325670398693e+02
-3.7023804083318964e+02
-3.7081395470821013e+02
-3.6965273336681992e+02
-3.6679469327152987e+02
-3.6229783195110105e+02
-3.5623665777564838e+02
-3.4870077765693219e+02
-3.3979327501476513e+02
-3.2962891402276244e+02
-3.1833220886702435e+02
-3.0603539847387322e+02
-2.9287636787162108e+02
-2.7899655705993001e+02
-2.6453889701046751e+02
-2.4964581028170099e+02
-2.3445731078935341e+02
-2.1910923364196213e+02
-2.0373162175278154e+02
-1.8844729131031997e+02
-1.7337059327126383e+02
-1.5860638297387354e+02
-1.4424920489652393e+02
-1.3038269463684287e+02
-1.1707919548313065e+02
-1.0439958259838083e+02
-9.2393283928997420e+01
-8.1098483557539311e+01
-7.0542490394659751e+01
-6.0742252883311338e+01
-5.1704998782458439e+01
-4.3428978103655616e+01
-3.5904286870960490e+01
-2.9113749526468801e+01
-2.3033838461544729e+01
-1.7635610258427924e+01
-1.2885639711726363e+01
-8.7469344926259343e+00
-5.1798153466827674e+00
-2.1427489048477963e+00
4.0687753444386682e-01
2.5120475939371318e+00
4.2154798574980257e+00
5.5590682736801362e+00
6.5834008061488793e+00
7.3273563613859753e+00
7.8277783760236188e+00
8.1192220223328651e+00
8.2337708020130034e+00
8.2009173487574376e+00
8.0475025454373679e+00
7.7977065722122942e+00
7.4730852225711519e+00
7.0926447362003024e+00
6.6729484786827635e+00
6.2282490245216824e+00
5.7706395469028555e+00
5.3102188600365974e+00
4.8552649734897617e+00
4.4124125797137124e+00
3.9868304847012159e+00
3.5823955885036254e+00
3.2018606106253840e+00
2.8470133212782667e+00
2.5188255718494346e+00
2.2175909081113070e+00
1.9430499915820811e+00
1.6945034441168583e+00
1.4709120665383189e+00
1.2709846639100213e+00
1.0932539393106822e+00
9.3614109763022979e-01
7.9800993441386026e-01
6.7721127664777936e-01
5.7211869735796717e-01
4.8115644892694287e-01
4.0282055623441393e-01
3.3569398497697661e-01
2.7845675740680881e-01
2.2989183168602936e-01
1.8888749581563402e-01
1.5443695621776268e-01
1.2563572736637088e-01
1.0167735496885331e-01
8.1847932964689382e-02
6.5519805709216505e-02
5.2144782238713779e-02
4.1247130370834113e-02
3.2416564942622586e-02
2.5301397104463833e-02
1.9601970191344169e-02
1.5064472149837655e-02
1.1475184513407238e-02
8.6552031209882856e-03
6.4556456316693803e-03
4.7533450207128264e-03
3.4470160273649209e-03
2.4538725358232670e-03
1.7066675870466702e-03
1.1511236989871689e-03
7.4371899664250278e-04
4.4979393483462825e-04
2.4194382791809638e-04
9.8663689614501206e-05
3.2137303212648846e-06
-5.7323803068371107e-05
-9.2823293486728032e-05
-1.1075410896569788e-04
-1.1670023167623816e-04
-1.1478018029610191e-04
-1.0798384771032609e-04
-9.8440608248386201e-05
-8.7631005621493493e-05
-7.6552491838053962e-05
-6.5847999784962862e-05
-5.5904734260729108e-05
-4.6929254619915007e-05
-3.9003877829941054e-05
-3.2128467224005051e-05
-2.6250921170905730e-05
-2.1289000574508484e-05
-1.7145599646123286e-05
-1.3719109990322548e-05
-1.0910176459635622e-05
-8.6258297816475440e-06
-6.7817679770200181e-06
-5.3033489113791317e-06
-4.1257287910546473e-06
-3.1934485016750229e-06
-2.4597065041507619e-06
-1.8854581433628252e-06
-1.4384653947235115e-06
-1.0923493169237916e-06
-8.2571287829803078e-07
-6.2132641206093171e-07
-4.6542323323917502e-07
-3.4707428652384534e-07
-2.5765867961630977e-07
-1.9042060244609103e-07
-1.4009568689245158e-07
-1.0260404498508292e-07
-7.4801992914980390e-08
-5.4281010584161710e-08
-3.9205780398354450e-08
-2.8180923885284298e-08
-2.0158390123417084e-08
-1.4347816866126337e-08
-1.0159737964412553e-08
-7.1557357280939444e-09
-5.0125467795628580e-09
-3.4908169767317671e-09
-2.4165224320461252e-09
-1.6624118290231997e-09
-1.1358548604636171e-09
-7.6966612617257473e-10
-5.1832543366762311e-10
-3.4574815261026851e-10
-2.2829557560518541e-10
-1.4905711498143850e-10
-9.6144930253109596e-11
-6.0869860634544170e-11
-3.8285189161483898e-11
-2.3317302158879239e-11
-1.3207152936909209e-11
-7.7510484481025996e-12
-4.3140748174043922e-12
-1.6100416226812393e-12
-1.0759791730412025e-12
-3.0242921970703445e-13
-1.2785178762718364e-13
1.7804139327638726e-13
-9.9436300429117134e-14
-1.7468811963686170e-14
3.0124853117714567e-13
1.1239345073327354e-13
2.7428329205913514e-13
1.3342561457539235e-13
7.1064511126479146e-14
5.5436889218158534e-13
2.3443264278648686e-13
-2.6875465546183526e-13
1.3981890071556170e-15
4.3598943286586170e-13
2.6231282759438675e-13
-1.5660146300387007e-13
2.1036618746510628e-13
4.2890742642591419e-13
-3.5648780936708789e-13
-6.7870527410413739e-14
-1.9694883679144210e-13
-2.6579758700462843e-13
4.2199520848229893e-14
-1.8244037113193295e-13
-1.6237740315881527e-13
1.0175019417470344e-13
2.8225517841032995e-13
-9.9949135461600057e-14
4.4819607147143815e-13
1.6410513169925958e-13
2.8359310053880924e-13
-1.2520131554864027e-13
-1.0723960338196224e-13
3.2442049991368168e-13
-4.0811922799205196e-13
3.6962511199215270e-14
-1.6120208800945794e-13
7.7519670769867725e-14
4.1639359818314435e-13
-1.2052718697878441e-13
-4.4159510647574383e-13
-1.1147336160083390e-13
-3.6132759108480215e-14
-2.7898365024302467e-13
-6.5972970904042035e-14
1.4595682999778712e-13
2.4577560663138068e-13
4.4194977605969457e-13
-2.9616707146222644e-13
2.2567005339031822e-13
-4.2427751774312926e-13
2.3923849594322793e-13
-4.7231205446097939e-13
-3.5711243675897564e-13
9.6804257573491148e-14
-7.3761328676023308e-14
-3.9592080707469534e-14
3.3051682281987914e-13
1.9086686437294290e-13
-4.2919781944555114e-13
-1.1339266107158902e-13
-2.9184835171343201e-13
-7.7529095301605623e-14
1.0187967694955542e-13
3.6149104031302720e-14
1.7027124923850518e-13
2.4797180859101457e-13
4.1793749362604988e-13
-1.6092320740295671e-13
-4.5511532074703981e-14
6.5972902827897103e-14
-1.0702753449437495e-13
-2.2993280587884649e-13
7.3918554853327285e-14
4.3860958541444846e-13
1.0338726448205032e-13
-1.6087591651234120e-13
-2.4383507789892977e-13
3.1138543451784182e-13
7.7377389275277558e-13
3.9533225484463305e-13
-4.1249708610505365e-13
1.6065668674521859e-13
2.8970602987226396e-13
1.1878481024532229e-13
-5.5601767421448120e-14
2.2252925452238271e-13
-5.7648640704166051e-14
3.2610314170267774e-13
2.0396280148047076e-13
2.5912974999791345e-13
-2.6870094198052026e-13
