2.2720971187126281e-14
3.3435432359003848e-14
3.3345514743171632e-14
3.3139149475541604e-14
3.3066272508501747e-14
2.4753586652754984e-14
2.1606378684241700e-14
2.4006769648652445e-14
2.2236613249718819e-14
2.8166928572716443e-14
2.3741729136985743e-14
1.9024412506841546e-14
1.5582535250545113e-14
2.3231501509529147e-14
1.8097268674676760e-14
1.0896605170949664e-14
1.1481957473432087e-14
1.8591027860610547e-14
3.0370770612985825e-14
4.5210157592864691e-14
3.1007406174906680e-14
3.7975658684467848e-14
5.7586233812933255e-14
4.2650451616703474e-14
4.2950789337158336e-14
6.0737025745916581e-14
5.8356106520959978e-14
5.3407543274234421e-14
6.0742969744625729e-14
5.3993044945793959e-14
5.5356825742667439e-14
5.2040746989365344e-14
5.3113785742229255e-14
5.2255193131064838e-14
5.9608639174362945e-14
5.8051916904610224e-14
4.5429661956792094e-14
5.9281411727794784e-14
3.1937104459154260e-14
5.0860669889241319e-14
7.6661409575292302e-15
6.9719509689939095e-16
-2.2513339764206094e-14
-1.8488875000424230e-14
-2.4934580631353431e-14
-1.3375074139548543e-14
-2.4324640430830011e-14
-2.6287121110233061e-14
-6.1737868601192034e-14
-5.0115748082712224e-14
-5.6355885070266878e-14
-5.2824983939749898e-14
-4.8320176650577643e-14
-4.0624948730134919e-14
-3.8208810617017076e-14
-3.6365107620635507e-14
-5.2962586697662410e-14
-4.0711478387842457e-14
-4.5479684431599470e-14
-4.3292673319285894e-14
-2.5020570811687617e-14
-4.3803452608660547e-14
-2.8765836168139775e-14
-2.1569883401948006e-14
-3.3666378619682318e-14
-3.1400289784821422e-14
-2.1736069133537148e-14
-1.2176607483832058e-14
1.0539911139309230e-14
-3.8829522844148886e-15
1.3812155582650860e-14
3.0385849414496026e-14
-1.4621814568731884e-15
2.3131207852934881e-14
1.3417108743450408e-14
3.4403533056311130e-14
1.7194385302354936e-14
1.6812128358265669e-14
2.5645620019128867e-14
3.4381286857580317e-14
1.0840855693652446e-14
7.1805021757450486e-15
1.8461167177656590e-14
-1.2749795726324220e-14
-1.5081785339126479e-14
-1.8438045883533440e-14
-1.6787107045723622e-14
-2.4803336260622766e-14
-2.5014082710830709e-14
-6.7305793141261369e-15
-3.0316356080893352e-15
-1.2333828967814197e-15
-5.0115543618615263e-15
-1.4733723449525943e-14
2.1261596004333669e-14
7.7603666920831956e-15
-1.0447987921405020e-14
-2.4279667797016814e-14
-2.2160826015969126e-14
-1.9097298560765696e-14
-4.8200259309226429e-14
-5.1328839044969951e-14
-3.6923900314966910e-14
-2.6605482600127384e-14
-1.5021883553017739e-14
1.0892841261549669e-14
3.2310246867343550e-14
2.2732308761689061e-14
3.8598539031631567e-14
2.0014818030355559e-14
3.3141096041728063e-14
3.2681653156146182e-15
-3.7087556520119838e-14
-5.5140773848458626e-14
-5.6895388066745420e-14
-8.3550951949377786e-14
-9.8886307497640064e-14
-1.0231581602244689e-13
-9.0944812380354378e-14
-9.4891677535764357e-14
-9.6639709564521158e-14
-8.2160119555472618e-14
-9.0120464348164042e-14
-1.0198291027559553e-13
-1.0508318657256022e-13
-1.2798231190258988e-13
-1.0332400473849440e-13
-1.4480080330826403e-13
-1.3290197397676998e-13
-1.5257305661556546e-13
-1.4793133749316995e-13
-1.7035703125095483e-13
-1.6569744025932799e-13
-1.6796863619662575e-13
-1.7905416266102626e-13
-2.0101549805902050e-13
-1.9335762362413203e-13
-1.9414333073454384e-13
-2.3129322839358415e-13
-2.5895735778064439e-13
-3.0242556025208172e-13
-3.4322822601319121e-13
-3.5911759590433446e-13
-4.2173164801284368e-13
-4.5092106962341556e-13
-5.0734282744436814e-13
-5.5363664442187839e-13
-6.0150669486190052e-13
-6.4258658903722231e-13
-6.6975118757031513e-13
-7.4215603635976422e-13
-7.7422350515058661e-13
-8.1395786602383785e-13
-8.8370151136703239e-13
-9.7613595282070972e-13
-1.0467056031520745e-12
-1.1432983354170966e-12
-1.2308905116208992e-12
-1.3392877936537447e-12
-1.4778435497760303e-12
-1.6066361822304802e-12
-1.7575776454061383e-12
-1.9094503975831616e-12
-2.1111845651116444e-12
-2.3153857917312812e-12
-2.4903302728922603e-12
-2.7659215271774617e-12
-3.0153242233800574e-12
-3.2738182680636157e-12
-3.6170686498191141e-12
-3.9634901366782863e-12
-4.3748909197401648e-12
-4.8280790676107678e-12
-5.3166580768915672e-12
-5.8903255972532449e-12
-6.4844203923810459e-12
-7.1606739454366294e-12
-7.8906002847300606e-12
-8.6730874709692445e-12
-9.5253695742425045e-12
-1.0427116646520194e-11
-1.1355893945502931e-11
-1.2436229874856334e-11
-1.3520218744850432e-11
-1.4705057294511789e-11
-1.5959214648514464e-11
-1.7310239024623249e-11
-1.8739536448627097e-11
-2.0272358455010780e-11
-2.1851117337874083e-11
-2.3539288851121613e-11
-2.5339557725721788e-11
-2.7215647971915960e-11
-2.9156978726185007e-11
-3.1169231805145428e-11
-3.3241039591478933e-11
-3.5387488228471528e-11
-3.7537205541157851e-11
-3.9784705053163828e-11
-4.2031532082414481e-11
-4.4368597728402848e-11
-4.6693076217926801e-11
-4.9086192868511610e-11
-5.1458718224585184e-11
-5.3872678920913642e-11
-5.6219959822055430e-11
-5.8621029164387160e-11
-6.0950966115925145e-11
-6.3274504246281131e-11
-6.5521466023794810e-11
-6.7695911779872054e-11
-6.9799672723197352e-11
-7.1829384493509917e-11
-7.3715677593706168e-11
-7.5537219636293017e-11
-7.7213612391445055e-11
-7.8794761940686280e-11
-8.0176296701028198e-11
-8.1416303290975495e-11
-8.2490690365393001e-11
-8.3466250942718335e-11
-8.4218625043383732e-11
-8.4787176921959016e-11
-8.5221218503341945e-11
-8.5481103636802250e-11
-8.5527053590118235e-11
-8.5414357103007425e-11
-8.5121538402453361e-11
-8.4661288498572221e-11
-8.3962234748249459e-11
-8.3149921858622049e-11
-8.2156768668044594e-11
-8.1024539867633000e-11
-7.9758329776272767e-11
-7.8308899886697450e-11
-7.6716115006047383e-11
-7.5013180050661047e-11
-7.3182485017742022e-11
-7.1209781084472668e-11
-6.9217238716951651e-11
-6.7022772854828002e-11
-6.4892566542603265e-11
-6.2633166691185308e-11
-6.0348640994675284e-11
-5.8060347213413236e-11
-5.5709121183072509e-11
-5.3362302975653498e-11
-5.1048371705433033e-11
-4.8723145900881074e-11
-4.6427659057817858e-11
-4.4126873094147815e-11
-4.1914276471151544e-11
-3.9652440569285614e-11
-3.7495469824897001e-11
-3.5348330914292591e-11
-3.3269242493844643e-11
-3.1222143010515766e-11
-2.9279476670908426e-11
-2.7395346235212461e-11
-2.5587310447992742e-11
-2.3865098097601097e-11
-2.2248480992569543e-11
-2.0651544469995494e-11
-1.9189230623113177e-11
-1.7762467561686905e-11
-1.6452721135215317e-11
-1.5165585420042711e-11
-1.3974563610575983e-11
-1.2832718804894310e-11
-1.1768800239457398e-11
-1.0760177911332723e-11
-9.8645255287967522e-12
-8.9704321490521817e-12
-8.1593993595246711e-12
-7.4035151845805084e-12
-6.7245850627142896e-12
-6.0891158644408475e-12
-5.5598072316162735e-12
-5.0165287360361633e-12
-4.5726156871813698e-12
-4.1316982534165848e-12
-3.7710972958247013e-12
-3.3836424982926747e-12
-3.0790600497346152e-12
-2.7509404910544551e-12
-2.4886397493455354e-12
-2.2373507010649389e-12
-2.0312742573540691e-12
-1.8204558010137685e-12
-1.6517169485568568e-12
-1.4938644052547040e-12
-1.3460345244087257e-12
-1.2006372607425452e-12
-1.0856231762017842e-12
-9.3682266417392575e-13
-8.3628402480545054e-13
-7.0505988883071476e-13
-6.2323662368483356e-13
-5.4935960271867496e-13
-4.7539386106349683e-13
-3.8326784372606074e-13
-3.4078905892216882e-13
-2.7346949185304368e-13
-2.2605336044910026e-13
-1.9525256507311687e-13
-1.5289681008236353e-13
-1.4470691234106718e-13
-1.3582241991995805e-13
-1.2590690295148442e-13
-1.0766093062807012e-13
-8.5282645171107894e-14
-9.3044573941988807e-14
-9.1050967233514715e-14
-9.2582265977917376e-14
-1.0247125200815237e-13
-8.5316119440983452e-14
-8.5404971314069421e-14
-7.5858194838733324e-14
-7.9418697994088515e-14
-4.2374295988497300e-14
-4.9363351029475750e-14
-4.6905838268702809e-14
-5.7392756558224790e-14
-6.7997999606468339e-14
-5.7918958899128418e-14
-1.7848379639549620e-14
-3.3782033815523295e-14
-1.6486195675041130e-14
-8.4008413101899554e-15
-1.7195270205668882e-14
-3.4157226841070867e-14
-3.9859670949809472e-14
4.0660127960512552e-15
3.1068056978884279e-14
2.6436133407336830e-14
4.9069857095969700e-14
6.5851346820514273e-14
8.9374640733438655e-14
5.9876697901043011e-14
8.2502486433492632e-14
9.3709550410709428e-14
1.4474067875148964e-13
1.4632480187000908e-13
1.6529887883848129e-13
1.7857292453066556e-13
1.5620146943711312e-13
1.4624560991690713e-13
1.4794380067166593e-13
1.3046933477422117e-13
1.4767598306735547e-13
1.2956687286957633e-13
1.4295255542930806e-13
1.6513727487990133e-13
1.6469305395348257e-13
1.6668448423962613e-13
1.5613550758039585e-13
1.8095004398846955e-13
1.7772875404688457e-13
1.6499983712874970e-13
1.2138064301657229e-13
7.9069860651800032e-14
7.7733046021914753e-14
1.8381146082773403e-14
8.9379468575867433e-15
-2.8995946799776961e-14
-7.1229576008514978e-15
-2.0989940702788764e-14
-2.3467291424985423e-14
3.0471452972812324e-14
3.9529247201202817e-14
5.1117083072108623e-14
6.5120889456000051e-14
7.6814983264679351e-14
6.0247083655211709e-14
5.7976787838155246e-14
5.4183395721513253e-14
7.2329810800997476e-14
5.3208291871926904e-14
5.8772929148692046e-14
6.7192286218437788e-14
5.7652161375576584e-14
6.8712044459552412e-14
4.6206149007585054e-14
3.3089561523355635e-14
5.0115612215762406e-14
4.0790812960867344e-14
4.5220191711762480e-14
4.2588460422026622e-14
2.8574382785866766e-14
2.6503506540848666e-14
2.0773987009575744e-14
2.8682464761977171e-16
2.5924898733532322e-14
1.6091906398295434e-14
4.5721448723762713e-14
3.3794263516401850e-14
3.0107556847099441e-14
1.9808552651632680e-14
1.4378741475019480e-14
2.0488363383614902e-14
3.9263350985618394e-14
1.4764186981439528e-14
2.6925146889489566e-14
2.8580794176615214e-14
2.7433296161670299e-14
-6.1976847824814575e-15
-8.7247108709569565e-15
7.5233955753681795e-15
7.7632554994907468e-15
1.6794881933702459e-14
1.4276336532585588e-14
2.2645432502022058e-14
1.6499124968160860e-14
6.3721985789091633e-16
1.9375408028291709e-15
2.0886809841961774e-14
4.0124353849380068e-15
3.0840431350423852e-15
1.4263103501234445e-15
2.6485950415099911e-14
4.0531257998045473e-14
-7.9925043740708658e-15
2.2597016185741586e-14
-3.1164382444729330e-15
1.6348314201117717e-14
3.1565867541673421e-14
6.1766861615822601e-14
7.0025048110082448e-14
6.8094035139439195e-14
3.5331294725604162e-14
4.2260444892808813e-14
4.0340988750075928e-14
4.5606564443804273e-14
4.8015975365034415e-14
4.8580409335437568e-14
4.9763418219416976e-14
6.0553551316438479e-14
3.5264435005894807e-14
1.8038882050416063e-14
2.8449600203961941e-14
3.0115831570340068e-14
1.1416664602739280e-14
3.4990761014550413e-14
3.4877611641643733e-14
2.8258262087902169e-14
1.7224728740213474e-14
-9.5449158450622136e-16
1.0006927226351200e-14
3.0252905911686747e-15
2.9755648665345866e-14
2.6318357389280501e-14
4.7040001782733261e-14
4.1354031385403431e-14
2.1733923675236564e-14
1.3815582111104042e-14
1.5816291873522970e-14
1.6051428001186845e-14
-4.6969086307973771e-16
2.7399637413279988e-14
2.8743817426088065e-14
3.1114095478746740e-14
-5.0098390003831548e-15
1.1292975194789401e-15
2.7898156735230150e-14
2.3908164895841575e-14
3.6205713730831981e-14
2.8920788467244001e-14
3.7277002996869046e-14
3.9740733595080250e-14
3.3375804816743393e-14
3.7334226961198229e-14
2.7136828153210285e-14
3.2941539846412370e-14
2.6143302129815006e-14
2.0387982472811239e-14
3.9011063316769115e-15
2.7073846871015726e-14
3.7138296216119998e-14
-5.6801424296822145e-16
2.4749282667463402e-14
3.5315110548752489e-14
4.5394065378437172e-14
3.3737856276821532e-14
4.0554647987104047e-14
5.4558351236740380e-14
3.1307743186782488e-14
4.1417794773905290e-14
5.4368133755258821e-14
4.1770246700146354e-14
4.9610551238116590e-14
4.3494912632871858e-14
3.2220756250843218e-14
4.0623252191108878e-14
4.4793787499816524e-14
2.2558416514640083e-14
6.0120809376041676e-14
7.6491984944209816e-15
3.3658602825822684e-14
1.3299727436282920e-14
2.1956008062280756e-14
3.4784921621726386e-14
1.2940216823513738e-16
1.6067078821178502e-14
2.4105875732769953e-14
1.1993611580171839e-14
2.3962939093916062e-14
3.0483212448124230e-15
2.1923206126810914e-14
9.9951615907362173e-15
2.5582181474217585e-14
1.1704928652266616e-14
2.8217325921994238e-14
