-3.4177981502144685e-14
-1.7114172259345074e-14
-1.7139277956181955e-14
-1.7164307399325934e-14
-1.7189260147380868e-14
-1.7214135759824428e-14
-1.7238933797020984e-14
-8.6318269101172431e-15
-2.5932443087461995e-14
-1.7312858074343199e-14
-2.1671676790474907e-14
-2.1702181288427887e-14
-8.6930342176924651e-15
-1.3057733409929228e-14
-2.1793091165281230e-15
1.0911595725791043e-14
2.6223827205447965e-14
2.8448009574219924e-14
3.0678026073175132e-14
3.2913844860409943e-14
3.2958219265014033e-14
1.5401136831335896e-14
2.2030996314909555e-14
3.9708472425939500e-14
3.6447546217080087e-14
4.6448795950481853e-14
4.6509579631204834e-14
3.4927602029417928e-14
5.1626585231639891e-14
2.6680321521630186e-14
4.4524219713414154e-14
7.2444151470356834e-14
4.6032515959960527e-14
6.0336823751434412e-14
7.4117306952738513e-14
9.8573147247156532e-14
1.2056569565948576e-13
1.1285422792088329e-13
1.4334929975179777e-13
1.7673224776764040e-13
1.9836119357857821e-13
2.5332930144456299e-13
3.7282514379854225e-13
5.1466183429811491e-13
7.4063591262370230e-13
1.0589793338252716e-12
1.5040671150175458e-12
2.2024850955612376e-12
3.1687604693322027e-12
4.5427779282764371e-12
6.5528656386109824e-12
9.4420777870026896e-12
1.3519696487249733e-11
1.9364131233325945e-11
2.7707555657151257e-11
3.9528472063925088e-11
5.6257394428714841e-11
7.9947083850846491e-11
1.1339322236871167e-10
1.6044933076010564e-10
2.2658120674958502e-10
3.1928398567200642e-10
4.4899401131888132e-10
6.3008728122208369e-10
8.8232953966127917e-10
1.2330083211595710e-09
1.7194612211122062e-09
2.3927936570908154e-09
3.3228348056199177e-09
4.6046880477247590e-09
6.3676827817895884e-09
8.7872726385170469e-09
1.2100779578043092e-08
1.6628898447250840e-08
2.2803536168503845e-08
3.1205400800512795e-08
4.2613387797857027e-08
5.8069901637722664e-08
7.8966916258286890e-08
1.0715887220811681e-07
1.4511078103959035e-07
1.9609210915540617e-07
2.6442920749387752e-07
3.5583404159477788e-07
4.7783102040579906e-07
6.4030951154666630e-07
8.5623775982978092e-07
1.1425824732869425e-06
1.5214914970090473e-06
2.0218097217477529e-06
2.6810185021748943e-06
3.5477100582807243e-06
4.6847368996757742e-06
6.1732101649040692e-06
8.1175636883401951e-06
1.0651950045989590e-05
1.3948301093306582e-05
1.8226458255874411e-05
2.3766872318183838e-05
3.0926484682808559e-05
4.0158534810773193e-05
5.2037202034107051e-05
6.7288181627816408e-05
8.6826525799976379e-05
1.1180335400632388e-04
1.4366335930952537e-04
1.8421541946364516e-04
2.3571906939509957e-04
3.0099011517843775e-04
3.8352927995324751e-04
4.8767848232523966e-04
6.1881016505817385e-04
7.8355603735062002e-04
9.9008267257426883e-04
1.2484226386381104e-03
1.5708712366105061e-03
1.9724605072363320e-03
2.4715239428412927e-03
3.0903673320965544e-03
3.8560633771000589e-03
4.8013901685345188e-03
5.9659362892774950e-03
7.3973982496610318e-03
9.1530991305713797e-03
1.1301760722894273e-02
1.3925565084864549e-02
1.7122545274023314e-02
2.1009349010436312e-02
2.5724423152189542e-02
3.1431671053077724e-02
3.8324639052926525e-02
4.6631292435314692e-02
5.6619445068310736e-02
6.8602910493050243e-02
8.2948445298942186e-02
1.0008355805304398e-01
1.2050525864607509e-01
1.4478982346874844e-01
1.7360365110928741e-01
2.0771528101474054e-01
2.4800864352207266e-01
2.9549760355816002e-01
3.5134185184612066e-01
4.1686418634435934e-01
4.9356921260277509e-01
5.8316347446534678e-01
6.8757700583255488e-01
8.0898626978922217e-01
9.4983842312859978e-01
1.1128768120308905e+00
1.3011675683267063e+00
1.5181271354163033e+00
1.7675505086420928e+00
2.0536399269515320e+00
2.3810337013937910e+00
2.7548348118460217e+00
3.1806388469997424e+00
3.6645608048339215e+00
4.2132602125029459e+00
4.8339639668793666e+00
5.5344862411733979e+00
6.3232447505226492e+00
7.2092726217601557e+00
8.2022250714090923e+00
9.3123800630999654e+00
1.0550632092913464e+01
1.1928478240511039e+01
1.3457995627207922e+01
1.5151809441208208e+01
1.7023050726781438e+01
1.9085303189792363e+01
2.1352538348043893e+01
2.3839038452431375e+01
2.6559306724657823e+01
2.9527964599552753e+01
3.2759635824731411e+01
3.6268817456781562e+01
4.0069738000167980e+01
4.4176203160804043e+01
4.8601429928350221e+01
5.3357869956725168e+01
5.8457023477412569e+01
6.3909245250670331e+01
6.9723544330901021e+01
7.5907379688939812e+01
8.2466453990145510e+01
8.9404508066932365e+01
9.6723118841517788e+01
1.0442150364290234e+02
1.1249633401521095e+02
1.2094156222652151e+02
1.2974826375258726e+02
1.3890449902337519e+02
1.4839519767778307e+02
1.5820206846982080e+02
1.6830353780554805e+02
1.7867471966291492e+02
1.8928741935639400e+02
2.0011017325633756e+02
2.1110832616216891e+02
2.2224414756311367e+02
2.3347698750591863e+02
2.4476347223299857e+02
2.5605773916513010e+02
2.6731171018975152e+02
2.7847540158975795e+02
2.8949726831981116e+02
3.0032457971964112e+02
3.1090382315893561e+02
3.2118113154861203e+02
3.3110273014069935e+02
3.4061539758539004e+02
3.4966693582986829e+02
3.5820664313900909e+02
3.6618578430133874e+02
3.7355805196149004e+02
3.8028001299772626e+02
3.8631153394291232e+02
3.9161617963043420e+02
3.9616157953173598e+02
3.9991975663586055e+02
4.0286741419803604e+02
4.0498617624629367e+02
4.0626277837273886e+02
4.0668920603819538e+02
4.0626277837274438e+02
4.0498617624630447e+02
4.0286741419805230e+02
3.9991975663588209e+02
3.9616157953176292e+02
3.9161617963046604e+02
3.8631153394294921e+02
3.8028001299776781e+02
3.7355805196153619e+02
3.6618578430138911e+02
3.5820664313906320e+02
3.4966693582992599e+02
3.4061539758545092e+02
3.3110273014076296e+02
3.2118113154867808e+02
3.1090382315900376e+02
3.0032457971971093e+02
2.8949726831988232e+02
2.7847540158983008e+02
2.6731171018982428e+02
2.5605773916520320e+02
2.4476347223307175e+02
2.3347698750599162e+02
2.2224414756318612e+02
2.1110832616224056e+02
2.0011017325640825e+02
1.8928741935646335e+02
1.7867471966298285e+02
1.6830353780561430e+02
1.5820206846988509e+02
1.4839519767784537e+02
1.3890449902343528e+02
1.2974826375264504e+02
1.2094156222657693e+02
1.1249633401526391e+02
1.0442150364295286e+02
9.6723118841565778e+01
8.9404508066977840e+01
8.2466453990188526e+01
7.5907379688980370e+01
6.9723544330939177e+01
6.3909245250706050e+01
5.8457023477445979e+01
5.3357869956756261e+01
4.8601429928379112e+01
4.4176203160830795e+01
4.0069738000192707e+01
3.6268817456804371e+01
3.2759635824752337e+01
2.9527964599571920e+01
2.6559306724675317e+01
2.3839038452447269e+01
2.1352538348058275e+01
1.9085303189805302e+01
1.7023050726793063e+01
1.5151809441218573e+01
1.3457995627217093e+01
1.1928478240519112e+01
1.0550632092920591e+01
9.3123800631061950e+00
8.2022250714145439e+00
7.2092726217648906e+00
6.3232447505267482e+00
5.5344862411769320e+00
4.8339639668823722e+00
4.2132602125055119e+00
3.6645608048360372e+00
3.1806388470015272e+00
2.7548348118474606e+00
2.3810337013949590e+00
2.0536399269524424e+00
1.7675505086427976e+00
1.5181271354168577e+00
1.3011675683270805e+00
1.1128768120311285e+00
9.4983842312873323e-01
8.0898626978923205e-01
6.8757700583250669e-01
5.8316347446524797e-01
4.9356921260265790e-01
4.1686418634420641e-01
3.5134185184593081e-01
2.9549760355795057e-01
2.4800864352183138e-01
2.0771528101451170e-01
1.7360365110904885e-01
1.4478982346850511e-01
1.2050525864584907e-01
1.0008355805282546e-01
8.2948445298699283e-02
6.8602910492809907e-02
5.6619445068065662e-02
4.6631292435091801e-02
3.8324639052706229e-02
3.1431671052882026e-02
2.5724423151988099e-02
2.1009349010227430e-02
1.7122545273833261e-02
1.3925565084646175e-02
1.1301760722682349e-02
9.1530991303997670e-03
7.3973982494574594e-03
5.9659362890728783e-03
4.8013901683443879e-03
3.8560633769392219e-03
3.0903673319163999e-03
2.4715239426772477e-03
1.9724605070615261e-03
1.5708712364370008e-03
1.2484226384937890e-03
9.9008267245224621e-04
7.8355603722986039e-04
6.1881016494433794e-04
4.8767848220465979e-04
3.8352927983841169e-04
3.0099011504722739e-04
2.3571906930769306e-04
1.8421541937513824e-04
1.4366335921661897e-04
1.1180335397796737e-04
8.6826525732054731e-05
6.7288181539588927e-05
5.2037201999037285e-05
4.0158534786958380e-05
3.0926484648957632e-05
2.3766872329391778e-05
1.8226458234437897e-05
1.3948301066293463e-05
1.0651949986419210e-05
8.1175636232355182e-06
6.1732101312239877e-06
4.6847367618060824e-06
3.5477099854670176e-06
2.6810184148357089e-06
2.0218096546232696e-06
1.5214914310951096e-06
1.1425824575868628e-06
8.5623767280305354e-07
6.4030946358133846e-07
4.7783094852390114e-07
3.5583396701413213e-07
2.6442916518695222e-07
1.9609207355164003e-07
1.4511073881227012e-07
1.0715879125720450e-07
7.8966870219398064e-08
5.8069883805916369e-08
4.2613331331747934e-08
3.1205373634131809e-08
2.2803531058273401e-08
1.6628874640454819e-08
1.2100783819456533e-08
8.7872444479707776e-09
6.3676930410544198e-09
4.6046544590828439e-09
3.3228001224853227e-09
2.3927715893598280e-09
1.7194383806541690e-09
1.2329770245873842e-09
8.8231471476489928e-10
6.3003175000387357e-10
4.4896165255621921e-10
3.1924935266660397e-10
2.2651662807276992e-10
1.6042629192910182e-10
1.1336330452712227e-10
7.9930991905395295e-11
5.6252801800899114e-11
3.9517003233174807e-11
2.7677769977539665e-11
1.9352688063940923e-11
1.3487691794855162e-11
9.4078259933376273e-12
6.5460231057478311e-12
4.5382214810063503e-12
3.1585203098262820e-12
2.1479343811200927e-12
1.4847696501456225e-12
1.0045564130291121e-12
6.7268766375914246e-13
4.6885127542102998e-13
3.0221432110942445e-13
1.8111070325992144e-13
1.1608638033291794e-13
5.1781422912811840e-14
1.9675394083580088e-14
-3.0880510127604878e-14
-4.7665507586308323e-14
-4.4805976021434789e-14
-5.3979774497654856e-14
-5.8940138016447522e-14
-5.4960034206740754e-14
-6.9100575248648068e-14
-6.9012540555791961e-14
-5.7807363296865408e-14
-6.6059824113603737e-14
-5.3777418997675224e-14
-3.9865353969604143e-14
-4.0919177384948295e-14
-8.8357687798982036e-15
-4.4120524917710550e-15
-6.6092988944728663e-15
-1.2100893224621064e-14
-2.4169360794343622e-14
-1.0971281620136650e-14
-2.1912875766553668e-14
-2.1883084287861479e-15
1.3111913602723982e-14
-8.7292765806328340e-15
-6.5379273495843687e-15
-1.7410311213238972e-14
-1.3039551326538698e-14
-1.3021308773056732e-14
-4.3343353580949816e-15
-3.0297501630100593e-14
-2.1610369239551664e-14
-1.7263653820234486e-14
-4.3097334492552463e-14
-4.3035339399561070e-14
-4.2973150368452171e-14
-5.1492922197977803e-14
-5.1417833868545868e-14
-5.1342516778035228e-14
-5.1266972253217031e-14
-4.2659334686172071e-14
-4.2596005183686694e-14
-5.1038987378556636e-14
-5.9456304173605442e-14
-5.0885884727414542e-14
-5.0809003598696956e-14
-5.0731904392130992e-14
-6.7539451271671591e-14
-6.7436076175780740e-14
-6.7332415702455408e-14
-6.7228471655189711e-14
-8.3905307300374893e-14
-1.0052961010030892e-13
-8.3643695183390932e-14
-1.1691731781501041e-13
-1.0005684169004270e-13
-6.6598953663571499e-14
-9.9739612990619396e-14
-8.2983659927296144e-14
-8.2850641668584457e-14
-9.9260750003325499e-14
-1.3213377955113359e-13
-1.3191936897769855e-13
-1.3170443862305810e-13
-1.3148899216376869e-13
-1.6409129160072105e-13
-1.6382070707289437e-13
-9.8129694739350126e-14
-1.3062211895572537e-13
-1.6300518408070106e-13
-1.6273210201555996e-13
-1.6245840712887035e-13
-1.6218410405459987e-13
-1.2952735794473413e-13
-1.6163369190006506e-13
-1.6135759210822660e-13
-1.2886472216432062e-13
-1.2864290267621704e-13
-9.6315464211046845e-14
-1.2819787470839085e-13
-9.5981005266281438e-14
-9.5813264716293758e-14
-9.5645187183437313e-14
-1.1138957138349533e-13
-9.5308032386210876e-14
-6.3425973822992519e-14
-6.3313042216693431e-14
-7.8999869139954220e-14
-6.3086534983098811e-14
-7.8716203881568647e-14
-9.4288772331592079e-14
-7.8431490259047820e-14
-7.8288746176514669e-14
-7.8145747042996039e-14
-6.2401996165480158e-14
-7.7858993017128184e-14
-7.7715242823510813e-14
-9.3085496371494708e-14
-6.1941606260867075e-14
-4.6369516634530708e-14
-6.9424028119996349e-14
-3.8496427035985455e-14
-5.3793365657930768e-14
