-3.4177981502144685e-14
-1.7114172259345074e-14
0.0000000000000000e+00
1.7164307399325934e-14
1.7189260147380868e-14
-1.7214135759824428e-14
0.0000000000000000e+00
8.6318269101172431e-15
-1.7288295391641330e-14
-1.2984643555757399e-14
0.0000000000000000e+00
0.0000000000000000e+00
0.0000000000000000e+00
-1.7410311213238972e-14
-4.3586182330562461e-15
-4.3646382903164170e-15
8.7412757351493226e-15
2.1883084287861479e-14
2.4104163343209033e-14
3.5108101184437279e-14
2.4169360794343622e-14
1.5401136831335896e-14
3.1944944656618857e-14
3.1987380565340149e-14
1.1044710974872753e-14
2.2118474262134214e-14
3.9865353969604143e-14
2.6057099926708612e-14
1.6098612599113515e-14
-4.4467202536050310e-15
1.5583476899694954e-14
3.7336601142414683e-14
4.3521651453053590e-14
4.3855932078588907e-14
6.5167292528256890e-14
9.2412325544209250e-14
7.9909821541752194e-14
8.8711283639301294e-14
1.0259312629295330e-13
1.4183607145683242e-13
1.5891436531011098e-13
2.3640306749503765e-13
3.2876399044053275e-13
4.8864596135557284e-13
7.0439684656260372e-13
1.0090916564287920e-12
1.4643370402812332e-12
2.1252049167696158e-12
3.1152840808012817e-12
4.5199956919260048e-12
6.5391805728846798e-12
9.4146763520706394e-12
1.3494549943225428e-11
1.9341244894555910e-11
2.7670896359167761e-11
3.9480302974773902e-11
5.6222949720096909e-11
7.9903405713193261e-11
1.1333798943039276e-10
1.6040555698119832e-10
2.2651432169145512e-10
3.1921933739525516e-10
4.4893160513374723e-10
6.3002712240235608e-10
8.8229397257695222e-10
1.2329746379732623e-09
1.7194207037512759e-09
2.3927610314294096e-09
3.3227909153674679e-09
4.6046413851487757e-09
6.3676399324308473e-09
8.7872132494380272e-09
1.2100743248076298e-08
1.6628840073429883e-08
2.2803497024538540e-08
3.1205352817228664e-08
4.2613342514493194e-08
5.8069865697936676e-08
7.8966874779369111e-08
1.0715878802967076e-07
1.4511072892449986e-07
1.9609207307806148e-07
2.6442918081504208e-07
3.5583398933273619e-07
4.7783098422741570e-07
6.4030948871151164e-07
8.5623770857202003e-07
1.1425824464852192e-06
1.5214914199834868e-06
2.0218096624873937e-06
2.6810184349909049e-06
3.5477099989156401e-06
4.6847368077626469e-06
6.1732101121716579e-06
8.1175636299773296e-06
1.0651949986419210e-05
1.3948301047192303e-05
1.8226458177086265e-05
2.3766872278756918e-05
3.0926484624200052e-05
4.0158534725013634e-05
5.2037201963003670e-05
6.7288181529508720e-05
8.6826525721966447e-05
1.1180335397466861e-04
1.4366335923936212e-04
1.8421541939225901e-04
2.3571906936054786e-04
3.0099011511376011e-04
3.8352927991064823e-04
4.8767848226729312e-04
6.1881016500584560e-04
7.8355603729825295e-04
9.9008267251218395e-04
1.2484226385953531e-03
1.5708712365426530e-03
1.9724605072003721e-03
2.4715239428024643e-03
3.0903673320348355e-03
3.8560633770439922e-03
4.8013901684956090e-03
5.9659362892288247e-03
7.3973982496163644e-03
9.1530991305260913e-03
1.1301760722844075e-02
1.3925565084793616e-02
1.7122545273966144e-02
2.1009349010348014e-02
2.5724423152101539e-02
3.1431671052987220e-02
3.8324639052801694e-02
4.6631292435165284e-02
5.6619445068148991e-02
6.8602910492873662e-02
8.2948445298731174e-02
1.0008355805279111e-01
1.2050525864577293e-01
1.4478982346838712e-01
1.7360365110888651e-01
2.0771528101426071e-01
2.4800864352149651e-01
2.9549760355751947e-01
3.5134185184536881e-01
4.1686418634351713e-01
4.9356921260179304e-01
5.8316347446421357e-01
6.8757700583125814e-01
8.0898626978771226e-01
9.4983842312689859e-01
1.1128768120289108e+00
1.3011675683244288e+00
1.5181271354137114e+00
1.7675505086390988e+00
2.0536399269481334e+00
2.3810337013899208e+00
2.7548348118416053e+00
3.1806388469947540e+00
3.6645608048282847e+00
4.2132602124965732e+00
4.8339639668721732e+00
5.5344862411653306e+00
6.3232447505135800e+00
7.2092726217499674e+00
8.2022250713976970e+00
9.3123800630872449e+00
1.0550632092899310e+01
1.1928478240495268e+01
1.3457995627190469e+01
1.5151809441188888e+01
1.7023050726760129e+01
1.9085303189768883e+01
2.1352538348018154e+01
2.3839038452403230e+01
2.6559306724627071e+01
2.9527964599519255e+01
3.2759635824694996e+01
3.6268817456742113e+01
4.0069738000125270e+01
4.4176203160757971e+01
4.8601429928300647e+01
5.3357869956671955e+01
5.8457023477355612e+01
6.3909245250609487e+01
6.9723544330836262e+01
7.5907379688871018e+01
8.2466453990072623e+01
8.9404508066855342e+01
9.6723118841436687e+01
1.0442150364281720e+02
1.1249633401512176e+02
1.2094156222642839e+02
1.2974826375249026e+02
1.3890449902327452e+02
1.4839519767767891e+02
1.5820206846971334e+02
1.6830353780543754e+02
1.7867471966280161e+02
1.8928741935627815e+02
2.0011017325621967e+02
2.1110832616204922e+02
2.2224414756299279e+02
2.3347698750579687e+02
2.4476347223287647e+02
2.5605773916500817e+02
2.6731171018963028e+02
2.7847540158963795e+02
2.8949726831969303e+02
3.0032457971952533e+02
3.1090382315882277e+02
3.2118113154850272e+02
3.3110273014059413e+02
3.4061539758528966e+02
3.4966693582977314e+02
3.5820664313891973e+02
3.6618578430125575e+02
3.7355805196141381e+02
3.8028001299765737e+02
3.8631153394285110e+02
3.9161617963038094e+02
3.9616157953169136e+02
3.9991975663582457e+02
4.0286741419800893e+02
4.0498617624627542e+02
4.0626277837272994e+02
4.0668920603819555e+02
4.0626277837275370e+02
4.0498617624632294e+02
4.0286741419807987e+02
3.9991975663591842e+02
3.9616157953180777e+02
3.9161617963051935e+02
3.8631153394301032e+02
3.8028001299783671e+02
3.7355805196161214e+02
3.6618578430147198e+02
3.5820664313915239e+02
3.4966693583002092e+02
3.4061539758555108e+02
3.3110273014086778e+02
3.2118113154878699e+02
3.1090382315911620e+02
3.0032457971982637e+02
2.8949726832000016e+02
2.7847540158994968e+02
2.6731171018994525e+02
2.5605773916532490e+02
2.4476347223319362e+02
2.3347698750611315e+02
2.2224414756330697e+02
2.1110832616236010e+02
2.0011017325652608e+02
1.8928741935657914e+02
1.7867471966309608e+02
1.6830353780572480e+02
1.5820206846999261e+02
1.4839519767794960e+02
1.3890449902353598e+02
1.2974826375274208e+02
1.2094156222667009e+02
1.1249633401535317e+02
1.0442150364303808e+02
9.6723118841646937e+01
8.9404508067054891e+01
8.2466453990261471e+01
7.5907379689049250e+01
6.9723544331003978e+01
6.3909245250766936e+01
5.8457023477502986e+01
5.3357869956809537e+01
4.8601429928428786e+01
4.4176203160876952e+01
4.0069738000235503e+01
3.6268817456843941e+01
3.2759635824788838e+01
2.9527964599605482e+01
2.6559306724706119e+01
2.3839038452475513e+01
2.1352538348084042e+01
1.9085303189828775e+01
1.7023050726814393e+01
1.5151809441237910e+01
1.3457995627234599e+01
1.1928478240534915e+01
1.0550632092934780e+01
9.3123800631189546e+00
8.2022250714260299e+00
7.2092726217751499e+00
6.3232447505358929e+00
5.5344862411850846e+00
4.8339639668896401e+00
4.2132602125119210e+00
3.6645608048417411e+00
3.1806388470065645e+00
2.7548348118519388e+00
2.3810337013988518e+00
2.0536399269558538e+00
1.7675505086457768e+00
1.5181271354194243e+00
1.3011675683293293e+00
1.1128768120330790e+00
9.4983842313043432e-01
8.0898626979076926e-01
6.8757700583381709e-01
5.8316347446639838e-01
4.9356921260363629e-01
4.1686418634507949e-01
3.5134185184667521e-01
2.9549760355861082e-01
2.4800864352241489e-01
2.0771528101501860e-01
1.7360365110947185e-01
1.4478982346887626e-01
1.2050525864614631e-01
1.0008355805308326e-01
8.2948445298944642e-02
6.8602910493013453e-02
5.6619445068264176e-02
4.6631292435268153e-02
3.8324639052850641e-02
3.1431671053014122e-02
2.5724423152123432e-02
2.1009349010350873e-02
1.7122545273914946e-02
1.3925565084729237e-02
1.1301760722767375e-02
9.1530991304680977e-03
7.3973982495022291e-03
5.9659362891348261e-03
4.8013901683822196e-03
3.8560633769610208e-03
3.0903673319375956e-03
2.4715239426687189e-03
1.9724605070695618e-03
1.5708712364547240e-03
1.2484226384784287e-03
9.9008267246143895e-04
7.8355603724471245e-04
6.1881016496200957e-04
4.8767848223197605e-04
3.8352927985323045e-04
3.0099011506485912e-04
2.3571906931168436e-04
1.8421541935024151e-04
1.4366335924383060e-04
1.1180335394068081e-04
8.6826525753596568e-05
6.7288181607456229e-05
5.2037202020544529e-05
4.0158534802834922e-05
3.0926484663659590e-05
2.3766872311419247e-05
1.8226458255874411e-05
1.3948301074205422e-05
1.0651949988734606e-05
8.1175636243922315e-06
6.1732101133273767e-06
4.6847367708456976e-06
3.5477099418579727e-06
2.6810183981385952e-06
2.0218096178035966e-06
1.5214913864511931e-06
1.1425823750797181e-06
8.5623762938821984e-07
6.4030940291170237e-07
4.7783089850638908e-07
3.5583395204243139e-07
2.6442910859258058e-07
1.9609204918434589e-07
1.4511071446803806e-07
1.0715875753045632e-07
7.8966855318302261e-08
5.8069818092689166e-08
4.2613309827888595e-08
3.1205336156872456e-08
2.2803478206950447e-08
1.6628853767488416e-08
1.2100746453510678e-08
8.7871977874420067e-09
6.3676239210357799e-09
4.6046046002141970e-09
3.3227456634110195e-09
2.3927369022585377e-09
1.7193905985020902e-09
1.2329588045773926e-09
8.8226838979116363e-10
6.3000629819552725e-10
4.4892235977298654e-10
3.1919624872498694e-10
2.2649356425962170e-10
1.6038942979949565e-10
1.1332187982338310e-10
7.9910302261243766e-11
5.6209171836649735e-11
3.9455071547123271e-11
2.7629654648936325e-11
1.9295472217015843e-11
1.3437398706806550e-11
9.3621569351175409e-12
6.4890019985549056e-12
4.4892396728529188e-12
3.0902525797868089e-12
2.1047483988541862e-12
1.4552558803415047e-12
9.5240111393279243e-13
6.1832906466749464e-13
4.1399171725958257e-13
2.6549669331108313e-13
1.5684976793226843e-13
6.9877238646999159e-14
0.0000000000000000e+00
-3.5977863467117871e-14
-8.4781036895787955e-14
-1.0598565804485029e-13
-1.0305374484930001e-13
-1.0935798874913495e-13
-1.2653972758981387e-13
-9.2623001810344828e-14
-1.1925421857427974e-13
-1.0908433829786469e-13
-1.0505376599141887e-13
-1.1879665849001009e-13
-9.2031459315609133e-14
-9.1911788318809530e-14
-6.4143575360189218e-14
-4.0865430607029195e-14
-4.1914498671825021e-14
-3.4148044288109809e-14
-3.9602923280578034e-14
-5.0535936206354860e-14
-4.1690870156519266e-14
-4.1634463956451968e-14
-4.5954477004509108e-14
-1.9667870404085979e-14
-2.6187829741898500e-14
-1.7434472932224984e-14
-2.6115466819858455e-14
-3.4772136870769860e-14
-2.6042617546113465e-14
-2.6006012148569888e-14
-3.0297501630100593e-14
-3.0254516935372322e-14
-3.4527307640468972e-14
-3.8787601043297212e-14
-5.1642407279473284e-14
-6.8757040589523471e-14
-5.1492922197977803e-14
-4.2848194890454886e-14
-6.8456689037380296e-14
-5.1266972253217031e-14
-5.9723068560640896e-14
-5.9634407257161362e-14
-6.8051983171408848e-14
-6.7950061912691947e-14
-6.7847846303219381e-14
-5.0809003598696956e-14
-6.7642539189507986e-14
-5.0654588453753693e-14
-6.7436076175780740e-14
-6.7332415702455408e-14
-8.4035589568987139e-14
-5.0343184380224934e-14
-5.0264805050154462e-14
-8.3643695183390932e-14
-1.0021484384143749e-13
-8.3380701408368918e-14
-6.6598953663571499e-14
-1.1636288182238931e-13
-9.9580391912755375e-14
-8.2850641668584457e-14
-9.9260750003325499e-14
-9.9100334663350187e-14
-9.8939526733273906e-14
-9.8778328967293588e-14
-1.3148899216376869e-13
-9.8454774960432635e-14
-1.6382070707289437e-13
-1.3083959298580017e-13
-1.3062211895572537e-13
-1.6300518408070106e-13
-1.9527852241867196e-13
-1.6245840712887035e-13
-1.6218410405459987e-13
-1.2952735794473413e-13
-1.6163369190006506e-13
-1.6135759210822660e-13
-1.6108090270540079e-13
-9.6482177007162771e-14
-1.2842061894806248e-13
-1.2819787470839085e-13
-9.5981005266281438e-14
-9.5813264716293758e-14
-7.9704322652864423e-14
-9.5476775471567437e-14
-9.5308032386210876e-14
-7.9282467278740651e-14
-6.3313042216693431e-14
-7.8999869139954220e-14
-7.8858168728873505e-14
-9.4459444657882373e-14
-6.2859181554394719e-14
-6.2745192207238258e-14
-7.8288746176514669e-14
-7.8145747042996039e-14
-4.6801497124110125e-14
-1.0900259022397946e-13
-7.7715242823510813e-14
-4.6542748185747354e-14
-4.6456204695650300e-14
-6.1826022179374282e-14
-4.6282685413330899e-14
-4.6195712443182546e-14
-3.0739066090246156e-14
