-3.1325427916364707e-03
-2.7662553703289312e-03
-2.1442555137922712e-03
-1.2039758428412568e-03
1.3577703006962559e-04
1.9727973915949024e-03
4.4232598412648257e-03
7.6199813420485618e-03
1.1718140481579256e-02
1.6901090201561032e-02
2.3377256599141725e-02
3.1388292983653580e-02
4.1218062893212816e-02
5.3194783135210283e-02
6.7690905240833460e-02
8.5124916873041981e-02
1.0597736169907154e-01
1.3080181240949418e-01
1.6021997496248067e-01
1.9493653541952866e-01
2.3574843176411944e-01
2.8354218174303725e-01
3.3930211145553812e-01
4.0412732129792139e-01
4.7923348721816417e-01
5.6596374090325618e-01
6.6580327505117698e-01
7.8038755390446979e-01
9.1150911391020384e-01
1.0611346266003916e+00
1.2314098715297461e+00
1.4246640024575976e+00
1.6434230531032532e+00
1.8904144482601875e+00
2.1685657356915864e+00
2.4810240313553460e+00
2.8311625697428719e+00
3.2225764508201129e+00
3.6590923116732639e+00
4.1447674459389559e+00
4.6838768852106192e+00
5.2809127059935488e+00
5.9405790831211869e+00
6.6677911982979943e+00
7.4676595511964621e+00
8.3454637963771567e+00
9.3066398225319453e+00
1.0356757888664678e+01
1.1501498788417562e+01
1.2746624231370060e+01
1.4097939802510153e+01
1.5561260408160324e+01
1.7142365805563511e+01
1.8846959322754405e+01
2.0680617951368276e+01
2.2648740286733453e+01
2.4756489127255151e+01
2.7008735136557384e+01
2.9409997970927968e+01
3.1964375822131423e+01
3.4675480555299139e+01
3.7546372465230071e+01
4.0579500269230188e+01
4.3776628736848437e+01
4.7138758592258924e+01
5.0666068337330344e+01
5.4357854343020321e+01
5.8212467764866965e+01
6.2227255573634423e+01
6.6398507308574608e+01
7.0721410668980241e+01
7.5190005393275882e+01
7.9797145902889667e+01
8.4534488165092299e+01
8.9392472606804745e+01
9.4360307313020257e+01
9.9425980060344969e+01
1.0457627012114683e+02
1.0979675775224337e+02
1.1507186623224486e+02
1.2038491437740187e+02
1.2571816557686371e+02
1.3105290829696739e+02
1.3636955047507152e+02
1.4164770582570210e+02
1.4686630209404697e+02
1.5200370254619926e+02
1.5703782488866142e+02
1.6194627745346713e+02
1.6670650695280821e+02
1.7129595367964029e+02
1.7569221331300221e+02
1.7987318715081051e+02
1.8381724743110988e+02
1.8750340692038117e+02
1.9091147784488859e+02
1.9402223886081080e+02
1.9681759911593787e+02
1.9928074857692954e+02
2.0139630176012764e+02
2.0315042607023892e+02
2.0453097947957761e+02
2.0552763110990907e+02
2.0613195774416155e+02
2.0633752413823970e+02
2.0613995095653505e+02
2.0553698092578051e+02
2.0452851972926695e+02
2.0311664684928687e+02
2.0130561288339624e+02
1.9910182285613323e+02
1.9651380902550508e+02
1.9355217497579008e+02
1.9022951748419882e+02
1.8656034237859694e+02
1.8256095960780820e+02
1.7824935691724195e+02
1.7364506795306630e+02
1.6876902931857481e+02
1.6364342796305047e+02
1.5829152694375722e+02
1.5273748367589798e+02
1.4700618080428319e+02
1.4112303973290824e+02
1.3511382817586460e+02
1.2900448735513496e+02
1.2282095009405816e+02
1.1658894867635708e+02
1.1033384572776504e+02
1.0408046734169668e+02
9.7852929237792281e+01
9.1674490263646007e+01
8.5567419658205154e+01
7.9552860389970760e+01
7.3650720789845792e+01
6.7879587831682315e+01
6.2256632121552954e+01
5.6797537402187558e+01
5.1516452746704957e+01
4.6425941634420049e+01
4.1536953390532354e+01
3.6858820954389124e+01
3.2399265851470133e+01
2.8164420131367272e+01
2.4158849824690872e+01
2.0385596805511685e+01
1.6846236526137840e+01
1.3540935459483743e+01
1.0468526583072864e+01
7.6265978669624888e+00
5.0115741684908279e+00
2.6188067650429607e+00
4.4266112446680173e-01
-1.5233744707834822e+00
-3.2865807678862837e+00
-4.8549122461803149e+00
-6.2369023765502609e+00
-7.4415669071898050e+00
-8.4782962476375445e+00
-9.3567564543208821e+00
-1.0086808341353278e+01
-1.0678424581411948e+01
-1.1141607652047755e+01
-1.1486308250991350e+01
-1.1722356854275695e+01
-1.1859406653166484e+01
-1.1906871575418215e+01
-1.1873875476280707e+01
-1.1769217903849736e+01
-1.1601333076199969e+01
-1.1378253230997400e+01
-1.1107582512223011e+01
-1.0796481933406104e+01
-1.0451661511739559e+01
-1.0079364019720272e+01
-9.6853632794628588e+00
-9.2749714813942887e+00
-8.8530327349530360e+00
-8.4239280145497446e+00
-7.9916002354710676e+00
-7.5595631513847783e+00
-7.1309160344434543e+00
-6.7083775970711867e+00
-6.2943035542011661e+00
-5.8906987699733842e+00
-5.4992489600488348e+00
-5.1213392620261047e+00
-4.7580666748684930e+00
-4.4102714070127531e+00
-4.0785633458284050e+00
-3.7633427532767207e+00
-3.4648260075744806e+00
-3.1830646095075172e+00
-2.9179658470057599e+00
-2.6693085391599336e+00
-2.4367547209342955e+00
-2.2198809542337004e+00
-2.0181955588543645e+00
-1.8311446398600000e+00
-1.6581247087338729e+00
-1.4984919746871685e+00
-1.3515802138872952e+00
-1.2167096425929400e+00
-1.0931927202634661e+00
-9.8034360841901813e-01
-8.7748070808762668e-01
-7.8393533851362640e-01
-6.9905489926275011e-01
-6.2220931986362205e-01
-5.5279059808194875e-01
-4.9021604139899277e-01
-4.3393228861404626e-01
-3.8341579779158180e-01
-3.3817177576953600e-01
-2.9772918430603540e-01
-2.6165050089246500e-01
-2.2953455393244418e-01
-2.0100746976937403e-01
-1.7571912375287962e-01
-1.5334218267023678e-01
-1.3358155676375122e-01
-1.1616994084828067e-01
-1.0085936133014431e-01
-8.7428252650248464e-02
-7.5677758443778664e-02
-6.5418644515212801e-02
-5.6477517671453037e-02
-4.8700606450052579e-02
-4.1945799739599519e-02
-3.6085469904187609e-02
-3.1010258231430499e-02
-2.6622909415087690e-02
-2.2837028445246293e-02
-1.9580896422794321e-02
-1.6790836320620624e-02
-1.4407680366905467e-02
-1.2381574643368313e-02
-1.0665346423832661e-02
-9.2111123656353610e-03
-7.9822371054765386e-03
-6.9500269004059692e-03
-6.0869089710827726e-03
-5.3761667730896998e-03
-4.8053390345482363e-03
-4.3557587849477478e-03
-4.0088468605275025e-03
-3.7481025509868309e-03
-3.5632580863128394e-03
-3.4461803612210479e-03
-3.3843193168970778e-03
-3.3658335798261410e-03
-3.3761872191218957e-03
-3.3960579098427555e-03
-3.4071750443744053e-03
-3.3869063662144267e-03
-3.3121387400643922e-03
