-5.3524547765047851e-13
1.7530525988715624e-14
-4.3957261606874015e-13
2.3369634440610999e-13
8.8093407930858973e-13
3.7076698471796382e-13
1.9333937652246162e-13
-1.1691224262496576e-12
4.9760773138396917e-13
-2.8045190285387209e-13
-1.2283797332504286e-12
6.8804689991863329e-13
9.0371471955131546e-13
1.1681403243934361e-13
-1.3735704433248710e-12
-1.0526773715453446e-12
-2.7547755141757007e-13
2.7877495450407569e-13
-2.2076209353551211e-13
9.1075032676336036e-13
1.4454390807918645e-12
1.3732214625951029e-12
-1.4980161214142925e-12
-1.2600397477220110e-12
1.1377817941430581e-13
4.3936895428380454e-13
-1.3569102753761340e-12
4.4736684366512618e-13
-9.6980931893213909e-14
4.1862453688261457e-13
-3.9888923693750036e-13
-1.0888518492445991e-12
-5.6462939413015143e-13
7.0694920415871907e-13
-1.3051865850759033e-13
2.1520965236659612e-13
5.8831288375049267e-13
4.3860881339564325e-13
8.2663743778757131e-13
-1.5912252595802311e-12
3.4212178620280120e-13
-5.6039391961542453e-13
-8.3678986778440339e-13
-6.7504560890432759e-13
-1.2167718764980300e-13
3.1856205721881276e-13
1.3392157835559336e-12
-2.9159067544688827e-13
-5.1712721898515850e-14
2.6956975329348513e-13
5.8391618944323620e-13
-2.5338753645004940e-13
-4.1781422161778043e-13
6.9434328739822541e-13
-7.7264458057099826e-13
1.5755954663099682e-13
8.8303512182422619e-13
-9.4949860190537676e-13
-1.0841239066032605e-12
-1.0605684354362041e-12
1.3179621976279006e-13
-5.4991780611724235e-13
1.0821127080554718e-12
-1.0983443872252329e-12
6.0781628801187385e-13
-8.2577617247970909e-14
-1.0515824898757941e-12
-1.3308015208065940e-12
1.4178454718774205e-12
-1.3495272529571393e-14
8.1128837898636989e-14
1.1231381568316220e-12
1.3578894677895986e-12
-3.1515887897964019e-13
2.5144173873247920e-13
6.0988631509450291e-13
2.2134343853240124e-12
2.1006218664691036e-12
3.9813281356784046e-12
3.2878122400910189e-12
5.6738723642848688e-12
8.3048331901921369e-12
1.0773644367433989e-11
1.6328375716135899e-11
2.4984526090952136e-11
3.2711828434206159e-11
4.7702715208768597e-11
6.7121223034502606e-11
9.3828689461185012e-11
1.3412516508752398e-10
1.8788054665975855e-10
2.6254740674515687e-10
3.6863873244944988e-10
5.1545866917194699e-10
7.1660764677938753e-10
9.9714361252140852e-10
1.3813451465418667e-09
1.9092241244863943e-09
2.6298980715368607e-09
3.6167183282717063e-09
4.9591156597377468e-09
6.7833445586639982e-09
9.2544395081048025e-09
1.2589898124495860e-08
1.7084390323996248e-08
2.3122620559952993e-08
3.1209852626022562e-08
4.2011802688859910e-08
5.6404449191930877e-08
7.5518607371869361e-08
1.0083369982404950e-07
1.3426514455454462e-07
1.7828429796879640e-07
2.3607292749409650e-07
3.1171334235076723e-07
4.1041684254628842e-07
5.3881891458918631e-07
7.0533736016794667e-07
9.2060191096173716e-07
1.1979888316673405e-06
1.5542553156142758e-06
2.0103014040476169e-06
2.5920829186498168e-06
3.3316848436777322e-06
4.2685546595809266e-06
5.4509607354477081e-06
6.9376233095864297e-06
8.7995578139071271e-06
1.1122101249450279e-05
1.4007093322407897e-05
1.7575138955416083e-05
2.1967870399159087e-05
2.7350029422021938e-05
3.3911189684844649e-05
4.1866735993879505e-05
5.1457730670895335e-05
6.2949055424974448e-05
7.6625011254354483e-05
9.2781381964776138e-05
1.1171259892734873e-04
1.3369225095523349e-04
1.5894478468723587e-04
1.8760548535630851e-04
2.1966536021254227e-04
2.5489643283265688e-04
2.9275209131833621e-04
3.3223580381748887e-04
3.7173012077415833e-04
4.0877607276831114e-04
4.3979109960687080e-04
4.5971130210484848e-04
4.6154106642416808e-04
4.3578998288022525e-04
3.6977346601114476e-04
2.4674947336232519e-04
4.4859144073095412e-05
-2.6416570615785958e-04
-7.1657097994555952e-04
-1.3584732475096126e-03
-2.2481325515284357e-03
-3.4586673506271522e-03
-5.0812813500545140e-03
-7.2290797048004500e-03
-1.0041560046660675e-02
-1.3689871926457764e-02
-1.8382946072879460e-02
-2.4374602597557204e-02
-3.1971754216143046e-02
-4.1543826657652425e-02
-5.3533523221419556e-02
-6.8469063544182363e-02
-8.6978027619413034e-02
-1.0980293428744524e-01
-1.3781867860703115e-01
-1.7205194368715188e-01
-2.1370268949489851e-01
-2.6416780303963749e-01
-3.2506697059815848e-01
-3.9827080272375726e-01
-4.8593120623280889e-01
-5.9051395346806379e-01
-7.1483334786770603e-01
-8.6208882573496259e-01
-1.0359032671312511e+00
-1.2403627141511060e+00
-1.4800571127366247e+00
-1.7601216053671458e+00
-2.0862778071403207e+00
-2.4648743983793002e+00
-2.9029262642167000e+00
-3.4081513076040277e+00
-3.9890039593037230e+00
-4.6547043087280757e+00
-5.4152616863518466e+00
-6.2814914448747432e+00
-7.2650236156024288e+00
-8.3783020626956510e+00
-9.6345727244045758e+00
-1.1047859521269793e+01
-1.2632926530063543e+01
-1.4405225072817647e+01
-1.6380824455621120e+01
-1.8576325215135849e+01
-2.1008753894063332e+01
-2.3695438571726047e+01
-2.6653864623306308e+01
-2.9901510470770997e+01
-3.3455663418836494e+01
-3.7333216037847258e+01
-4.1550443958508247e+01
-4.6122766375753486e+01
-5.1064491014187915e+01
-5.6388545777901442e+01
-6.2106199783860298e+01
-6.8226776950381606e+01
-7.4757365769564629e+01
-8.1702529322727472e+01
-8.9064019988889243e+01
-9.6840503635241532e+01
-1.0502729835304922e+02
-1.1361613300030270e+02
-1.2259493092247966e+02
-1.3194762423491355e+02
-1.4165400395588244e+02
-1.5168961107203287e+02
-1.6202567329294462e+02
-1.7262909180741855e+02
-1.8346248179170087e+02
-1.9448426974322774e+02
-2.0564884992957295e+02
-2.1690680136134074e+02
-2.2820516573311988e+02
-2.3948778574406873e+02
-2.5069570212837263e+02
-2.6176760661651940e+02
-2.7264034693393478e+02
-2.8324947884851639e+02
-2.9352985922774519e+02
-3.0341627308479184e+02
-3.1284408670581468e+02
-3.2174991818122231e+02
-3.3007231603340716e+02
-3.3775243616174305e+02
-3.4473470702821186e+02
-3.5096747289651546e+02
-3.5640360502191959e+02
-3.6100107097243927e+02
-3.6472345274320901e+02
-3.6754040499952771e+02
-3.6942804563952490e+02
-3.7036927188997697e+02
-3.7035399631885758e+02
-3.6937929844302511e+02
-3.6744948900228263e+02
-3.6457608543312176e+02
-3.6077769857545053e+02
-3.5607983215179837e+02
-3.5051459803791937e+02
-3.4412035176524932e+02
-3.3694125402785068e+02
-3.2902676518194482e+02
-3.2043108079861298e+02
-3.1121251723853743e+02
-3.0143285694330694e+02
-2.9115666366812104e+02
-2.8045057820670263e+02
-2.6938260527769836e+02
-2.5802140215397736e+02
-2.4643557932844726e+02
-2.3469302303297854e+02
-2.2286024877604737e+02
-2.1100179425813104e+02
-1.9917965908394470e+02
-1.8745279764124379e+02
-1.7587667038364040e+02
-1.6450285756621659e+02
-1.5337873826570433e+02
-1.4254723629807603e+02
-1.3204663345187265e+02
-1.2191044930936751e+02
-1.1216738585192529e+02
-1.0284133405969732e+02
-9.3951438835473553e+01
-8.5512217820777181e+01
-7.7533729038695043e+01
-7.0021781798153654e+01
-6.2978184931087874e+01
-5.6401026205978113e+01
-5.0284976664744953e+01
-4.4621613658159710e+01
-3.9399756498547362e+01
-3.4605808896193949e+01
-3.0224102684993490e+01
-2.6237237759041744e+01
-2.2626413620676299e+01
-1.9371748466666244e+01
-1.6452582297890167e+01
-1.3847761114651052e+01
-1.1535899840836715e+01
-9.4956221930733307e+00
-7.7057762645214440e+00
-6.1456251171257632e+00
-4.7950121629064171e+00
-3.6345015575815980e+00
-2.6454942235323498e+00
-1.8103204606792740e+00
-1.1123103913122550e+00
-5.3584371801188213e-01
-6.6380453706097506e-02
3.0952558880960651e-01
6.0422868026768617e-01
8.2900652792337914e-01
9.9408719926489209e-01
1.1086857570655204e+00
1.1810488163458943e+00
1.2185053286025529e+00
1.2275220135856042e+00
1.2137619887486957e+00
1.1821452868372084e+00
1.1369100984364851e+00
1.0816737249223893e+00
1.0194923747571130e+00
9.5291907930691433e-01
8.8405914122740448e-01
8.1462265664427869e-01
7.4597377078210825e-01
6.7917643384100779e-01
6.1503651968704542e-01
5.5414025353139340e-01
4.9688896666532489e-01
4.4353025650119593e-01
3.9418567943804000e-01
3.4887514283034121e-01
3.0753819174660568e-01
2.7005240684586684e-01
2.3624914290275897e-01
2.0592684380236989e-01
1.7886217077985211e-01
1.5481917659139255e-01
1.3355675061912342e-01
1.1483454913259819e-01
9.8417611918628828e-02
8.4079851932123320e-02
7.1606589127284764e-02
6.0796283604890727e-02
5.1461607211454340e-02
4.3429977024480419e-02
3.6543659090897761e-02
3.0659536439530503e-02
2.5648622111208733e-02
2.1395385654934020e-02
1.7796950424592263e-02
1.4762208937399015e-02
1.2210894797634830e-02
1.0072641729431234e-02
8.2860537033511393e-03
6.7978041805496509e-03
5.5617777552391503e-03
4.5382632986823799e-03
3.6932043984326097e-03
2.9975101854506732e-03
2.4264274629775275e-03
1.9589734304713774e-03
1.5774269961287752e-03
1.2668758120429381e-03
1.0148155575487809e-03
8.1079755255051786e-04
6.4612067986168781e-04
5.1356350062812639e-04
4.0715248679243170e-04
3.2196255932424010e-04
2.5394616434796862e-04
1.9978754191735484e-04
1.5677898615097823e-04
1.2271624150284329e-04
9.5810441514373746e-05
7.4614271249459160e-05
5.7960309179352619e-05
4.4909740444434044e-05
3.4709839443516661e-05
2.6758872592177487e-05
2.0577235624728519e-05
1.5783773623863631e-05
1.2076463941038135e-05
9.2166724588121988e-06
7.0163973443620921e-06
5.3279465408869241e-06
4.0356262254049204e-06
3.0490714180462984e-06
2.2978859175842644e-06
1.7274036809254718e-06
1.2952784479476056e-06
9.6880109225750403e-07
7.2278073629569506e-07
5.3787357612840579e-07
3.9925638337058332e-07
2.9561188105182442e-07
2.1831725987028434e-07
1.6082203794695574e-07
1.1816583714547664e-07
8.6603191409147992e-08
6.3307755432350165e-08
4.6159204572712217e-08
3.3569948789890959e-08
2.4351577801492492e-08
1.7617041731963781e-08
1.2712185352634691e-08
9.1504880762687947e-09
6.5685575344337235e-09
4.7012976699231413e-09
3.3576794352603898e-09
2.3903300223349431e-09
1.6987609906292815e-09
1.2019851049355489e-09
8.4943593884224454e-10
5.9951152961920319e-10
4.2171974384968523e-10
2.9499676677954666e-10
2.0549142873282534e-10
1.4348087453475508e-10
9.9700693642037333e-11
6.7417065022944107e-11
4.7083840243877312e-11
3.3183801028178753e-11
2.2111148166271713e-11
1.5728035660443791e-11
1.1281053790369604e-11
9.0894604581595808e-12
3.3124402083227723e-12
2.3708243314660848e-12
2.1351896841037403e-12
2.3961330535521530e-12
1.1007046518045125e-12
3.8329941601994215e-13
1.0694054087481064e-12
1.1605605421133678e-12
9.9637779335194496e-13
-3.2927277087918461e-13
7.4227562049599848e-13
3.0401838725222026e-13
-5.0035314966769624e-14
-6.9704627014236177e-13
9.9114581606000510e-13
-6.3604551540109592e-13
-4.0098079806309508e-13
5.8087852471716835e-13
-1.1501988672276186e-12
4.6680097190813301e-13
1.5076873166175517e-12
2.0375835092610290e-13
-1.3893434597039079e-13
7.3852495347756059e-13
2.5975407940976140e-13
-8.1824021863271593e-13
-6.4188227501853067e-13
-6.8326191702179206e-13
9.8304959450103002e-13
8.5554306659426682e-13
8.7488729882273436e-13
-1.8354802740292094e-13
9.5733359816997395e-13
2.5038615071349897e-13
-1.1246121338429923e-12
-3.4665545041417766e-17
-5.3458768141857361e-14
1.2204936954453357e-13
-1.4710475910609454e-12
-3.6396595518782320e-13
-6.6120051808109588e-14
3.3417892881370564e-13
6.9205189749272242e-13
-5.3636451480820482e-13
4.8440954838772683e-13
4.6540351718961599e-13
-3.2025571069619155e-13
5.4374363224069102e-14
1.5032534464500782e-13
-1.0611434661063068e-12
1.4664980041420885e-13
1.1737621793067131e-12
-8.2160550383078696e-14
6.3414979685655339e-13
4.7089497092966137e-13
-4.1268755818364725e-13
-8.3601765751544554e-13
-2.9513065015602856e-13
2.1821647418937960e-13
-4.9511542569758346e-13
-1.2984265850981202e-13
-1.8918297267573676e-13
-2.4456779270205105e-13
5.7251945841847140e-13
1.1577460329614935e-13
-1.5472288507682051e-13
2.7968570841641954e-13
6.5846623814863892e-13
6.6089720299987201e-13
-5.7994504602392157e-15
-4.7219090920798459e-13
1.4624740796968870e-13
-1.9137115715548305e-13
-9.2847330840360357e-13
7.2779430378158434e-13
-5.9150154495454949e-13
-5.1216561075486400e-13
5.7397084632307074e-14
-9.9583897113990769e-14
1.2599729483385517e-14
6.9495827088410044e-13
-5.6527076456175173e-13
-1.1636186770775014e-12
-2.1632876964060666e-13
