6.8588230201875417e-14
6.5629383598815125e-13
-6.0379358573926473e-13
-9.8953050243895632e-15
3.4010866798445857e-13
-1.8519663225996015e-14
4.2866127663891489e-13
-2.6883071645944377e-13
-2.9544083427057572e-14
1.6704444991854021e-13
5.0376332259191150e-13
-9.4064007409176645e-14
-2.7988749736797173e-13
1.1440496028963038e-13
2.6033388379837432e-13
-5.0958439700939992e-14
5.9878505242432954e-13
3.5216220447446948e-13
-2.6750301666303992e-13
8.0068189272768178e-15
3.8839241721398281e-13
1.2548319965050260e-13
3.7116325730339262e-13
7.1113401333646137e-13
3.2647875240911822e-13
-1.1617149473477248e-14
3.8140036972382436e-13
-3.4332906413847362e-13
-1.6318241146435697e-13
-6.3234894473360304e-14
-1.5351860979071333e-13
1.9875789072839212e-13
7.2226844897592405e-14
-3.1129253994409771e-13
-3.6889367652100815e-13
-7.2169171924248130e-14
-1.7048573820840969e-13
-5.6360131977400668e-13
2.6710135669809260e-13
7.0387907810548552e-13
-6.0315070388255849e-14
-3.1698965827197959e-13
1.9967133547044079e-13
3.0419798112368411e-13
-2.3395394455425794e-13
3.1614634164619680e-13
5.2708957216957753e-14
9.9674298478529396e-13
2.0982448160000367e-13
9.8552466454116733e-15
1.0563400993783342e-13
1.5882273025675494e-13
-7.0474811596723570e-13
-6.2491811590240565e-13
-1.2190928387066047e-12
-2.3925145916570399e-12
-4.8057088115427863e-12
-8.2106569939345426e-12
-1.3564732435119896e-11
-2.1466857836150746e-11
-3.3821668682209209e-11
-5.2628780351830646e-11
-7.9812815640621228e-11
-1.1990645410866205e-10
-1.7902915871474489e-10
-2.6415462277302857e-10
-3.8720675480871419e-10
-5.6249374673059380e-10
-8.1110271608980179e-10
-1.1611000699174099e-09
-1.6504159475000864e-09
-2.3298898277285074e-09
-3.2666718891620803e-09
-4.5514196886590241e-09
-6.2995169340818703e-09
-8.6622991104119799e-09
-1.1831394148748884e-08
-1.6056457460350871e-08
-2.1640279887355309e-08
-2.8966481795347633e-08
-3.8494789658904703e-08
-5.0779380327301991e-08
-6.6463877035758617e-08
-8.6279735429605840e-08
-1.1101840478672894e-07
-1.4149406812959794e-07
-1.7845486320293795e-07
-2.2245740672523115e-07
-2.7365054231168401e-07
-3.3146889551592984e-07
-3.9416342264366759e-07
-4.5813875918656197e-07
-5.1701105298526888e-07
-5.6030225544416490e-07
-5.7163203305923482e-07
-5.2629082947957303e-07
-3.8795174398030543e-07
-1.0433598234542324e-07
3.9851224063087163e-07
1.2236699061986414e-06
2.5129512209701691e-06
4.4592037620703134e-06
7.3219267162486923e-06
1.1446882724571276e-05
1.7290577826050600e-05
2.5450478380108613e-05
3.6702033263046392e-05
5.2043553359741373e-05
7.2750137424673210e-05
1.0043772103149566e-04
1.3713837998886579e-04
1.8538769305186020e-04
2.4832480049346401e-04
3.2980516641590673e-04
4.3452541605805244e-04
5.6815854711321891e-04
7.3749643338376293e-04
9.5059470533378294e-04
1.2169127295369969e-03
1.5474383813078169e-03
1.9547836122001602e-03
2.4532322038741355e-03
3.0587156298980960e-03
3.7886863639568207e-03
4.6618503895431828e-03
5.6977117739992200e-03
6.9158722597827673e-03
8.3350176365449748e-03
9.9715105073046751e-03
1.1837495978696997e-02
1.3938413207414237e-02
1.6269791819460495e-02
1.8813198794481425e-02
2.1531188844252980e-02
2.4361100754246710e-02
2.7207534444758492e-02
2.9933339984461609e-02
3.2348951829288465e-02
3.4199910786700621e-02
3.5152434390072693e-02
3.4776925424371295e-02
3.2529350216764522e-02
2.7730475071509362e-02
1.9543022714471135e-02
6.9469027105555255e-03
-1.1287218097500589e-02
-3.6625605957497850e-02
-7.0799857535658026e-02
-1.1583527454072873e-01
-1.7407829022547977e-01
-2.4822180906110297e-01
-3.4132709370407865e-01
-4.5684059752245743e-01
-5.9860390298662647e-01
-7.7085469467785639e-01
-9.7821648047949261e-01
-1.2256745874405921e+00
-1.5185358131481070e+00
-1.8623690236911334e+00
-2.2629239711978779e+00
-2.7260256734358967e+00
-3.2574418715336781e+00
-3.8627213748866929e+00
-4.5470015290606351e+00
-5.3147836149207137e+00
-6.1696757140571163e+00
-7.1141034615010392e+00
-8.1489901512030620e+00
-9.2734088563091976e+00
-1.0484210561331192e+01
-1.1775633755946565e+01
-1.3138902481052178e+01
-1.4561821409261436e+01
-1.6028378138416290e+01
-1.7518364423936646e+01
-1.9007029513056370e+01
-2.0464780004457921e+01
-2.1856941669407867e+01
-2.3143599362455671e+01
-2.4279531448384748e+01
-2.5214255008549749e+01
-2.5892197401352625e+01
-2.6253008485987529e+01
-2.6232025936525673e+01
-2.5760903552512843e+01
-2.4768409309902502e+01
-2.3181396112349073e+01
-2.0925943842207442e+01
-1.7928666443795205e+01
-1.4118172495780362e+01
-9.4266621683670095e+00
-3.7916377619509625e+00
2.8423006433886919e+00
1.0521608346949114e+01
1.9281936944897915e+01
2.9146306362694951e+01
4.0123354936371761e+01
5.2205717028556130e+01
6.5368579011392669e+01
7.9568464434462342e+01
9.4742297699086308e+01
1.1080679249968429e+02
1.2765820663319714e+02
1.4517249853640433e+02
1.6320591316085691e+02
1.8159601566633455e+02
2.0016318109238119e+02
2.1871253689419939e+02
2.3703634329275707e+02
2.5491678411983173e+02
2.7212912859908130e+02
2.8844521267689504e+02
3.0363717749258501e+02
3.1748139274128869e+02
3.2976248439952769e+02
3.4027737988334826e+02
3.4883927947485410e+02
3.5528146100728583e+02
3.5946082549343862e+02
3.6126109468990256e+02
3.6059557749896118e+02
3.5740943052261991e+02
3.5168134881473236e+02
3.4342463566146102e+02
3.3268761471643171e+02
3.1955336362028913e+02
3.0413876488891702e+02
2.8659288686889306e+02
2.6709472442227582e+02
2.4585034520416539e+02
2.2308950244116494e+02
1.9906178854726267e+02
1.7403241531691995e+02
1.4827771547037514e+02
1.2208046672786855e+02
9.5725143178985533e+01
6.9493199404891968e+01
4.3658490613637191e+01
1.8482927064873326e+01
-5.7875465182288348e+00
-2.8926565752810291e+01
-5.0730486699246597e+01
-7.1020995807537957e+01
-8.9647148852661289e+01
-1.0648681327995943e+02
-1.2144750385794832e+02
-1.3446661674757783e+02
-1.4551108160298932e+02
-1.5457646471705772e+02
-1.6168556816433485e+02
-1.6688658008494642e+02
-1.7025083947442542e+02
-1.7187028494884402e+02
-1.7185466086915679e+02
-1.7032855593427499e+02
-1.6742834895987610e+02
-1.6329913418362852e+02
-1.5809169426714047e+02
-1.5195958343564089e+02
-1.4505637617829862e+02
-1.3753312891813965e+02
-1.2953609335559972e+02
-1.2120471109892675e+02
-1.1266991001302651e+02
-1.0405271372155167e+02
-9.5463167133393299e+01
-8.6999572948824067e+01
-7.8748027008776205e+01
-7.0782234218256349e+01
-6.3163581694872761e+01
-5.5941441817148778e+01
-4.9153674986602077e+01
-4.2827300147772618e+01
-3.6979300374900937e+01
-3.1617531048973962e+01
-2.6741699209331742e+01
-2.2344384448870855e+01
-1.8412074100353969e+01
-1.4926188297966755e+01
-1.1864073658350257e+01
-9.1999476791856143e+00
-6.9057793803394354e+00
-4.9520951037657355e+00
-3.3087016493799664e+00
-1.9453219760841514e+00
-8.3214147786998327e-01
5.9734691581179777e-02
7.5791065571182836e-01
1.2884108686893734e+00
1.6754674498835449e+00
1.9413770255844518e+00
2.1064195998688318e+00
2.1888315780748595e+00
2.2048249404000484e+00
2.1686446728529534e+00
2.0926568691239513e+00
1.9874603806047746e+00
1.8620154746364586e+00
1.7237836269226847e+00
1.5788732900396329e+00
1.4321872167027254e+00
1.2875676488802139e+00
1.1479363909276306e+00
1.0154274502058704e+00
8.9151053958215520e-01
7.7710428433407630e-01
6.7267845606697885e-01
5.7834496644083300e-01
4.9393769425480155e-01
4.1908149345810047e-01
3.5325094138344104e-01
2.9581954123566895e-01
2.4610019717140341e-01
2.0337784066310510e-01
1.6693511030187949e-01
1.3607198021740852e-01
1.1012020146178809e-01
8.8453371664625594e-02
7.0493386404907529e-02
5.5713955533454797e-02
4.3641793180902624e-02
3.3856014425602862e-02
2.5986197363837987e-02
1.9709498439437579e-02
1.4747142869925203e-02
1.0860551821791891e-02
7.8473141340381705e-03
5.5371631474410953e-03
3.7880784945557829e-03
2.4825983030057289e-03
1.5243987179831360e-03
8.3517451361452303e-04
3.5183620709022313e-04
2.4024989108583032e-05
-1.8806374827488504e-04
-3.1556493453553961e-04
-3.8255796737840807e-04
-4.0743497397131883e-04
-4.0404895621140238e-04
-3.8266767731173242e-04
-3.5075832391422444e-04
-3.1362653668175401e-04
-2.7493154317367527e-04
-2.3709704774970829e-04
-2.0163537630592729e-04
-1.6940017207637978e-04
-1.4078091143801934e-04
-1.1585053296025146e-04
-9.4475709420825842e-05
-7.6397714969520281e-05
-6.1290422204996744e-05
-4.8800761819969237e-05
-3.8575927984665086e-05
-3.0280744770071713e-05
-2.3607870108090016e-05
-1.8282899964620122e-05
-1.4065974210187757e-05
-1.0751062886547204e-05
-8.1638092498752066e-06
-6.1585714392838798e-06
-4.6150974952545647e-06
-3.4351416334854902e-06
-2.5392160637873007e-06
-1.8635908830001064e-06
-1.3576078140654595e-06
-9.8132922436244514e-07
-7.0351652313070547e-07
-4.9992575017633457e-07
-3.5187742947170846e-07
-2.4509208208083390e-07
-1.6873131349337671e-07
-1.1463011168290252e-07
-7.6683964618398481e-08
-5.0361337719726630e-08
-3.2329674320959651e-08
-2.0150723077389570e-08
-1.2062512663506038e-08
-6.7983271438756788e-09
-3.4592910481992455e-09
-1.4107205362857390e-09
-2.1291876015300128e-10
4.3788932064077799e-10
7.4435877786334662e-10
8.4494928775805641e-10
8.2836329211468465e-10
7.5107973256646650e-10
6.4858078741690194e-10
5.4190095096724726e-10
4.4020969249126988e-10
3.5104911715385685e-10
2.7483952034996004e-10
2.1260844473467919e-10
1.6144240730012221e-10
1.2174030160511201e-10
9.0077652450520653e-11
6.6965874802731001e-11
4.9403798440202853e-11
3.6200834743860504e-11
2.6003869606656344e-11
1.8663301630048127e-11
1.3389377923118515e-11
9.7613368914284733e-12
6.5599087063999830e-12
5.0070709780062576e-12
2.9746266475903056e-12
2.7745250760918807e-12
1.4395844845409045e-12
1.1116364339546624e-12
4.4755176946346808e-13
1.0060052826375433e-12
4.9040516282243036e-13
4.3753782329404432e-13
5.4552837856204507e-13
-2.1443034081498883e-13
6.9013991802371715e-14
3.2288753666310425e-13
1.1580249181411989e-13
-1.8501579542747747e-13
2.9781334295849360e-13
3.4141407581864419e-13
-2.0224684641592993e-13
9.7465380428239654e-14
-1.6186309449641630e-13
5.2626199004337052e-14
2.2158367642544427e-13
-2.7875661524134630e-13
3.7670408860081156e-14
2.8930515573083641e-13
9.0394141969307207e-14
6.6288696490021760e-13
4.7985258616038231e-13
1.2879579702074508e-13
4.3118651747900318e-13
-3.0100681339932688e-14
5.5116975309945455e-14
2.6310001565435649e-14
-2.8953296768215126e-13
3.1916991255970915e-15
-2.8382443871415219e-13
-4.4002046096938532e-13
2.1885100448808866e-13
-3.8306044761057883e-13
2.1689472660276268e-13
-3.6155776230855118e-14
-6.2491102287138297e-13
1.2342273942260888e-13
-3.1559648396898233e-13
-3.1771370725923293e-13
-6.3621823239749512e-14
-4.3014161702202172e-13
-6.6236287550939834e-14
9.7766783613738948e-15
-3.7639286757407412e-13
9.5433986163061909e-14
2.8581048605331897e-13
-2.4644408381535677e-13
2.6701821104026115e-14
-8.0665047056256890e-14
-8.6003884472964971e-14
5.7015015255003302e-14
6.0608029896475910e-14
-6.2727308579829811e-13
1.0619819198154141e-13
1.8897254050664234e-13
1.7573331795495775e-13
1.9775117464826794e-14
-5.8741891134933352e-13
6.7980086915275652e-14
-1.3224010361621918e-13
3.3312361876527342e-13
-7.2227288117953027e-14
-3.5695231337063650e-13
-2.0121378277586911e-13
-1.0081880741078038e-13
-3.2388475061921547e-14
4.5543297788011366e-13
-1.9845969910640656e-13
2.8281753254802212e-13
-1.2210924120284333e-13
5.7810867339193887e-13
-2.4106286020994789e-15
-1.5017505664934458e-13
4.5399976129118259e-14
3.8819223141277768e-13
-1.7271376381932862e-13
8.4145088093064822e-13
1.8204851448719959e-14
3.6630041786986211e-13
-2.8514785850118978e-13
-2.0313733285016686e-13
1.5930424382954612e-13
5.1795778432164006e-13
5.9262164322623104e-15
-5.6992700839153412e-14
-1.3786343058575520e-13
-3.3061504937859276e-13
3.0243230684101825e-13
-4.8911400437036461e-14
-4.1590568379380275e-13
3.2171000600801842e-13
6.1095764253275668e-13
-9.2133936963415271e-15
-3.6180370870550953e-13
3.6449659145541003e-13
8.1936361489660903e-14
-1.8058589943614335e-13
-6.3917399835673562e-13
-1.1892214279364410e-13
-5.3563738188453699e-14
3.6590349860640866e-13
-3.5331511424229431e-13
3.0171119390888044e-13
