9.6064977427893023e-16
9.7719407832606318e-15
6.0847425711806912e-15
8.3353449945085682e-15
2.3652484257555320e-14
1.2977116376793065e-14
1.3239271642621666e-14
2.0530401341944667e-14
1.9711261974607784e-14
4.1115888655513030e-15
9.8745696842122734e-15
2.3984295034489708e-14
2.0081116585013005e-14
5.2124012063110945e-15
1.9688271684941420e-14
9.7430478204286828e-15
1.5138031168685438e-14
1.8699846179833403e-14
1.4037704207133479e-14
1.6222097101747864e-14
2.6525459312413328e-14
3.0620067291590860e-14
5.7654227413204107e-14
4.7501446780652673e-14
4.8929049962175704e-14
4.9555043869748691e-14
3.8724453170197773e-14
6.7817971576613550e-14
6.1771086084047593e-14
4.1705004190820199e-14
7.8251283567319364e-14
7.0415541670362934e-14
4.2618463108627230e-14
4.8345514536811298e-14
6.3019711798544761e-14
6.2112732155094043e-14
6.9803999634266908e-14
6.4950377209153688e-14
6.3111191779899498e-14
5.9044533403760006e-14
4.0565484098610046e-14
1.7532995473194553e-14
2.7173525479371864e-14
-1.9180003597139148e-15
1.7551056997620203e-14
1.9314336307252033e-14
2.9702676345552681e-14
7.6964021676825323e-15
7.2246565104971109e-15
-1.1912178158897255e-15
3.4383784876789312e-14
8.9855893468373969e-15
-6.2028872779233519e-16
4.2941623301402176e-15
-2.4905103767547823e-15
6.0562723605289080e-15
-5.2138802130273636e-15
-5.2943208660680572e-15
-2.6130887746633732e-15
-6.1046790359025979e-15
-4.5258213082687016e-16
-9.9534850268288423e-15
6.5957162008283652e-15
-4.1692747142467956e-15
6.5659369963244068e-15
2.6069724665304353e-15
3.4144121443915410e-14
2.4027114656581255e-14
2.7627294954977262e-14
2.9472353597447245e-14
3.8288487515356501e-14
2.9692578628357897e-14
3.5288903043280427e-14
3.0095527988483486e-14
3.9136022714893849e-14
3.1883429673695348e-14
4.2407325170646253e-14
4.4396908043486286e-14
4.9451962048616204e-14
4.5892289482113792e-14
2.0394677628740253e-14
1.6731115042142562e-14
2.4080928178290895e-14
-9.7857266504856401e-16
-3.7863211862363479e-15
-1.7649443224657080e-14
1.1754294048898107e-14
-1.5114074520585584e-14
-1.2740422576704141e-14
1.0103506567478609e-14
2.0791950508760782e-15
6.0280627967037406e-15
-1.5973248393843912e-14
-1.3317852321478662e-14
-1.7525209348938122e-14
-3.5241308907862612e-14
-5.4159299022352544e-14
-5.4783426311078459e-14
-4.4481741543962564e-14
-3.6405784302639451e-14
-5.6817366255139300e-14
-5.1180662274803814e-14
-2.9283365080768618e-14
-4.6150005977170173e-14
-2.4737115581628934e-14
-3.3467386968563036e-15
-1.6606732914927162e-15
2.1563652893771596e-14
2.8214492990168508e-14
-4.5336902478440420e-15
2.1715198690955436e-14
1.3600930904632704e-14
-3.6434753324975912e-14
-5.2373661385002062e-14
-8.1742449257692832e-14
-7.9413370251255289e-14
-1.3067784326585281e-13
-1.3344041894815302e-13
-1.0453213503656948e-13
-1.3207500520892095e-13
-1.4487310395581078e-13
-1.1044247133540136e-13
-1.2939641901448753e-13
-1.1602668797406624e-13
-1.2579026698327546e-13
-1.1881948662865804e-13
-1.2570224772293598e-13
-1.3202910852844992e-13
-1.5047156650724034e-13
-1.4783097626139386e-13
-1.5459988963770428e-13
-1.4723756818817291e-13
-1.7888556603172310e-13
-1.7403285138255782e-13
-1.5177614945114235e-13
-1.8778462439814242e-13
-2.1096780695465222e-13
-2.0671743760701176e-13
-2.4948967790990608e-13
-2.6071577252187120e-13
-2.9486685076544149e-13
-3.2420934137277431e-13
-3.6471269269535427e-13
-4.0330592638469413e-13
-4.6159782680841536e-13
-5.0722009295386056e-13
-5.5228714007908092e-13
-5.7978611506957768e-13
-6.3279489841179421e-13
-6.3349348513930636e-13
-6.7772974576272595e-13
-6.9944494550604216e-13
-7.4284127934673337e-13
-7.8221867487725023e-13
-8.4933434244828879e-13
-9.3135149901284003e-13
-9.8330416366831834e-13
-1.0310709193321127e-12
-1.1448188524079845e-12
-1.2088353219231018e-12
-1.3299200084995864e-12
-1.4485276846476441e-12
-1.5871495792975518e-12
-1.7282915545348020e-12
-1.8898703200479186e-12
-2.0256395768412091e-12
-2.2179604798456352e-12
-2.3979153437783021e-12
-2.5939249639221343e-12
-2.8150064610765741e-12
-3.0699630288565072e-12
-3.3778415470039758e-12
-3.7222021665302353e-12
-4.0763393108396902e-12
-4.5061751435761805e-12
-4.9519225018036411e-12
-5.4792422529809284e-12
-6.0030724686301317e-12
-6.6215439374712776e-12
-7.2346832660037415e-12
-7.9033930579806600e-12
-8.6041127748007769e-12
-9.4031625929089825e-12
-1.0215898133495282e-11
-1.1083247376808671e-11
-1.2024001210641078e-11
-1.3042407568387488e-11
-1.4133191692897001e-11
-1.5269662217578749e-11
-1.6483293739235234e-11
-1.7789561658284012e-11
-1.9128488541048537e-11
-2.0599664913056651e-11
-2.2102195437725909e-11
-2.3666230942858127e-11
-2.5251607103071403e-11
-2.6899513178363226e-11
-2.8577612749197900e-11
-3.0305034556595565e-11
-3.2053844615860456e-11
-3.3832455808007752e-11
-3.5642680580899064e-11
-3.7494172534439083e-11
-3.9334632455931530e-11
-4.1188235883297519e-11
-4.3044860556855476e-11
-4.4908663131522112e-11
-4.6724538590261600e-11
-4.8530757717716820e-11
-5.0314334997052445e-11
-5.2059205926509241e-11
-5.3714555768445652e-11
-5.5324682385903444e-11
-5.6812624408850889e-11
-5.8254139595102565e-11
-5.9575298271253257e-11
-6.0831014840388182e-11
-6.1951587522029428e-11
-6.2955139907445941e-11
-6.3847672942367844e-11
-6.4636049732127424e-11
-6.5227157342865185e-11
-6.5749253132299636e-11
-6.6089499201459195e-11
-6.6334778786737423e-11
-6.6430940918823807e-11
-6.6395520483851619e-11
-6.6196355971920596e-11
-6.5866421333129075e-11
-6.5356637772997192e-11
-6.4752296079135532e-11
-6.4021582022322695e-11
-6.3168237795697495e-11
-6.2210515096951970e-11
-6.1126707598833700e-11
-5.9948018699147727e-11
-5.8632015063356208e-11
-5.7212022135429318e-11
-5.5736290328303814e-11
-5.4174118277965551e-11
-5.2521621896306825e-11
-5.0834373817344373e-11
-4.9119159949073250e-11
-4.7372675167248307e-11
-4.5576702019642155e-11
-4.3787777704904106e-11
-4.1955808954758346e-11
-4.0191247763179188e-11
-3.8381457125736638e-11
-3.6634640268771192e-11
-3.4846290297971115e-11
-3.3133113952083153e-11
-3.1379780960519563e-11
-2.9688364210658812e-11
-2.8023749706431601e-11
-2.6421664061915631e-11
-2.4803060581990320e-11
-2.3275772723555204e-11
-2.1783754153166624e-11
-2.0380676605856770e-11
-1.9013044715704341e-11
-1.7731482558783415e-11
-1.6497854936759484e-11
-1.5356866674974752e-11
-1.4240835159779788e-11
-1.3207569981259175e-11
-1.2200135434498696e-11
-1.1273733161892931e-11
-1.0373588447711436e-11
-9.5365625885217266e-12
-8.7362959168812436e-12
-8.0145331235846879e-12
-7.2755759939771720e-12
-6.6491572617297603e-12
-6.0424870334471857e-12
-5.4983247298557734e-12
-5.0052132411023995e-12
-4.5694198848921080e-12
-4.1478586608019057e-12
-3.7986503331949045e-12
-3.4565162350563358e-12
-3.1753559487913712e-12
-2.8574334731181248e-12
-2.5945037667883212e-12
-2.3513331373147366e-12
-2.1439318891619036e-12
-1.9231132487467811e-12
-1.7819376341091048e-12
-1.5735749369124953e-12
-1.4274249198448880e-12
-1.2913457137854895e-12
-1.1726858039223201e-12
-1.0545335114380919e-12
-9.6028109652972919e-13
-8.5285101228482240e-13
-7.5787507348509422e-13
-6.4908277551497606e-13
-5.5524046919918768e-13
-4.8503504586689624e-13
-4.2758813415310495e-13
-3.5666828653474470e-13
-3.0516338892745663e-13
-2.4432904128045368e-13
-1.9901712285510083e-13
-1.6982443119832341e-13
-1.3446256169863612e-13
-1.1566275409242822e-13
-1.1840814291450430e-13
-9.9154071398351866e-14
-9.8735588090212760e-14
-9.6130298140181958e-14
-8.6913843282339390e-14
-9.4014506963710995e-14
-9.8949757195061103e-14
-1.1074871734167254e-13
-9.4778214435113089e-14
-1.1811723618723085e-13
-9.8732224108052250e-14
-9.0925221088343907e-14
-8.2687326046334573e-14
-8.2961391170002999e-14
-7.3266257835625323e-14
-9.5294501273109294e-14
-9.8992482375816135e-14
-1.0207575556091487e-13
-7.9430316160409667e-14
-9.7747517175325610e-14
-7.2273606138579547e-14
-6.6427695716578116e-14
-6.4943988840736462e-14
-6.2416379976810035e-14
-6.3062499574080368e-14
-6.5883415525342592e-14
-3.6407794438126069e-14
-1.7516313147196307e-14
-7.5270127980504805e-15
2.0952539838365924e-14
3.0828166703950809e-14
5.1972573671246429e-14
6.7238946726453437e-14
6.4323578666656566e-14
1.1829005267314163e-13
8.0036487978832142e-14
1.2071304103017293e-13
1.2303771463925243e-13
1.0531382194439811e-13
9.7114580447026003e-14
1.0101670190741084e-13
1.0588196485698548e-13
1.2201830407418622e-13
1.3123655873050638e-13
1.4043202963848283e-13
1.6194565223686901e-13
1.7472609945407905e-13
1.5792236550469321e-13
1.5238642157473705e-13
1.4547015570941132e-13
1.5097845558524357e-13
1.1881626027686658e-13
1.2891530595607973e-13
6.9484836949711106e-14
3.6906265715738454e-14
1.1755829575888395e-14
-1.8962260106072966e-14
-5.2536177201988084e-14
-1.7787232058934841e-14
-5.8828082802639218e-14
-4.0046459745785304e-14
4.4782664052440175e-15
1.5614874510771024e-14
4.0301892907347488e-14
4.2575759850180445e-14
4.6078052001320826e-14
5.6706138079004615e-14
3.1647119358465928e-14
4.4863027406070015e-14
5.9036845259504946e-14
4.5890005519372407e-14
4.7550615939331528e-14
4.0602847687090102e-14
3.1321473875566096e-14
3.8006082240417174e-14
1.1801785078901216e-14
5.8609449064050394e-15
2.4204143054811087e-14
1.7510572439350342e-14
1.1187209250629243e-14
1.8205339785642042e-14
6.9376608034778675e-15
2.3750991488803366e-15
4.9338968437199680e-15
3.4800318485066985e-15
1.4056209031384249e-14
1.8120525571294089e-14
1.0439743426759711e-14
1.1799964292653567e-16
5.1209681780843156e-15
1.0035974413637901e-14
-1.3607107542090914e-14
-8.0545730196222032e-15
1.1212177020906249e-14
5.7854275836604726e-15
1.0003224796481936e-14
2.1299729651003420e-14
1.8283313853180836e-14
-1.8734995617242683e-16
-4.1358861527037949e-15
-5.5685431388450151e-15
1.8371950026204152e-14
1.8921308528814392e-14
3.0322279087611306e-14
1.0289034814143951e-14
1.7537695579932336e-14
1.0658548846458649e-14
-1.0851930371128673e-14
-1.4324587770686869e-14
2.4446286921961812e-15
-5.2738616576270580e-15
4.8201640603088799e-15
2.1622619444924561e-14
2.9132208358594936e-14
1.5346205243262202e-14
3.1154056702521777e-14
2.2618549270205202e-14
2.6499077399672660e-14
3.4786510157336900e-14
4.8525689580094707e-14
7.7340490242413512e-14
7.4153822999507061e-14
6.2574579973419263e-14
4.6199373016241574e-14
5.1175981312650423e-14
4.6273799444910027e-14
3.5958355489171453e-14
4.8108304314338660e-14
4.7737091961656179e-14
6.0261558580921548e-14
4.5306125749784152e-14
3.6653338213875280e-14
2.5190898091632155e-14
2.7508827759590705e-14
3.6031339360324548e-14
5.5734665743211505e-14
5.2396099880043884e-14
5.3294809116837745e-14
3.1515854108347473e-14
3.3964979016050266e-14
2.1816472161682466e-14
4.0227169408684684e-14
4.5831987091665442e-14
4.8440075798593750e-14
4.6474850012311450e-14
5.0586254199167437e-14
3.2716490333239748e-14
9.8903923272901852e-15
2.7006460213075085e-14
9.7321077871950432e-15
2.2055676745669132e-14
4.0222537165748696e-14
5.2516029118013360e-14
3.9209272322157796e-14
3.1796818454174252e-14
3.2206233282432543e-14
3.7980826698303153e-14
1.1345554176202590e-14
4.0136005168107022e-14
3.7602602321280918e-14
3.7785045010476380e-14
6.8995495075744373e-14
3.2850886277877578e-14
2.8097094709839460e-14
2.7110485622894575e-14
2.7241484709191094e-14
3.0961779369351261e-14
2.1594144496406014e-14
2.8965827599716378e-14
5.1250440740124333e-14
1.7236058041440628e-14
2.5132359547302874e-14
3.1664948266098611e-14
3.5632201503558552e-14
3.4978699986861907e-14
4.1839181543364707e-14
2.4385067455737623e-14
4.9435960293903803e-14
1.8560117478860168e-14
2.2059185452498612e-14
2.6293554076351532e-14
3.1197486878556347e-14
3.5016159489294292e-14
2.2816969174151992e-14
4.0556773095146931e-14
3.3274892796244015e-14
-2.0400792550712952e-15
2.0771999845786108e-14
1.1516903052782242e-14
7.7600150333063278e-15
2.3485006507561260e-15
-6.7534578947875435e-15
7.9686721486916779e-15
2.2071314576298937e-14
4.8906380376264298e-16
1.1437807220024805e-14
3.3656517853392190e-14
9.8783351789313723e-15
1.4612876780965351e-14
3.3302528083557105e-15
1.7890733957498816e-14
4.1205051229524749e-15
-5.3757869038759926e-15
5.6566618315486574e-15
2.7501941621820808e-14
