5.3742452312817678e-02
6.3828609965839986e-02
7.5241167652465052e-02
8.8181659989857011e-02
1.0287722789803526e-01
1.1958145836459333e-01
1.3857370080276535e-01
1.6016505048841345e-01
1.8469954986475917e-01
2.1255924626575531e-01
2.4416666742006779e-01
2.7998969269732366e-01
3.2054488323791414e-01
3.6640247511792085e-01
4.1819038338309922e-01
4.7659944635199980e-01
5.4238799728108766e-01
6.1638739981180968e-01
6.9950709565718860e-01
7.9274041184073962e-01
8.9716998100920309e-01
1.0139737513287461e+00
1.1444306498099128e+00
1.2899266779393921e+00
1.4519606529764892e+00
1.6321502238266650e+00
1.8322374836113797e+00
2.0540946903828550e+00
2.2997294987279160e+00
2.5712901194239359e+00
2.8710698707859401e+00
3.2015114619295955e+00
3.5652105186803618e+00
3.9649186291324265e+00
4.4035454572874304e+00
4.8841601500784222e+00
5.4099916179738541e+00
5.9844278730550302e+00
6.6110140334181526e+00
7.2934491460687125e+00
8.0355814650738413e+00
8.8414023149129886e+00
9.7150382049608144e+00
1.0660741312349890e+01
1.1682878031222167e+01
1.2785915702563715e+01
1.3974407258914807e+01
1.5252973904776292e+01
1.6626285608400995e+01
1.8099039541951420e+01
1.9675936292692686e+01
2.1361654007452575e+01
2.3160820345557458e+01
2.5077982435995178e+01
2.7117574771556438e+01
2.9283885276221326e+01
3.1581019539972726e+01
3.4012863503058398e+01
3.6583044647528098e+01
3.9294892026820989e+01
4.2151395254883624e+01
4.5155162834657759e+01
4.8308380008419462e+01
5.1612766556123688e+01
5.5069534779569878e+01
5.8679348138800449e+01
6.2442280824997106e+01
6.6357778767085847e+01
7.0424622390636898e+01
7.4640891644309534e+01
7.9003933631562305e+01
8.3510333365165963e+01
8.8155887983532338e+01
9.2935584930473851e+01
9.7843584418834624e+01
1.0287320664376536e+02
1.0801692402645918e+02
1.1326635889759272e+02
1.1861228684044372e+02
1.2404464602604862e+02
1.2955255267927697e+02
1.3512432291248035e+02
1.4074750096643814e+02
1.4640889398347767e+02
1.5209461323867117e+02
1.5779012183005804e+02
1.6348028862981951e+02
1.6914944836624969e+02
1.7478146750976848e+02
1.8035981570034653e+02
1.8586764226234536e+02
1.9128785741664780e+02
1.9660321761680433e+02
2.0179641450310615e+02
2.0685016679653020e+02
2.1174731452840666e+02
2.1647091484362454e+02
2.2100433869886618e+02
2.2533136763558699e+02
2.2943628990340821e+02
2.3330399508581192e+02
2.3692006649005651e+02
2.4027087045843840e+02
2.4334364188310337e+02
2.4612656512094483e+02
2.4860884964531593e+02
2.5078079970397849e+02
2.5263387740714452e+02
2.5416075861886077e+02
2.5535538119189670e+02
2.5621298504988988e+02
2.5673014379732240e+02
2.5690478751247031e+02
2.5673621656197787e+02
2.5622510625748055e+02
2.5537350236120693e+02
2.5418480743235372e+02
2.5266375819159515e+02
2.5081639406480767e+02
2.4865001724779123e+02
2.4617314461222341e+02
2.4339545194521116e+02
2.4032771098424340e+02
2.3698171986965122e+02
2.3337022759390211e+02
2.2950685317292911e+02
2.2540600020722880e+02
2.2108276763008587e+02
2.1655285736651101e+02
2.1183247973891753e+02
2.0693825736477513e+02
2.0188712838672299e+02
1.9669624976802743e+02
1.9138290146519719e+02
1.8596439216623793e+02
1.8045796734733750e+02
1.7488072026353578e+02
1.6924950654102227e+02
1.6358086288999874e+02
1.5789093049983393e+02
1.5219538352094301e+02
1.4650936307457496e+02
1.4084741706892390e+02
1.3522344613409982e+02
1.2965065582340932e+02
1.2414151526324402e+02
1.1870772226947614e+02
1.1336017498696995e+02
1.0810894994779942e+02
1.0296328648907976e+02
9.7931577315932373e+01
9.3021365049285819e+01
8.8239344450147797e+01
8.3591370076728182e+01
7.9082468991135215e+01
7.4716858208759746e+01
7.0497966452688331e+01
6.6428459864016048e+01
6.2510271196916989e+01
5.8744632127931453e+01
5.5132108195015377e+01
5.1672635994025164e+01
4.8365562153370334e+01
4.5209683730292980e+01
4.2203289570782445e+01
3.9344202307246576e+01
3.6629820570372573e+01
3.4057161131732045e+01
3.1622900597888282e+01
2.9323416423465822e+01
2.7154826914828142e+01
2.5113030047910932e+01
2.3193740826076098e+01
2.1392527059701251e+01
1.9704843347950003e+01
1.8126063201921554e+01
1.6651509141980323e+01
1.5276480762936902e+01
1.3996280647899875e+01
1.2806238174104509e+01
1.1701731133623252e+01
1.0678205255759469e+01
9.7311915891049257e+00
8.8563218666369750e+00
8.0493418393219063e+00
7.3061227309473038e+00
6.6226708194145436e+00
5.9951353194501307e+00
5.4198145842518164e+00
4.8931608166151070e+00
4.4117833124028394e+00
3.9724504365683937e+00
3.5720903537586963e+00
3.2077907183613887e+00
2.8767973398896953e+00
2.5765120292290886e+00
2.3044896311554455e+00
2.0584344463684161e+00
1.8361960345504824e+00
1.6357645975106982e+00
1.4552659174831293e+00
1.2929560445210593e+00
1.1472156898451269e+00
1.0165445139165623e+00
8.9955524674675680e-01
7.9496782476259498e-01
7.0160346174311461e-01
6.1837883506984415e-01
5.4430028449199397e-01
4.7845820349142687e-01
4.2002149998522259e-01
3.6823230766874532e-01
3.2240080413758337e-01
2.8190032106611246e-01
2.4616258171192404e-01
2.1467325809276722e-01
1.8696766169036561e-01
1.6262677051762833e-01
1.4127338402149708e-01
1.2256862293131023e-01
1.0620854160573819e-01
9.1921088480544380e-02
7.9463155986285700e-02
6.8617978815540090e-02
5.9192592538746612e-02
5.1015640288109558e-02
4.3935205776631778e-02
3.7816995854561400e-02
3.2542511275144521e-02
2.8007572508825958e-02
2.4120791850029091e-02
2.0802412593378006e-02
1.7983048614582688e-02
1.5602812453490423e-02
1.3610293166081288e-02
1.1961957255432143e-02
1.0621342447902807e-02
9.5587274541874320e-03
8.7505287152038827e-03
8.1792520519771011e-03
7.8330920553868807e-03
7.7062033055600712e-03
7.7985190146938801e-03
8.1164161068490014e-03
8.6727922352087608e-03
9.4882556045253110e-03
1.0591528141290085e-02
1.2021382818313910e-02
1.3827471850473593e-02
1.6073394089567601e-02
1.8838059074204428e-02
2.2220576483079419e-02
2.6342169949599665e-02
3.1354234636769777e-02
3.7440967305659552e-02
4.4823594532313785e-02
