-5.7151220717952871e-14
-1.1428291991785928e-13
-1.7954224236332295e-13
-2.5275636431192585e-13
-3.3508963302068610e-13
-3.6346546840313256e-13
-4.2390046020993705e-13
-4.8694886802045963e-13
-5.2140829635775233e-13
-5.5675119344967518e-13
-6.2201233682472126e-13
-7.1779647136286697e-13
-8.1288469625343976e-13
-8.7754834810359382e-13
-9.7089891649370233e-13
-1.0645080569708491e-12
-1.1217122794626458e-12
-1.1956099694684550e-12
-1.3054540838111101e-12
-1.4135011187309197e-12
-1.5205844044306951e-12
-1.5901464659803851e-12
-1.7169974989392158e-12
-1.8053583467244158e-12
-1.8630906185896239e-12
-1.9123301436441646e-12
-1.9556732313448224e-12
-2.0258577073687954e-12
-2.0854080692630903e-12
-2.0981924732104034e-12
-2.1114485893883946e-12
-2.1146890635739777e-12
-2.0692611521808397e-12
-2.0239840596109961e-12
-1.9642102325029206e-12
-1.8653733589959281e-12
-1.7583435549685585e-12
-1.6193874979946517e-12
-1.5129627124246327e-12
-1.3496899570293973e-12
-1.1244157189157073e-12
-8.8466963537318738e-13
-6.6660714432772547e-13
-4.5972841815848377e-13
-2.6791654428009066e-13
-4.6161739595189297e-14
1.3530304908795485e-13
3.4483267628962005e-13
5.6656258955565584e-13
7.7832389154227997e-13
9.9900726602621929e-13
1.2305767002366650e-12
1.4935425790070052e-12
1.7866681875365158e-12
2.0558626410754619e-12
2.3699285248636712e-12
2.7348098028714129e-12
3.1132994235815187e-12
3.4858992740104891e-12
3.8572938515631672e-12
4.2207269180800636e-12
4.6116507063535416e-12
5.0018303506014497e-12
5.4172820512799486e-12
5.8261357239206775e-12
6.2556058106514265e-12
6.6929362376853464e-12
7.1844790523699471e-12
7.6740127015568111e-12
8.1608757457387038e-12
8.6156043618787278e-12
9.1352368533745628e-12
9.6689333392631104e-12
1.0239313163105737e-11
1.0822545651931742e-11
1.1428625635941994e-11
1.2024212227776413e-11
1.2595400485286987e-11
1.3148004181507301e-11
1.3713131027985292e-11
1.4250316020979936e-11
1.4797198032389987e-11
1.5360420147490060e-11
1.5941033961152187e-11
1.6517959461488735e-11
1.7076062105702873e-11
1.7625220197070706e-11
1.8209345666868545e-11
1.8773744752783180e-11
1.9323356670953317e-11
1.9880598971167508e-11
2.0427840969449239e-11
2.0941182199151275e-11
2.1427797713265543e-11
2.1914531698797535e-11
2.2399933125281233e-11
2.2845805841512702e-11
2.3272293412152766e-11
2.3704382830510023e-11
2.4143580879205642e-11
2.4530517136783400e-11
2.4864084077575713e-11
2.5167671629737051e-11
2.5476614374898024e-11
2.5701978450024330e-11
2.5923740305595034e-11
2.6132714806355479e-11
2.6302698898463873e-11
2.6424972363027675e-11
2.6476218691278524e-11
2.6528186819166545e-11
2.6543647248162809e-11
2.6459919554707988e-11
2.6356419819567492e-11
2.6235006176429324e-11
2.6063466088830608e-11
2.5834222794232604e-11
2.5549601755665799e-11
2.5258098437811992e-11
2.4963707573390293e-11
2.4566058461656009e-11
2.4151119913569706e-11
2.3733059653087570e-11
2.3275055487019631e-11
2.2771169319921061e-11
2.2209674263082195e-11
2.1679174844948143e-11
2.1136131424598533e-11
2.0560449419286216e-11
1.9983959679247609e-11
1.9417088977474608e-11
1.8824472659973618e-11
1.8222715813768670e-11
1.7575619745478174e-11
1.6995869029388085e-11
1.6392186532986525e-11
1.5774561461549657e-11
1.5170278681146951e-11
1.4599961190927073e-11
1.4041686022528934e-11
1.3484132151596894e-11
1.2935797162776557e-11
1.2451101272646252e-11
1.1966168793490527e-11
1.1482231801214446e-11
1.1010002221156182e-11
1.0558605814368455e-11
1.0080613065576254e-11
9.6036145022164970e-12
9.1074067684722020e-12
8.6959194181417070e-12
8.2661909030552312e-12
7.8245489941417010e-12
7.3914404788001002e-12
6.9926819116782905e-12
6.6096826249877519e-12
6.2231511010258441e-12
5.8266520694846864e-12
5.4723242959243502e-12
5.1422523656586340e-12
4.8183106241404001e-12
4.4942291713474748e-12
4.1846738899022892e-12
3.8716186028350969e-12
3.5525668467706423e-12
3.2512745012320988e-12
3.0168560027651394e-12
2.7541110005377668e-12
2.5108013223893999e-12
2.2393586289816544e-12
1.9888230082105706e-12
1.7554989412477065e-12
1.5355024373541224e-12
1.3170549490390463e-12
1.1293061546829136e-12
9.4122524004129685e-13
7.9373888107572820e-13
6.6467407399731004e-13
5.4452327361479030e-13
4.6364166827215515e-13
3.7154660980805382e-13
2.6700033631856981e-13
2.0949626513143713e-13
1.1165831150882035e-13
5.0394521573123490e-14
-3.9869004647507167e-14
-7.9266254463376850e-14
-7.7314426969430547e-14
-4.0768134146584027e-14
9.0224142315211966e-15
5.8041049871314684e-14
1.0389480278398786e-13
1.8569387043703920e-13
2.5967457241704186e-13
3.2728652844209773e-13
3.7806647011214943e-13
4.5517904968639216e-13
5.2959324577735791e-13
6.1445075607794543e-13
6.6478033354548033e-13
7.0075400489012881e-13
7.0240401876170999e-13
7.0267511386878045e-13
7.1153949004057279e-13
7.3826737084446588e-13
7.5480995164836534e-13
7.6697083642964605e-13
7.7742823863466455e-13
7.8835110002199268e-13
8.0184164239934955e-13
8.2452361958797331e-13
8.6452951116804895e-13
9.1501128514392818e-13
9.7505097679194051e-13
1.0261576860752741e-12
1.0341782905823274e-12
1.0508641177951890e-12
1.0740545115707644e-12
1.0552635777239356e-12
1.0619171218085255e-12
1.0985258559249101e-12
1.1332886551399738e-12
1.1292239418376454e-12
1.0990555583634665e-12
1.0578450750484744e-12
1.0362746311808382e-12
9.8136166821275258e-13
8.8399834772116671e-13
8.3370729320834770e-13
7.8691801487689491e-13
7.2622690479463989e-13
6.3197279218636690e-13
5.2885321878450354e-13
4.3102268210921084e-13
3.3287777432577931e-13
2.5432359332531619e-13
2.1408682083558802e-13
2.0487547381332888e-13
1.8888756880321093e-13
1.6687996912972899e-13
1.7625006607310242e-13
1.8523756273399132e-13
1.7960902210630896e-13
1.5927923464586226e-13
1.6287969863106843e-13
1.9094824693873520e-13
1.9098617755198794e-13
1.7580316474066534e-13
1.6752267897426345e-13
1.8269496581584539e-13
1.5062408281611134e-13
1.1419691849735347e-13
9.3998064968701273e-14
8.3667498614805001e-14
4.4112795310805986e-14
-7.8894302316800340e-15
