-8.3840670954792480e-03
-9.0334040851960153e-03
-9.8628850832429161e-03
-1.0897561454100558e-02
-1.2159329356989100e-02
-1.3677918157897893e-02
-1.5484516759831963e-02
-1.7624076994171536e-02
-2.0146886282184858e-02
-2.3102869470361533e-02
-2.6550116386532104e-02
-3.0560862869618486e-02
-3.5211942058152042e-02
-4.0592229263044698e-02
-4.6808789313090002e-02
-5.3986470087792747e-02
-6.2265485760370186e-02
-7.1797306716215259e-02
-8.2747918615332053e-02
-9.5313644352851210e-02
-1.0971502136806617e-01
-1.2619757466911879e-01
-1.4504281753385634e-01
-1.6656438642355545e-01
-1.9110720398659722e-01
-2.1905416534227276e-01
-2.5083639924160372e-01
-2.8693717089957199e-01
-3.2788385228829747e-01
-3.7425565148762907e-01
-4.2669326611329872e-01
-4.8590536059522332e-01
-5.5267201879884342e-01
-6.2784369132072015e-01
-7.1235030350913764e-01
-8.0720994173636018e-01
-9.1354133288543193e-01
-1.0325682504890561e+00
-1.1656134248519288e+00
-1.3141099368347526e+00
-1.4796073591005123e+00
-1.6637824880328957e+00
-1.8684445172604680e+00
-2.0955348004983430e+00
-2.3471352343200169e+00
-2.6254803935164794e+00
-2.9329573352920755e+00
-3.2721000195398555e+00
-3.6456000808413407e+00
-4.0563157514003727e+00
-4.5072655154312065e+00
-5.0016288616553535e+00
-5.5427517132761652e+00
-6.1341468736767082e+00
-6.7794849190320168e+00
-7.4825869105936009e+00
-8.2474300006893948e+00
-9.0781413918750520e+00
-9.9789817486178425e+00
-1.0954333480476215e+01
-1.2008688462843757e+01
-1.3146639527824739e+01
-1.4372862876462456e+01
-1.5692094864867974e+01
-1.7109109712763257e+01
-1.8628687671264878e+01
-2.0255598700786223e+01
-2.1994581077978665e+01
-2.3850304891825598e+01
-2.5827336486098496e+01
-2.7930107844901144e+01
-3.0162886009028728e+01
-3.2529731035504504e+01
-3.5034453438608487e+01
-3.7680565569007896e+01
-4.0471245506337887e+01
-4.3409304027851405e+01
-4.6497132978413333e+01
-4.9736664165517020e+01
-5.3129325207761923e+01
-5.6675987241944384e+01
-6.0376928750505463e+01
-6.4231794452831878e+01
-6.8239556948200530e+01
-7.2398488252394600e+01
-7.6706118384644682e+01
-8.1159195452857915e+01
-8.5753666653214893e+01
-9.0484646954069916e+01
-9.5346403439077790e+01
-1.0033234762285582e+02
-1.0543502297804278e+02
-1.1064609671077127e+02
-1.1595635697802223e+02
-1.2135572929505746e+02
-1.2683329912437776e+02
-1.3237732508833918e+02
-1.3797526551322440e+02
-1.4361381184289164e+02
-1.4927893772133461e+02
-1.5495594625051598e+02
-1.6062952105462091e+02
-1.6628378247680445e+02
-1.7190235354784517e+02
-1.7746844675577773e+02
-1.8296494059530710e+02
-1.8837445994590104e+02
-1.9367946572093257e+02
-1.9886233969809120e+02
-2.0390548511277035e+02
-2.0879142718117859e+02
-2.1350290663067244e+02
-2.1802298474187540e+02
-2.2233515152865246e+02
-2.2642341685639877e+02
-2.3027240459749299e+02
-2.3386745124997302e+02
-2.3719470170720868e+02
-2.4024120183032394e+02
-2.4299497610080675e+02
-2.4544510729056947e+02
-2.4758181002080633e+02
-2.4939648606873260e+02
-2.5088178831905856e+02
-2.5203167978015384e+02
-2.5284146519426275e+02
-2.5330782898931798e+02
-2.5342885892848801e+02
-2.5320405102968965e+02
-2.5263431428888552e+02
-2.5172196999877082e+02
-2.5047073524276959e+02
-2.4888568508423776e+02
-2.4697322461362504e+02
-2.4474105243506955e+02
-2.4219810109627846e+02
-2.3935448549776464e+02
-2.3622143707540374e+02
-2.3281122337117921e+02
-2.2913707003162935e+02
-2.2521307555509699e+02
-2.2105411254581182e+02
-2.1667574134422409e+02
-2.1209412028162811e+02
-2.0732590349602654e+02
-2.0238813791797907e+02
-1.9729815908446409e+02
-1.9207349533769718e+02
-1.8673177111750778e+02
-1.8129060310298942e+02
-1.7576751173477885e+02
-1.7017983565478750e+02
-1.6454463276348238e+02
-1.5887859790069672e+02
-1.5319798601139732e+02
-1.4751853875924218e+02
-1.4185542721663748e+02
-1.3622318884680502e+02
-1.3063567017096344e+02
-1.2510597631597891e+02
-1.1964643233132863e+02
-1.1426856306102160e+02
-1.0898306155497706e+02
-1.0379976505889741e+02
-9.8727639742670561e+01
-9.3774778439170063e+01
-8.8948403538570716e+01
-8.4254867175918079e+01
-7.9699657739809140e+01
-7.5287413174982262e+01
-7.1021953936969908e+01
-6.6906309444633663e+01
-6.2942737375206043e+01
-5.9132762675574092e+01
-5.5477206760476911e+01
-5.1976222065212241e+01
-4.8629339283782514e+01
-4.5435507841930750e+01
-4.2393141253264929e+01
-3.9500166433951307e+01
-3.6754054963188075e+01
-3.4151866298000449e+01
-3.1690297475506480e+01
-2.9365720191555489e+01
-2.7174231075427407e+01
-2.5111694466198401e+01
-2.3173776084144556e+01
-2.1355978215904262e+01
-1.9653671807060139e+01
-1.8062141062384992e+01
-1.6576619421182048e+01
-1.5192309828450432e+01
-1.3904410558229891e+01
-1.2708144814797636e+01
-1.1598787159433895e+01
-1.0571678836453595e+01
-9.6222448654216848e+00
-8.7460069788577002e+00
-7.9385965708313115e+00
-7.1957797860637935e+00
-6.5134660765045806e+00
-5.8877121884673702e+00
-5.3147262074392732e+00
-4.7908734470261214e+00
-4.3126862278538995e+00
-3.8768622803998416e+00
-3.4802597216407305e+00
-3.1198998531608266e+00
-2.7929762742525694e+00
-2.4968458656246275e+00
-2.2290179895589715e+00
-1.9871580504301731e+00
-1.7690852033557756e+00
-1.5727613582215443e+00
-1.3962847040901314e+00
-1.2378893557891293e+00
-1.0959432642656370e+00
-9.6893080065529380e-01
-8.5544747267962373e-01
-7.5420198337245259e-01
-6.6400943843466087e-01
-5.8378608504534257e-01
-5.1253774763254767e-01
-4.4935158859085111e-01
-3.9339653077402670e-01
-3.4391890923728513e-01
-3.0024217674891368e-01
-2.6175019485773177e-01
-2.2787899659274255e-01
-1.9811869371382934e-01
-1.7201069894730450e-01
-1.4914541915936580e-01
-1.2915117674804086e-01
-1.1169183286514879e-01
-9.6468427065050544e-02
-8.3221134704527008e-02
-7.1717465707625827e-02
-6.1742655824677958e-02
-5.3108310217553897e-02
-4.5648434711675331e-02
-3.9210975699372201e-02
-3.3666696575118608e-02
-2.8905885112628871e-02
-2.4834302599045139e-02
-2.1366190168283426e-02
-1.8420560391702277e-02
-1.5928792767812266e-02
-1.3840354484146311e-02
-1.2107937151760902e-02
-1.0694272587400045e-02
-9.5732005983088248e-03
-8.7272380419950377e-03
-8.1401314637694674e-03
-7.8081831210019843e-03
-7.7336126321755939e-03
-7.9316658080565029e-03
