5.3749068161814920e-02
6.3836434076701878e-02
7.5250341641713819e-02
8.8192345560421298e-02
1.0288960907734636e-01
1.1959574370580249e-01
1.3859012534293325e-01
1.6018387826837005e-01
1.8472107639886423e-01
2.1258380141534464e-01
2.4419461832716671e-01
2.8002144704846799e-01
3.2058089263897854e-01
3.6644323875642915e-01
4.1823645182241226e-01
4.7665142557873380e-01
5.4244655288606436e-01
6.1645326138763590e-01
6.9958106131413189e-01
7.9282335289477113e-01
8.9726284675501911e-01
1.0140775739300725e+00
1.1445465492225559e+00
1.2900558668809798e+00
1.4521044418580811e+00
1.6323100256427694e+00
1.8324148187006173e+00
2.0542911910392800e+00
2.2999469135711039e+00
2.5715303174928130e+00
2.8713348452580241e+00
3.2018033334177787e+00
3.5655315380033339e+00
3.9652711794983158e+00
4.4039320557828159e+00
4.8845834483922186e+00
5.4104544022453753e+00
5.9849330627696400e+00
6.6115646792388496e+00
7.2940484265251158e+00
8.0362326820000085e+00
8.8421088875574299e+00
9.7158036626679767e+00
1.0661569285743859e+01
1.1683772241804574e+01
1.2786879950670762e+01
1.3975445409962902e+01
1.5254089873761156e+01
1.6627483342605380e+01
1.8100323001851489e+01
1.9677309431049217e+01
2.1363120746609670e+01
2.3162384552971492e+01
2.5079647898054517e+01
2.7119345165756741e+01
2.9285764141799181e+01
3.1583010247108049e+01
3.4014969220794505e+01
3.6585268310567145e+01
3.9297236301391258e+01
4.2153862503883722e+01
4.5157755082320897e+01
4.8311098904748178e+01
5.1615613341380389e+01
5.5072510249115282e+01
5.8682452608600755e+01
6.2445514098125052e+01
6.6361140101563961e+01
7.0428110468970445e+01
7.4644504545072792e+01
7.9007668803395390e+01
8.3514187603546688e+01
8.8159857410674888e+01
9.2939664978703931e+01
9.7847769817769816e+01
1.0287749141161919e+02
1.0802130146575645e+02
1.1327082159556581e+02
1.1861682667433881e+02
1.2404925417354508e+02
1.2955721963417483e+02
1.3512903850577598e+02
1.4075225439285532e+02
1.4641367383347799e+02
1.5209940753591081e+02
1.5779491807421124e+02
1.6348507384462718e+02
1.6915420915260381e+02
1.7478619010358145e+02
1.8036448603490592e+02
1.8587224603479532e+02
1.9129238015819459e+02
1.9660764476618706e+02
2.0180073148283734e+02
2.0685435909136140e+02
2.1175136776544687e+02
2.1647481487350061e+02
2.2100807167729550e+02
2.2533492010470869e+02
2.2943964887221225e+02
2.3330714810899426e+02
2.3692300174463588e+02
2.4027357681747432e+02
2.4334610898587573e+02
2.4612878343897364e+02
2.4861081054363649e+02
2.5078249549711737e+02
2.5263530140929200e+02
2.5416190518777836e+02
2.5535624576615942e+02
2.5621356417911653e+02
2.5673043516511530e+02
2.5690478995185009e+02
2.5673593006317009e+02
2.5622453196798062e+02
2.5537264257812419e+02
2.5418366558710355e+02
2.5266233882708522e+02
2.5081470280532750e+02
2.4864806076188711e+02
2.4617093056889831e+02
2.4339298896385594e+02
2.4032500857875326e+02
2.3697878838723676e+02
2.3336707814914368e+02
2.2950349757766324e+02
2.2540245089688381e+02
2.2107903758710955e+02
2.1654896004154662e+02
2.1182842897039691e+02
2.0693406729759593e+02
2.0188281339067581e+02
1.9669182435662191e+02
1.9137838021552244e+02
1.8595978964046236e+02
1.8045329801642791e+02
1.7487599843373403e+02
1.6924474628358249e+02
1.6357607797463774e+02
1.5788613433230540e+02
1.5219058908508850e+02
1.4650458287915774e+02
1.4084266309949228e+02
1.3521872981007587e+02
1.2964598796053929e+02
1.2413690604149663e+02
1.1870318120641817e+02
1.1335571091660016e+02
1.0810457100476945e+02
1.0295900009818887e+02
9.7927390186734570e+01
9.3017283175614452e+01
8.8235373114321519e+01
8.3587513858176550e+01
7.9078731779149663e+01
7.4713243219058242e+01
7.0494476247459517e+01
6.6425096375099116e+01
6.2507035751759204e+01
5.8741525477965901e+01
5.5129130546094608e+01
5.1669787038553963e+01
4.8362841103783026e+01
4.5207089353534009e+01
4.2200820223457427e+01
3.9341855971130244e+01
3.6627594887973061e+01
3.4055053441635025e+01
3.1620907969620347e+01
2.9321535691643376e+01
2.7153054712376754e+01
2.5111362838167871e+01
2.3192174933607969e+01
2.1391058699698068e+01
1.9703468654073799e+01
1.8124778252517466e+01
1.6650309984573834e+01
1.5275363436967949e+01
1.3995241205658406e+01
1.2805272699857683e+01
1.1700835760934099e+01
1.0677376183020572e+01
9.7304250933176455e+00
8.8556143154861289e+00
8.0486897016001056e+00
7.3055225854005537e+00
6.6221193620802277e+00
5.9946293695735982e+00
5.4193510888642598e+00
4.8927368538684037e+00
4.4113960937496470e+00
3.9720973078870454e+00
3.5717687955128961e+00
3.2074983448934429e+00
2.8765318979349588e+00
2.5762713957465309e+00
2.3042718105559254e+00
2.0582375672292028e+00
1.8360183458899380e+00
1.6356044647030428e+00
1.4551218178776277e+00
1.2928265628361171e+00
1.1470995133914641e+00
1.0164404277104055e+00
8.9946212855566843e-01
7.9488464013615356e-01
7.0152925906032326e-01
6.1831274064619335e-01
5.4424149776834352e-01
4.7840599233930931e-01
4.1997519614199713e-01
3.6819130232960451e-01
3.2236454370986367e-01
2.8186830310722066e-01
2.4613435104911888e-01
2.1464840314135294e-01
1.8694581096230597e-01
1.6260758933396816e-01
1.4125657141583395e-01
1.2255390875439519e-01
1.0619568381517461e-01
9.1909870624483289e-02
7.9453384860513093e-02
6.8609482304297753e-02
5.9185217614577880e-02
5.1009251181992010e-02
4.3929682291810296e-02
3.7812231836816500e-02
3.2538413210296921e-02
2.8004058262888574e-02
2.4117789520932291e-02
2.0799859493472978e-02
1.7980890349289944e-02
1.5601002121326561e-02
1.3608790641830364e-02
1.1960728588738876e-02
1.0620359333501105e-02
9.5579668168593469e-03
8.7499723590967714e-03
8.1788864286247449e-03
7.8329080934484360e-03
7.7061963729288850e-03
7.7986889445947859e-03
8.1167673816737000e-03
8.6733342447764070e-03
9.4890031053832969e-03
1.0592501810269496e-02
1.2022610078738644e-02
1.3828987823517875e-02
1.6075242935336853e-02
1.8840295499745870e-02
2.2223267837408110e-02
2.6345398521135502e-02
3.1358100891754906e-02
3.7445593371183465e-02
4.4829128094286429e-02
