5.6914188584160792e+00
6.4326020696880013e+00
7.2108875280026909e+00
8.0338478672213327e+00
8.9031084102853644e+00
9.8228626642859513e+00
1.0795508186158601e+01
1.1824306678598312e+01
1.2911201347497659e+01
1.4058896498469394e+01
1.5269522750838293e+01
1.6545277106013600e+01
1.7887839424356542e+01
1.9298946785027230e+01
2.0779752637574131e+01
2.2331039125389712e+01
2.3953220242228465e+01
2.5646568242714419e+01
2.7410952820316464e+01
2.9246334370756436e+01
3.1151890323665725e+01
3.3126231233059734e+01
3.5167574822295499e+01
3.7273626840410145e+01
3.9441454847454416e+01
4.1667809234908205e+01
4.3949254599117779e+01
4.6282013204707333e+01
4.8661634188729714e+01
5.1083072025258886e+01
5.3540430439417079e+01
5.6027545647825505e+01
5.8537930569310575e+01
6.1064458996868019e+01
6.3599571064851588e+01
6.6135469635108734e+01
6.8663686353162859e+01
7.1175080139117867e+01
7.3659859684462390e+01
7.6107943456673681e+01
7.8509225828998495e+01
8.0853465591616214e+01
8.3129965630835500e+01
8.5327844948988130e+01
8.7436196934971449e+01
8.9443979741730402e+01
9.1339849788368142e+01
9.3112621776244239e+01
9.4751199401435414e+01
9.6244597061015469e+01
9.7582161858794635e+01
9.8753319947537236e+01
9.9747892809955388e+01
1.0055651619709118e+02
1.0117003048764224e+02
1.0157969258966378e+02
1.0177752304993375e+02
1.0175618477129143e+02
1.0150901348073711e+02
1.0103028593698576e+02
1.0031534349331611e+02
9.9360380365630135e+01
9.8162227437123661e+01
9.6718476966660418e+01
9.5027637098437282e+01
9.3089517894962242e+01
9.0905238587878344e+01
8.8476860527742261e+01
8.5807859524230395e+01
8.2902892475030015e+01
7.9767531976678640e+01
7.6408530738370914e+01
7.2833612047469074e+01
6.9051691801155144e+01
6.5072894412220549e+01
6.0907961415184744e+01
5.6568478970595429e+01
5.2067288901735246e+01
4.7418034087003434e+01
4.2635078657645899e+01
3.7733706122840147e+01
3.2729760236877603e+01
2.7639529222107551e+01
2.2479613512777320e+01
1.7267226456729706e+01
1.2020207399788569e+01
6.7565359009845212e+00
1.4941293344306845e+00
-3.7492600914647984e+00
-8.9558266490756644e+00
-1.4107986844349250e+01
-1.9188457304997666e+01
-2.4180111853236244e+01
-2.9066301433083101e+01
-3.3831109782197764e+01
-3.8459120706262560e+01
-4.2935566408092185e+01
-4.7246286936341576e+01
-5.1377794731517554e+01
-5.5317838819051751e+01
-5.9055227372752668e+01
-6.2579564502643976e+01
-6.5881698259672177e+01
-6.8953446313141214e+01
-7.1787670941918563e+01
-7.4378567885778537e+01
-7.6721547396522837e+01
-7.8813384051407255e+01
-8.0652040270846683e+01
-8.2236174293809000e+01
-8.3565793387615756e+01
-8.4642262300133268e+01
-8.5467846795884668e+01
-8.6045855501581542e+01
-8.6380681533124189e+01
-8.6477488113854747e+01
-8.6342428516465191e+01
-8.5982519502596162e+01
-8.5405802912809847e+01
-8.4621184096861597e+01
-8.3637751316791011e+01
-8.2465092219587433e+01
-8.1113686433335218e+01
-7.9594367604116158e+01
-7.7918340438166993e+01
-7.6097236851259353e+01
-7.4142939834401531e+01
-7.2067480658286073e+01
-6.9883100286353212e+01
-6.7602220320106056e+01
-6.5237499574996193e+01
-6.2801060542234616e+01
-6.0304569252174929e+01
-5.7759769961233346e+01
-5.5178153586287955e+01
-5.2570737687216273e+01
-4.9948275846986739e+01
-4.7321089188136284e+01
-4.4699044126699413e+01
-4.2091543588023256e+01
-3.9507605718428415e+01
-3.6955861003745682e+01
-3.4444104903339991e+01
-3.1979078398628960e+01
-2.9567245684092384e+01
-2.7214648651871396e+01
-2.4926637266701395e+01
-2.2708076040928969e+01
-2.0563312947824144e+01
-1.8496121304612419e+01
-1.6509844153138648e+01
-1.4607301143421209e+01
-1.2790812717942421e+01
-1.1061849177226067e+01
-9.4209602573175726e+00
-7.8683134136307373e+00
-6.4039712058991967e+00
-5.0274604069491575e+00
-3.7380576774897758e+00
-2.5347042330352587e+00
-1.4160361716467538e+00
-3.8055916425515640e-01
5.7336455350915860e-01
1.4478274216255800e+00
2.2454080649133235e+00
2.9690884890674942e+00
3.6218707045432392e+00
4.2067176863919826e+00
4.7266161895340399e+00
5.1845474178773872e+00
5.5834979815580708e+00
5.9265821665554883e+00
6.2168019661345406e+00
6.4570095749535845e+00
6.6503384776239676e+00
6.8001892766803831e+00
6.9097227389240876e+00
6.9818397289411758e+00
7.0195221781009298e+00
7.0257446049651353e+00
7.0032138216854634e+00
6.9545131971750198e+00
6.8821817819013873e+00
6.7886132309478651e+00
6.6760958882196046e+00
6.5469138967196976e+00
6.4033322547199480e+00
6.2470941219227978e+00
6.0796922283131156e+00
5.9028184953984031e+00
5.7183220373292150e+00
5.5279301985638281e+00
5.3331790227853153e+00
5.1354701269643774e+00
4.9359976366566620e+00
4.7360580193801001e+00
4.5368914931781159e+00
4.3392868425098943e+00
4.1438555921748197e+00
3.9513084729336012e+00
3.7623321306931854e+00
3.5773985762945015e+00
3.3969206051240053e+00
3.2214051540573223e+00
3.0511640574235752e+00
2.8864166825211295e+00
2.7273120524729935e+00
2.5739092089773186e+00
2.4260581849270655e+00
2.2838564861228141e+00
2.1476853038595034e+00
2.0177443586116635e+00
1.8939926240884217e+00
1.7762871564274951e+00
1.6645295916660090e+00
1.5587321019769489e+00
1.4589371134368476e+00
1.3651692157564397e+00
1.2771026457076491e+00
1.1946934935352282e+00
1.1179935036714681e+00
1.0467486633777803e+00
9.8066036397093015e-01
9.1975752939650046e-01
8.6430326651709177e-01
8.1447668003568696e-01
7.7026537561077535e-01
7.3177344042956671e-01
6.9904982244680558e-01
6.7249655853095092e-01
6.5255850593034881e-01
6.3941251887003714e-01
6.3318930323417222e-01
6.3423412157169479e-01
6.4278655104505800e-01
6.5903849271444170e-01
6.8328672551357095e-01
7.1630269391118395e-01
7.5888400810839629e-01
8.1210377398361366e-01
8.7708328059700513e-01
9.5504083807813700e-01
1.0474355489160851e+00
1.1564603528723620e+00
1.2843204230395999e+00
1.4337192228669524e+00
1.6074947758114173e+00
1.8091936054055704e+00
2.0421888040283460e+00
2.3108224129706865e+00
2.6195290260952371e+00
2.9742350365628556e+00
3.3807637132808028e+00
3.8478505346035030e+00
4.3820686806285272e+00
4.9977612524602328e+00
