2.2740446661667135e-01
2.6893979602454876e-01
3.1525037519946109e-01
3.6724951718672549e-01
4.2561767971352743e-01
4.9123543241402895e-01
5.6496877528610290e-01
6.4781811778862508e-01
7.4083213113758128e-01
8.4517772783425027e-01
9.6209384992693003e-01
1.0929382092876987e+00
1.2391600986920881e+00
1.4023366444091383e+00
1.5841499199014866e+00
1.7864161412580810e+00
2.0110658799036272e+00
2.2601609652616852e+00
2.5358884159502990e+00
2.8405741711677726e+00
3.1766718571248522e+00
3.5467767893061994e+00
3.9536146275079482e+00
4.4000440014347930e+00
4.8890522866515393e+00
5.4237503481043463e+00
6.0073564313992742e+00
6.6431982528065650e+00
7.3346947722299074e+00
8.0853505111547452e+00
8.8987314194603560e+00
9.7784581900349554e+00
1.0728184623902214e+01
1.1751568290071965e+01
1.2852252528430705e+01
1.4033846563080090e+01
1.5299889918145110e+01
1.6653826334521391e+01
1.8098967921929553e+01
1.9638459561565416e+01
2.1275251366218040e+01
2.3012058639436010e+01
2.4851307137476969e+01
2.6795104817748999e+01
2.8845203445531023e+01
3.1002954050231885e+01
3.3269265935535941e+01
3.5644566419166196e+01
3.8128759226192095e+01
4.0721173768694698e+01
4.3420535362565197e+01
4.6224944127930755e+01
4.9131829360442190e+01
5.2137916905077134e+01
5.5239204731785726e+01
5.8430940437257284e+01
6.1707604806952141e+01
6.5062895498253809e+01
6.8489713213582718e+01
7.1980170917583379e+01
7.5525608752580951e+01
7.9116599753841513e+01
8.2742963405349087e+01
8.6393796691945639e+01
9.0057504121358718e+01
9.3721843085214502e+01
9.7373974115339138e+01
1.0100051723601075e+02
1.0458761423290441e+02
1.0812099341739662e+02
1.1158604656091420e+02
1.1496791799993392e+02
1.1825159144121572e+02
1.2142198412712679e+02
1.2446404827650063e+02
1.2736286856564190e+02
1.3010376161805473e+02
1.3267239589047153e+02
1.3505489095182514e+02
1.3723791786723768e+02
1.3920880856503979e+02
1.4095565794491964e+02
1.4246742247228792e+02
1.4373401465210355e+02
1.4474640112724413e+02
1.4549668588434324e+02
1.4597816650153689e+02
1.4618540858539200e+02
1.4611431173773821e+02
1.4576215561398845e+02
1.4512763725777936e+02
1.4421089750822392e+02
1.4301353880550951e+02
1.4153863131345793e+02
1.3979070148525528e+02
1.3777570580644070e+02
1.3550099501837323e+02
1.3297527872006091e+02
1.3020856828307819e+02
1.2721211243612933e+02
1.2399831940910036e+02
1.2058067042754493e+02
1.1697363486094760e+02
1.1319255943253287e+02
1.0925355276160103e+02
1.0517338471576026e+02
1.0096936428019491e+02
9.6659216147214920e+01
9.2260956724705835e+01
8.7792767149419419e+01
8.3272872995815348e+01
7.8719426247005771e+01
7.4150372379916092e+01
6.9583325677936486e+01
6.5035467498093780e+01
6.0523443744725789e+01
5.6063261579687229e+01
5.1670200812875414e+01
4.7358725207172625e+01
4.3142409908046218e+01
3.9033879370111116e+01
3.5044743566740415e+01
3.1185557166965335e+01
2.7465788941856445e+01
2.3893789098351036e+01
2.0476776009083704e+01
1.7220828527414309e+01
1.4130889629224622e+01
1.1210786566819424e+01
8.4632531759359644e+00
5.8899427975277341e+00
3.4914689142718873e+00
1.2674608448227804e+00
-7.8338795349356738e-01
-2.6632649322628952e+00
-4.3751764269873181e+00
-5.9228889311783721e+00
-7.3108554988034760e+00
-8.5441488953849394e+00
-9.6283961137344587e+00
-1.0569698342896125e+01
-1.1374560862588579e+01
-1.2049827683884844e+01
-1.2602609647134718e+01
-1.3040221208977158e+01
-1.3370111992038614e+01
-1.3599800300006548e+01
-1.3736821089194830e+01
-1.3788685032833962e+01
-1.3762818323970647e+01
-1.3666510287019889e+01
-1.3506874365339590e+01
-1.3290810317995451e+01
-1.3024972898215655e+01
-1.2715745343256057e+01
-1.2369205986945195e+01
-1.1991121385137076e+01
-1.1586933660925091e+01
-1.1161737562693208e+01
-1.0720276716059887e+01
-1.0266942290245840e+01
-9.8057718605681803e+00
-9.3404535672328102e+00
-8.8743265271639338e+00
-8.4103916793779323e+00
-7.9513240031548298e+00
-7.4994921429464227e+00
-7.0569651140850693e+00
-6.6255234248743715e+00
-6.2066753724331720e+00
-5.8016742096773406e+00
-5.4115359972352461e+00
-5.0370518999718517e+00
-4.6788021316165729e+00
-4.3371925105174656e+00
-4.0124681865212715e+00
-3.7047188214775941e+00
-3.4138973136922846e+00
-3.1398374168257939e+00
-2.8822688814167305e+00
-2.6408298207232357e+00
-2.4150858045887240e+00
-2.2045439442203820e+00
-2.0086517629349809e+00
-1.8268191947886090e+00
-1.6584308342641298e+00
-1.5028496765916868e+00
-1.3594256837498031e+00
-1.2275033939885134e+00
-1.1064237942020791e+00
-9.9553156569953827e-01
-8.9418010396137093e-01
-8.0173924810276054e-01
-7.1760196639450669e-01
-6.4118082114060782e-01
-5.7190870455539677e-01
-5.0924272239818191e-01
-4.5266294141505997e-01
-4.0167771352462378e-01
-3.5582835952355013e-01
-3.1468301054224757e-01
-2.7782522707314311e-01
-2.4486336603876527e-01
-2.1543596765576783e-01
-1.8920845685226026e-01
-1.6587255713961166e-01
-1.4514349966353099e-01
-1.2676081970004774e-01
-1.1049565840490266e-01
-9.6134471187102319e-02
-8.3471591376148555e-02
-7.2322220957669436e-02
-6.2521796128585022e-02
-5.3921365553034256e-02
-4.6387151342030863e-02
-3.9800002893476460e-02
-3.4052294219843585e-02
-2.9038251032301961e-02
-2.4670078999781297e-02
-2.0873857941936011e-02
-1.7578269644268920e-02
-1.4716867320218711e-02
-1.2230573924008238e-02
-1.0063310742461603e-02
-8.1684384790826053e-03
-6.5014027979120375e-03
-5.0188530007770280e-03
-3.6864993548005845e-03
-2.4748413043586049e-03
-1.3495144665933046e-03
-2.8096675605309964e-04
7.6249139308439112e-04
1.8082954838505581e-03
2.8898099276282526e-03
4.0375807728391059e-03
5.2856368918065694e-03
6.6711818743612674e-03
8.2348192317757175e-03
1.0014321523396950e-02
1.2059989059975322e-02
1.4423950834811577e-02
1.7174330244548133e-02
2.0387740928761711e-02
2.4164861362434037e-02
2.8616253185311684e-02
3.3887698392722092e-02
4.0133158505463062e-02
4.7554873394735631e-02
5.6376395298729683e-02
6.6894150748984485e-02
7.9433651474749178e-02
9.4430545738052929e-02
1.1234959273476743e-01
1.3384761854886668e-01
1.5956742903957521e-01
1.9063515763359448e-01
