8.6247997637765675e-13
9.2937980574217301e-13
1.5572266364505078e-12
-1.0240041291646089e-12
1.8690173107766452e-12
2.1718227527734012e-12
6.4672761043610263e-13
-3.8722873248841951e-13
1.3078278392182628e-12
-3.0508227698913122e-13
7.0940935296961125e-13
1.2680509041745069e-12
-1.5532537548359996e-12
-6.5090091594536437e-13
-2.0471916306909194e-12
-1.6568120138936289e-12
1.6278473750024148e-12
1.8425643035454434e-12
-2.2100296596783430e-12
-3.0161652830852904e-12
1.6825509815497870e-13
6.2089790975763868e-14
6.2445224796128092e-13
-2.7618492306918233e-12
1.1384928760015911e-12
-1.8539458678501545e-13
-1.1809174392077304e-12
8.5682384823804631e-13
-1.2372666130943583e-12
1.7095611138171992e-12
1.3962041734671619e-12
-1.7457032087073969e-13
2.1933447897259688e-12
-4.4373058787707839e-13
-5.0199268011768879e-13
-1.0685163184893998e-12
-7.5855611158883807e-13
-8.5692827134152583e-13
-1.8549464814827779e-12
-5.9276471112775602e-13
2.0638459934181301e-13
8.1295908227264437e-14
-4.5930109456743599e-13
-9.2062144562811135e-13
3.0537987651997998e-12
-5.4787488387277794e-13
-7.9536553727893146e-13
8.7568769215674347e-13
1.1305455234619587e-12
1.4068272226107645e-12
-2.6862525720009469e-12
2.1972609311846760e-13
-1.5793052965282797e-12
-1.0212445450542191e-12
2.2014548198038152e-13
1.6474921501020036e-12
-7.9462252520512165e-13
5.1441003148085280e-13
-1.7257522102100846e-12
-1.3708278369328066e-12
-5.8057246121738389e-13
-3.2814976459469145e-13
-5.2143458588085954e-13
7.5374067879762887e-13
1.2387117531304601e-12
-1.2152239497592775e-12
-1.3578840682789392e-12
1.0096147897797056e-12
3.2968466180407795e-13
-1.1640279549519437e-12
1.3802253151615659e-12
-1.3095264728033421e-12
-2.3067179663368879e-12
-1.0323238462718935e-12
-3.0735382001084879e-12
-5.2136775237923065e-12
-7.5520591768438433e-12
-1.2776607143452893e-11
-1.6120142012942504e-11
-2.3624307572967069e-11
-2.9888106680746921e-11
-4.7809761108038259e-11
-6.0536629159669088e-11
-8.5490402865751314e-11
-1.1722276821736208e-10
-1.6370696405074650e-10
-2.2413846566561464e-10
-3.1022279833850889e-10
-4.2244789095606588e-10
-5.7880637591184138e-10
-7.7765250100847665e-10
-1.0557829049516135e-09
-1.4130355100662923e-09
-1.8893091130073333e-09
-2.5084821738092779e-09
-3.3078684538757043e-09
-4.3396506326477656e-09
-5.6583669481476031e-09
-7.3174289719667098e-09
-9.3969837501828651e-09
-1.1956212794226037e-08
-1.5066156800598235e-08
-1.8779490987123729e-08
-2.3101211120903631e-08
-2.7984293548992250e-08
-3.3272340042026583e-08
-3.8619893047197946e-08
-4.3423593232653115e-08
-4.6663056979188560e-08
-4.6713828644297843e-08
-4.1070964711171152e-08
-2.5978884833882096e-08
4.1191628730323861e-09
5.7241703957111673e-08
1.4489211926780805e-07
2.8331256599947442e-07
4.9525069423793433e-07
8.1222762254580788e-07
1.2775954113215257e-06
1.9505342779752195e-06
2.9112354238801054e-06
4.2676517964977156e-06
6.1642252647396736e-06
8.7930612897082502e-06
1.2408243075238567e-05
1.7343988867667198e-05
2.4037636494855987e-05
3.3058556491390594e-05
4.5144388598110288e-05
6.1246114400721849e-05
8.2584014052195911e-05
1.1071663842161102e-04
1.4762545861233298e-04
1.9581823078527604e-04
2.5845452665176070e-04
3.3949741228772080e-04
4.4389572386300955e-04
5.7780187777275234e-04
7.4883070941754416e-04
9.6636525910517054e-04
1.2419157962996208e-03
1.5895387396501462e-03
2.0263221576352591e-03
2.5729445644001596e-03
3.2543132783653043e-03
4.1002878162435105e-03
5.1464926896324517e-03
6.4352219704589732e-03
8.0164355763946808e-03
9.9488436600888523e-03
1.2301071075372632e-02
1.5152888198509979e-02
1.8596487343158035e-02
2.2737775225089716e-02
2.7697641730888990e-02
3.3613152832507563e-02
4.0638601052801301e-02
4.8946330353401395e-02
5.8727233441120068e-02
7.0190798219938663e-02
8.3564556667334727e-02
9.9092763830790256e-02
1.1703410704969443e-01
1.3765821646792722e-01
1.6124071785402316e-01
1.8805653816603349e-01
2.1837114446939307e-01
2.5242936825164425e-01
2.9044144161008190e-01
3.3256585021765450e-01
3.7888859251424578e-01
4.2939842654545662e-01
4.8395768781171594e-01
5.4226827500164743e-01
6.0383242841231521e-01
6.6790796973573585e-01
7.3345773472965980e-01
7.9909301358641627e-01
8.6301091971935517e-01
9.2292573787393450e-01
9.7599445786679229e-01
1.0187368813955238e+00
1.0469508964052447e+00
1.0556237450547488e+00
1.0388403657814342e+00
9.8969016416094091e-01
9.0017385699315056e-01
7.6111233419815894e-01
5.6205978660314482e-01
2.9122364686541263e-01
-6.4605823410629121e-02
-5.2011320568075403e-01
-1.0914995339827656e+00
-1.7965043408178534e+00
-2.6544045181878215e+00
-3.6859863248223856e+00
-4.9134869075630183e+00
-6.3605018382270346e+00
-8.0518554076603426e+00
-1.0013430775052370e+01
-1.2271957549396005e+01
-1.4854754985640676e+01
-1.7789429710914991e+01
-2.1103527753576866e+01
-2.4824141622548961e+01
-2.8977474265261460e+01
-3.3588362903430955e+01
-3.8679766986410762e+01
-4.4272225786915911e+01
-5.0383292464236945e+01
-5.7026952702531638e+01
-6.4213037260242572e+01
-7.1946638902529671e+01
-8.0227545191565056e+01
-8.9049699439958715e+01
-9.8400702750212730e+01
-1.0826137043199601e+02
-1.1860535617475639e+02
-1.2939885712838992e+02
-1.4060041248688785e+02
-1.5216080726507519e+02
-1.6402309170142863e+02
-1.7612272511443365e+02
-1.8838785110087119e+02
-2.0073970871651775e+02
-2.1309318175959399e+02
-2.2535748553003569e+02
-2.3743698752030164e+02
-2.4923215546937243e+02
-2.6064062315288555e+02
-2.7155836126606852e+02
-2.8188093786175097e+02
-2.9150485011576370e+02
-3.0032890678520926e+02
-3.0825563867865054e+02
-3.1519271283984045e+02
-3.2105432502020034e+02
-3.2576254442846852e+02
-3.2924858473658088e+02
-3.3145397591022640e+02
-3.3233161262703919e+02
-3.3184665683451044e+02
-3.2997727435595226e+02
-3.2671518833216788e+02
-3.2206603562929769e+02
-3.1604951607550885e+02
-3.0869932842478505e+02
-3.0006289118777181e+02
-2.9020085081512832e+02
-2.7918638405841460e+02
-2.6710430555943361e+02
-2.5404999572324107e+02
-2.4012816761101919e+02
-2.2545149485392210e+02
-2.1013912535468580e+02
-1.9431510774288012e+02
-1.7810675912836112e+02
-1.6164300362103904e+02
-1.4505271133544025e+02
-1.2846306717716601e+02
-1.1199799763465919e+02
-9.5776682110324842e+01
-7.9912173073362865e+01
-6.4510146569616907e+01
-4.9667801461015763e+01
-3.5472922277159611e+01
-2.2003116839717961e+01
-9.3252359654483339e+00
2.5050213348001469e+00
1.3443317568828048e+01
2.3456705464835828e+01
3.2523483169290046e+01
4.0632886563818467e+01
4.7784632062522100e+01
5.3988325562690385e+01
5.9262755070286502e+01
6.3635085884605935e+01
6.7139978096836998e+01
6.9818646540262662e+01
7.1717883244173819e+01
7.2889061919480270e+01
7.3387143081110281e+01
7.3269697138737939e+01
7.2595961217746876e+01
7.1425943664926550e+01
6.9819588209162546e+01
6.7836007647856192e+01
6.5532794774232485e+01
6.2965416106518894e+01
6.0186691878848009e+01
5.7246363752868497e+01
5.4190749848207453e+01
5.1062485002506619e+01
4.7900342683021400e+01
4.4739133700096154e+01
4.1609675828380617e+01
3.8538827628885031e+01
3.5549579179747894e+01
3.2661192058917962e+01
2.9889380762650053e+01
2.7246527773716789e+01
2.4741924690227943e+01
2.2382032168666782e+01
2.0170751897084035e+01
1.8109704373287620e+01
1.6198506892455864e+01
1.4435046826101543e+01
1.2815745977471924e+01
1.1335812507171024e+01
9.9894776190626189e+00
8.7702148656071675e+00
7.6709405604476126e+00
6.6841943647576851e+00
5.8022996352137302e+00
5.0175035803853119e+00
4.3220976664792579e+00
3.7085190422885872e+00
3.1694340178081890e+00
2.6978048344725036e+00
2.2869411110869970e+00
1.9305374433049356e+00
1.6226986814260869e+00
1.3579544173101494e+00
1.1312641827497543e+00
9.3801480424253891e-01
7.7401127930558578e-01
6.3546244239578109e-01
5.1896257940907642e-01
4.2147003341387923e-01
3.4028372429238052e-01
2.7301838559951092e-01
2.1757920500372038e-01
1.7213644358327312e-01
1.3510050482915215e-01
1.0509782836022964e-01
8.0947896629703031e-02
6.1641565740271985e-02
4.6320864188981188e-02
3.4260345366270040e-02
2.4850031186230932e-02
1.7579943902316778e-02
1.2026191228368965e-02
7.8385447812499304e-03
4.7294332896924141e-03
2.4642589475456209e-03
8.5293698910988590e-04
-2.5744581197583127e-04
-9.8895892411172167e-04
-1.4382459918926547e-03
-1.6811328794698510e-03
-1.7765209649723145e-03
-1.7696544810107881e-03
-1.6948438521896621e-03
-1.5777199354317271e-03
-1.4370865511988942e-03
-1.2864316437874650e-03
-1.1351504819303410e-03
-9.8952764383682459e-04
-8.5351850354572275e-04
-7.2936535449306754e-04
-6.1807815466256356e-04
-5.1980537276767396e-04
-4.3411637613001620e-04
-3.6021326154799904e-04
-2.9708692922532012e-04
-2.4362959689607820e-04
-1.9871363410205783e-04
-1.6124473172147530e-04
-1.3019578000537859e-04
-1.0462656803332834e-04
-8.3693154684893963e-05
-6.6650080503827055e-05
-5.2847721703203381e-05
-4.1726487215863974e-05
-3.2809281790451518e-05
-2.5693018705608364e-05
-2.0039947577903441e-05
-1.5569210972575445e-05
-1.2048889281801313e-05
-9.2887350042662276e-06
-7.1336270148110575e-06
-5.4578487421375180e-06
-4.1600601449916719e-06
-3.1590237124166815e-06
-2.3899325006756887e-06
-1.8013637083222123e-06
-1.3526941251717560e-06
-1.0119952633781025e-06
-7.5428880827863771e-07
-5.6009513553693363e-07
-4.1433545269091573e-07
-3.0534385821762116e-07
-2.2416547767870472e-07
-1.6392883635562458e-07
-1.1941322976816285e-07
-8.6643540791498400e-08
-6.2604918639833671e-08
-4.5056291901780128e-08
-3.2288334814897415e-08
-2.3041348585116248e-08
-1.6368539825913307e-08
-1.1578093224934967e-08
-8.1484904344365136e-09
-5.7060055589750561e-09
-3.9776627385328028e-09
-2.7569096453231238e-09
-1.9003921084520005e-09
-1.3030643838010092e-09
-8.8610076013262160e-10
-5.9879525315108579e-10
-4.0285917462897226e-10
-2.6981910727157812e-10
-1.7255995679965943e-10
-1.1411057345824550e-10
-7.6260174274053416e-11
-4.6483495908386489e-11
-3.0399160609464419e-11
-1.8287518612561980e-11
-1.2978315469381238e-11
-7.1105377044911654e-12
-5.5784200567739396e-12
-2.0874904042331742e-12
-2.6886586306547242e-12
-1.1499736274012204e-12
7.7210864475705024e-13
-7.3156382695241923e-13
9.6170947175007730e-13
-5.3259417982828159e-12
3.3030636081516330e-13
-3.5345851467030169e-13
-4.5728841157720627e-13
-9.8056821929479223e-14
7.9939821011671493e-13
2.2838030468852996e-12
1.9681183829712954e-12
1.4344880887417261e-12
1.0305939841105501e-12
1.3122289463801453e-12
3.7856825953996596e-13
-3.1907955585318445e-12
-2.6376491952286111e-12
-1.3780710550559743e-12
4.6350237583954193e-13
-3.0723649649222790e-12
1.2471406856667360e-12
-1.8204682094750562e-12
1.1004319202366216e-13
-5.1072935575024894e-13
-2.7368392532496484e-12
-1.8335507549694370e-12
-1.5056876981672657e-12
-2.5651430112030092e-13
-1.4092794003912607e-13
1.8045610271660261e-12
-8.1492595216270276e-14
-4.7576615292661156e-13
4.8432888595603001e-13
7.4566821435129056e-13
7.3586426576372905e-13
1.7725044848622746e-12
8.7165538222700714e-13
-5.1429588218598565e-13
2.3073063572247289e-12
1.3454881323992046e-12
-1.3026885156527819e-12
-3.5105968945957107e-13
-8.6648826665390768e-14
-1.3449144872204597e-12
-2.8517118684250598e-13
9.8152201419105547e-14
3.4556700479859428e-13
-1.2950516148127664e-12
2.8726246441128762e-12
-1.3253174152080223e-12
-3.4052420069894525e-13
6.4481772883086383e-13
-1.7604201999413352e-12
-2.1182516494082728e-13
-1.1062909614818775e-12
2.0417646897565962e-12
9.2860517567637167e-13
-2.4859488836649512e-13
-3.2648897717208023e-13
-3.6643038397723673e-14
5.8516037913593802e-13
-2.0293193768150363e-12
2.1586198967332290e-12
-2.6966087999426183e-12
7.5645191550022151e-13
5.7282837261670827e-14
2.5839400200989908e-12
-1.1734695711239993e-12
1.2317222038909232e-13
-1.6030236770931166e-12
3.3777841187652079e-12
-2.3886979262131679e-12
-1.0248250376781905e-12
-7.9883924134675004e-13
-1.4024859832297149e-12
2.0500182319628824e-12
-2.5406760955139312e-13
-1.1746081440824264e-12
1.7432217488030550e-12
1.4284168644190581e-13
8.8172090636504608e-13
-1.3178228731878320e-12
6.4381914664010654e-13
3.1410872859191865e-13
9.1048140523019554e-13
-2.5062706176845661e-12
1.7118892390597016e-12
3.2871245221016114e-13
