-1.0234381087778933e-13
-1.4073429025186256e-12
-6.7440622379312894e-13
1.7742276688596954e-13
-1.1207166460606761e-12
1.3379157858681211e-12
9.5612563543099692e-13
9.7002818050637414e-13
8.2577181436366040e-13
-1.2209133124279523e-12
-2.0727131699077592e-12
-1.8540463411298253e-12
2.7504615982176662e-12
-2.3949387332428144e-12
-6.0948924575579689e-13
-1.9221911730644937e-12
4.3314611057844778e-13
-1.4329887139448444e-12
4.2261821415507854e-13
-1.4732380181219168e-12
5.4588086475356400e-13
-7.7181604552489561e-13
-1.1603762566062238e-12
-2.2456156756581581e-12
-8.4082279993220951e-13
-9.4359720129750341e-13
7.1740054510210725e-13
-2.6357321499413180e-12
1.6009870119225568e-12
-8.2027681617327493e-13
-1.5571446572689799e-12
3.1584862977532920e-13
-8.9309448184231549e-13
4.5750776406448758e-13
-9.1207651799779101e-13
-1.4613336740984523e-13
-1.2232988946002542e-12
1.2765525997332522e-12
-1.4763715671051776e-12
4.2991923490031077e-15
1.5338854514956494e-12
-1.2073073632847958e-12
-1.3167900960102040e-13
-6.6849886168134199e-13
-6.8517114852279584e-13
-2.1774152128086638e-13
-2.7275592505590483e-13
-5.2724249928773056e-13
-1.1510059318846342e-12
-3.8370216806455734e-12
-1.5358270561370130e-12
-2.9135637971238015e-12
-6.0969977661889714e-12
-6.3323281178374678e-12
-1.1821989599296461e-11
-1.5149061067775103e-11
-2.0445924187851057e-11
-2.9496988935791102e-11
-4.3524233126016381e-11
-5.2585246848042604e-11
-7.4624317737543509e-11
-1.0080426410596399e-10
-1.3324599605917699e-10
-1.7350861576029666e-10
-2.2484018346042835e-10
-2.8740449706621996e-10
-3.5549913067147127e-10
-4.3331998470564870e-10
-5.1111081921219715e-10
-5.8432729903453625e-10
-6.2478376264789519e-10
-6.0556177163019923e-10
-4.6858143378701359e-10
-1.4077012756395313e-10
5.1306014387952411e-10
1.6682199126461455e-09
3.6044410767322336e-09
6.7143356612818039e-09
1.1567324926384639e-08
1.8970181527685074e-08
3.0047940675811722e-08
4.6365130594906841e-08
7.0094174006369517e-08
1.0419279133767632e-07
1.5266622268424548e-07
2.2090959500659635e-07
3.1613652004693875e-07
4.4789443830459101e-07
6.2875190121528902e-07
8.7511776952692519e-07
1.2082584182732044e-06
1.6555264075561792e-06
2.2518211402983845e-06
3.0413195407669953e-06
4.0794713080518894e-06
5.4352446528896148e-06
7.1936458983187778e-06
9.4583391768063241e-06
1.2354387330648634e-05
1.6030770800311644e-05
2.0662512325637751e-05
2.6451886916997132e-05
3.3628168669401665e-05
4.2445037261839553e-05
5.3174544586574190e-05
6.6096149528220371e-05
8.1478841854899914e-05
9.9553913169286187e-05
1.2047512344772207e-04
1.4426234038806811e-04
1.7072369027437725e-04
1.9935016445692805e-04
2.2917536117557428e-04
2.5859162559651715e-04
2.8511214431592381e-04
3.0506698037905696e-04
3.1321894814859499e-04
3.0228357343012243e-04
2.6233521807781659e-04
1.8007983542297159e-04
3.7973226604384099e-05
-1.8683752650634430e-04
-5.2377219887469301e-04
-1.0102975564487133e-03
-1.6936503334520020e-03
-2.6328208114416024e-03
-3.9008095977474946e-03
-5.5871628867095804e-03
-7.8007808786249733e-03
-1.0672980338189262e-02
-1.4360774332205789e-02
-1.9050309797946186e-02
-2.4960376079372591e-02
-3.2345864566521318e-02
-4.1501020694469017e-02
-5.2762284406043580e-02
-6.6510464221023774e-02
-8.3171932910233642e-02
-1.0321847061939486e-01
-1.2716531461668601e-01
-1.5556690543657481e-01
-1.8900974881019733e-01
-2.2810174386970444e-01
-2.7345726424997258e-01
-3.2567722290563678e-01
-3.8532330919923363e-01
-4.5288556199190610e-01
-5.2874244181218399e-01
-6.1311259384772421e-01
-7.0599755859369817e-01
-8.0711479459562541e-01
-9.1582053425627863e-01
-1.0310222053489324e+00
-1.1510804224684683e+00
-1.2737008883482783e+00
-1.3958169470187825e+00
-1.5134639994751131e+00
-1.6216475254352971e+00
-1.7142070468896180e+00
-1.7836790113821070e+00
-1.8211622531570133e+00
-1.8161903919012903e+00
-1.7566162308814570e+00
-1.6285138944658961e+00
-1.4161050701784890e+00
-1.1017162604108457e+00
-6.6577436868164186e-01
-8.6848207212342918e-02
6.5825642080200941e-01
1.5943405779978679e+00
2.7475879382654340e+00
4.1452661068181760e+00
5.8153482641863192e+00
7.7860512915415283e+00
1.0085288296381870e+01
1.2740035569892614e+01
1.5775616453763396e+01
1.9214907343712635e+01
2.3077474063353737e+01
2.7378650041416289e+01
3.2128571039528417e+01
3.7331184511919766e+01
4.2983254924137377e+01
4.9073389395965130e+01
5.5581110735308812e+01
6.2476007162696838e+01
6.9716989656610139e+01
7.7251688750756244e+01
8.5016022667445981e+01
9.2933967775294221e+01
1.0091756043483079e+02
1.0886715628957610e+02
1.1667196895313528e+02
1.2421090485064263e+02
1.3135370475165874e+02
1.3796239537864588e+02
1.4389304652987809e+02
1.4899782059774577e+02
1.5312729241089278e+02
1.5613300823189010e+02
1.5787024377863170e+02
1.5820091260265116e+02
1.5699656835620161e+02
1.5414143771491007e+02
1.4953541528484013e+02
1.4309694797748787e+02
1.3476573431370869e+02
1.2450516410089841e+02
1.1230442604405253e+02
9.8180215162207787e+01
8.2177978379227170e+01
6.4372645258878691e+01
4.4868801400553224e+01
2.3800274272162561e+01
1.3291149311424335e+00
-2.2356026188607604e+01
-4.7042115876947456e+01
-7.2494518026234715e+01
-9.8460292396879908e+01
-1.2467195335185387e+02
-1.5085161634151075e+02
-1.7671544828489863e+02
-2.0197832842126354e+02
-2.2635861903352261e+02
-2.4958294093901515e+02
-2.7139084698461789e+02
-2.9153928806315287e+02
-3.0980677038254169e+02
-3.2599710976586198e+02
-3.3994269844528515e+02
-3.5150721185237455e+02
-3.6058769694196070e+02
-3.6711599919001219e+02
-3.7105950210320890e+02
-3.7242117035898832e+02
-3.7123890503704200e+02
-3.6758423628500628e+02
-3.6156039468432897e+02
-3.5329981708663223e+02
-3.4296115537081494e+02
-3.3072586708832659e+02
-3.1679447505816273e+02
-3.0138258846840279e+02
-2.8471678085147352e+02
-2.6703042042782238e+02
-2.4855954584684514e+02
-2.2953887546393449e+02
-2.1019803121938591e+02
-1.9075804922991344e+02
-1.7142823871575612e+02
-1.5240343924758918e+02
-1.3386171390883754e+02
-1.1596250323497161e+02
-9.8845252106084914e+01
-8.2628509503784031e+01
-6.7409489534112240e+01
-5.3264071656574444e+01
-4.0247208885744655e+01
-2.8393705029598632e+01
-1.7719315921998447e+01
-8.2221251602062591e+00
1.1585792041578499e-01
7.3269314602176419e+00
1.3455818533975322e+01
1.8557720149912281e+01
2.2696352100361310e+01
2.5942009960845905e+01
2.8369701698636963e+01
3.0057381911081716e+01
3.1084315884158187e+01
3.1529595650378042e+01
3.1470824226308515e+01
3.0982978397309353e+01
3.0137454941504288e+01
2.9001300170951698e+01
2.7636618211828630e+01
2.6100149616319097e+01
2.4443008737244178e+01
2.2710565818565627e+01
2.0942457952218586e+01
1.9172711895910048e+01
1.7429961192809291e+01
1.5737740022741388e+01
1.4114836677408062e+01
1.2575690414398768e+01
1.1130816627941547e+01
9.7872467013096287e+00
8.5489705009819481e+00
7.4173711660406436e+00
6.3916435745970075e+00
5.4691895759038642e+00
4.6459847160120296e+00
3.9169127176333487e+00
3.2760653725932558e+00
2.7170067473417769e+00
2.2330016761871967e+00
1.8172094179421416e+00
1.4628440808581213e+00
1.1633039844588278e+00
9.1227253579999168e-01
7.0379346571530466e-01
5.3232341359957724e-01
3.9276488476662508e-01
2.8048254989500987e-01
1.9130572937757370e-01
1.2151972291743222e-01
6.7848422452085430e-02
2.7430398184381293e-02
-2.2096146089644548e-03
-2.3192165392987300e-02
-3.7316072158969989e-02
-4.6091784166136171e-02
-5.0774198993540257e-02
-5.2394218952158740e-02
-5.1788518477014246e-02
-4.9627156798753021e-02
-4.6438808925332281e-02
-4.2633503323733092e-02
-3.8522848464651711e-02
-3.4337803784127319e-02
-3.0244106263119675e-02
-2.6355503654332878e-02
-2.2744971533062239e-02
-1.9454106441812932e-02
-1.6500893122721367e-02
-1.3886042157925747e-02
-1.1598087497941199e-02
-9.6174220243477552e-03
-7.9194356037350418e-03
-6.4769045442757481e-03
-5.2617652696596608e-03
-4.2463887176390942e-03
-3.4044563179458616e-03
-2.7115234620016925e-03
-2.1453429020069133e-03
-1.6860078260509659e-03
-1.3159637045679084e-03
-1.0199280889868186e-03
-7.8474946051601384e-04
-5.9922914997115806e-04
-4.5392450579827606e-04
-3.4094666863049755e-04
-2.5376250117878553e-04
-1.8700701727384522e-04
-1.3631042380134089e-04
-9.8141874382075744e-05
-6.9670850888442512e-05
-4.8646014305263864e-05
-3.3290750645081468e-05
-2.2214189184853734e-05
-1.4336271792414914e-05
-8.8252585224225018e-06
-5.0461926868276528e-06
-2.5187293219858922e-06
-8.8298014812707246e-07
1.2788613135487614e-07
7.0948694710895980e-07
1.0034274858987425e-06
1.1107444584066666e-06
1.1023690887941816e-06
1.0270971234061507e-06
9.1767391707030411e-07
7.9539096304034183e-07
6.7347978155337850e-07
5.5962207880825011e-07
4.5776799769472688e-07
3.6943917296151847e-07
2.9464526984080487e-07
2.3251432471405301e-07
1.8172243815596401e-07
1.4077183559480622e-07
1.0814106726164756e-07
8.2424478237619064e-08
6.2355077514921460e-08
4.6835714643212995e-08
3.4932918180446843e-08
2.5878647370896944e-08
1.9041437355195910e-08
1.3922213053892373e-08
1.0106725294126090e-08
7.2930151043224805e-09
5.2253679808094300e-09
3.7212497838973098e-09
2.6292318023865101e-09
1.8438795010941812e-09
1.2851396521289768e-09
8.9099841875542055e-10
6.1080218726985424e-10
4.1628152264030689e-10
2.7909245416999192e-10
1.8668462288947710e-10
1.2208554288699736e-10
8.1434308371424286e-11
5.1517063147384900e-11
3.3263950570592161e-11
2.0859601691303811e-11
1.3655426623028968e-11
6.9686201367990395e-12
3.9734546274546003e-12
-8.1494119808251501e-13
9.8511917044966317e-13
-1.7221246583086575e-12
2.7053784342181353e-12
-4.4513765211287992e-12
1.3187438905415291e-12
-2.8145581172940042e-12
-1.8180728063725951e-12
-1.4514507497975052e-12
1.8676447805571317e-12
-5.7172181583993948e-13
4.4831955638413634e-13
-1.3829602455091142e-12
8.4764428590737658e-13
-3.3714560381298003e-14
-9.1160666202447544e-13
-2.0470403462319481e-13
-6.6841541941299150e-13
-6.1399440516271202e-14
-3.5546162617741522e-12
1.6585083683349942e-13
1.7017630815551595e-12
-2.1157074628375271e-12
1.3938409551027079e-13
-1.8445449301821934e-12
-2.3368364572776012e-12
-1.6553594726097213e-12
5.8626339994627947e-14
-5.4914582458614499e-13
-9.2114567249653994e-14
-2.3836777655763624e-12
-8.8261816485065482e-13
-2.4298358481825545e-13
-1.1871264352925475e-12
5.1080296631947507e-13
-1.0424844901932566e-12
1.6962924859020459e-13
-1.4462650814917373e-12
-8.0806628788208806e-13
-3.1720928777823251e-12
8.1811582772385584e-13
1.6253716779863881e-13
-1.3616881459441737e-12
6.9393321305241618e-13
-1.5679321008034229e-13
1.9199058892753720e-12
-2.0474564932132514e-13
1.0874350498680944e-12
-2.0329639515653990e-12
9.5798092394997747e-13
7.1157404701058631e-13
-4.0057609965308938e-13
-8.3267075684038033e-13
-8.2097842531781022e-13
-1.5174117413265572e-12
1.4885919015741139e-12
-1.4864697467255628e-12
1.0886949896311494e-12
2.0156619042791582e-12
-1.0265300624629008e-12
-8.7395735834296507e-14
5.8394879726992569e-13
-7.3470597981975485e-13
7.7269301673551182e-13
6.0869220514322241e-13
-7.0251399696847990e-14
-1.9893102081482499e-12
5.9045118180316800e-13
2.1350157754109843e-12
1.9641104154591846e-12
-2.1378581776235827e-12
1.8838370417915185e-12
-1.4111022810407751e-13
-1.4910348719075814e-12
-1.1510646860071074e-13
-1.1834841859980237e-12
-1.0303846624685439e-12
6.7685225846064390e-13
6.0797423741802279e-13
-2.8372679820248804e-12
1.0844221102301214e-12
-2.3720399027150701e-12
5.7341614963119487e-13
-2.7074514820292801e-12
-1.1686995188135891e-12
-1.3950252578916710e-12
5.8416290551245415e-13
-9.5318784251171938e-13
-5.6186377633172851e-14
-1.9412409974720545e-12
1.3772958575641550e-13
-1.1034825020076496e-12
-1.3584818868797444e-12
-1.4675474744326978e-12
1.6459306667307120e-12
-6.2540240287044498e-13
8.0991077651098344e-14
1.8375767978136903e-12
6.2792673534952273e-13
1.0836278457400367e-12
-7.0520248787476470e-13
-4.3220729894498724e-12
-2.6861965474937661e-13
-1.2504767777060958e-12
5.3063274498464118e-13
-2.8057179956389454e-12
1.3406873242799200e-12
-1.9179291517028472e-13
-1.7950075422954219e-12
5.6440638268123698e-13
-1.3971970894474579e-12
4.1326036130210394e-13
-9.6296304805470012e-13
