5.3811665680537898e-02
6.3910463287873615e-02
7.5337142345795666e-02
8.8293447576814288e-02
1.0300675341652593e-01
1.1973090339086914e-01
1.3874552393247244e-01
1.6036201369040770e-01
1.8492474431139358e-01
2.1281612238534872e-01
2.4445906557951347e-01
2.8032187733469455e-01
3.2092157815974426e-01
3.6682890179535688e-01
4.1867230063572497e-01
4.7714319267115191e-01
5.4300053455452602e-01
6.1707635931064697e-01
7.0028082525664193e-01
7.9360802504526839e-01
8.9814140686314481e-01
1.0150597855489341e+00
1.1456430062648926e+00
1.2912780406096469e+00
1.4534647275202632e+00
1.6338217887024087e+00
1.8340924398510292e+00
2.0561501097981063e+00
2.3020036695940926e+00
2.5738025892673302e+00
2.8738414852589407e+00
3.2045643992591786e+00
3.5685683186132211e+00
3.9686062157405497e+00
4.4075891545054224e+00
4.8885876892392934e+00
5.4148321361816949e+00
5.9897119015956930e+00
6.6167734750415246e+00
7.2997172403189907e+00
8.0423927405338826e+00
8.8487925275621180e+00
9.7230442615918502e+00
1.0669401178323369e+01
1.1692230621637517e+01
1.2796000756266361e+01
1.3985265194612149e+01
1.5264645658889028e+01
1.6638812454181181e+01
1.8112462889766807e+01
1.9690297471331842e+01
2.1376994026688898e+01
2.3177179640210017e+01
2.5095400592122093e+01
2.7136090235455086e+01
2.9303535047316512e+01
3.1601838848743697e+01
3.4034885475564963e+01
3.6606299958185438e+01
3.9319408541476655e+01
4.2177197666346451e+01
4.5182272293214837e+01
4.8336813749967085e+01
5.1642537530894678e+01
5.5100651284507414e+01
5.8711813456941748e+01
6.2476092875259710e+01
6.6392929768105432e+01
7.0461098542283693e+01
7.4678672830693557e+01
7.9042993149251856e+01
8.3550637680444055e+01
8.8197396522353074e+01
9.2978249904790019e+01
9.7887350692720517e+01
1.0291801164267201e+02
1.0806269769260405e+02
1.1331302369430216e+02
1.1865975780784373e+02
1.2409283089022543e+02
1.2960135201652380e+02
1.3517363036989153e+02
1.4079720353953800e+02
1.4645887235114876e+02
1.5214474215502219e+02
1.5784027057240144e+02
1.6353032150127422e+02
1.6919922525099270e+02
1.7483084447829955e+02
1.8040864566164291e+02
1.8591577565914753e+02
1.9133514295966418e+02
1.9664950305303907e+02
2.0184154741312324e+02
2.0689399541496294e+02
2.1178968858172249e+02
2.1651168639875527e+02
2.2104336301612875e+02
2.2536850401904721e+02
2.2947140254178655e+02
2.3333695387690167e+02
2.3695074784171553e+02
2.4029915805923781e+02
2.4336942743595714e+02
2.4614974903321945e+02
2.4862934166930543e+02
2.5079851952195122e+02
2.5264875515568838e+02
2.5417273534770547e+02
2.5536440925302966e+02
2.5621902841333838e+02
2.5673317829070595e+02
2.5690480098206285e+02
2.5673320895380925e+02
2.5621908961768861e+02
2.5536450075566904e+02
2.5417285678631492e+02
2.5264890605082206e+02
2.5079869928045750e+02
2.4862954958795058e+02
2.4614998430367262e+02
2.4336968914965829e+02
2.4029944521377979e+02
2.3695105934676113e+02
2.3333728856175247e+02
2.2947175916211569e+02
2.2536888126541155e+02
2.2104375952125420e+02
2.1651210074672659e+02
2.1179011931554123e+02
2.0689444104614032e+02
2.0184200642922400e+02
1.9664997392740440e+02
1.9133562415866388e+02
1.8591626565177361e+02
1.8040914292620795e+02
1.7483134751166673e+02
1.6919973257448669e+02
1.6353083166934709e+02
1.5784078217755581e+02
1.5214525383575230e+02
1.4645938279571857e+02
1.4079771149308183e+02
1.3517413463693262e+02
1.2960185146716705e+02
1.2409332446134688e+02
1.1866024450835667e+02
1.1331350260499246e+02
1.0806316797049618e+02
1.0291847251952616e+02
9.7887801478568321e+01
9.2978689985145962e+01
8.8197825361027043e+01
8.3551054815548795e+01
7.9043398195432772e+01
7.4679065474036719e+01
7.0461478542127580e+01
6.6393296950971063e+01
6.2476447136428007e+01
5.8712154753534620e+01
5.5100979637027592e+01
5.1642853015588088e+01
4.8337116500529696e+01
4.5182562492561686e+01
4.2177475548692577e+01
3.9319674383628303e+01
3.6606554082203516e+01
3.4035128239679189e+01
3.1602070650806134e+01
2.9303756315423055e+01
2.7136301432397765e+01
2.5095602205784015e+01
2.3177372189228713e+01
2.1377178050673969e+01
1.9690473537961186e+01
1.8112631584860836e+01
1.6638974390472193e+01
1.5264801465974497e+01
1.3985415529667510e+01
1.2796146293894871e+01
1.1692372066842921e+01
1.0669539256276593e+01
9.7231797332467682e+00
8.8489261793742706e+00
8.0425254031959525e+00
7.2998497784954912e+00
6.6169068098319492e+00
5.9898470003972877e+00
5.4149700396658682e+00
4.8887295015293128e+00
4.4077360756937507e+00
3.9687595326778338e+00
3.5687294443224871e+00
3.2047348647887732e+00
2.8740229877970660e+00
2.5739969857320317e+00
2.3022130358623660e+00
2.0563767370117918e+00
1.8343389080152466e+00
1.6340909671089543e+00
1.4537598671342085e+00
1.2916027805891872e+00
1.1460014911840946e+00
1.0154566807718532e+00
8.9858204895315474e-01
7.9409844978670607e-01
7.0082796289965643e-01
6.1768808036625245e-01
5.4368590632653024e-01
4.7791254957351037e-01
4.1953758560892684e-01
3.6780376963266048e-01
3.2202185635797798e-01
2.8156571211390552e-01
2.4586755424725928e-01
2.1441351037797032e-01
1.8673931109177849e-01
1.6242631914156819e-01
1.4109768634125167e-01
1.2241485552647301e-01
1.0607417482728598e-01
9.1803860150537764e-02
7.9361046907959851e-02
6.8529190203410514e-02
5.9115525111396054e-02
5.0948875144604701e-02
4.3877486770250627e-02
3.7767213605243689e-02
3.2499688508054923e-02
2.7970850891239490e-02
2.4089419986149486e-02
2.0775735392274050e-02
1.7960497659601039e-02
1.5583897644562592e-02
1.3594595226149432e-02
1.1949121445398352e-02
1.0611073034530991e-02
9.5507833707479638e-03
8.7447198985732052e-03
8.1754370213711399e-03
7.8311761363836271e-03
7.7061382352288888e-03
7.8003032193603369e-03
8.1200966282280827e-03
8.6784674338430453e-03
9.4960799688782495e-03
1.0601718078775987e-02
1.2034225300864872e-02
1.3843334368244956e-02
1.6092738682959778e-02
1.8861458109015319e-02
2.2248734567438845e-02
2.6375947970694091e-02
3.1394683635195132e-02
3.7489364914322219e-02
4.4881485752266075e-02
