2.3951723379391790e-01
2.7868660213114926e-01
3.2139258390111231e-01
3.6830550483707120e-01
4.1981075408605772e-01
4.7646508138424504e-01
5.3876674490180787e-01
6.0730172400480498e-01
6.8264948412801330e-01
7.6545327569682353e-01
8.5635815626372536e-01
9.5606569168491762e-01
1.0652887520217307e+00
1.1847886548495974e+00
1.3153589211529488e+00
1.4578348904171052e+00
1.6130632335117636e+00
1.7819314179541637e+00
1.9653580565598670e+00
2.1642935650079278e+00
2.3797034639042818e+00
2.6125751586962673e+00
2.8639010350286642e+00
3.1346915402501816e+00
3.4259634114329236e+00
3.7387391578374527e+00
4.0740352210026733e+00
4.4328579522382014e+00
4.8161901534939275e+00
5.2249887670300712e+00
5.6601699076019019e+00
6.1226075087812823e+00
6.6131163857032051e+00
7.1324499311853762e+00
7.6812825093341912e+00
8.2602019845826824e+00
8.8696987605763162e+00
9.5101524058542832e+00
1.0181827242928003e+01
1.0884866883747339e+01
1.1619269280231647e+01
1.2384885299922438e+01
1.3181403282322592e+01
1.4008337751991901e+01
1.4865025520987659e+01
1.5750622905528601e+01
1.6664088396345981e+01
1.7604178499248370e+01
1.8569438143773368e+01
1.9558199117743722e+01
2.0568586406863432e+01
2.1598516602477520e+01
2.2645690887399422e+01
2.3707599693497997e+01
2.4781520793029319e+01
2.5864527919163795e+01
2.6953497797240516e+01
2.8045121754703047e+01
2.9135916725187069e+01
3.0222241521172116e+01
3.1300309744183906e+01
3.2366211528464113e+01
3.3415929365147264e+01
3.4445361144362955e+01
3.5450342548777336e+01
3.6426663214447629e+01
3.7370096383764292e+01
3.8276421070731004e+01
3.9141446754682612e+01
3.9961057195598066e+01
4.0731230078306247e+01
4.1448052236863489e+01
4.2107756404880490e+01
4.2706760371441618e+01
4.3241686019926881e+01
4.3709373284338980e+01
4.4106915522756154e+01
4.4431694830556516e+01
4.4681397513623416e+01
4.4854031944758660e+01
4.4947946681266124e+01
4.4961841197298519e+01
4.4894785455176638e+01
4.4746231311803534e+01
4.4516022703283816e+01
4.4204402523651375e+01
4.3812013712969993e+01
4.3339899550623869e+01
4.2789497794475579e+01
4.2162634767987122e+01
4.1461515260634982e+01
4.0688708869731521e+01
3.9847139990392023e+01
3.8940062700532032e+01
3.7971046077037755e+01
3.6943945477615706e+01
3.5862868588951372e+01
3.4732160497977475e+01
3.3556375287566340e+01
3.2340239681708518e+01
3.1088625991253885e+01
2.9806518534623525e+01
2.8498977506280887e+01
2.7171105953206688e+01
2.5828016335176503e+01
2.4474804402079585e+01
2.3116520475729796e+01
2.1758125964520726e+01
2.0404462369749968e+01
1.9060226653642516e+01
1.7729943179556344e+01
1.6417944790554348e+01
1.5128349016359028e+01
1.3865038240377279e+01
1.2631640271786202e+01
1.1431511743390196e+01
1.0267724026257323e+01
9.1430514152021622e+00
8.0599647355366706e+00
7.0206234967105150e+00
6.0268784448810404e+00
5.0802701691856136e+00
4.1820317116842975e+00
3.3330991623488906e+00
2.5341048436191134e+00
1.7853906777129716e+00
1.0870249675219681e+00
4.3880945042776870e-01
-1.5970149036904377e-01
-7.0918295380207119e-01
-1.2105325401322178e+00
-1.6648530999042546e+00
-2.0734294694211810e+00
-2.4377102995229474e+00
-2.7592846397114608e+00
-3.0398662287401494e+00
-3.2812851925410240e+00
-3.4854647369266196e+00
-3.6544006605064649e+00
-3.7901428397372916e+00
-3.8947738872111919e+00
-3.9703956713442001e+00
-4.0191129303658455e+00
-4.0430218018173898e+00
-4.0441959686052016e+00
-4.0246767869862294e+00
-3.9864610360314221e+00
-3.9314909574821399e+00
-3.8616460519940761e+00
-3.7787296065437399e+00
-3.6844667674057114e+00
-3.5804950446278272e+00
-3.4683603958186797e+00
-3.3495267558235846e+00
-3.2253622303566218e+00
-3.0971349774109935e+00
-2.9660181065662292e+00
-2.8330875658406196e+00
-2.6993220697943334e+00
-2.5656092832441550e+00
-2.4327478442278685e+00
-2.3014523356919661e+00
-2.1723507620260101e+00
-2.0459819830791006e+00
-1.9228101524783001e+00
-1.8032332882865796e+00
-1.6875839748209813e+00
-1.5761355036764664e+00
-1.4691017027193352e+00
-1.3666402982260901e+00
-1.2688587018447823e+00
-1.1758171067507905e+00
-1.0875365489174893e+00
-1.0040011591409328e+00
-9.2516579189906789e-01
-8.5095725563414693e-01
-7.8127873068058828e-01
-7.1601367143517836e-01
-6.5502422773176860e-01
-5.9816147866712244e-01
-5.4526651090228384e-01
-4.9617160739311095e-01
-4.5071252920436233e-01
-4.0871465269701129e-01
-3.6999166070727474e-01
-3.3436149071570620e-01
-3.0165115577857854e-01
-2.7168274050857910e-01
-2.4427420833763788e-01
-2.1925384611546500e-01
-1.9646477481484340e-01
-1.7574929582558721e-01
-1.5695177746589711e-01
-1.3992136657859544e-01
-1.2451329586253543e-01
-1.1059435806309911e-01
-9.8043057220003116e-02
-8.6746475780073579e-02
-7.6600796126856704e-02
-6.7507809107802519e-02
-5.9375202714539527e-02
-5.2115800307963749e-02
-4.5647071880004178e-02
-3.9891076068980763e-02
-3.4775317386523771e-02
-3.0229742349483259e-02
-2.6193605436278564e-02
-2.2609223737452572e-02
-1.9428934739382401e-02
-1.6614735995037776e-02
-1.4126420645403395e-02
-1.1926311154770062e-02
-9.9818983944339260e-03
-8.2592309979443428e-03
-6.7320467420688597e-03
-5.3800423532819651e-03
-4.1821236238091912e-03
-3.1146040687713519e-03
-2.1562562176382738e-03
-1.2856226373491185e-03
-4.9162065951609789e-04
2.3489362106597563e-04
9.0615031655361231e-04
1.5379448053062387e-03
2.1466415247843292e-03
2.7515752907624289e-03
3.3674068799844081e-03
4.0106661280711435e-03
4.6933197286382709e-03
5.4301851304486559e-03
6.2339524531738440e-03
7.1208948063650832e-03
8.1073733556331646e-03
9.2123807251596225e-03
1.0455137465236223e-02
1.1860037595756948e-02
1.3449306255487653e-02
1.5262419036527926e-02
1.7338763865183873e-02
1.9731510127279989e-02
2.2498977525383972e-02
2.5706912099201291e-02
2.9422287003833477e-02
3.3746306746488576e-02
3.8788743455000316e-02
4.4680779408482564e-02
5.1561735032062100e-02
5.9621886278222201e-02
6.9067423776716708e-02
8.0177472315087081e-02
9.3247840304738663e-02
1.0867379213185524e-01
1.2686146136907386e-01
1.4839735036337456e-01
1.7382184603417017e-01
2.0414618144563026e-01
