-9.7175146303204317e-14
1.7021519758650743e-12
5.6318856354342132e-13
6.5032834245740354e-13
1.3761980445556681e-12
1.2875203974107187e-12
-2.8666374757385493e-13
-2.6422935206923401e-13
1.0450603152138176e-12
-2.0349097985885291e-12
8.6711900506144483e-13
-8.7063340326411118e-14
-2.6565563002205737e-12
-1.6648523749364360e-12
5.4004077657591249e-13
-7.6506663168770099e-13
-8.8012416419125131e-13
1.3153912510470281e-12
-1.0750652391660224e-12
-6.6373796769121331e-14
-8.0408167613316461e-14
-1.2089449886497770e-12
-2.0409048494940069e-12
8.5447629097524555e-13
5.9192954555276252e-13
-1.0039609847217361e-12
3.4268544725359979e-13
5.3203269380827821e-13
-2.1278261885626673e-13
-4.2414015293117330e-13
1.0514232435960958e-12
-5.2970929609403918e-13
1.0665715711151378e-12
8.0292824050104639e-13
-1.3449612843215694e-14
-6.6965478055142781e-13
1.8953562264512338e-12
-6.7370370210455605e-13
-1.1770476440773514e-12
-4.6221105117731026e-13
-2.2280112215266975e-12
-1.8965048234923193e-12
-6.0231860832305649e-13
-1.1035020650962654e-12
4.7834355042211312e-13
1.0410169673048399e-13
-5.8073106439142693e-13
1.4065402105416010e-13
2.0012064341551672e-12
4.5816208619876526e-13
-1.0934887374017953e-13
1.4922886604931568e-12
1.1849453351923521e-12
-1.3700597048876698e-12
2.2350184256630315e-12
1.0162540526610994e-12
-2.3116430492433904e-12
1.4128012623714139e-12
-7.7118276940975387e-14
-6.1285090275682695e-13
-3.7943028306738708e-13
-8.8621384116170543e-13
-1.0455723199733063e-12
1.2775688325751546e-12
2.2538235387509465e-12
-1.3210660175675327e-12
-1.7578017257955789e-12
2.1743151013907939e-12
1.1127653426391576e-13
-3.1126420191923025e-13
1.5182683939935938e-12
-8.1573648683356779e-13
2.4577922325569040e-13
-5.7207996836257080e-14
-1.4151474512336363e-12
-4.2418785678404465e-13
-1.1018441816918706e-12
-7.5569896591165374e-13
-2.7896272275990355e-12
-8.7238677931259876e-13
-1.9017574368332899e-12
-4.6109213068180518e-12
-1.3440915382796101e-12
-3.1860510045813478e-12
-9.4726072236579729e-12
-9.5710961804513037e-12
-1.5036745351735096e-11
-2.1910065908828283e-11
-2.7299221856207503e-11
-4.0453332880226701e-11
-5.7312121833110312e-11
-7.7339251687374903e-11
-1.1130728901073924e-10
-1.5667095988410721e-10
-2.1591247580605770e-10
-3.0239880359938988e-10
-4.2351151700435230e-10
-5.8295581950989147e-10
-8.0747473041032510e-10
-1.1185608615612679e-09
-1.5387753200728138e-09
-2.1179855567836791e-09
-2.9078773214241975e-09
-3.9846141408135861e-09
-5.4441958158287456e-09
-7.4299974605566951e-09
-1.0111728173491665e-08
-1.3731671134609546e-08
-1.8613719753649272e-08
-2.5173174060425778e-08
-3.3968472931678096e-08
-4.5739403631671190e-08
-6.1453262550276475e-08
-8.2388756229661124e-08
-1.1021839355468629e-07
-1.4712756227866139e-07
-1.9596380719847862e-07
-2.6045431694836770e-07
-3.4540938466661954e-07
-4.5707513894210748e-07
-6.0352662321158294e-07
-7.9517167534170609e-07
-1.0453788017386971e-06
-1.3713217662010374e-06
-1.7949624809949766e-06
-2.3443441541417573e-06
-3.0551794386473019e-06
-3.9728350438320232e-06
-5.1548047085160200e-06
-6.6737704163106805e-06
-8.6213766121029243e-06
-1.1112895794196949e-05
-1.4292982114354872e-05
-1.8342663601050217e-05
-2.3487938651104367e-05
-3.0010243010498137e-05
-3.8259155569930664e-05
-4.8667777186794487e-05
-6.1771321993462521e-05
-7.8229506463524710e-05
-9.8853377714131386e-05
-1.2463745536549494e-04
-1.5679806284445277e-04
-1.9681884871415305e-04
-2.4650480451838652e-04
-3.0804598717486053e-04
-3.8409257998612244e-04
-4.7784292504977872e-04
-5.9314642677917289e-04
-7.3462343086522133e-04
-9.0780438086306224e-04
-1.1192907026509511e-03
-1.3769401560382282e-03
-1.6900795645349801e-03
-2.0697479374512376e-03
-2.5289732056406567e-03
-3.0830859481993322e-03
-3.7500734076070003e-03
-4.5509772503618652e-03
-5.5103382695773466e-03
-6.6566912850122058e-03
-8.0231128709066235e-03
-9.6478244593263592e-03
-1.1574852489728869e-02
-1.3854746655087822e-02
-1.6545356257278022e-02
-1.9712663491209332e-02
-2.3431670950509718e-02
-2.7787339034422862e-02
-3.2875566786430534e-02
-3.8804207403930736e-02
-4.5694107022715605e-02
-5.3680152441454777e-02
-6.2912310088009710e-02
-7.3556635007052368e-02
-8.5796224839909910e-02
-9.9832089562297860e-02
-1.1588390359003331e-01
-1.3419060238564567e-01
-1.5501078127668297e-01
-1.7862284986093588e-01
-2.0532489111194202e-01
-2.3543417044157541e-01
-2.6928623652924755e-01
-3.0723355292925747e-01
-3.4964359746431123e-01
-3.9689636536162365e-01
-4.4938121237553319e-01
-5.0749297567831508e-01
-5.7162731342061812e-01
-6.4217520908910453e-01
-7.1951659352688191e-01
-8.0401304673030449e-01
-8.9599955299373946e-01
-9.9577529667249065e-01
-1.1035935020667398e+00
-1.2196503396340308e+00
-1.3440729416882793e+00
-1.4769065939823958e+00
-1.6181011949134263e+00
-1.7674971009543179e+00
-1.9248105053742914e+00
-2.0896185265472114e+00
-2.2613442117343427e+00
-2.4392416915161861e+00
-2.6223817485094627e+00
-2.8096380905075371e+00
-2.9996746422316747e+00
-3.1909341904489761e+00
-3.3816287335013944e+00
-3.5697318972102208e+00
-3.7529737841951274e+00
-3.9288386215789228e+00
-4.0945655625793043e+00
-4.2471529795582059e+00
-4.3833665596944504e+00
-4.4997514785396859e+00
-4.5926488821733873e+00
-4.6582168543829949e+00
-4.6924559825944794e+00
-4.6912395649946861e+00
-4.6503484227162888e+00
-4.5655101956316742e+00
-4.4324429100930809e+00
-4.2469025129771856e+00
-4.0047339705704319e+00
-3.7019254349999486e+00
-3.3346648876445490e+00
-2.8993985794077575e+00
-2.3928905056820358e+00
-1.8122820800344810e+00
-1.1551511085903663e+00
-4.1956911787251605e-01
3.9584394449398336e-01
1.2918686339138017e+00
2.2686395534556385e+00
3.3256044937739708e+00
4.4614901017928537e+00
5.6742749500435039e+00
6.9611707970317882e+00
8.3186127279457427e+00
9.7422587460632357e+00
1.1226999249674268e+01
1.2766976679656562e+01
1.4355615461715184e+01
1.5985662197003117e+01
1.7649235879882681e+01
1.9337887744219170e+01
2.1042670164343530e+01
2.2754213867232096e+01
2.4462812552104687e+01
2.6158513866248498e+01
2.7831215555170068e+01
2.9470765493538881e+01
3.1067064214438311e+01
3.2610168489566369e+01
3.4090394474783061e+01
3.5498418924113409e+01
3.6825376992297521e+01
3.8062955190512355e+01
3.9203478131650677e+01
4.0239987798801998e+01
4.1166314191945773e+01
4.1977136350006759e+01
4.2668032906274981e+01
4.3235521510637433e+01
4.3677086638880454e+01
4.3991195503138663e+01
4.4177301974948918e+01
4.4235838628437136e+01
4.4168197202636797e+01
4.3976697964486149e+01
4.3664548624471294e+01
4.3235793611512712e+01
4.2695254650321196e+01
4.2048463700079964e+01
4.1301589406845359e+01
4.0461358291555293e+01
3.9534971940946647e+01
3.8530021489385966e+01
3.7454400676495432e+01
3.6316218738950802e+01
3.5123714347041670e+01
3.3885171728535298e+01
3.2608840037294911e+01
3.1302856923357528e+01
2.9975177148553346e+01
2.8633506969333030e+01
2.7285244879703583e+01
2.5937429174430047e+01
2.4596692659713085e+01
2.3269224706682930e+01
2.1960740716383992e+01
2.0676458944320061e+01
1.9421084520908206e+01
1.8198800402633921e+01
1.7013264898821877e+01
1.5867615341363807e+01
1.4764477400681994e+01
1.3705979500336753e+01
1.2693771745479840e+01
1.1729048756106520e+01
1.0812575784726796e+01
9.9447174981161872e+00
9.1254688140537557e+00
8.3544872046562304e+00
7.6311259071968625e+00
6.9544675194921890e+00
6.3233574992553461e+00
5.7364371331760973e+00
5.1921755911755421e+00
4.6889007328562009e+00
4.2248283851711061e+00
3.7980898621272430e+00
3.4067575478073744e+00
3.0488684120692389e+00
2.7224453736034220e+00
2.4255164669462932e+00
2.1561318079951808e+00
1.9123783863866368e+00
1.6923927425756704e+00
1.4943716126157593e+00
1.3165806441711259e+00
1.1573613039714674e+00
1.0151361092097482e+00
8.8841232401036507e-01
7.7578426736347861e-01
6.7593438090761826e-01
5.8763320409662922e-01
5.0973840134228943e-01
4.4119298038042642e-01
3.8102283442945628e-01
3.2833373247228670e-01
2.8230787303410365e-01
2.4220010694946389e-01
2.0733392456499028e-01
1.7709729251525505e-01
1.5093841496433807e-01
1.2836148428863198e-01
1.0892247661341856e-01
9.2225038554541533e-02
7.7916503038596749e-02
6.5684064441651507e-02
5.5251136132101676e-02
4.6373907127346917e-02
3.8838109173813147e-02
3.2456000501811910e-02
2.7063568393198827e-02
2.2517949250907259e-02
1.8695061731597479e-02
1.5487446429501077e-02
1.2802303489545922e-02
1.0559718356692444e-02
8.6910646803565333e-03
7.1375729658485158e-03
5.8490530638213431e-03
4.7827585937991494e-03
3.9023815085149124e-03
3.1771652848176070e-03
2.5811257037401934e-03
2.0923686256165207e-03
1.6924948737523920e-03
1.3660829123836515e-03
1.1002406591611262e-03
8.8421861451222082e-04
7.0907689176229010e-04
5.6739970587597909e-04
4.5305125289897243e-04
3.6096774099171944e-04
2.8698065092966433e-04
2.2766714499635311e-04
1.8022372345436675e-04
1.4235991971539387e-04
1.1220908277867792e-04
8.8253739102305099e-05
6.9263326613679398e-05
5.4242412790045215e-05
4.2387754733617894e-05
3.3052766090370938e-05
2.5718255999359688e-05
1.9968330481770767e-05
1.5470662298696249e-05
1.1960329618323563e-05
9.2266653545489371e-06
7.1025484186809877e-06
5.4557102879553726e-06
4.1817322826267893e-06
3.1983784489232917e-06
2.4410248315226756e-06
1.8590179556008368e-06
1.4127450102014897e-06
1.0713048828038776e-06
8.1064700871396563e-07
6.1210024705257478e-07
4.6118736036594351e-07
3.4674196165534697e-07
2.6014066857439304e-07
1.9475161823123786e-07
1.4548386889618281e-07
1.0844843648626688e-07
8.0671328106576220e-08
5.9877843168954778e-08
4.4349638769139096e-08
3.2778643697191999e-08
2.4173821902473171e-08
1.7791541791836026e-08
1.3064867123559975e-08
9.5719362422960997e-09
7.0007262800879169e-09
5.1089236672956974e-09
3.7180230029642742e-09
2.7016346957445327e-09
1.9604780289201645e-09
1.4165201247341036e-09
1.0242899293351706e-09
7.3645038699791511e-10
5.3124052010584671e-10
3.7910341369429290e-10
2.7436380017022802e-10
1.9326181503933989e-10
1.3612736138880215e-10
9.8991171361559479e-11
6.9948578563746537e-11
4.8716014135415787e-11
3.5384486285494658e-11
2.5610567911848135e-11
1.7055994448813002e-11
1.2559425266558207e-11
7.9712384989026143e-12
3.3244104288231139e-12
4.5610301778446928e-12
3.7726308216375184e-12
4.5806485659398642e-13
1.3744998075734782e-12
4.3434685390972484e-12
1.1100954209690284e-12
-2.4072007263249822e-13
1.9089198591275724e-12
9.1717671666979632e-13
-2.7616411559150355e-14
1.3300161799550011e-12
-6.4417071874842408e-13
4.0648199250843173e-13
1.6817922733291567e-12
-7.9164509127565041e-13
-2.1405352648616659e-12
-7.2866981916318756e-14
1.9384911669951959e-12
-1.9355837034690842e-12
7.3339399926130424e-13
-8.0200683163220159e-13
-5.2143215076283790e-13
-7.8003265354878040e-13
-2.1987034506026764e-13
-2.5553001016939971e-12
-1.0046291037382673e-12
-5.2362763078849623e-13
-4.0787448638583449e-13
-2.3121095842873287e-12
2.5010669602959868e-12
3.4122108925151653e-13
-3.3331706120395019e-12
-1.4122624015301265e-13
8.8457371485888382e-14
-9.2626082211065409e-13
-2.7162935036986717e-13
-1.1389331770960414e-12
-1.9829969926335905e-12
8.7693455866508919e-13
-2.2962303878228305e-13
1.1294428984339247e-13
1.4146114055093015e-12
1.7221081506307882e-14
-2.9469976649328353e-13
-2.2910803524293262e-12
1.6322600143226784e-13
-1.7873126505713027e-13
-1.6168480965015953e-12
8.5154015191165722e-13
2.0268893475564581e-12
1.6514526610127843e-12
2.0852145378826231e-12
8.1071026589843548e-14
-2.2203685915107477e-12
5.7517699230005029e-13
1.1297447759509600e-13
-1.3899531452809323e-12
1.8982224839282731e-12
1.0663574188277926e-12
-1.0132744858217525e-12
1.4095405962294995e-12
2.6906749078112509e-13
8.1660848576980607e-13
2.6405359476038303e-15
2.1591438883901847e-12
-7.5162273531412237e-13
-2.1257276972231078e-12
1.5042650950976334e-13
-2.0359773525594676e-13
-1.5155895212223800e-12
1.7355506374501038e-12
1.6809506353395987e-12
-2.2978611236096713e-12
-4.4009961064955869e-13
7.7677117136794333e-13
-1.6731955524438557e-12
1.7797798232731887e-13
9.6153553485660946e-13
-1.3078446689956828e-12
2.0760707132906527e-12
4.0427742648614144e-13
-3.1928778691098569e-13
