1.7456962719389040e-14
2.1728280212871357e-14
2.8920935559821901e-14
3.8647726826815109e-14
3.1243839313998413e-14
9.5680112004775105e-15
2.4322498917269960e-14
2.8038007874111436e-14
2.1210465711534043e-14
3.1630886331367496e-14
3.5276180428083305e-14
4.0014483559709193e-14
3.7349033434779701e-14
3.0626363575233046e-14
3.2657212419549393e-14
2.8820050981845964e-14
4.2658228337787181e-14
3.4036806765991575e-14
4.0426920463552228e-14
6.0385415267246493e-14
5.7347799704848129e-14
4.6780169435959005e-14
7.3034298073623330e-14
7.8829422485057299e-14
8.0876251261408225e-14
9.6799945399995726e-14
8.9168236016800846e-14
8.3497371990111083e-14
6.8512338979101830e-14
9.5308289442982959e-14
6.8315216579288074e-14
9.4170159961221151e-14
7.3008338753893711e-14
7.7736339603986961e-14
9.0228350842133255e-14
8.4806589005253406e-14
8.7828023803764102e-14
6.8136239365016508e-14
7.6932951722604060e-14
7.5328701245757365e-14
1.8869185994421426e-14
1.5502163557220728e-14
7.6235363500994650e-15
3.2725930614932995e-14
2.3059757967241788e-14
1.1487455961024491e-14
2.0158651388610659e-14
2.8261326846835333e-14
-9.5483505422201383e-15
1.2856184611969232e-14
5.5753171886374429e-15
7.3949882999281302e-15
-3.0644174885956906e-15
-1.4762871164104382e-14
-5.5635244985508808e-15
1.4220767854028287e-14
-1.6073118531432139e-14
-3.3530220868571931e-14
-6.5852058066462379e-15
-1.6967199202847304e-14
4.4288881391758768e-16
6.5248178646558308e-15
4.0274671275330581e-15
2.0035202809029101e-14
4.0036950219778242e-15
2.7721651838701645e-14
3.1429820110230537e-14
2.5287096853690941e-14
3.5844734592437274e-14
3.6460702742092860e-14
4.2718610530787399e-14
5.5672707530453085e-14
5.0558968049320130e-14
3.2900959401616213e-14
4.9440967751929049e-14
5.7184079995816727e-14
6.8963577586010483e-14
3.9442004945581641e-14
3.4324358416747066e-14
3.9257778307001760e-14
2.4110615153467860e-14
4.5108840660471354e-14
3.3885616587803865e-14
2.6505445583304287e-14
1.5671317195910587e-14
6.6744049663250493e-15
3.3807347419883221e-14
3.3327717027647387e-14
1.5614466297725395e-14
2.9906052805359281e-14
2.8155957655755239e-14
2.4066615657772660e-14
3.5086263601779736e-14
-3.6823270519341274e-15
6.1235397150974655e-15
1.1927754229680505e-14
-1.4494426566808269e-14
-2.9029858814207262e-14
-2.4559010348054677e-14
-4.1114959348462920e-14
-4.2930908487834721e-14
-3.8914341913405819e-14
-3.5268006530933338e-15
-4.2562223972416657e-15
1.7002992463299645e-14
6.3729821367079510e-15
4.3601348462212589e-14
2.7770981088102600e-14
5.9972515346755667e-14
2.0897273707801443e-14
3.4110821504451655e-14
4.7232575996955326e-15
-1.3584986948233507e-14
-1.8992408050519941e-14
-4.1625203955406482e-14
-3.8936727996071679e-14
-5.2755455872138495e-14
-5.1388320127722811e-14
-8.2145518187798229e-14
-5.8057280913908768e-14
-8.2323884651275527e-14
-8.3158692056936577e-14
-7.1116920580085967e-14
-7.8842260988161822e-14
-7.4819035338452170e-14
-9.2372085268708061e-14
-1.0863552405103105e-13
-1.1218385906212835e-13
-1.0959006584256877e-13
-1.2437410673179689e-13
-1.1871795329241418e-13
-1.3712675393375233e-13
-1.4081778319078668e-13
-1.6565681272500635e-13
-1.7841507625909652e-13
-1.9888423373678242e-13
-1.9943725727794434e-13
-2.2707885778213898e-13
-2.4033798807180982e-13
-2.9667650280434680e-13
-3.1223573905849067e-13
-3.5210195970442049e-13
-3.9441172104011987e-13
-4.4586796676253751e-13
-4.9467871499162010e-13
-5.4916792227278015e-13
-5.9664224190921583e-13
-6.5855460363330995e-13
-6.9701222526754713e-13
-7.1922251660267829e-13
-7.8915137749336270e-13
-8.3761398488816498e-13
-8.6556401505078054e-13
-9.5234627596375099e-13
-1.0061098318068856e-12
-1.0825077880067383e-12
-1.1743254153608109e-12
-1.2791056761985105e-12
-1.3844475139255894e-12
-1.5103995169802122e-12
-1.6540896893861783e-12
-1.7988608427194983e-12
-1.9799083114453973e-12
-2.1660934614158624e-12
-2.3778887810172492e-12
-2.5851429529765805e-12
-2.8306946627164275e-12
-3.0979294286103873e-12
-3.3611881651237005e-12
-3.7104835869560611e-12
-4.0749656526482671e-12
-4.5031312926388094e-12
-4.9499916232908192e-12
-5.4591649573610552e-12
-6.0513015388180355e-12
-6.6644369699432358e-12
-7.3684203409387700e-12
-8.1141571033224652e-12
-8.9179545068575649e-12
-9.7922900081379528e-12
-1.0733117683985552e-11
-1.1725844363417383e-11
-1.2813930883921665e-11
-1.3963669790339868e-11
-1.5211269104260776e-11
-1.6528096102731069e-11
-1.7945035160076073e-11
-1.9445922409115168e-11
-2.1030069476606762e-11
-2.2689931333639969e-11
-2.4457649036144354e-11
-2.6316393286823434e-11
-2.8298764567782646e-11
-3.0341512887173556e-11
-3.2462317688300636e-11
-3.4638721288707710e-11
-3.6889107672355695e-11
-3.9153973280174922e-11
-4.1509054215223714e-11
-4.3876448884440710e-11
-4.6312067533012236e-11
-4.8774151353550806e-11
-5.1274388120870288e-11
-5.3771567454700076e-11
-5.6257942662395652e-11
-5.8723459955658129e-11
-6.1215344822714493e-11
-6.3655575389100915e-11
-6.6096136217203078e-11
-6.8461682754104896e-11
-7.0773926114319937e-11
-7.2979042249543633e-11
-7.5096784616292811e-11
-7.7058260231867160e-11
-7.8973465886548182e-11
-8.0732749425452793e-11
-8.2373283651349218e-11
-8.3868210737574623e-11
-8.5202294665061956e-11
-8.6344123302812422e-11
-8.7321070481289959e-11
-8.8098482173214361e-11
-8.8713263032314418e-11
-8.9147202704812318e-11
-8.9438251944429531e-11
-8.9514642675814148e-11
-8.9426004033814512e-11
-8.9128240655843033e-11
-8.8631462939129426e-11
-8.7917143092347442e-11
-8.7060123341738872e-11
-8.6036149513517124e-11
-8.4843794643965465e-11
-8.3477837986537440e-11
-8.2012431915844148e-11
-8.0374584090336924e-11
-7.8582228560295384e-11
-7.6669704211385310e-11
-7.4640238012607120e-11
-7.2533362865216506e-11
-7.0276515890419708e-11
-6.8020685267415681e-11
-6.5713699322339484e-11
-6.3318219138545819e-11
-6.0920567196304402e-11
-5.8473679307608272e-11
-5.6030838178965177e-11
-5.3601015940293295e-11
-5.1173948848859453e-11
-4.8771684831906515e-11
-4.6382121499624575e-11
-4.4022243903609680e-11
-4.1695650670342294e-11
-3.9418305232221627e-11
-3.7179733821470755e-11
-3.5018841773505608e-11
-3.2865870782790513e-11
-3.0814899101937860e-11
-2.8846561890916848e-11
-2.6941232102517712e-11
-2.5126901499874824e-11
-2.3400122319915150e-11
-2.1741910291559176e-11
-2.0192542899745824e-11
-1.8701201577907195e-11
-1.7300794773504931e-11
-1.5964015480921735e-11
-1.4681723855326283e-11
-1.3528799585402890e-11
-1.2431177095129928e-11
-1.1364089339863513e-11
-1.0394369394739438e-11
-9.4449552793016222e-12
-8.6017881750141836e-12
-7.8119410565482712e-12
-7.0870847918778583e-12
-6.4488146255618528e-12
-5.8594233642709517e-12
-5.3284935787172557e-12
-4.8211236719923536e-12
-4.3881739941939164e-12
-3.9498502092590404e-12
-3.5782587036899737e-12
-3.2345967100065485e-12
-2.9115700991008203e-12
-2.6415296546529016e-12
-2.3622135117190461e-12
-2.1534010300481038e-12
-1.9076897023617066e-12
-1.7327288402529124e-12
-1.5592352938144648e-12
-1.3958385675289195e-12
-1.2530019559572606e-12
-1.1254585714713417e-12
-9.9630949436130842e-13
-8.6883210299664044e-13
-7.5220426617375094e-13
-6.2680217605754027e-13
-5.5594909103671880e-13
-4.5897070544187121e-13
-4.0010568580287376e-13
-3.3346374848162554e-13
-2.7447316843411783e-13
-2.2605582219886306e-13
-1.9788168669030282e-13
-1.6857965529938805e-13
-1.6158430764892959e-13
-1.5461322243725027e-13
-1.3625657026840521e-13
-1.2906915928354537e-13
-1.0926645900043345e-13
-1.1257668706020587e-13
-1.0563161798652899e-13
-1.0455392053952187e-13
-1.1498373687077947e-13
-1.1614912500313567e-13
-1.1716570363664586e-13
-1.1064307361364796e-13
-8.3854021324963632e-14
-7.6667348336512904e-14
-7.1834870024990611e-14
-6.7533384754822605e-14
-8.4337629715524875e-14
-1.0457046592758746e-13
-9.3460576726414837e-14
-6.5224265845278969e-14
-7.2456344789247766e-14
-7.2706121897495910e-14
-7.8040070232607074e-14
-6.2027447678272919e-14
-7.2328142288147475e-14
-9.1761362402482778e-14
-5.2134243166024847e-14
-1.4107177760312939e-14
7.9853171206312827e-15
2.6711109727917875e-14
3.8448630150458762e-14
3.2596236696735713e-14
3.4695251045977189e-14
4.0740845505661012e-14
5.6904103856782816e-14
8.8561382377371538e-14
8.8848182564136591e-14
7.4654950303720417e-14
1.1099241508010226e-13
8.4598542474904499e-14
8.2736177880659472e-14
6.4957959487206178e-14
7.5978211124346095e-14
1.3170269863918515e-13
1.2790684648401209e-13
1.2009115977661796e-13
1.4758427755747333e-13
1.4645573891495381e-13
1.6429437528226526e-13
1.4770100238334841e-13
1.4580286744789815e-13
1.4969313550157153e-13
1.1743988829890250e-13
8.9768011878286964e-14
5.7013868595408519e-14
4.6479559784574663e-14
1.6094693704790466e-14
-1.2869037575615509e-14
-4.8142893640831504e-14
-1.9611518219646567e-14
-3.3382288407757826e-14
-3.5375448637688330e-14
1.3405328388452439e-14
-5.1539516732521033e-15
1.2775041828997921e-14
-1.1156612202592556e-14
2.0470978363979492e-15
2.3276029468140074e-14
2.6743964246941844e-14
3.6600305887701354e-15
4.6444984153651002e-14
5.2250675568498206e-14
3.0816357318594125e-14
3.0034398688036602e-14
1.4155412306325313e-14
2.3759596969803747e-14
2.1460437590070640e-14
-8.0951778896929867e-15
-1.9172481368753011e-15
-1.5833663869637243e-14
-1.0402752691909832e-14
9.2656374569243584e-15
5.8607406996438606e-15
1.0288758529939587e-15
-1.6403251148721271e-15
-1.6108382429820221e-14
-2.7212506699371350e-15
8.2945706803865932e-15
-3.9464878042671028e-15
1.2445592816015007e-14
-6.4335617739473488e-15
-2.1173380759358519e-15
-1.3719000721383999e-14
-3.8260128243141063e-14
-1.0193811775293066e-14
-5.5597750283667202e-15
-3.5213689977948175e-15
3.4462488685984373e-15
1.3816657475548013e-14
-6.1937146897537525e-15
-1.5476307451132329e-14
-1.4142040209945526e-14
5.8902307885441321e-15
-9.5361209452677661e-15
5.0846425722010671e-15
1.7184611858842128e-14
1.5375184680710097e-14
-1.5980544187011101e-14
-2.0838393659212311e-14
-1.7326158395846074e-14
-1.1803084590518398e-14
-7.1640060908016714e-15
7.2453135822907867e-16
2.1911291351397884e-14
2.0328780925387297e-14
1.4056773775166565e-14
4.7276095433855595e-16
-5.6200694021778903e-15
2.7326899797428741e-14
1.9565237088483143e-14
4.2682683627144480e-14
3.6228092688175272e-14
4.8736793099222621e-14
3.3058360417219595e-14
3.2604888484553152e-14
2.2832339233076487e-14
3.0166170699005926e-14
2.7591222492581132e-14
4.4554687760514020e-14
4.4044847761349254e-14
4.7071723898334851e-14
3.1575552308872160e-14
2.5078014123073553e-14
9.0887011268310489e-15
2.1611384509124501e-14
3.1105535253241752e-14
3.6931343850243445e-14
5.3009619724645070e-14
4.5534409382445040e-14
2.1082023064631815e-14
2.0872386936212429e-14
2.0663225616791684e-14
2.5077739178921961e-14
3.1013155305842066e-14
4.0188645064523585e-14
4.9801370447496557e-14
4.4993174368235445e-14
4.0795240196632724e-14
2.7150197363413911e-14
2.7105683816846593e-14
2.9362884785869626e-14
3.1096526125540096e-14
3.4505069640439080e-14
4.8602267489419155e-14
2.4125190942109514e-14
2.7695820318580337e-14
1.5024455346894469e-14
3.4356185409404267e-14
1.7495374622150029e-14
2.6207773773727577e-14
4.8268534439436486e-14
4.6933558795485322e-14
4.5805129294773190e-14
2.3498678152283207e-14
3.7357293509189311e-14
3.4723501159634799e-14
1.8197795357788293e-14
4.1293129037625041e-14
3.9235115576685526e-14
3.9768573952344681e-14
3.3404321151382351e-14
2.9707225935100793e-14
2.0910369794107770e-14
1.5133751519050648e-14
3.3117196958646556e-14
4.5584456785130880e-14
4.1141714841834552e-14
4.9621663881483391e-14
6.2015977777121439e-14
3.9145582796563882e-14
3.7332072587694820e-14
5.2646290550546866e-14
2.7530313994695593e-14
1.9193946473949693e-14
2.7199178688528650e-14
2.3640378813633724e-14
6.2023189156434482e-15
8.3300801814162742e-15
7.2803666104937672e-15
2.1381570408306728e-14
-2.0591072933148140e-14
-4.9598419089426828e-15
1.0741008067662402e-14
9.5657852869659483e-15
3.0110524272895056e-14
-2.1828939442285827e-16
1.3894547828468709e-14
1.6785323910885700e-14
1.0382280935814142e-14
1.8614672897211386e-14
1.6092820190487102e-14
2.1975933384578263e-14
1.4997835615811714e-14
1.0886847636822903e-14
4.1102165041139039e-15
2.0651054727238873e-14
