2.2498267036392898e-13
-4.0241936361979995e-13
8.0815948068270815e-13
-4.9239050345503252e-13
-4.7096669021952627e-13
1.1003042058885514e-12
2.3316939376757482e-13
-1.1389157628341845e-14
-8.8216654292350925e-15
-3.3457722592924148e-13
-1.8827572022790162e-12
8.1745737767968596e-13
-4.9710345363606549e-13
1.2302998240668188e-13
-1.5987411395896849e-13
-5.1692993860770224e-13
-2.9028644517094222e-12
-2.5232224325438189e-12
-3.2114065595142233e-12
-4.6744707080296700e-12
-4.9746020303619630e-12
-6.3006881330005749e-12
-1.4075935589785626e-11
-2.0894401711919766e-11
-2.7236917391254225e-11
-4.1741500133672512e-11
-5.8978764798214127e-11
-8.4004172170580771e-11
-1.2309394978345562e-10
-1.7411552443510852e-10
-2.4857766881552694e-10
-3.5391436181115683e-10
-5.0487156221887927e-10
-7.1326383370088648e-10
-1.0114054150231289e-09
-1.4263365889898836e-09
-2.0069583622919351e-09
-2.8176172595440901e-09
-3.9458262003839510e-09
-5.5137170782150411e-09
-7.6850929754982937e-09
-1.0688838451674784e-08
-1.4827815025416811e-08
-2.0520430201494354e-08
-2.8335475182474751e-08
-3.9028168065690063e-08
-5.3635268784331158e-08
-7.3535312546198274e-08
-1.0058383449728570e-07
-1.3725704617708836e-07
-1.8686862872171535e-07
-2.5381577690523921e-07
-3.4394856717751957e-07
-4.6500774318571396e-07
-6.2721579073137558e-07
-8.4404760478389530e-07
-1.1332206187070246e-06
-1.5179456501218706e-06
-2.0285983427140975e-06
-2.7047955241403082e-06
-3.5980976586471680e-06
-4.7754258380389991e-06
-6.3234411835806609e-06
-8.3540587017284672e-06
-1.1011472693744336e-05
-1.4480985206985238e-05
-1.9000124713525783e-05
-2.4872602677694841e-05
-3.2485773341685806e-05
-4.2332427512111575e-05
-5.5037891800880696e-05
-7.1393674119240937e-05
-9.2399081872058457e-05
-1.1931255380790451e-04
-1.5371483070834811e-04
-1.9758641229768360e-04
-2.5340230297254740e-04
-3.2424754601757875e-04
-4.1395768235572076e-04
-5.2728899746482872e-04
-6.7012433092277955e-04
-8.4972097067588113e-04
-1.0750084868460313e-03
-1.3569453700114677e-03
-1.7089447826600839e-03
-2.1473812108100754e-03
-2.6921915002175549e-03
-3.3675855328784343e-03
-4.2028838389613068e-03
-5.2335015814859252e-03
-6.5021005922921669e-03
-8.0599336318360713e-03
-9.9684075814752450e-03
-1.2300894815163792e-02
-1.5144824811416352e-02
-1.8604090505501499e-02
-2.2801806706844761e-02
-2.7883460047750112e-02
-3.4020492364811382e-02
-4.1414361007895674e-02
-5.0301121063951418e-02
-6.0956575111119744e-02
-7.3702036144589811e-02
-8.8910748173200396e-02
-1.0701500706581070e-01
-1.2851402053666644e-01
-1.5398254131656794e-01
-1.8408030070735185e-01
-2.1956226109610014e-01
-2.6128969498340510e-01
-3.1024208492840311e-01
-3.6752982296405395e-01
-4.3440766950874754e-01
-5.1228891050506020e-01
-6.0276012734049322e-01
-7.0759646698158329e-01
-8.2877726998226542e-01
-9.6850188142415117e-01
-1.1292054349793574e+00
-1.3135743632547479e+00
-1.5245613491048338e+00
-1.7653993929488132e+00
-2.0396146313601959e+00
-2.3510375028673414e+00
-2.7038118193082168e+00
-3.1024012658459910e+00
-3.5515928217356776e+00
-4.0564965678343334e+00
-4.6225413274951084e+00
-5.2554655761808462e+00
-5.9613030533741282e+00
-6.7463625195967518e+00
-7.6172011232327783e+00
-8.5805908773101471e+00
-9.6434777970533112e+00
-1.0812933315629017e+01
-1.2096097678756864e+01
-1.3500115119463318e+01
-1.5032060731868084e+01
-1.6698859097645212e+01
-1.8507194869339870e+01
-2.0463415680324047e+01
-2.2573427929519895e+01
-2.4842586178021943e+01
-2.7275577091403591e+01
-2.9876299062436665e+01
-3.2647738849998944e+01
-3.5591846767116266e+01
-3.8709412139129419e+01
-4.1999940927218603e+01
-4.5461537567277588e+01
-4.9090793204516054e+01
-5.2882682604284490e+01
-5.6830472084922775e+01
-6.0925640843767340e+01
-6.5157818028673077e+01
-6.9514737841127172e+01
-7.3982214840215676e+01
-7.8544141447691331e+01
-8.3182509432766608e+01
-8.7877456881115165e+01
-9.2607341828119814e+01
-9.7348843364774865e+01
-1.0207709061036735e+02
-1.0676581949504045e+02
-1.1138755681498088e+02
-1.1591383052154174e+02
-1.2031540469268431e+02
-1.2456253712104554e+02
-1.2862525694890002e+02
-1.3247365929737478e+02
-1.3607821338767081e+02
-1.3941008024661008e+02
-1.4244143573899723e+02
-1.4514579438494945e+02
-1.4749832921110738e+02
-1.4947618275767465e+02
-1.5105876432535143e+02
-1.5222802860134934e+02
-1.5296873095420671e+02
-1.5326865493323126e+02
-1.5311880784796585e+02
-1.5251358073145244e+02
-1.5145086950201741e+02
-1.4993215472270148e+02
-1.4796253800479187e+02
-1.4555073379955763e+02
-1.4270901605661186e+02
-1.3945311998304618e+02
-1.3580209989887155e+02
-1.3177814493547507e+02
-1.2740635504835635e+02
-1.2271448049781370e+02
-1.1773262857703257e+02
-1.1249294192211168e+02
-1.0702925321162846e+02
-1.0137672144398179e+02
-9.5571455261342649e+01
-8.9650128963824798e+01
-8.3649596924028458e+01
-7.7606512069220329e+01
-7.1556953948793506e+01
-6.5536071652642292e+01
-5.9577746498542751e+01
-5.3714278972558326e+01
-4.7976103896813576e+01
-4.2391537225975959e+01
-3.6986557251025033e+01
-3.1784622330842232e+01
-2.6806526593465986e+01
-2.2070294364697379e+01
-1.7591113406207210e+01
-1.3381306392831734e+01
-9.4503394415559363e+00
-5.8048659348845471e+00
-2.4488033686604420e+00
6.1655949297513357e-01
3.3924282480024699e+00
5.8823446638476273e+00
8.0920082732814578e+00
1.0029081511092414e+01
1.1702982206353431e+01
1.3124667232208598e+01
1.4306411031993047e+01
1.5261582592341947e+01
1.6004424228382316e+01
1.6549835290728875e+01
1.6913163607448428e+01
1.7110007145435024e+01
1.7156028023797521e+01
1.7066780645683579e+01
1.6857555343440765e+01
1.6543238562929613e+01
1.6138190253828622e+01
1.5656138790459869e+01
1.5110093427797421e+01
1.4512274004619135e+01
1.3874057343947273e+01
1.3205939572822864e+01
1.2517513390595388e+01
1.1817459158228537e+01
1.1113548560369008e+01
1.0412659506233245e+01
9.7208008829799226e+00
9.0431457541633229e+00
8.3840716030580040e+00
7.7472062532796677e+00
7.1354781537560923e+00
6.5511697882888154e+00
5.9959730579773209e+00
5.4710455846135719e+00
4.9770669907559704e+00
4.5142943252055518e+00
4.0826159173767778e+00
3.6816030585080499e+00
3.3105590192114893e+00
2.9685650196799274e+00
2.6545228693402652e+00
2.3671940854969815e+00
2.1052353848539789e+00
1.8672305168772017e+00
1.6517184735126615e+00
1.4572181658487469e+00
1.2822497049125865e+00
1.1253524612323660e+00
9.8510010684177085e-01
8.6011286429845013e-01
7.4906720106334224e-01
6.5070321484556248e-01
5.6382995705623684e-01
4.8732893837911745e-01
4.2015605293149527e-01
3.6134214716945107e-01
3.0999244622334088e-01
2.6528503556454830e-01
2.2646857943008447e-01
1.9285944036376504e-01
1.6383834700392486e-01
1.3884673993520361e-01
1.1738290873919968e-01
9.8998017309199174e-02
8.3292099533685049e-02
6.9910093289642511e-02
5.8537968018368289e-02
4.8898989479273347e-02
4.0750155033948757e-02
3.3878823660216335e-02
2.8099557097580753e-02
2.3251181752464822e-02
1.9194075350705494e-02
1.5807677694444335e-02
1.2988221084181762e-02
1.0646673029486750e-02
8.7068816283875691e-03
7.1039124139105781e-03
5.7825642692097756e-03
4.6960515342797443e-03
3.8048390489369838e-03
3.0756169292540068e-03
2.4804022385285351e-03
1.9957550971175272e-03
1.6020974290791199e-03
1.2831232365361827e-03
1.0252900887499929e-03
8.1738226957540580e-04
6.5013687489031389e-04
5.1592496582658599e-04
4.0848059037091249e-04
3.2267132459435559e-04
2.5430463261719426e-04
1.9996499795972339e-04
1.5687737283301160e-04
1.2279311372712616e-04
9.5894972233480003e-05
7.4718212101306867e-05
5.8085344282031212e-05
4.5052280499727891e-05
3.4864035103098058e-05
2.6918434635119618e-05
2.0736417657454726e-05
1.5937858652622623e-05
1.2221903850531611e-05
9.3510655224110975e-06
7.1383341679707648e-06
5.4368393032164543e-06
4.1315261585345908e-06
3.1324877661613034e-06
2.3696440489348108e-06
1.7885127164340748e-06
1.3468424777332406e-06
1.0119437264052091e-06
7.5860028509896575e-07
5.6739496603623873e-07
4.2342318104477418e-07
3.1526652647773456e-07
2.3420807841576297e-07
1.7359484148209200e-07
1.2837914011830373e-07
9.4725864924897080e-08
6.9734584558732481e-08
5.1221744395990885e-08
3.7538234629270157e-08
2.7448509403365767e-08
2.0024334058797760e-08
1.4577274020105265e-08
1.0585041271361747e-08
7.6704460918568586e-09
5.5459517366970010e-09
4.0008634269600521e-09
2.8796725895171494e-09
2.0670550714324926e-09
1.4826944107464629e-09
1.0572763084184555e-09
7.5499649759224433e-10
5.3648464238577261e-10
3.8184554298393083e-10
2.7051618594785755e-10
1.9059085131151179e-10
1.3371996702882354e-10
9.6736651410224566e-11
6.5875940569007053e-11
4.6038572046754684e-11
3.2940427072237663e-11
2.2396244204178734e-11
1.5461024623165149e-11
9.4172135384922896e-12
8.1861951250605760e-12
5.7783932250619487e-12
2.3285250672516134e-12
2.3619313615236266e-12
1.9969670802751134e-12
2.1203920248974817e-12
9.9306479799591178e-13
-1.5929793490657853e-12
-3.3196165564054624e-13
1.4692972775766628e-12
-5.6212439893115397e-14
2.3949901932009729e-14
-6.6565938983292152e-13
3.4147884272258293e-13
-4.2607611029741898e-13
-3.1088786646452338e-13
-1.6561600453436308e-12
5.8987789324175416e-13
-5.3793688785241635e-13
-3.2233257566366691e-13
-4.9187750065253878e-14
-8.3488741446001129e-14
5.9732934934900408e-13
-8.3890715135480671e-13
9.8599981310928449e-13
7.2606617893295681e-13
5.1155212600205054e-13
4.9768369212065718e-14
3.0452523112754853e-13
-9.5658661183236258e-13
-9.0223711327439055e-13
-8.0483369809814631e-13
-1.5176635902496151e-12
-1.3009639915190917e-12
1.3402124584417711e-12
-3.2052448400973619e-13
2.5364360196915023e-13
1.4580568561426920e-12
-5.4275228747943438e-13
-7.5971119680131437e-13
2.8219782241020712e-13
1.7516651983856220e-13
1.0022875130342181e-12
3.2963097988193715e-14
-6.1103305398225297e-13
-8.9578330124491958e-13
1.1356534915392220e-12
-2.7253628124534906e-14
-7.1531784335240329e-13
4.3068613989766227e-13
1.0784392692468980e-12
-6.8813986708815998e-13
6.2031808565810559e-13
1.3712590363494235e-12
-5.3823412099961559e-14
5.4829342394224031e-13
1.5258032379714924e-13
-2.5547061840515320e-13
-1.1785320626605460e-13
1.1085798438570107e-12
-3.1096089892875217e-13
9.2898411578793459e-13
8.5984928514740272e-13
2.4116232424068019e-13
-1.0787642510472324e-12
4.1835405231523678e-13
-1.2739602742176988e-13
-7.9196502370484697e-13
6.1037561275207447e-13
-1.4344007035312234e-12
-2.4620594147872052e-13
-6.5773329313853273e-13
1.7826370687864090e-12
8.2907831106033069e-14
7.1902272080597908e-13
-4.4944377898445066e-13
3.2338414740898159e-13
-1.0287341114842967e-12
-5.4072623806783224e-13
-2.4934579907474111e-12
-7.1818199063318658e-15
1.4135360299807449e-12
-1.3845154930040683e-12
-7.1709376539947068e-13
2.6710175552612901e-13
-6.0241594036592614e-14
-1.6080673194709182e-13
1.1484016468317336e-12
-5.8264844468419062e-14
-9.5551368910847688e-13
-8.0803956635713899e-14
4.7012221885226782e-14
4.2909396652387760e-13
9.7241667349637057e-14
9.1729929581085442e-14
-1.0551331217203678e-12
1.4601918380348887e-12
-1.1909501295582758e-13
-1.4776508635900253e-12
-2.0050433861028632e-13
8.3828558729483178e-13
-7.1218321551877236e-13
2.6489125411399702e-13
2.1336982475481877e-12
3.1308119413688889e-13
-1.5151564082547796e-12
-1.5704473629441378e-13
-2.2385336668441445e-13
-5.1891441945453714e-13
8.3989092112477924e-14
-2.2923153836768020e-13
2.9160577558282113e-13
1.3685130599181530e-12
9.6664236563931962e-13
-8.9668530333802792e-14
2.4932720903564790e-14
-1.3052646790006690e-13
-7.5380998953642889e-13
-3.8801675268596671e-13
2.8894699133806793e-13
8.3648679934676902e-13
-2.9378424322668236e-13
7.4376638299234509e-13
-9.9625820100964221e-13
-6.0935026034363372e-13
1.9017634357671118e-13
-4.9713815422113647e-13
-1.2786943342052618e-12
1.4397109918015138e-12
8.0319017696521941e-13
-5.6792423220114076e-13
-2.8327555384809110e-13
1.2222089598514243e-12
4.6077353767540055e-13
-8.5393317630872960e-14
-1.2346258212729600e-12
-1.1237334029868305e-12
-3.4344415030205756e-13
3.0102923410883418e-13
-1.3921853849094683e-12
7.2111926584810313e-13
-8.0773583907275892e-14
1.9558353718375702e-12
1.1235267907336539e-13
1.1507037546688565e-14
-1.2705617970607345e-13
