-3.0191042574962682e-14
3.1863514386161260e-13
-2.3654072270131318e-13
-2.3880042976917580e-14
3.2331631642678906e-13
2.5539463798508462e-13
1.4301919590726424e-15
-2.5004792776456781e-13
-4.4244175633149964e-13
3.7066284849031243e-15
1.5763376335489094e-13
-4.9953663177009010e-13
-6.2996463116887402e-15
5.1810126388161226e-13
-4.9283343027735181e-13
6.9299641176151242e-13
-9.4433921963420614e-13
-4.6327555043805673e-13
-1.5542002202824076e-13
-9.9619514749118164e-14
2.9173648060951014e-13
7.5502299366176853e-14
5.2366217217332872e-13
-3.6054182364520780e-13
-6.1989308304055427e-13
1.9019428756754689e-13
1.8826584242483804e-13
-3.5405849964560127e-13
7.5272237550576683e-14
2.5782579375725395e-15
-3.3773139459811525e-13
3.0038511302359846e-13
-7.1646115193696227e-13
-5.1795667090832412e-14
9.5740007842225310e-14
1.1157875358959693e-13
-8.5506375863290963e-14
2.8782792402650743e-13
3.7657288185767238e-13
-8.1904139693196814e-13
-1.7254170518512026e-13
-4.5791341288087312e-13
3.5933680753890116e-13
-1.5671305696828401e-12
-7.1607452297625011e-13
-2.2758073532055428e-12
-2.5176424735908425e-12
-4.9094588533828489e-12
-6.2432780651088446e-12
-9.6757228165148632e-12
-1.2884641982890080e-11
-1.8742456496369857e-11
-2.6115343720616236e-11
-3.5053019459936250e-11
-4.8806967787804997e-11
-6.7800208085028356e-11
-9.1521912036056754e-11
-1.2325375492079603e-10
-1.6458090560629078e-10
-2.1612481279035976e-10
-2.8160157805789071e-10
-3.6151044400454618e-10
-4.5668154926281415e-10
-5.6741362132374996e-10
-6.8805280413871711e-10
-8.1049422347166653e-10
-9.1394476092967383e-10
-9.6916403661938666e-10
-9.2255250065366692e-10
-6.9183923395787347e-10
-1.4555558027056488e-10
9.0704762776543555e-10
2.7587158062439225e-09
5.8305084712494939e-09
1.0733416273368663e-08
1.8338627636454760e-08
2.9872200770512059e-08
4.7052720241008595e-08
7.2255069819051829e-08
1.0873903657131876e-07
1.6094447107625560e-07
2.3486450386251401e-07
3.3852747599370210e-07
4.8261411926985497e-07
6.8121577482143792e-07
9.5279281997664106e-07
1.3213479863204016e-06
1.8178516973011865e-06
2.4819582991680794e-06
3.3640412345604260e-06
4.5275671372073996e-06
6.0518155952685054e-06
8.0349266287218427e-06
1.0597220988023206e-05
1.3884676741476542e-05
1.8072382518811276e-05
2.3367669515444365e-05
3.0012488970585664e-05
3.8284411525681426e-05
4.8495398418481924e-05
6.0987151286622407e-05
7.6121495973867768e-05
9.4263734275557446e-05
1.1575631817891013e-04
1.4087945676980758e-04
1.6979441055908477e-04
2.0246415265606150e-04
2.3854490878848380e-04
2.7724065194127234e-04
3.1711105636356032e-04
3.5582162391756289e-04
3.8982279365916780e-04
4.1394270540489312e-04
4.2087617966912993e-04
4.0055026969520536e-04
3.3934464440109151e-04
2.1914324914966787e-04
1.6192192556550922e-05
-3.0026197489952831e-04
-7.6957935786084225e-04
-1.4416036241439042e-03
-2.3788302834679312e-03
-3.6588828655016877e-03
-5.3773060882678228e-03
-7.6506744838144049e-03
-1.0620000777716170e-02
-1.4454409796104432e-02
-1.9355020415663976e-02
-2.5558949353540160e-02
-3.3343315901246999e-02
-4.3029085843665840e-02
-5.4984545191467414e-02
-6.9628140235953026e-02
-8.7430359913123465e-02
-1.0891427010555073e-01
-1.3465423834206450e-01
-1.6527231281163837e-01
-2.0143164374246353e-01
-2.4382626053923176e-01
-2.9316644804392711e-01
-3.5015890370392322e-01
-4.1548080900583462e-01
-4.8974691863723313e-01
-5.7346876527020851e-01
-6.6700510310374672e-01
-7.7050277610160212e-01
-8.8382730410262833e-01
-1.0064826384082104e+00
-1.1375197543897853e+00
-1.2754340276981606e+00
-1.4180516869548947e+00
-1.5624060520899923e+00
-1.7046047541828622e+00
-1.8396896875303745e+00
-1.9614920624394008e+00
-2.0624855990871076e+00
-2.1336416158054172e+00
-2.1642905024041452e+00
-2.1419948093652348e+00
-2.0524399010072911e+00
-1.8793487854967952e+00
-1.6044283130703794e+00
-1.2073543896580250e+00
-6.6580414729502202e-01
4.4456894191718312e-02
9.4942478727871260e-01
2.0766367768795697e+00
3.4548738549884033e+00
5.1137805989858798e+00
7.0833980752721253e+00
9.3936073897365500e+00
1.2073483631186511e+01
1.5150562467039160e+01
1.8650024480857542e+01
2.2593805440970854e+01
2.6999643994116230e+01
3.1880081706554968e+01
3.7241433830575062e+01
4.3082752545370496e+01
4.9394807584780452e+01
5.6159111988326906e+01
6.3347023059570141e+01
7.0918950350003357e+01
7.8823703475456128e+01
8.6998012693957790e+01
9.5366254324243030e+01
1.0384041117994315e+02
1.1232029518146085e+02
1.2069405516384485e+02
1.2883898764037806e+02
1.3662266196434103e+02
1.4390436405416963e+02
1.5053685475154350e+02
1.5636843015112552e+02
1.6124526209634291e+02
1.6501398773333074e+02
1.6752450783756251e+02
1.6863294487615525e+02
1.6820470375415741e+02
1.6611757122440332e+02
1.6226478431397834e+02
1.5655799410710927e+02
1.4893004905927702e+02
1.3933752188756466e+02
1.2776290611759174e+02
1.1421641263190415e+02
9.8737303050835891e+01
8.1394705401523794e+01
6.2287868134525709e+01
4.1545820896590648e+01
1.9326424259193754e+01
-4.1851945291573376e+00
-2.8778807168965287e+01
-5.4221822978498281e+01
-8.0262556800628303e+01
-1.0663396762624212e+02
-1.3305779592078417e+02
-1.5924901581845435e+02
-1.8492050859740937e+02
-2.0978785650979032e+02
-2.3357415138063541e+02
-2.5601471059352895e+02
-2.7686159424042654e+02
-2.9588782132438706e+02
-3.1289118986560447e+02
-3.2769761537773405e+02
-3.4016391416980832e+02
-3.5017997192738056e+02
-3.5767025360853017e+02
-3.6259462737888862e+02
-3.6494849259515729e+02
-3.6476221920382602e+02
-3.6209992282978783e+02
-3.5705761578897778e+02
-3.4976078880997778e+02
-3.4036149098576271e+02
-3.2903498606043041e+02
-3.1597607132626894e+02
-3.0139515098860755e+02
-2.8551415876272512e+02
-2.6856242470101063e+02
-2.5077257889803661e+02
-2.3237657995455297e+02
-2.1360194913821428e+02
-1.9466828235871188e+02
-1.7578410172449648e+02
-1.5714409694708405e+02
-1.3892679460510243e+02
-1.2129268067518699e+02
-1.0438278917199422e+02
-8.8317757582762923e+01
-7.3197338366372961e+01
-5.9100345401917657e+01
-4.6085005155428036e+01
-3.4189674667278950e+01
-2.3433882370235043e+01
-1.3819643293233906e+01
-5.3329973964844735e+00
2.0542814262447573e+00
8.3828578448138131e+00
1.3703939584505948e+01
1.8077361527825758e+01
2.1569693143457854e+01
2.4252408248612387e+01
2.6200150800036880e+01
2.7489124710273558e+01
2.8195629803533535e+01
2.8394760150272806e+01
2.8159275322102342e+01
2.7558649737265988e+01
2.6658300343731014e+01
2.5518988507047265e+01
2.4196388201033859e+01
2.2740809481675704e+01
2.1197063773880050e+01
1.9604455709315751e+01
1.7996885094302066e+01
1.6403042015287511e+01
1.4846678048774198e+01
1.3346936965723604e+01
1.1918729134622385e+01
1.0573134956545770e+01
9.3178240342273853e+00
8.1574783119830592e+00
7.0942090562757496e+00
6.1279592156544433e+00
5.2568843497155227e+00
4.4777069035558901e+00
3.7860400900458648e+00
3.1766789985936295e+00
2.6438577560443939e+00
2.1814726107173796e+00
1.7832716892782430e+00
1.4430128890325420e+00
1.1545919214923126e+00
9.1214292681487918e-01
7.1011434623074776e-01
5.4332288617171687e-01
4.0698845020234470e-01
2.9675286996924599e-01
2.0868515124981962e-01
1.3927578183182659e-01
8.5422439448834139e-02
4.4409203735152059e-02
1.3881128221666086e-02
-8.1842234406534382e-03
-2.3506919994122896e-02
-3.3535362846722039e-02
-3.9476643062390626e-02
-4.2325854506053154e-02
-4.2893841258819745e-02
-4.1833013551567738e-02
-3.9660999768568066e-02
-3.6782013320659931e-02
-3.3505903731877340e-02
-3.0064932603100919e-02
-2.6628369368214819e-02
-2.3315040884258436e-02
-2.0203995131217397e-02
-1.7343454661550229e-02
-1.4758241945847846e-02
-1.2455858296624692e-02
-1.0431392130483868e-02
-8.6714225669207983e-03
-7.1570718893327499e-03
-5.8663462908285224e-03
-4.7758894297398160e-03
-3.8622583784216199e-03
-3.1028169208870116e-03
-2.4763273739357079e-03
-1.9633093637602011e-03
-1.5462223911954002e-03
-1.2095187253038640e-03
-9.3960415507763826e-04
-7.2473634002262661e-04
-5.5488388283428359e-04
-4.2156376450007128e-04
-3.1767019038789527e-04
-2.3730423869256444e-04
-1.7561075299944023e-04
-1.2862665450152444e-04
-9.3143050137029198e-05
-6.6582237134997261e-05
-4.6889766590621146e-05
-3.2441019461379201e-05
-2.1961394285016476e-05
-1.4458882129173023e-05
-9.1677307720887569e-06
-5.5018276017900743e-06
-3.0165182914532387e-06
-1.3775970234043990e-06
-3.3636731247913581e-07
2.9025032225460174e-07
6.3543658427956600e-07
7.9479818011307282e-07
8.3592247994327837e-07
8.0574490433281578e-07
7.3615460918870266e-07
6.4822857106998587e-07
5.5538778407638856e-07
4.6573958529798091e-07
3.8377456552005646e-07
3.1158949516764679e-07
2.4975993100680220e-07
1.9794222907946765e-07
1.5528010077780406e-07
1.2067827318179744e-07
9.2977013432995295e-08
7.1053827383715630e-08
5.3881323904741869e-08
4.0561374167399414e-08
3.0315646233986106e-08
2.2501943718053216e-08
1.6589236023961768e-08
1.2150684163843989e-08
8.8392635975671661e-09
6.3893818477537144e-09
4.5867954957205539e-09
3.2719201645103610e-09
2.3174026169331629e-09
1.6306219546595556e-09
1.1385126731768673e-09
7.8945034367409057e-10
5.4314897580743789e-10
3.7088209063551001e-10
2.5008733664842406e-10
1.6839301041180744e-10
1.1146586777633097e-10
7.3168519067251201e-11
4.7487924268722346e-11
3.0760314133081747e-11
1.8699267626236593e-11
1.2020271896249819e-11
7.4923788595995116e-12
4.0330660072091695e-12
2.3411806364203345e-12
1.5276080957350023e-12
-4.5528327000114954e-14
7.0955176701213721e-13
-1.5531893397092811e-13
-2.2862982532069819e-13
-3.2646886433565511e-13
2.5146179861922447e-13
9.7880818697674289e-14
2.2800875670410478e-13
9.3221363374283986e-14
-2.2418220713550608e-13
-1.6228152396911542e-13
2.8810519538386818e-13
7.5294630219900728e-13
-2.0139688318883355e-13
1.0082015784704417e-12
-3.6005780518322158e-13
3.8881874937174162e-13
9.3125270371371982e-14
4.6004085596943293e-14
-4.2540029128673730e-14
6.8028065615947611e-13
-4.6887768849783487e-13
-6.5378470573743222e-13
8.6308963622820216e-14
1.5577859970286101e-13
-5.8915776490160481e-13
-1.4527993704865095e-13
3.3231455660120843e-13
3.7260594156425170e-14
-3.3081309346347633e-13
1.9320980264640650e-13
6.1434541345830253e-14
5.1687369284991472e-13
-2.2406863122939810e-13
2.4124167726821082e-13
3.8881444334666665e-14
7.9325811446245633e-13
-3.0877689207198506e-13
-2.3987662217143636e-13
7.0159837339941784e-14
7.8793298644703476e-14
-9.9547497881308456e-13
4.5482601578208813e-14
1.8121435180334088e-13
4.0756581902410693e-13
1.0235442652559146e-13
3.0123242752451328e-13
2.1213189817301058e-13
-2.6935860816764985e-13
-5.0471190567083894e-13
-5.6100784732012800e-13
-9.0432444173918994e-15
2.1642211390207819e-13
-8.6095833394597371e-13
-1.3383388737219723e-13
-1.6900516512970130e-14
-5.9394195668714760e-14
-4.8959387771054177e-13
7.1899582621598113e-13
-5.4606731027953743e-13
2.3374510106562334e-13
-3.9623684619626320e-13
1.3845637175381801e-13
-4.7933098223991719e-13
3.1743893678276110e-13
-4.6227861318583485e-13
9.1168548166700875e-14
9.5980121810390278e-13
7.6160061860996016e-13
-1.9830600777030804e-13
2.3025608664876580e-13
2.4683954248632498e-13
-1.0729984030361951e-13
-3.8905887499831966e-13
1.3055790471520894e-13
-1.5428849157941732e-13
-3.7386389494690198e-14
4.4512599224248282e-13
2.0704688182286574e-14
9.6538826741075809e-14
9.3350878209328138e-13
-2.2457344721422962e-13
1.7680674767223838e-13
-7.0428942624830265e-14
-4.3191745388374544e-13
-1.2669591913691851e-14
2.8091316122792432e-13
4.2825835277934684e-13
1.5652054824144748e-14
3.2100005168304792e-13
2.0599414895463019e-13
-3.1927911266160988e-14
-3.2220495452632137e-13
9.2120247604770358e-13
-5.2181005619157189e-13
3.4723237537133350e-13
1.2429149704735472e-13
-2.1591260417049639e-13
1.4811379657850811e-13
-2.1359113771865967e-13
-4.0711838670673290e-13
-1.2390775503040170e-13
-2.7797294971829897e-13
7.7899637484123039e-14
-2.5044952300722157e-13
-5.6974692526650706e-13
7.3969327988209048e-14
6.3237050719740551e-14
-3.8377887189218865e-15
6.6786752258845806e-13
-2.2735734508061141e-13
-3.1419764423165213e-13
-2.3099739558210902e-13
-5.0071653588372163e-13
-2.5630870545934671e-13
