3.0784474582419318e-14
4.2590052957001396e-14
4.7136753184233831e-14
5.0863745226060725e-14
5.9939023651965594e-14
5.1510760012071139e-14
4.9853405455901930e-14
5.2632576107780376e-14
4.1251395245301147e-14
4.7842781337223704e-14
5.0406594578093728e-14
5.2963489790314787e-14
4.3938317753696579e-14
5.7817421341686408e-14
3.9829780554307732e-14
5.6473573301855011e-14
4.0069149613263896e-14
5.2791572253229370e-14
5.8295309515318508e-14
6.7339036949849282e-14
4.2218317177472369e-14
6.4526822373684971e-14
7.5789801704719173e-14
8.5638406494527370e-14
7.0483653181601749e-14
9.0094807555435345e-14
8.3493893955064222e-14
8.4318557652415612e-14
8.8288288011522709e-14
9.1642405258504320e-14
9.4581271750739124e-14
1.0302167936970334e-13
7.9193409984030318e-14
7.6760456677918448e-14
6.8972912988409344e-14
6.9551223302003386e-14
5.7772162524816594e-14
5.6877496697212007e-14
5.4652806585692738e-14
3.5681540688569130e-14
6.4953388216295379e-15
1.3182771897903275e-14
2.1966412225607402e-14
7.1786492227793551e-15
-5.8730495780250941e-15
-6.5602542233288330e-15
-1.3001094771053763e-14
3.0961795477562704e-15
-1.8524498005738184e-14
-1.5754161435009544e-14
-7.7955953702806293e-15
3.7280777601313091e-15
5.5380466999154380e-15
-6.1699681140064801e-15
-6.0092086747594526e-15
-5.8034263635897537e-15
-3.8303956381509377e-14
-1.6918170244125856e-14
-6.5716531327771537e-15
-2.5829805368498193e-14
-2.4516630383820691e-15
-2.0817021135797053e-14
-8.7561558112644634e-15
2.3388130515489859e-14
-1.3972716813435571e-14
2.9992188832271227e-15
1.4027156798393269e-14
1.5116166794741894e-14
2.4077568193296471e-14
1.2394898510563802e-14
3.1676241939589037e-14
3.8901584785447304e-14
2.7332050439040911e-14
3.3147919389259260e-14
4.4057193126164485e-14
2.0620647200240926e-14
2.5736507830164795e-14
2.0074014723300710e-14
2.2363256398181609e-14
5.4941427458806260e-14
1.7619813664878275e-14
1.9671396619152196e-14
1.2776254471146192e-14
2.8738473012482351e-14
2.7450366290236423e-14
2.6848030511460453e-14
2.1783713419652321e-14
3.7910798395784839e-14
1.7849041481268457e-14
8.3956873418319869e-15
3.1685188334607486e-14
2.1573927702566824e-14
3.9418578554535896e-14
9.7608132841739273e-15
2.0056343482817670e-14
3.2551365434216997e-14
-2.3587213201291445e-14
-2.4360897480861207e-15
-1.3222907774900691e-14
-1.9061519906977472e-14
-1.0325954849330831e-14
-2.5428376897170081e-15
1.4158134662325415e-14
5.0937908549317902e-14
6.6194853318715025e-14
4.6691254173418798e-14
5.3054994428076944e-14
4.2085481049377688e-14
5.1880398630220781e-14
2.4766549019397059e-14
4.2057259203949947e-14
1.6910616719404839e-14
-2.7068977675853466e-14
-5.6457230678238209e-14
-3.2803127547543162e-14
-6.7635587837554647e-14
-6.6833076659718347e-14
-5.7896313066767508e-14
-7.1449662127207177e-14
-5.7316180150887377e-14
-7.1969864977077482e-14
-8.9401741038725483e-14
-7.4337128553655313e-14
-8.5919855728523682e-14
-9.7899677700095972e-14
-1.0797804115058884e-13
-1.0289741726258285e-13
-1.1977482140723311e-13
-1.3100778699143251e-13
-1.5433605570231081e-13
-1.4196557254089828e-13
-1.6971747368726976e-13
-1.7180780477842481e-13
-1.6444978053789124e-13
-1.6897324398605290e-13
-1.7581290970264069e-13
-1.8402534435265402e-13
-2.0374945701837224e-13
-2.3054559172546545e-13
-2.5984685677878445e-13
-2.7768695852460584e-13
-3.2871295470241632e-13
-3.5425650471220606e-13
-4.0721921197368180e-13
-4.7539490180554096e-13
-5.2800960584630836e-13
-5.4192025514108171e-13
-6.2106745446395575e-13
-6.2997094594999330e-13
-6.4979329321792605e-13
-6.8210603831879293e-13
-7.1111382688364118e-13
-7.3848645031483642e-13
-7.8636178878104641e-13
-8.2896550748180177e-13
-8.9304593551260002e-13
-9.5862871657132723e-13
-1.0299280607973894e-12
-1.1315652961463605e-12
-1.2470387645030956e-12
-1.3389018612943878e-12
-1.4616725156488543e-12
-1.5556458332931221e-12
-1.6951329189511680e-12
-1.8584025904887357e-12
-1.9847687447038795e-12
-2.1575519772105155e-12
-2.3440053847690345e-12
-2.5119045001513276e-12
-2.7399743116906072e-12
-3.0158124005833861e-12
-3.2829095954496600e-12
-3.6231489278826438e-12
-3.9499394090679623e-12
-4.3432407253954727e-12
-4.8069716024072521e-12
-5.3024611230037969e-12
-5.8414390537476020e-12
-6.4050569746671414e-12
-7.0226613502805260e-12
-7.6813021804414760e-12
-8.3675963555698783e-12
-9.1113688118540797e-12
-9.8930355009103432e-12
-1.0750872325537509e-11
-1.1660563438030262e-11
-1.2660477673277077e-11
-1.3700595995716495e-11
-1.4835218861713790e-11
-1.6015714570433112e-11
-1.7299123593104415e-11
-1.8624001223153424e-11
-2.0048283305202448e-11
-2.1504703369444495e-11
-2.3011641043712954e-11
-2.4576846177127690e-11
-2.6191063781867741e-11
-2.7820436112527806e-11
-2.9510487889052676e-11
-3.1227155729493688e-11
-3.2968985645593762e-11
-3.4772204111532070e-11
-3.6584729192180372e-11
-3.8382163954434856e-11
-4.0249829218051881e-11
-4.2044563693103923e-11
-4.3875763040570041e-11
-4.5683716606276586e-11
-4.7479957165092308e-11
-4.9202539329251624e-11
-5.0929724447602068e-11
-5.2557068724063022e-11
-5.4130932980817863e-11
-5.5618568082711616e-11
-5.7038564181135638e-11
-5.8360612585781222e-11
-5.9593623358269206e-11
-6.0711661576256600e-11
-6.1723047732327155e-11
-6.2596598240972068e-11
-6.3374464932642187e-11
-6.3981339144626325e-11
-6.4484627710112812e-11
-6.4883812568066457e-11
-6.5095596331072789e-11
-6.5200762000956071e-11
-6.5159563504009430e-11
-6.5025581829698947e-11
-6.4680388981218271e-11
-6.4253834243210152e-11
-6.3647769446423256e-11
-6.2954041944196503e-11
-6.2138995762834090e-11
-6.1184873224150156e-11
-6.0160735539534571e-11
-5.9006330289011968e-11
-5.7743091059108582e-11
-5.6370243934883186e-11
-5.4950774407162741e-11
-5.3407331648921074e-11
-5.1797949206228059e-11
-5.0167126802668286e-11
-4.8449810437450607e-11
-4.6736909919924139e-11
-4.4976017656580929e-11
-4.3240924438354130e-11
-4.1444520477154651e-11
-3.9692249789346328e-11
-3.7914503638650858e-11
-3.6195460692782702e-11
-3.4454345780411997e-11
-3.2754820031772402e-11
-3.1075943208491185e-11
-2.9400884063492655e-11
-2.7741838117237013e-11
-2.6167784177209490e-11
-2.4567073571785883e-11
-2.3076549382085715e-11
-2.1625191931269350e-11
-2.0235552638182364e-11
-1.8910446649661069e-11
-1.7646420017769529e-11
-1.6415111994177436e-11
-1.5284463173814285e-11
-1.4180755451280446e-11
-1.3156929218715151e-11
-1.2148267508274045e-11
-1.1240288603866654e-11
-1.0346101681954667e-11
-9.5161073221233203e-12
-8.7331886403397170e-12
-8.0109986764968663e-12
-7.2970644566587136e-12
-6.6602115192675410e-12
-6.0519928684531825e-12
-5.5200734301345220e-12
-5.0073565996712077e-12
-4.5808784871603209e-12
-4.1672482630250919e-12
-3.8153986843185128e-12
-3.4820621185201064e-12
-3.1994697107626195e-12
-2.9067453744968077e-12
-2.6756198099280141e-12
-2.4411301855227255e-12
-2.2075093517557658e-12
-1.9844876290194031e-12
-1.8251480203862323e-12
-1.6422274281442305e-12
-1.4852926069232007e-12
-1.3642291730682405e-12
-1.2240348599828888e-12
-1.1075580839862564e-12
-1.0188154677892799e-12
-8.9193515617740477e-13
-8.1333826831969701e-13
-6.7661824238793978e-13
-5.9963277671758887e-13
-5.1053872866641216e-13
-4.4732636372835785e-13
-3.9212979027750644e-13
-3.3336217356488198e-13
-2.9079022903509926e-13
-2.5338908843063380e-13
-2.0761476961535985e-13
-1.6502391879912842e-13
-1.6617453108630197e-13
-1.2900724168541121e-13
-1.3191576313702443e-13
-1.2475150111480988e-13
-1.2942003418833162e-13
-1.3895056309664615e-13
-1.2450083427421980e-13
-1.3100506313555243e-13
-1.4932107314633715e-13
-1.3539137020941746e-13
-1.3004450123291625e-13
-1.0045930164210859e-13
-1.0718317314668470e-13
-1.0247732198296110e-13
-9.0807624705336090e-14
-8.6673237941529159e-14
-1.0264321627249601e-13
-8.0744628557133650e-14
-9.8900582364053018e-14
-7.6626705279657089e-14
-9.0880934389450729e-14
-9.7082826963710711e-14
-6.7834917130884133e-14
-8.2391266287413244e-14
-8.4784288092896075e-14
-6.7867398654888639e-14
-5.5689832969013581e-14
-2.0397546961749056e-14
-4.3444315313827138e-15
-1.1903240175361823e-14
4.5458756586341308e-14
3.3843754674517818e-14
2.6739656999941530e-14
5.6671240212930431e-14
4.1649062065919669e-14
8.1858781614612452e-14
7.6620062226785994e-14
6.5702307857645747e-14
9.9662240446579588e-14
1.0358573455217258e-13
8.6301314248899183e-14
8.9569202035212525e-14
8.0339861083258521e-14
1.1813331066326352e-13
1.0129920516764860e-13
1.1371378249100239e-13
1.5199808503379391e-13
1.3251933342211027e-13
1.3514147315086602e-13
1.2922706999696803e-13
1.2434716169407231e-13
1.4541337757392617e-13
1.2150998860385743e-13
7.7189866328813390e-14
2.5068942429455560e-14
1.9186143426137696e-14
-1.4775970786216629e-14
-2.5570697934655921e-14
-2.9344444270808186e-14
-2.4742940243882189e-15
-2.5621297297491588e-14
-1.0165645051065536e-14
2.6908972752274964e-14
3.8250062995964083e-14
2.1333332208078127e-14
2.7429966549697501e-14
2.8226037590081494e-14
3.6869910090865892e-14
3.0431787078749980e-14
2.4208866661850198e-14
4.9782989944319700e-14
5.2864328717482813e-14
3.4326162577584959e-14
3.6442707319154807e-14
3.1610636032493322e-14
5.4901261776431024e-14
4.6611750621601085e-14
1.7490706837494270e-14
3.3380320634990618e-14
2.9868089315208370e-14
2.3117429923449063e-14
2.4720458326511662e-14
2.2824020039038691e-14
2.0593987053136896e-14
7.2153954034550219e-15
1.9287350910441006e-14
1.1685256426700085e-14
1.6302702904646340e-14
9.7587049103852612e-15
2.3812508086074328e-14
2.1072142754893922e-14
1.4995377892961516e-14
1.8877023746706684e-14
1.1112662551022840e-14
3.0346385486350607e-14
3.2103942289277693e-14
1.9531800143542832e-14
1.9702842953962074e-14
2.9930003376581892e-14
3.0047273344078490e-15
9.0705876055338851e-16
-7.1762638997253467e-15
1.3317977871383572e-14
6.1525862865436848e-15
1.2815195484239741e-14
2.6999660345610776e-14
1.2921430036353246e-14
2.7286130311657398e-15
1.0035888102281776e-14
1.3894736353397981e-14
2.1164529684477786e-14
1.8611174818636390e-14
2.4100579866736815e-14
2.4558141988558571e-14
4.8308490048245930e-14
2.5115799270843152e-14
5.1051508301916494e-15
4.3902605277117091e-14
3.7290397940926564e-14
3.0534219746813074e-14
4.3448660628498870e-14
5.5385213943213388e-14
7.3402310412720826e-14
4.1925641464225969e-14
4.8807386747099296e-14
4.6747064098086487e-14
4.3399306200446649e-14
4.6013976805932254e-14
3.6137628251546812e-14
4.0550035301708538e-14
3.5690432099312364e-14
1.5851456635833492e-14
1.1653455258079498e-14
1.8329806472598455e-14
1.1495370473709835e-14
2.9435816458334731e-14
3.4789175286072039e-14
4.0428654851861370e-14
3.8540497047048988e-14
1.4984190782204257e-14
1.5450323065807867e-14
1.9484699598765946e-14
2.3960291068403623e-14
3.0545303479926087e-14
2.2451753581288640e-14
2.7637711646023039e-14
3.7680505151734386e-14
1.7091749338209583e-14
9.8648718776690834e-15
3.8170825532597733e-15
-5.6303353412081538e-15
2.6483964084395925e-14
2.2192604702616701e-14
2.4581814737739118e-14
3.9678095826540641e-14
8.4082567346706566e-15
1.2539303116038860e-14
7.9732625805822717e-15
2.7239973727279859e-14
2.5538191185044013e-14
3.6074333070767696e-14
3.0814460435821626e-14
1.9052547343639139e-14
1.1508841031798879e-14
1.5284467044479499e-14
2.3752180299130822e-14
2.0139244517696447e-14
3.1892966802631936e-14
1.5912410351029150e-14
1.9794339834582717e-14
3.9940115950075470e-14
7.1567083320361232e-15
2.5000841652930802e-16
2.8574471911730372e-14
1.7717383999897779e-14
2.6847308571000705e-14
2.0948398956278766e-14
5.5034985522276418e-14
3.2014928720068426e-14
3.8783896771961282e-14
2.0827566436050401e-14
2.6681671313381601e-14
1.1352566236609293e-14
1.5458053665895818e-14
3.2950648545590810e-14
3.6359052699555776e-14
3.7694409250322904e-14
1.2674133705064284e-14
3.1863740675102560e-14
3.2390493019278594e-14
2.3544266350369111e-14
3.3710622352080970e-14
1.9299487473953726e-14
1.5474165707664598e-14
2.6059567750427946e-14
3.0516301398931089e-14
3.0757190061100616e-14
2.1115096160476045e-14
1.0591941384180631e-14
1.2670345043394546e-14
2.0894197206277551e-14
3.3554021707664956e-14
4.0212767038617266e-14
2.0309652837680206e-14
1.3617951075873787e-14
2.9358788066851208e-14
