7.0127032517482623e-04
2.0924917012517672e-04
-2.9225915101173768e-04
-8.0943590334790088e-04
-1.3471630233046247e-03
-1.9109885286106294e-03
-2.5038829572901510e-03
-3.1309705741415974e-03
-3.8062994327692770e-03
-4.5469562994282509e-03
-5.3697548614450620e-03
-6.2852687093218947e-03
-7.3063854108810370e-03
-8.4536659517441774e-03
-9.7510999451201341e-03
-1.1222023056158046e-02
-1.2882610184866423e-02
-1.4748942549750193e-02
-1.6844106513484204e-02
-1.9189379488221955e-02
-2.1811229808241985e-02
-2.4744539614524115e-02
-2.8029186204156342e-02
-3.1707612492374776e-02
-3.5818457758072707e-02
-4.0402127799774951e-02
-4.5507829713952702e-02
-5.1181909909751008e-02
-5.7476775973510946e-02
-6.4457448762997138e-02
-7.2193640867619105e-02
-8.0754726355637185e-02
-9.0215491012047053e-02
-1.0065388109625768e-01
-1.1215116434784722e-01
-1.2479452806863062e-01
-1.3867359533909479e-01
-1.5387407766109662e-01
-1.7048851152825181e-01
-1.8861580927308502e-01
-2.0835054316823340e-01
-2.2979002142448579e-01
-2.5304072167105135e-01
-2.7820957907216531e-01
-3.0540059414334508e-01
-3.3470989388104971e-01
-3.6623437046282709e-01
-4.0007028867775368e-01
-4.3630878051069016e-01
-4.7503039659597535e-01
-5.1630192152958443e-01
-5.6017544467903002e-01
-6.0669124006711095e-01
-6.5588111900320767e-01
-7.0775742233161942e-01
-7.6230596894842451e-01
-8.1948950560465006e-01
-8.7924941600992523e-01
-9.4151079684039729e-01
-1.0061667919628259e+00
-1.0730744021251146e+00
-1.1420628634990533e+00
-1.2129194171724624e+00
-1.2853824854531215e+00
-1.3591468427175861e+00
-1.4338655858574261e+00
-1.5091531664562661e+00
-1.5845707169938434e+00
-1.6596235498072121e+00
-1.7337669361844530e+00
-1.8064051554682417e+00
-1.8768917562373806e+00
-1.9445297854162658e+00
-2.0085674243323641e+00
-2.0681923646438314e+00
-2.1225438004161954e+00
-2.1707164921485935e+00
-2.2117574706513849e+00
-2.2446635378199842e+00
-2.2683795664315749e+00
-2.2818168217521881e+00
-2.2838568426503056e+00
-2.2733461614447363e+00
-2.2491156782276440e+00
-2.2099889776557835e+00
-2.1547820589777822e+00
-2.0823073986740961e+00
-1.9913833241414081e+00
-1.8808498718354658e+00
-1.7495784695026211e+00
-1.5964787821503106e+00
-1.4205035662147467e+00
-1.2206556630610317e+00
-9.9600839682924225e-01
-7.4571750577572737e-01
-4.6903056665591525e-01
-1.6529696301343677e-01
1.6602250690086900e-01
5.2534689923114986e-01
9.1296200650987103e-01
1.3290137551473755e+00
1.7735051546851159e+00
2.2462859093084471e+00
2.7470428520657819e+00
3.2752954553625591e+00
3.8303922270792072e+00
4.4115064351431155e+00
5.0176390986783561e+00
5.6476243497317027e+00
6.3001163968355494e+00
6.9735959684071709e+00
7.6663803873234766e+00
8.3766238796574068e+00
9.1023246791460100e+00
9.8413404062405423e+00
1.0591389791917491e+01
1.1350060023948691e+01
1.2114831054301709e+01
1.2883088297393517e+01
1.3652129818362319e+01
1.4419178014540343e+01
1.5181394589408560e+01
1.5935913963828202e+01
1.6679852691399013e+01
1.7410323479550744e+01
1.8124461698134088e+01
1.8819444187131012e+01
1.9492499332596402e+01
2.0140931423151834e+01
2.0762141236915852e+01
2.1353636205118192e+01
2.1913050022851305e+01
2.2438163009555232e+01
2.2926908431596331e+01
2.3377389541535155e+01
2.3787899732987622e+01
2.4156925055994023e+01
2.4483149627185885e+01
2.4765477189709216e+01
2.5003032085647458e+01
2.5195157705926356e+01
2.5341413901675317e+01
2.5441580268868744e+01
2.5495668580082928e+01
2.5503911296987770e+01
2.5466754091764887e+01
2.5384855723021168e+01
2.5259079768308641e+01
2.5090480254156557e+01
2.4880300560102814e+01
2.4629962236898869e+01
2.4341041036711619e+01
2.4015259888215223e+01
2.3654479994641939e+01
2.3260682455458440e+01
2.2835956429826709e+01
2.2382481104906169e+01
2.1902506396188258e+01
2.1398335800274374e+01
2.0872316634223711e+01
2.0326822234165306e+01
1.9764235020971487e+01
1.9186931554599020e+01
1.8597272571854429e+01
1.7997587059765024e+01
1.7390160506773146e+01
1.6777221143417780e+01
1.6160922143599304e+01
1.5543336361895419e+01
1.4926454326058241e+01
1.4312177698933256e+01
1.3702309325898321e+01
1.3098540872946868e+01
1.2502451115536527e+01
1.1915504546963506e+01
1.1339055906831158e+01
1.0774341724804096e+01
1.0222468833132494e+01
9.6844264155256372e+00
9.1610865844687446e+00
8.6531939121576666e+00
8.1613772446339841e+00
7.6861573896098632e+00
7.2279559081717597e+00
6.7870923391661231e+00
6.3637808730912049e+00
5.9581436637834315e+00
5.5702189373000799e+00
5.1999655924502228e+00
4.8472692568744193e+00
4.5119464671513647e+00
4.1937439231404161e+00
3.8923488829784438e+00
3.6074058926530532e+00
3.3385149255075710e+00
3.0852342112095767e+00
2.8470796898966033e+00
2.6235379601112543e+00
2.4140818663132650e+00
2.2181634220336770e+00
2.0352211555493911e+00
1.8646951136364192e+00
1.7060210824206217e+00
1.5586304230435182e+00
1.4219488188095952e+00
1.2954076098641767e+00
1.1784529612165708e+00
1.0705411467926438e+00
9.7113791168176700e-01
8.7971945205347057e-01
7.9577555982399273e-01
7.1881555536966546e-01
6.4837243962144797e-01
5.8400012112729605e-01
5.2526690080423744e-01
4.7176082861118740e-01
4.2309211011833597e-01
3.7889929277396517e-01
3.3883953746630929e-01
3.0258234975907461e-01
2.6982089319335301e-01
2.4026872243561784e-01
2.1365119562447529e-01
1.8971209037898917e-01
1.6821605181747068e-01
1.4894415085356313e-01
1.3169162904251852e-01
1.1627057796153936e-01
1.0250442166103917e-01
9.0231562374403329e-02
7.9311799146133413e-02
6.9616928079527046e-02
6.1022598623692990e-02
5.3419395838587243e-02
4.6706273670596127e-02
4.0784550209432564e-02
3.5563837140217672e-02
3.0963880479852240e-02
2.6917307472050712e-02
2.3366844371953244e-02
2.0256451906439269e-02
1.7540237169087709e-02
1.5175298836059543e-02
1.3115310542206000e-02
1.1316388687942944e-02
9.7416754027144156e-03
8.3645557633414882e-03
7.1612938455619954e-03
6.1038918839395268e-03
5.1663539585335471e-03
4.3264073556577038e-03
3.5717384489985303e-03
2.8930530145682976e-03
2.2785645707929575e-03
1.7169337068956884e-03
1.1970140786280157e-03
