-7.2432869499121203e-13
5.4720706025250127e-13
2.0261460996668967e-13
-4.2549364727826057e-13
2.3600020973790305e-13
4.6686411243599674e-13
-4.8598079539899219e-13
-6.2529980977648679e-13
1.4150461239041487e-13
-3.0111303341862154e-13
-8.2214001297183482e-13
9.2602482272402959e-13
1.1855750768317509e-12
-6.4370292413258616e-13
4.7088996591587092e-13
-2.0976918423828621e-12
9.6637782542195082e-14
2.1114615789404983e-13
1.1239622718549861e-12
-7.3150034952089245e-13
1.0342080707931603e-12
1.4389164055914076e-12
1.9032472039407934e-13
-2.4378741471757306e-13
6.3783528518515004e-13
-1.8574302957056666e-13
-1.7311768060127889e-12
-1.2272417935796694e-12
1.3004209765514079e-13
1.0370619274359513e-12
-2.4923109474280214e-13
5.5199439884509205e-13
-5.9768076765248852e-13
-2.3670540224331669e-14
-9.1181957779193793e-13
-2.7689287727056347e-14
1.2468454994105816e-12
-1.0532649362389732e-12
1.9496441708990443e-12
8.3283761376474663e-14
6.6578065779893699e-13
-8.6452305089944520e-13
2.2925847142745954e-12
1.6586251942295144e-12
3.3704417487661989e-12
4.4269874628270959e-12
6.9145210668282909e-12
9.3024749282254463e-12
1.2915846648822083e-11
1.7179109012890810e-11
2.5354714240059009e-11
3.3933909959918073e-11
4.7617322554330129e-11
6.4970376179212732e-11
8.8162381204921686e-11
1.1696694634550822e-10
1.5577562926860393e-10
2.0562649720968533e-10
2.6680416394395158e-10
3.3928892562468658e-10
4.2900165989751855e-10
5.2995733751343205e-10
6.3785974336950005e-10
7.4425401008787146e-10
8.3166842740361470e-10
8.6193526115925393e-10
7.9124312198865809e-10
5.3141904022301645e-10
-4.5010933395065096e-11
-1.1275893365792163e-09
-3.0061116410761305e-09
-6.0903743297465196e-09
-1.0980684346938434e-08
-1.8531337821366586e-08
-2.9939783532167867e-08
-4.6880748064356260e-08
-7.1674854943059337e-08
-1.0750078106226215e-07
-1.5868428620016182e-07
-2.3105446360066432e-07
-3.3243282425466315e-07
-4.7320198071160541e-07
-6.6706942534167677e-07
-9.3197904978087031e-07
-1.2912599623742353e-06
-1.7750104804181580e-06
-2.4217543344942522e-06
-3.2804368930567718e-06
-4.4127079671320346e-06
-5.8955939671069665e-06
-7.8244364648558329e-06
-1.0316139042497474e-05
-1.3512556842436668e-05
-1.7583864727473865e-05
-2.2731622449361080e-05
-2.9191124564622745e-05
-3.7232424090657508e-05
-4.7159185086549718e-05
-5.9304261320549577e-05
-7.4020458324173223e-05
-9.1664468235697416e-05
-1.1257145646864377e-04
-1.3701695252584829e-04
-1.6516193160088317e-04
-1.9697591365161433e-04
-2.3213174871849508e-04
-2.6986432205167258e-04
-3.0878396409565701e-04
-3.4663345425309163e-04
-3.7997572077715352e-04
-4.0379720321711708e-04
-4.1100973419687007e-04
-3.9183151659178821e-04
-3.3302586049871122e-04
-2.1697419517166251e-04
-2.0558584045988258e-05
2.8617217329333819e-04
7.4157862827231038e-04
1.3942738855883927e-03
2.3052559969019741e-03
3.5503471860306771e-03
5.2229504123699070e-03
7.4371238313134949e-03
1.0330960063270868e-02
1.4070239654094050e-02
1.8852305523671939e-02
2.4910077591616970e-02
3.2516093231231079e-02
4.1986419395133333e-02
5.3684235936547094e-02
6.8022836802227010e-02
8.5467736381762013e-02
1.0653750305379062e-01
1.3180287165610888e-01
1.6188361271622231e-01
1.9744256045589548e-01
2.3917612671328781e-01
2.8780055671107657e-01
3.4403311919414059e-01
4.0856737214055067e-01
4.8204161138138063e-01
5.6499959845051595e-01
6.5784268272096602e-01
7.6077248730279035e-01
8.7372342571901596e-01
9.9628446346946642e-01
1.1276097417431501e+00
1.2663179454105917e+00
1.4103806285109348e+00
1.5570001107990772e+00
1.7024780293141673e+00
1.8420761679257955e+00
1.9698717906302337e+00
2.0786103631212400e+00
2.1595592497851319e+00
2.2023667040527353e+00
2.1949312082517038e+00
2.1232869407183488e+00
1.9715118236912978e+00
1.7216652031273598e+00
1.3537626954441777e+00
8.4579606794913453e-01
1.7380616045777461e-01
-6.8798323413017271e-01
-1.7669629699407592e+00
-3.0918607278236099e+00
-4.6923818631075811e+00
-6.5987643509148350e+00
-8.8412449627718726e+00
-1.1449435875944495e+01
-1.4451613334996157e+01
-1.7873922726101704e+01
-2.1739507444821356e+01
-2.6067572177488827e+01
-3.0872394598526785e+01
-3.6162302918318254e+01
-4.1938640091808864e+01
-4.8194738697337513e+01
-5.4914933389667162e+01
-6.2073640286000533e+01
-6.9634534523469213e+01
-7.7549858398917451e+01
-8.5759892843758905e+01
-9.4192624390677537e+01
-1.0276363816733127e+02
-1.1137626474428930e+02
-1.1992200484061462e+02
-1.2828125095722234e+02
-1.3632431901106469e+02
-1.4391279606951815e+02
-1.5090120246375068e+02
-1.5713895806300488e+02
-1.6247263352875015e+02
-1.6674845818270282e+02
-1.6981504698841292e+02
-1.7152630035613069e+02
-1.7174442233959437e+02
-1.7034299560733876e+02
-1.6721004563626491e+02
-1.6225102216558616e+02
-1.5539162330654091e+02
-1.4658038702407626e+02
-1.3579097613438782e+02
-1.2302408657662080e+02
-1.0830891452944984e+02
-9.1704125891121421e+01
-7.3298281587469276e+01
-5.3209683904768433e+01
-3.1585622282566913e+01
-8.6010114016467742e+00
1.5543570432216640e+01
4.0624419114437615e+01
6.6397779925570205e+01
9.2603406473242060e+01
1.1896853612353365e+02
1.4521220250949651e+02
1.7104979549215292e+02
1.9619777102028343e+02
2.2037840797312205e+02
2.4332450647857635e+02
2.6478392249420352e+02
2.8452383664113700e+02
3.0233466131938758e+02
3.1803349884000590e+02
3.3146707443069079e+02
3.4251408117325565e+02
3.5108688881206848e+02
3.5713258447759432e+02
3.6063333020695387e+02
3.6160603920212384e+02
3.6010138953362514e+02
3.5620220997674676e+02
3.5002128739578831e+02
3.4169865815593994e+02
3.3139845709129452e+02
3.1930540631356052e+02
3.0562103241298024e+02
2.9055970427047112e+02
2.7434458474478936e+02
2.5720358798226880e+02
2.3936543016167934e+02
2.2105585534659289e+02
2.0249411004852939e+02
1.8388973043167405e+02
1.6543969517596881e+02
1.4732598524410531e+02
1.2971357956090748e+02
1.1274890329689808e+02
9.6558733417763264e+01
8.1249554754307155e+01
6.6907349359082914e+01
5.3597792593971000e+01
4.1366821432025979e+01
3.0241533995006279e+01
2.0231374465372866e+01
1.1329554233277259e+01
3.5146584364208606e+00
-3.2476131517854161e+00
-9.0026207505494060e+00
-1.3804922170114375e+01
-1.7716417369565356e+01
-2.0804539640905517e+01
-2.3140528110769928e+01
-2.4797810829575468e+01
-2.5850522051469575e+01
-2.6372171586477410e+01
-2.6434478501827918e+01
-2.6106376113195203e+01
-2.5453190266006292e+01
-2.4535988462922028e+01
-2.3411093520641462e+01
-2.2129752185161774e+01
-2.0737946523054692e+01
-1.9276333937137640e+01
-1.7780300308103271e+01
-1.6280110001977672e+01
-1.4801136255568601e+01
-1.3364155696583415e+01
-1.1985691403475672e+01
-1.0678389889582029e+01
-9.4514186336486983e+00
-8.3108722025936359e+00
-7.2601765549463497e+00
-6.3004827124246168e+00
-5.4310425879270161e+00
-4.6495613135168101e+00
-3.9525218828554025e+00
-3.3354792787911407e+00
-2.7933224761520514e+00
-2.3205037778271085e+00
-1.9112358513896133e+00
-1.5596575830150388e+00
-1.2599704586869118e+00
-1.0065476287186683e+00
-7.9401812148014406e-01
-6.1732886044077318e-01
-4.7178722019046826e-01
-3.5308684891083592e-01
-2.5731940233023526e-01
-1.8097469395868782e-01
-1.2093158274601219e-01
-7.4441705823949184e-02
-3.9107932801437692e-02
-1.2859179225969472e-02
6.0770207485658654e-03
1.9203012119620708e-02
2.7779633065959288e-02
3.2854190057845727e-02
3.5287218020391468e-02
3.5777607586409452e-02
3.4885817686967746e-02
3.3055007069664084e-02
3.0630012911731445e-02
2.7874180949485881e-02
2.4984110247815772e-02
2.2102419617998848e-02
1.9328673195221378e-02
1.6728622166428196e-02
1.4341929843794026e-02
1.2188550087611619e-02
1.0273926001450558e-02
8.5931686079246984e-03
7.1343647125095893e-03
5.8811507766135364e-03
4.8146761181079665e-03
3.9150648329734370e-03
3.1624719606308405e-03
2.5378163631004508e-03
2.0232601724325945e-03
1.6024935806967090e-03
1.2608733155704713e-03
9.8545436605756141e-04
7.6494647503521382e-04
5.8962040436466513e-04
4.5118316524919244e-04
3.4263684510963771e-04
2.5813165303695989e-04
1.9282092653207517e-04
1.4272310211616810e-04
1.0459408780277598e-04
7.5811723360407783e-05
5.4273133526274808e-05
3.8304965031057260e-05
2.6585962898201156e-05
1.8080993270489624e-05
1.1985486174137347e-05
7.6791293577294135e-06
4.6876541745057541e-06
2.6515912656906373e-06
1.3009791784756030e-06
4.3504162469091511e-07
-9.3972517579482211e-08
-3.9354189253854646e-07
-5.4084489123642402e-07
-5.9049462175374791e-07
-5.8047704713936514e-07
-5.3666413618096786e-07
-4.7623492501283260e-07
-4.1019695127951840e-07
-3.4527679360835303e-07
-2.8528403195539354e-07
-2.3208375070920165e-07
-1.8629889762320827e-07
-1.4780207536462735e-07
-1.1603381379681732e-07
-9.0226098214762532e-08
-6.9539656238245416e-08
-5.3156169208542464e-08
-4.0314566825847285e-08
-3.0350540435199881e-08
-2.2685226264437959e-08
-1.6837994768394613e-08
-1.2413541472732395e-08
-9.0929962412702356e-09
-6.6144964817555456e-09
-4.7808918686778774e-09
-3.4333628015446997e-09
-2.4501202979201936e-09
-1.7345979891748540e-09
-1.2209283754689962e-09
-8.5451691219983168e-10
-5.9204979235466632e-10
-4.0824266568082115e-10
-2.7758466559808357e-10
-1.8795902948648771e-10
-1.2610062831534602e-10
-8.5469787807637465e-11
-5.4803133809860672e-11
-3.6652922843757381e-11
-2.4598661681402680e-11
-1.4204163067089014e-11
-9.8299383995105772e-12
-5.4711396317052410e-12
-1.4022013553066272e-12
-1.0776018347906263e-12
-3.7336805562005117e-13
-6.1323828928875600e-13
3.3940142076469977e-13
-2.3606058302448312e-12
1.3870384182487683e-12
-2.3901350822545837e-13
6.9075664911529314e-13
1.8828289548261326e-13
1.4872692667877111e-12
-1.1495514950920387e-12
9.8529741291279319e-13
7.0598846015663734e-13
6.4006384406059693e-13
6.7901970513595018e-13
9.5168067193832165e-13
-7.4196029323905085e-13
-6.3738144966048071e-13
-6.9756624151539013e-13
9.0110531815884628e-13
-1.4498621376711463e-12
4.1170034869119276e-14
-1.7214930576398728e-12
8.2287612180730605e-14
-5.1703318899106696e-13
4.5355566353437659e-13
-1.8845046458631302e-12
4.4015539552350455e-13
-7.7157402387300725e-14
2.0700173679419486e-13
9.0625501651892765e-13
1.2365425740498663e-12
5.4253493365964451e-13
5.5414469577322247e-13
2.9167796574161546e-13
-1.2957319063756786e-12
3.6740620942210636e-13
7.5824505523869617e-13
-4.9043682414349341e-13
-2.7552140337863034e-13
7.4331761723807161e-13
5.5610396554208941e-14
-2.1538131773949965e-14
-1.7346654935890119e-12
-9.4888221734303480e-13
-1.4492963621392822e-12
9.4310302574620438e-13
-1.1380924731712798e-12
-7.3943490726064650e-14
-4.8819748301908179e-13
4.9301547641260625e-13
-1.1351015806551772e-12
-2.8512164968041661e-13
5.8771191178450919e-13
-1.1886540997841512e-12
1.3430638712704324e-13
-9.5590167129561860e-13
7.5048419246384527e-13
7.9763910644955188e-13
8.1437669583020073e-13
-1.1313162037533287e-12
-2.7132787099049851e-13
1.8847356164420183e-12
-6.9157606445389998e-13
-1.2296495525870086e-12
5.1407556528534616e-13
1.4080457117635613e-12
-9.4212456501784937e-13
-5.4800477538955715e-13
1.2492466220630500e-12
-4.2428691057470106e-13
-1.6316460077622846e-12
6.7125792520563700e-13
-4.9129625281430037e-13
3.6124261775974508e-13
3.1528951621025263e-13
-1.0153075779765441e-12
5.0434387931970080e-13
2.5751990642781899e-13
-5.8433568603354130e-13
-1.9709934705288952e-12
-1.6772902291557854e-13
-4.4919333150647752e-13
5.6108256896796627e-13
-2.3491779193139330e-13
8.5781113096924044e-13
-9.3073579965882872e-13
-5.6887483674358599e-13
-9.6386966575797122e-13
-1.0354866742339035e-12
1.7004845669047820e-12
3.6192845443912041e-13
-1.5563067615546905e-13
6.8266733007665554e-13
5.5362902757898494e-13
-1.3591767039372498e-12
-4.1648530747464518e-13
-4.7727726086763711e-13
-1.8419951654291588e-13
-4.9470310202972409e-13
1.8340775878985948e-12
6.8203317358742279e-13
-4.6533922231318507e-13
7.0402751785209339e-13
-8.1368044728020137e-14
-4.3317852305334769e-13
6.8161853130398620e-13
2.4239631479894096e-13
-8.2826612365859012e-14
1.4207296546241732e-13
5.3984232514347856e-13
-1.4312199633651176e-12
-4.6053262851208272e-13
7.9040338580415613e-13
1.3546934926475950e-12
-5.6555532878033323e-13
1.0473586919040594e-12
-2.4195847526163993e-13
