-4.9616664915032504e-13
-7.1807444466186851e-13
-7.1001698514711909e-13
2.5151499673889866e-12
1.6902577703086119e-12
6.4071453627880505e-13
1.7048091309330349e-13
1.8653937811297587e-12
-2.0554348400804006e-12
7.3128441922679684e-13
-1.4930477645065145e-12
-4.8706992552980557e-13
-1.1722269384805749e-12
9.6688414610303742e-13
1.0457984313172005e-12
4.0034367805878675e-12
6.7972480638001347e-13
1.8451549011887370e-12
-1.8600447711868773e-13
7.6615421698063465e-13
9.4455747742548957e-13
-1.0388408633769087e-13
2.0921213533827173e-12
1.2905626606127608e-12
-1.1376589745234244e-12
1.4471859792416757e-12
7.4514714859587775e-13
4.8650102186841757e-13
-1.0850857484085473e-12
-1.0554049086922626e-12
-2.8244910059579101e-12
1.4518410241217975e-12
-3.1320904107975497e-12
6.3281618089609174e-13
-1.1422984298746331e-13
1.1831609248441016e-12
-1.7270628088730835e-12
3.8007844026762552e-12
5.8153982335073897e-12
9.4762865462142296e-12
1.0301566250094864e-11
1.5268942061891207e-11
2.6709443133516404e-11
3.8315646366508766e-11
5.3679689743285723e-11
8.2175738306399127e-11
1.1744953489884014e-10
1.7113643828438497e-10
2.3933804158141783e-10
3.4346413931022655e-10
4.8331182706215478e-10
6.7511950593982763e-10
9.4334607309040252e-10
1.3086268168206717e-09
1.7983159827947657e-09
2.4628359628771248e-09
3.3458747154038930e-09
4.5137219524194841e-09
6.0554169370747893e-09
8.0624185192470725e-09
1.0654334107305258e-08
1.3976894757413832e-08
1.8172154801713285e-08
2.3423041711248530e-08
2.9886908263755795e-08
3.7714157823038625e-08
4.6993112703969776e-08
5.7706515381463944e-08
6.9643650761094929e-08
8.2265688122121422e-08
9.4550739429379083e-08
1.0472492993655534e-07
1.0988063847499404e-07
1.0551811486176664e-07
8.4808927030104400e-08
3.7696534667676633e-08
-5.0412498129872685e-08
-2.0029475960006986e-07
-4.4118297774372641e-07
-8.1368315060376562e-07
-1.3736063352043607e-06
-2.1968822402923793e-06
-3.3859284970398385e-06
-5.0776431474582950e-06
-7.4535829098684957e-06
-1.0752657003761367e-05
-1.5286882242490318e-05
-2.1460827541799556e-05
-2.9795310444916724e-05
-4.0956112596387982e-05
-5.5788396295958006e-05
-7.5357546421652992e-05
-1.0099717893038724e-04
-1.3436478856126180e-04
-1.7750552150471352e-04
-2.3292406546238689e-04
-3.0366435219349755e-04
-3.9339598377750509e-04
-5.0650546953332821e-04
-6.4818924099227125e-04
-8.2454375253728732e-04
-1.0426461470257622e-03
-1.3106163731103379e-03
-1.6376487501245721e-03
-2.0339971327878801e-03
-2.5108934564267043e-03
-3.0803741645531900e-03
-3.7549827544767398e-03
-4.5473097851897199e-03
-5.4693233083395361e-03
-6.5314339652589428e-03
-7.7412288227466097e-03
-9.1017974573578426e-03
-1.0609562418576080e-02
-1.2251514573883510e-02
-1.4001742349693404e-02
-1.5817132677977002e-02
-1.7632111913611036e-02
-1.9352286751638397e-02
-2.0846840460204744e-02
-2.1939538437255681e-02
-2.2398201361954025e-02
-2.1922514768173973e-02
-2.0130062574509670e-02
-1.6540500575621581e-02
-1.0557825441620086e-02
-1.4507474424518441e-03
1.1668757641831376e-02
2.9868558933341040e-02
5.4420884391572534e-02
8.6827861324052749e-02
1.2884757017389845e-01
1.8251994419224415e-01
2.5019167666517722e-01
3.3453911210378984e-01
4.3858790089194111e-01
5.6572799300278109e-01
7.1972234114326294e-01
9.0470748383014654e-01
1.1251839932719210e+00
1.3859946106474128e+00
1.6922877643342951e+00
2.0494640857670832e+00
2.4631035171257567e+00
2.9388706571964285e+00
3.4823961309751881e+00
4.0991320071826163e+00
4.7941796383108892e+00
5.5720887701185182e+00
6.4366273691871765e+00
7.3905223533463467e+00
8.4351722799283788e+00
9.5703340474795340e+00
1.0793786787297579e+01
1.2100977346025706e+01
1.3484653067211321e+01
1.4934488938732720e+01
1.6436717548163159e+01
1.7973771636620807e+01
1.9523950315380702e+01
2.1061121153623681e+01
2.2554471303720419e+01
2.3968321541613708e+01
2.5262017504600532e+01
2.6389912448509030e+01
2.7301455467240842e+01
2.7941398272824365e+01
2.8250132286597523e+01
2.8164165917070040e+01
2.7616749487456225e+01
2.6538652334004716e+01
2.4859093151048135e+01
2.2506820758197325e+01
1.9411338177323039e+01
1.5504258322272360e+01
1.0720774832540494e+01
5.0012267525730509e+00
-1.7072689844443998e+00
-9.4491478078669964e+00
-1.8258725125046723e+01
-2.8158559442318833e+01
-3.9157891903466876e+01
-5.1251205031495047e+01
-6.4416944296682559e+01
-7.8616445817921587e+01
-9.3793111946126757e+01
-1.0987187362362155e+02
-1.2675897424593548e+02
-1.4434210429873369e+02
-1.6249090937381959e+02
-1.8105788640019895e+02
-1.9987967421995921e+02
-2.1877873519615960e+02
-2.3756541460007173e+02
-2.5604035435831736e+02
-2.7399722763975490e+02
-2.9122575103472531e+02
-3.0751492203721392e+02
-3.2265642148788305e+02
-3.3644811386042755e+02
-3.4869757303309297e+02
-3.5922555770187768e+02
-3.6786935903236139e+02
-3.7448594362999273e+02
-3.7895481748648990e+02
-3.8118054122155087e+02
-3.8109483360397411e+02
-3.7865820885907607e+02
-3.7386110344058295e+02
-3.6672445949857530e+02
-3.5729974489547709e+02
-3.4566840295410123e+02
-3.3194073878430493e+02
-3.1625426263001111e+02
-2.9877152380906455e+02
-2.7967748109860776e+02
-2.5917646648890400e+02
-2.3748880876683222e+02
-2.1484719112432518e+02
-1.9149282270229378e+02
-1.6767150752759130e+02
-1.4362969560065943e+02
-1.1961059993601488e+02
-9.5850460210861186e+01
-7.2575028469353882e+01
-4.9996345255185751e+01
-2.8309865850393631e+01
-7.6919862760155091e+00
1.1701992313434536e+01
2.9739433887407330e+01
4.6311457468801130e+01
6.1333543672786696e+01
7.4745666312909876e+01
8.6511968342814455e+01
9.6620011223530781e+01
1.0507963540385461e+02
1.1192147678772240e+02
1.1719518970467472e+02
1.2096743091794588e+02
1.2331966157544963e+02
1.2434582475942159e+02
1.2414995549771426e+02
1.2284377788227222e+02
1.2054434045519893e+02
1.1737173645323909e+02
1.1344695005459552e+02
1.0888986366457667e+02
1.0381745473181464e+02
9.8342203823930944e+01
9.2570728919144472e+01
8.6602654281174978e+01
8.0529716049844495e+01
7.4435100944622022e+01
6.8393009360441425e+01
6.2468429723085293e+01
5.6717107323010687e+01
5.1185687991740622e+01
4.5912014926100753e+01
4.0925555679896213e+01
3.6247935787501440e+01
3.1893555596212305e+01
2.7870267590408535e+01
2.4180092703473026e+01
2.0819955742966656e+01
1.7782422005715233e+01
1.5056419340140975e+01
1.2627932233757301e+01
1.0480656882033822e+01
8.5966085561286274e+00
6.9566748671166669e+00
5.5411106690875922e+00
4.3299723103473617e+00
3.3034906988214470e+00
2.4423841741211021e+00
1.7281134626958021e+00
1.1430820325381323e+00
6.7078596514143374e-01
2.9591803704531344e-01
4.4310686565577255e-03
-2.1643422489173703e-01
-3.7815163353516829e-01
-4.9093698215351861e-01
-5.6379591071132495e-01
-6.0458735418886789e-01
-6.2009856636685468e-01
-6.1612796909895318e-01
-5.9757256976446116e-01
-5.6851715682340020e-01
-5.3232294271702207e-01
-4.9171376249611631e-01
-4.4885834711862860e-01
-4.0544756494961920e-01
-3.6276586001642569e-01
-3.2175640819308821e-01
-2.8307976230769155e-01
-2.4716596503591015e-01
-2.1426027631716049e-01
-1.8446279272709276e-01
-1.5776233324007244e-01
-1.3406503304950262e-01
-1.1321812841145590e-01
-9.5029434995873116e-02
-7.9283023945906000e-02
-6.5751587138764320e-02
-5.4205959709727497e-02
-4.4422236567496096e-02
-3.6186882989471640e-02
-2.9300199742735400e-02
-2.3578462493681278e-02
-1.8855014604429302e-02
-1.4980553603428603e-02
-1.1822814658252643e-02
-9.2658207147256998e-03
-7.2088382405294665e-03
-5.5651503936587294e-03
-4.2607355518319758e-03
-3.2329188876249674e-03
-2.4290471493603988e-03
-1.8052226916258451e-03
-1.3251209128640738e-03
-9.5890591292422691e-04
-6.8225188100443990e-04
-4.7547206817877730e-04
-3.2275313501487846e-04
-2.1148970274683854e-04
-1.3171210681786779e-04
-7.5599044351363706e-05
-3.7066533858226019e-05
-1.1424236098268885e-05
4.9092795904618299e-06
1.4640495484447807e-05
1.9791506595358423e-05
2.1853925510164399e-05
2.1912125082442420e-05
2.0741072350378283e-05
1.8883294036062129e-05
1.6708856912381690e-05
1.4461659235013840e-05
1.2294820467333133e-05
1.0297365310073891e-05
8.5141711283611630e-06
6.9606174321449718e-06
5.6332350649585980e-06
4.5172185849051752e-06
3.5917147585305364e-06
2.8333458684213832e-06
2.2185327127290422e-06
1.7248831305463716e-06
1.3320322744879300e-06
1.0219552627297573e-06
7.7910487363323228e-07
5.9029275982266124e-07
4.4452868407235108e-07
3.3275171480279558e-07
2.4760146032290756e-07
1.8314622939582305e-07
1.3466524206934497e-07
9.8423145273813079e-08
7.1498417044961475e-08
5.1619848161248279e-08
3.7029858276337963e-08
2.6389699066128233e-08
1.8681480555702901e-08
1.3128960123644991e-08
9.1610949075453585e-09
6.3384293520537677e-09
4.3515871231520282e-09
2.9595990507845760e-09
1.9903953717764038e-09
1.3254414281567222e-09
8.7118823641997367e-10
5.6418695256089447e-10
3.5987717248434222e-10
2.2123834006177876e-10
1.3319770622257489e-10
7.8294095714433763e-11
4.2780029191405571e-11
2.0662150211989476e-11
8.1974838538728206e-12
1.1995002502892634e-12
-2.6400604419268746e-12
-7.6694744301746712e-12
-5.3736018622617763e-12
-3.1438867060161674e-12
-4.1965019053953591e-12
-3.5094623178398854e-12
-3.9035479675614809e-12
-2.5716568276269440e-12
-3.3995615147606238e-12
-5.3099383916622755e-13
-4.0635559270110285e-13
2.0608352388069882e-12
-8.7348328869573906e-13
-1.3899317847689765e-12
-1.9569149099023730e-12
2.3476309558324246e-12
-2.7406694860891231e-12
-5.0827333826127195e-13
6.4496444904608501e-13
-3.3088412548333203e-13
-2.1786005907285235e-12
-4.5530304763679288e-13
-9.3213599796526556e-13
-1.6734389921192940e-12
2.7348768194695217e-12
1.0758037648475502e-13
-1.0913822387798546e-12
1.6926713823411521e-12
-2.6757073105781672e-12
1.6166332016178017e-12
-2.3322691444817770e-13
1.0632394194993256e-12
-3.7530249844571683e-13
-1.6318064484634042e-13
1.8595571845372238e-12
-9.2446691102136683e-13
-1.7122311135831097e-12
1.9866795502031891e-12
-8.2952067303141995e-14
-2.9654473038101794e-12
-5.8915338410558015e-13
-3.6435975737201778e-13
9.6678020009288983e-14
1.1862992156176015e-13
-2.4904306595957894e-12
9.5743603473060874e-13
2.2502921564716916e-12
1.7227971288779795e-12
7.0966987304207215e-13
2.7654751861683625e-12
1.8614730180891167e-12
-4.1496876911869182e-13
-1.3876261762519938e-12
-3.2620447143187067e-13
-1.2712955553208770e-12
8.1097660725099426e-13
-2.0542644215345813e-12
4.6309591383124691e-13
2.0075246812784622e-12
6.1484554469679020e-13
-8.3035548418208559e-13
5.4157413148953830e-13
-8.3004973787466438e-13
-4.6805386681797652e-13
-4.6734163837366483e-13
3.2317913773846828e-13
1.3720623093268937e-13
-9.9305115709237335e-13
1.9572885360323786e-14
-2.4912334120396191e-12
-6.7192618981125892e-13
-4.8555966758153692e-13
5.1979850528599361e-13
4.0231599597972053e-13
-1.5616966080965103e-13
-6.7185921269994423e-13
-2.9980819628478157e-13
-1.3228364910366150e-12
9.0687600694933687e-13
-5.7090557194885728e-13
-6.7726916455581011e-14
1.7475527077096502e-12
-4.0836581971365962e-13
-1.8954147294510215e-12
2.3513234705046838e-12
-7.1766655582653065e-14
-4.5200523287977843e-13
-4.5292766493153778e-13
2.0514805774063706e-12
-1.1626984132792336e-12
-3.6094568885999194e-13
-3.2786895867197130e-13
1.5391653006638000e-12
-1.8775256210354722e-12
8.2559819999480170e-14
-1.4749599574257403e-12
6.8460272474993446e-13
2.1745906608238331e-12
-1.4754495815597609e-12
1.5628693163124639e-12
1.1901554901459964e-12
-2.8871576580344269e-13
8.7521158022127526e-13
-9.4375960880360367e-13
2.0904139771448560e-12
-5.4382526127866114e-14
-6.1814464269544265e-13
1.6891394258097053e-13
4.3648512498517386e-13
1.9322978639539025e-12
-1.3694605093418705e-12
-3.6023232946425287e-12
-1.5169489515009942e-13
3.4186736400658687e-12
-8.2649061091118516e-13
4.4370494424491926e-13
2.2153849552505230e-13
-1.9527370135825818e-13
-8.1343406288685458e-13
8.7746710380811380e-13
-1.3327125830840460e-12
4.3936468271215183e-13
1.3404511709772142e-12
-5.1890136395663963e-13
-1.3661950339739002e-12
1.4898742406535437e-12
1.2894302394709103e-12
-1.3034054774753121e-12
-4.4383346036726834e-13
-7.0541274790923556e-13
1.1394743751339434e-12
1.2972895717962541e-12
