1.3437508814432456e-14
6.2128530444063303e-15
8.7542245970190402e-15
2.0070803016082460e-14
1.5180123408665856e-14
1.0691263231184195e-14
6.2531414211444741e-15
1.3670121423155987e-14
2.2005053920777468e-15
2.2895037185143868e-14
1.2195016567676273e-14
3.2771903516173747e-14
1.9193666890764241e-14
2.8735186723204364e-15
2.2067195476466276e-14
2.2771669562648748e-14
2.1817874692590302e-14
2.5812680706478848e-14
2.5357646541038245e-14
4.8856690995756808e-14
3.2076299670328563e-14
1.5451887496660737e-14
4.1578822793802180e-14
3.8746157443113934e-14
4.8195478927794614e-14
5.5141724287576003e-14
7.1586647665373079e-14
8.4282299413863294e-14
5.4305373474671634e-14
5.7069953566636345e-14
8.0376299119267197e-14
5.0701299443351624e-14
5.2267719493941414e-14
5.0069426986918607e-14
4.9850291087400356e-14
4.5777634862139121e-14
4.8307208334654311e-14
3.1078159967148767e-14
3.8340481357819449e-14
4.6195732417311647e-14
1.1328707004140833e-14
-1.5642851362727698e-15
-3.3542824003896647e-15
-1.2025588657000521e-14
1.7503354396562424e-15
2.0657929480906058e-15
-2.7236844175861744e-16
1.0337231499028884e-15
-1.0141528494923230e-14
-1.5843623080692471e-14
-1.3920448703360978e-14
-1.3882636928433259e-14
-1.5083391018631748e-14
-3.0073419409682373e-14
-1.0065742470684903e-14
-4.8034383010748310e-15
-2.4846497391529043e-14
-2.2360751571369899e-14
-2.0969072576573318e-14
-6.5663361174542386e-15
-1.7418289113473661e-14
-4.1169425532617266e-15
-9.4215521326697126e-15
8.7435721312910448e-15
-9.2223470839829471e-15
1.6901029875160477e-14
1.5981259619103074e-14
1.9508829156722579e-14
3.0485035865780342e-14
1.9449092111954999e-14
4.1254935858758016e-14
4.7538902391502807e-14
2.2493433216842367e-14
2.3936739557549748e-14
2.0861225443102119e-14
3.4956356489299411e-14
1.5296330112743546e-14
3.6604275703044492e-14
4.8816092193609025e-14
3.4379016272564419e-14
2.7912497506394831e-14
3.2166343797452902e-15
2.1808671050114749e-14
2.8018211966792179e-15
-6.1611090089023038e-15
-2.6356209048966545e-14
-2.3384997730992079e-14
-1.6314704845584517e-14
-3.0837891259030473e-14
-2.1679979757117104e-14
1.6851217024020525e-14
7.7784512219216579e-15
1.4258030287685009e-14
-1.4273719599205343e-15
2.2070084528542141e-14
3.2805785934644170e-14
-9.3964435483538377e-15
-2.3574526548070097e-14
3.9214187702715653e-15
-1.6328751983991462e-14
-4.3918921378475661e-14
-2.9516849070249000e-14
-3.0033032095431573e-14
-1.4453019874217208e-15
3.0467390362208010e-15
1.7928945454255322e-14
2.8290885270791674e-14
3.7943827478873607e-14
3.0976913430957185e-14
4.7918617475100002e-14
2.8819209420705467e-14
2.2049248095178414e-14
-1.3558666956077289e-14
-3.3788147856962964e-14
-3.0229445605071246e-14
-4.2520107395850179e-14
-5.4158864782413175e-14
-4.2688118965380924e-14
-6.4382743861797840e-14
-6.7648517711408487e-14
-7.2445528632480408e-14
-6.5147862643870655e-14
-7.2896086960273042e-14
-8.3882582524152476e-14
-9.6474336299707714e-14
-7.2823916224493103e-14
-6.6775271310060674e-14
-7.6564088713402497e-14
-8.2409532043370911e-14
-9.0745349158688941e-14
-1.0504305484638645e-13
-1.1424727006330102e-13
-1.1257619947875289e-13
-1.2759377046081773e-13
-1.4500952801285946e-13
-1.5630806858886004e-13
-1.6454641833313302e-13
-1.8292605358003837e-13
-1.9520990999729696e-13
-2.3352726615950857e-13
-2.7125195559401609e-13
-2.9236902726588184e-13
-3.4476966811676837e-13
-3.7625349244989602e-13
-4.3925253662408391e-13
-4.9426023669116609e-13
-5.4940968857001618e-13
-5.7763188122727112e-13
-5.9193526217062065e-13
-6.0602245978036574e-13
-6.6114200947005872e-13
-6.8946588189886961e-13
-7.3871244661445991e-13
-7.8587598637796392e-13
-8.4230085816534938e-13
-9.0797541959568395e-13
-9.8172534180957790e-13
-1.0188817789973184e-12
-1.1027061146315766e-12
-1.1910567254184354e-12
-1.2843684961842183e-12
-1.3869191739193590e-12
-1.4873379894329604e-12
-1.6120245325200044e-12
-1.7394201616453176e-12
-1.8589335589188242e-12
-2.0061650400484664e-12
-2.2027229643951453e-12
-2.3419517069734087e-12
-2.5516929231853811e-12
-2.7742296762004327e-12
-3.0294648346149950e-12
-3.3150308432934191e-12
-3.6256318466490409e-12
-3.9793297823257543e-12
-4.3842240486650492e-12
-4.8180774941555103e-12
-5.3036756859882529e-12
-5.8262044576326901e-12
-6.3610961628416291e-12
-6.9602204840158832e-12
-7.5872581060278188e-12
-8.2715009693374129e-12
-9.0048069862135170e-12
-9.7961687877917201e-12
-1.0656037354012922e-11
-1.1547572677301643e-11
-1.2540714492834023e-11
-1.3564277482695908e-11
-1.4642271395114461e-11
-1.5821240704442240e-11
-1.7050481833659102e-11
-1.8376028337720664e-11
-1.9730240797060839e-11
-2.1132917622302964e-11
-2.2589308667165377e-11
-2.4097066361441279e-11
-2.5633786812448094e-11
-2.7204429081506353e-11
-2.8816544651829812e-11
-3.0469374991871542e-11
-3.2156829446811896e-11
-3.3875476282385311e-11
-3.5607169879747211e-11
-3.7365330432116497e-11
-3.9084031980280909e-11
-4.0829210539663390e-11
-4.2546797318509789e-11
-4.4292805296878592e-11
-4.5975420144915825e-11
-4.7624144817071613e-11
-4.9222414888705722e-11
-5.0757367766913558e-11
-5.2224788623989530e-11
-5.3602804031920303e-11
-5.4911735759475557e-11
-5.6166435211147960e-11
-5.7306933562676190e-11
-5.8320869311125650e-11
-5.9248547536787844e-11
-6.0047407413795872e-11
-6.0677824765800271e-11
-6.1225740773707265e-11
-6.1667385117317244e-11
-6.2012799294053939e-11
-6.2169688484367929e-11
-6.2210939089989809e-11
-6.2112932099700149e-11
-6.1925213377268103e-11
-6.1530406422962749e-11
-6.1075448636039251e-11
-6.0424869901144010e-11
-5.9741720454865446e-11
-5.8905822016970591e-11
-5.7979586897685581e-11
-5.6918776106057725e-11
-5.5772858677382366e-11
-5.4522995692311405e-11
-5.3185598014430997e-11
-5.1772478926731549e-11
-5.0247260437060835e-11
-4.8720546246282073e-11
-4.7112220293039125e-11
-4.5508277590847228e-11
-4.3877459318799868e-11
-4.2179290731160841e-11
-4.0495539345965899e-11
-3.8805251829278451e-11
-3.7124165201730375e-11
-3.5473269191065087e-11
-3.3831469340636843e-11
-3.2171655444555440e-11
-3.0538619265584504e-11
-2.8925154669115327e-11
-2.7357772648627014e-11
-2.5808289639817936e-11
-2.4276130472705313e-11
-2.2833080393177038e-11
-2.1404142197067262e-11
-2.0055801910835423e-11
-1.8757028020678115e-11
-1.7503417235093292e-11
-1.6335502285978681e-11
-1.5189377828818240e-11
-1.4120823936040023e-11
-1.3090637988284206e-11
-1.2132360332216759e-11
-1.1208532115987484e-11
-1.0334588451686279e-11
-9.4992386773008968e-12
-8.7335996202769583e-12
-8.0096369606781622e-12
-7.2879687990966851e-12
-6.6410576872657280e-12
-6.0395976149604165e-12
-5.5111579966428667e-12
-5.0388870554236723e-12
-4.5866520231140856e-12
-4.1760719022881087e-12
-3.8085683480447858e-12
-3.4673353809228000e-12
-3.1690716593976180e-12
-2.8902490209293876e-12
-2.6158795174174854e-12
-2.3796387126197382e-12
-2.1665673811179173e-12
-1.9904199509894933e-12
-1.7939942578475068e-12
-1.6125580960936251e-12
-1.4652774026741700e-12
-1.3258455777419891e-12
-1.1907960031386577e-12
-1.0783241313925816e-12
-9.7785471375668043e-13
-8.7025221835955371e-13
-7.5219529548421422e-13
-6.4158010621634484e-13
-5.5638668970540268e-13
-4.7887568736890945e-13
-4.1885221514261758e-13
-3.6402862010769422e-13
-3.1407730779228716e-13
-2.5718217153990407e-13
-2.1612977125574520e-13
-1.8865570827980332e-13
-1.7005369455756545e-13
-1.3335643648486588e-13
-1.2829897398512013e-13
-1.1965602329345717e-13
-1.2092389936402093e-13
-8.9505550766201407e-14
-1.0346745902934306e-13
-1.0519131873977648e-13
-1.0244595752292866e-13
-1.0578302414308337e-13
-1.1488791180009825e-13
-8.7130108789587600e-14
-1.1213532167532245e-13
-9.8097162234276934e-14
-7.8820693149797069e-14
-7.1965395079972861e-14
-7.2025691288110225e-14
-7.9871132222288043e-14
-9.6836040365534970e-14
-8.5287427873488929e-14
-6.9244053768950977e-14
-5.3322869462962190e-14
-6.7425187028842608e-14
-4.5360817912753145e-14
-6.4473144728987477e-14
-4.7038103731401875e-14
-7.3607233847463035e-14
-3.9051944547702029e-14
-1.7037559420159905e-14
-4.4734932558467864e-15
8.0017996697758847e-15
4.2354525794129578e-14
5.7972716624038272e-14
4.9646155536827450e-14
5.7455524113655078e-14
1.0281306128872190e-13
1.2304785843957880e-13
1.3961537033243641e-13
1.3310048123612928e-13
1.5907566949482754e-13
1.5465957958124501e-13
1.2561075216832689e-13
1.1634486583289819e-13
1.2276683919974303e-13
1.3396964770194838e-13
1.3037853815994852e-13
1.2748691334473036e-13
1.7969615445780906e-13
1.7889296743641990e-13
1.5222864551541050e-13
1.4541871316325427e-13
1.8520353639451179e-13
1.5901248741552609e-13
1.4494844696972749e-13
1.0597127431452442e-13
7.0070766881667234e-14
4.4460680675914039e-14
1.4428959637388917e-14
-1.6259921035241866e-14
-9.7365740261862626e-15
-6.5282642884613514e-15
-1.1871747487888786e-14
-1.8482433489336271e-14
2.6745417442485623e-14
3.3675354198110815e-14
2.3830268005179276e-14
2.5201542856040956e-14
4.0480248444682641e-14
3.8298940690496880e-14
3.7241625120487552e-14
1.4269938107235802e-14
4.2721087972480133e-14
4.3123108567177977e-14
3.5705953197719911e-14
4.4974789560030140e-14
3.9549698890615016e-14
2.2659632785193902e-14
2.1865845558965030e-14
-5.2316433821343408e-16
2.3835635636622321e-14
6.7197192457079163e-15
2.5104520319126079e-15
-6.1078299898824823e-15
4.7624776755823628e-15
9.1431744408466598e-15
-7.1300094702526770e-15
-2.6816816948312595e-14
6.9308997073649505e-15
-5.5523271151960554e-15
6.0193551321459385e-15
7.0963498356529286e-15
1.7903748612075430e-14
-6.1188337443744974e-15
-8.8366333135304006e-15
-1.4957564445841105e-14
4.5143338009452402e-15
8.6274010506650787e-15
3.5688717275250456e-15
5.1376034603229043e-15
1.0415511214619999e-14
1.5887931569828588e-14
-7.0660891506707832e-15
-3.2580410465460821e-14
4.0985708117341014e-15
-2.4088277195577888e-15
-8.2689565031756897e-15
-1.3462848587906781e-14
1.8968236129953101e-14
-5.2238829067699091e-15
2.3355323342048129e-16
1.0605015469143171e-14
7.6299449396718656e-15
1.4277958135828953e-14
1.3979175956080979e-14
2.7644560699169398e-14
3.0056769183006069e-14
3.0687516415849944e-14
1.5615386288548707e-14
1.8842569193167612e-14
2.8773339988224596e-14
2.9355423751143368e-14
4.5197903309844941e-14
6.7510625314208804e-14
6.3220258304867009e-14
4.5884264138510298e-14
3.4797854753628947e-14
4.0384943750147405e-14
2.9596685498525236e-14
4.3746191679282680e-14
4.3361510479432043e-14
2.3765948001947783e-14
4.4339027117551434e-14
4.9610776873866810e-14
9.9837732906725508e-15
2.7929826125692544e-14
3.0643366989668259e-14
3.0800875563501942e-14
5.1476715603150505e-14
4.5509832001415537e-14
5.6827530664122797e-14
3.0503044582640097e-14
2.1260906668343586e-14
2.9476850556957234e-14
6.6734148909360415e-15
3.3936088731532593e-14
3.6107708878314671e-14
6.2477724129821749e-14
3.6016657968466128e-14
2.6065545746984373e-14
2.3342120481982478e-14
2.3476119624854432e-14
2.2544089448275886e-14
3.0163727206088547e-14
3.2256810333421401e-14
3.9145998466131229e-14
4.8531822601248340e-14
1.7162950533261019e-14
1.6568748652204953e-14
1.5164691409765476e-14
8.9697442078686198e-15
3.0538953876274103e-14
3.3340072173891764e-14
4.1754897650390201e-14
1.6441682937090811e-14
1.8268895623103042e-14
2.2443084085626121e-15
2.2940320648709154e-14
1.6733854261260343e-14
3.8533317453290915e-14
1.9178268392922399e-14
4.0472906656338645e-14
4.2983063588978352e-14
1.7396602580528698e-14
-2.1290338683595688e-15
1.5093138683624549e-14
3.7577783352055550e-14
3.4984031776052764e-14
2.4684954165930098e-14
2.4261701198672775e-14
4.0529542163749941e-14
2.0321144718320014e-14
5.0460246067959610e-14
1.2009516535250946e-14
1.8622380698582588e-14
3.1475108178184606e-14
3.6259961320994036e-14
3.2217034185222248e-14
3.5403816445873915e-14
1.9355888667153164e-14
3.0594968159266928e-14
4.0891828592102507e-14
4.9398026752289778e-15
1.7488644820878653e-14
-9.5732525718190366e-16
1.9836669832446667e-14
2.5829574015418220e-14
-6.8196362328355672e-15
4.5471141796491430e-15
1.1064927682898955e-14
-3.9929745500381145e-15
9.8867543459103226e-15
1.1996617552899669e-14
1.9006047413107685e-14
-1.9458726033891698e-15
-4.4036444204281534e-15
1.2144462687552599e-14
-3.7405660606739758e-15
