-8.4856114092940862e-14
-1.6057847385449110e-13
-2.2314575488133861e-13
-3.0247428201133147e-13
-3.5392110357052956e-13
-3.9339128324292754e-13
-4.5203287888984671e-13
-5.3627708721193167e-13
-5.6472569058846642e-13
-6.3238134655603953e-13
-7.0282164836012986e-13
-7.9880770779522568e-13
-8.7661982769210197e-13
-9.3082533195885109e-13
-1.0434052447557432e-12
-1.1415106850443934e-12
-1.2334823402283551e-12
-1.3261650083387822e-12
-1.4193070366990398e-12
-1.5356730969817274e-12
-1.6131759578838587e-12
-1.6966764519457636e-12
-1.8025941022271245e-12
-1.9011659086299258e-12
-1.9663327708266522e-12
-2.0056114724433152e-12
-2.0603806441887667e-12
-2.1205088941253936e-12
-2.1519527442922727e-12
-2.1679601262302135e-12
-2.1729903978313270e-12
-2.1831500084411044e-12
-2.1537733774164268e-12
-2.1005240175767410e-12
-2.0327324116513407e-12
-1.9471173771392761e-12
-1.8530428887307624e-12
-1.7167801402256592e-12
-1.6027957274567336e-12
-1.4354808764423790e-12
-1.2136772572446431e-12
-9.9239921988571963e-13
-7.4475804845090986e-13
-5.1498492575310545e-13
-2.8159696676868413e-13
-4.3936696757288485e-14
1.6742534891122179e-13
3.7522846721759701e-13
5.8630635038094875e-13
7.9010000681596576e-13
1.0116432996022693e-12
1.2362958765226183e-12
1.5103217202898780e-12
1.7694841341284080e-12
2.0649508648612037e-12
2.3857521779720523e-12
2.7406601334329147e-12
3.1051688651427277e-12
3.4814633266111530e-12
3.8932213385842030e-12
4.2751212506848344e-12
4.6319234610975196e-12
5.0486144914509902e-12
5.4273460659984158e-12
5.8214222942358179e-12
6.2535519371685002e-12
6.7006907233873942e-12
7.2091909644658049e-12
7.7012984238449269e-12
8.1734813377290640e-12
8.6477735100576838e-12
9.1781192619126893e-12
9.7018207522025158e-12
1.0274990250790144e-11
1.0883298256106809e-11
1.1523909625566150e-11
1.2148621208410196e-11
1.2772314147642268e-11
1.3344745860932414e-11
1.3921657725450820e-11
1.4472752624038254e-11
1.4999575095630160e-11
1.5556421694678962e-11
1.6148418447529897e-11
1.6706662310980120e-11
1.7249710481964460e-11
1.7810576020706687e-11
1.8394122155615610e-11
1.8931892375384252e-11
1.9496901139786139e-11
2.0054290247438591e-11
2.0620287066057548e-11
2.1164452153916200e-11
2.1650761056274959e-11
2.2176276378209901e-11
2.2655547882638996e-11
2.3089882270788842e-11
2.3526142283769121e-11
2.3952054717126376e-11
2.4402891272527548e-11
2.4803511558938007e-11
2.5141495808074389e-11
2.5449997598609915e-11
2.5747889565222033e-11
2.5987203296428738e-11
2.6227150260445644e-11
2.6428572451685423e-11
2.6612130883062322e-11
2.6737095383728313e-11
2.6821397739494966e-11
2.6880671250117550e-11
2.6887173644369536e-11
2.6811345647522396e-11
2.6699924572524799e-11
2.6552372281281204e-11
2.6392803318108009e-11
2.6166133346671077e-11
2.5895812132069183e-11
2.5605376884948737e-11
2.5286318041033216e-11
2.4906800529295670e-11
2.4501754104770829e-11
2.4078919438979532e-11
2.3615789096585764e-11
2.3115596726947368e-11
2.2588010856443036e-11
2.2063947740516334e-11
2.1512054397580418e-11
2.0962687114998540e-11
2.0395962647242396e-11
1.9817576790496870e-11
1.9222374802932756e-11
1.8608971106323636e-11
1.7972059683530854e-11
1.7372781765062447e-11
1.6754933057880284e-11
1.6150444784181507e-11
1.5556383112532043e-11
1.4952438719433959e-11
1.4365531244147151e-11
1.3789770665619587e-11
1.3209281705613606e-11
1.2705298596384068e-11
1.2201643267797448e-11
1.1739695972080708e-11
1.1291271470684009e-11
1.0828197086699793e-11
1.0341865568922455e-11
9.8518843073641683e-12
9.3843399159765286e-12
8.9511987561878419e-12
8.4970252498591708e-12
8.0905641493879677e-12
7.6674349211487127e-12
7.2572264983176457e-12
6.8416724523665824e-12
6.4122503287088594e-12
6.0267295194860486e-12
5.6664301195123245e-12
5.3152188378985215e-12
5.0178230976726315e-12
4.7159287375783707e-12
4.4143975282655100e-12
4.0881014935760241e-12
3.7844880977208233e-12
3.4804965549000891e-12
3.2394366935037931e-12
2.9807332094565281e-12
2.7481493646623319e-12
2.5150330184434976e-12
2.2372777828870297e-12
1.9842475166557384e-12
1.7348304034368777e-12
1.4896841297241306e-12
1.2750316593810190e-12
1.0852165963454431e-12
9.2707078766101755e-13
8.1842824499749123e-13
7.2752456463920622e-13
6.3971922584835135e-13
5.1608413526084392e-13
4.3436336180468119e-13
3.4633216903542678e-13
2.5521881842783766e-13
1.5559435618143255e-13
1.0812606736500046e-13
5.8221324129417117e-14
2.9535608670044520e-14
2.7760949860744495e-14
7.1842117185989613e-14
9.0580113176863980e-14
1.7069930023805527e-13
2.3773725788574581e-13
3.1437100188392709e-13
3.7758725633611780e-13
4.1692353132187563e-13
4.6823365323153243e-13
5.5635989958025300e-13
6.3237655726907592e-13
7.0757846711684490e-13
7.3357397838741855e-13
7.5218528634544282e-13
7.6329276765708151e-13
7.6406765465830432e-13
7.6313407976193533e-13
7.4698517368542570e-13
7.7891968488266917e-13
8.0112575244759341e-13
8.1174022128446601e-13
8.4065492757344832e-13
8.6405946760583832e-13
9.0832207930152104e-13
9.6142860950765988e-13
1.0206244076988091e-12
1.0621414803101108e-12
1.1049982063067427e-12
1.1234715540621448e-12
1.1124174477447502e-12
1.1150145230852854e-12
1.1261836195105397e-12
1.1510051985723709e-12
1.1819154521762194e-12
1.1421303413760572e-12
1.1483312900609645e-12
1.1133213980570498e-12
1.0554641741598674e-12
9.9439668133208898e-13
9.1569562808944782e-13
8.5425344882145452e-13
8.1185781241511906e-13
7.5428540395081007e-13
6.6494807897620249e-13
5.4387046459783893e-13
4.1284534946846491e-13
3.2486996231931176e-13
2.3418124027110526e-13
1.8070921775101103e-13
1.5311217738144979e-13
1.2715831277846757e-13
1.1789993455260376e-13
1.3986432127483966e-13
1.4309302497723126e-13
1.3246292049310151e-13
1.1299621279585834e-13
1.3152841405756240e-13
1.5526529648078658e-13
1.5460275478007298e-13
1.4846854996203019e-13
1.6527761773096013e-13
1.3906465745061669e-13
1.1814947082598618e-13
7.4868514679189451e-14
6.5408373532225159e-14
5.6991320311322777e-14
9.7135357674388523e-15
-3.3420593874712339e-14
