3.1792914254387323e-15
-2.2549850612788886e-12
-1.4412731913182397e-12
2.6016185925538300e-12
-4.4703663420670066e-13
-5.8616081897959277e-13
7.1262491835409064e-13
8.9369258211910023e-13
3.3485725013470801e-14
1.8926799837124514e-12
-1.1282022660305093e-12
1.8157918464341661e-12
3.3901407070939029e-12
-4.4197387718651144e-13
-2.6716609982233034e-12
2.0856516336881727e-13
1.7663385164243877e-13
-1.9282901509083769e-12
-6.5831662112393609e-13
-6.2539013467182102e-13
-2.6585858384767205e-12
1.4240307013279744e-12
-4.2066804798981650e-15
-1.6879550479138707e-12
2.3909216657989382e-13
4.2750158049727397e-12
4.1929158893986290e-12
6.9124069209819107e-12
1.4905155390746129e-11
2.1842019153572800e-11
3.7330330821091289e-11
5.6663590016931159e-11
8.5910452294137574e-11
1.3055259684068793e-10
1.9898916687162254e-10
2.9677827591863851e-10
4.4174217985250176e-10
6.5651637075661496e-10
9.6290651920465400e-10
1.4058508095418426e-09
2.0443569240910588e-09
2.9587835269897837e-09
4.2558568714850313e-09
6.0996535573290895e-09
8.6971448720190474e-09
1.2350840134383547e-08
1.7466083744608531e-08
2.4601019186373717e-08
3.4509907062175967e-08
4.8237330412009613e-08
6.7167190055953616e-08
9.3182681766332507e-08
1.2881564164445832e-07
1.7744607475054471e-07
2.4358546819944328e-07
3.3323891950836221e-07
4.5435749393326870e-07
6.1742913268163295e-07
8.3626677473601669e-07
1.1289643315668383e-06
1.5191741076760667e-06
2.0376821788677987e-06
2.7244425486710016e-06
3.6310948239083961e-06
4.8241952823451455e-06
6.3891760928227882e-06
8.4353306676436755e-06
1.1101992505361540e-05
1.4566126696683946e-05
1.9051699136675596e-05
2.4841103273121874e-05
3.2289102973803918e-05
4.1839669543579518e-05
5.4046319913342057e-05
6.9596469650319370e-05
8.9340431443035901e-05
1.1432580887687116e-04
1.4583794874553830e-04
1.8544727012688247e-04
2.3506417023600170e-04
2.9700233814254769e-04
3.7405097108839943e-04
4.6955658150358952e-04
5.8751449015680786e-04
7.3267003936767204e-04
9.1062895515571171e-04
1.1279756565058545e-03
1.3923974338256667e-03
1.7128114048690700e-03
2.0994896377643430e-03
2.5641761150209477e-03
3.1201870344362880e-03
3.7824832903632444e-03
4.5677007061466577e-03
5.4941197596451606e-03
6.5815520692483857e-03
7.8511154419870065e-03
9.3248631811699446e-03
1.1025226320786312e-02
1.2974219230963386e-02
1.5192350129839599e-02
1.7697167912591235e-02
2.0501365530902982e-02
2.3610348257522951e-02
2.7019162148205295e-02
3.0708664400861150e-02
3.4640803164106664e-02
3.8752859902872576e-02
4.2950493175265100e-02
4.7099408704085063e-02
5.1015468123076821e-02
5.4453037404239568e-02
5.7091367462650505e-02
5.8518793684167528e-02
5.8214539868853353e-02
5.5527915348000084e-02
4.9654704051530663e-02
3.9610560993854314e-02
2.4201256945670095e-02
1.9896469057582153e-03
-2.8740716776389841e-02
-7.0025348838152965e-02
-1.2426192585983405e-01
-1.9425658160069967e-01
-2.8327317706098176e-01
-3.9508520944483133e-01
-5.3402990086771696e-01
-7.0506387152795635e-01
-9.1381965419813660e-01
-1.1666621492108369e+00
-1.4707439539745062e+00
-1.8340583312528993e+00
-2.2654884097544397e+00
-2.7748510434935363e+00
-3.3729335973702819e+00
-4.0715217816208762e+00
-4.8834165328076864e+00
-5.8224378407445521e+00
-6.9034133554372668e+00
-8.1421495835072868e+00
-9.5553835055845653e+00
-1.1160712522041118e+01
-1.2976500769897717e+01
-1.5021760054159682e+01
-1.7316003906172512e+01
-1.9879073622933937e+01
-2.2730935555703702e+01
-2.5891449402760603e+01
-2.9380107817827945e+01
-3.3215748266149859e+01
-3.7416238738252261e+01
-4.1998139656015390e+01
-4.6976345064986077e+01
-5.2363706985147360e+01
-5.8170647573227832e+01
-6.4404764512828862e+01
-7.1070435774128569e+01
-7.8168430549468937e+01
-8.5695533753026226e+01
-9.3644191947736417e+01
-1.0200218890944716e+02
-1.1075235923499908e+02
-1.1987234842894563e+02
-1.2933442774662939e+02
-1.3910537171670475e+02
-1.4914640570539549e+02
-1.5941323011442012e+02
-1.6985612682644390e+02
-1.8042015233339768e+02
-1.9104542061794336e+02
-2.0166747732631188e+02
-2.1221776509669814e+02
-2.2262417812328479e+02
-2.3281170217704710e+02
-2.4270313441189589e+02
-2.5221987540177895e+02
-2.6128278402797002e+02
-2.6981308411263080e+02
-2.7773331012278180e+02
-2.8496827789330399e+02
-2.9144606518165415e+02
-2.9709898600893399e+02
-3.0186454219480152e+02
-3.0568633528354138e+02
-3.0851492220348143e+02
-3.1030859851172971e+02
-3.1103409395090432e+02
-3.1066716627491104e+02
-3.0919308086804142e+02
-3.0660696555747796e+02
-3.0291403216595415e+02
-2.9812965872484057e+02
-2.9227932881503995e+02
-2.8539842716728685e+02
-2.7753189337262427e+02
-2.6873373826446425e+02
-2.5906643017123963e+02
-2.4860016074041101e+02
-2.3741200234019075e+02
-2.2558497110010359e+02
-2.1320701140626176e+02
-2.0036991908147149e+02
-1.8716822152128827e+02
-1.7369803370347873e+02
-1.6005590922735496e+02
-1.4633770537028619e+02
-1.3263748058040565e+02
-1.1904644187679860e+02
-1.0565195832958426e+02
-9.2536655180442139e+01
-7.9777601283069728e+01
-6.7445600444059053e+01
-5.5604594981920613e+01
-4.4311187453562063e+01
-3.3614284081457036e+01
-2.3554861009239616e+01
-1.4165852173984542e+01
-5.4721553618898309e+00
2.5092490426804499e+00
9.7690739558289028e+00
1.6305405093309119e+01
2.2123294369370726e+01
2.7234278556833665e+01
3.1655835338914155e+01
3.5410789356422761e+01
3.8526681036754326e+01
4.1035110896397043e+01
4.2971071655253063e+01
4.4372279913038447e+01
4.5278518344499481e+01
4.5730998402717915e+01
4.5771752412953568e+01
4.5443062728517532e+01
4.4786934340763253e+01
4.3844616021631360e+01
4.2656173762608141e+01
4.1260118988468641e+01
3.9693092794719554e+01
3.7989606308277082e+01
3.6181836220428586e+01
3.4299473605418008e+01
3.2369623327638976e+01
3.0416750662896096e+01
2.8462671216788330e+01
2.6526579815879867e+01
2.4625113770541457e+01
2.2772445755405577e+01
2.0980401514891849e+01
1.9258597666272099e+01
1.7614595028318156e+01
1.6054063136437705e+01
1.4580951901449009e+01
1.3197666714543514e+01
1.1905243682226986e+01
1.0703522079064150e+01
9.5913115209000335e+00
8.5665517761768779e+00
7.6264635385054325e+00
6.7676888718608028e+00
5.9864204036114232e+00
5.2785186756863745e+00
4.6396173659026410e+00
4.0652163581186311e+00
3.5507628696427034e+00
3.0917210375797310e+00
2.6836305228600623e+00
2.3221548134111325e+00
2.0031199985682386e+00
1.7225448476178824e+00
1.4766630599344943e+00
1.2619385654146467e+00
1.0750747448407028e+00
9.1301841462429312e-01
7.7295938123213881e-01
6.5232632131799162e-01
5.4877968646501052e-01
4.6020226957174493e-01
3.8468800474729054e-01
3.2052950706305361e-01
2.6620479334544289e-01
2.2036356244400188e-01
1.8181335365129733e-01
1.4950584639822834e-01
1.2252351310675569e-01
1.0006679093455216e-01
8.1441896996105670e-02
6.6049375616315048e-02
5.3373434911607044e-02
4.2972103818727771e-02
3.4468218637740133e-02
2.7541230301922764e-02
2.1919809517842892e-02
1.7375216083310479e-02
1.3715390625571864e-02
1.0779721772101424e-02
8.4344382537308929e-03
6.5685739720244994e-03
5.0904539545316204e-03
3.9246500560415239e-03
3.0093572198289435e-03
2.2941435980412864e-03
1.7380308552561140e-03
1.3078641806524253e-03
9.7693496979216806e-04
7.2382260568409223e-04
5.3142507819284031e-04
3.8615147715990956e-04
2.7725257346309929e-04
1.9626838190521528e-04
1.3657450379695631e-04
9.3011327419706969e-05
6.1582388521936731e-05
3.9210196955809591e-05
2.3539546765085321e-05
1.2779873366819816e-05
5.5795074831357487e-06
9.2595946385539033e-07
-1.9327890198072245e-06
-3.5500446955579791e-06
-4.3285826245631101e-06
-4.5580075265586799e-06
-4.4435767073436629e-06
-4.1282249758160055e-06
-3.7093391499862647e-06
-3.2514022610052101e-06
-2.7954638642691061e-06
-2.3661288915562215e-06
-1.9767355665534019e-06
-1.6330851165735998e-06
-1.3360971260739523e-06
-1.0837129486020247e-06
-8.7220244878281311e-07
-6.9702506000318984e-07
-5.5341955536306994e-07
-4.3675671672686031e-07
-3.4274481862615547e-07
-2.6754192562862462e-07
-2.0779271318461788e-07
-1.6061145977319916e-07
-1.2357726328634425e-07
-9.4660804854194710e-08
-7.2207041719447930e-08
-5.4848234993034307e-08
-4.1498988571215537e-08
-3.1275968961495995e-08
-2.3482119096438039e-08
-1.7562292964325364e-08
-1.3093221497903340e-08
-9.7205504314527624e-09
-7.1960862690336970e-09
-5.3068715509616839e-09
-3.8998939076260439e-09
-2.8565850769680108e-09
-2.0873677029278228e-09
-1.5173782784315996e-09
-1.0998670564247736e-09
-7.9451748211209817e-10
-5.7349713252489775e-10
-4.1062587156617748e-10
-2.9541010331250763e-10
-2.0975250339942001e-10
-1.4868896587778504e-10
-1.0629188904659311e-10
-7.6327390662283672e-11
-5.2478152275611600e-11
-3.6930569296335084e-11
-2.5966001046379239e-11
-1.6840448157599578e-11
-1.1753783878192806e-11
-8.7152724936733266e-12
-6.4813781218425528e-12
-3.6324195328465974e-12
-4.1619763980348357e-12
-2.4061654771828863e-12
-1.4604437833998214e-12
-1.8273381479027792e-12
9.2796237567053528e-13
-1.1414611018896364e-12
-1.4418976441609977e-12
-1.0979802857087177e-12
1.2202035271400045e-12
2.1202697014512912e-14
-8.9490097099689246e-13
6.5727092127513281e-13
-1.3312202618208966e-12
-4.1223259659912955e-13
5.8675687169321376e-13
-1.0461886545485140e-12
-3.3674126898920713e-13
-6.5936420855049978e-13
-2.3517910065687133e-12
2.8695492002013620e-13
8.1838102779380098e-13
4.0237092788711387e-15
9.2677126325972866e-13
2.0796209481547920e-12
-5.7070032097843499e-15
-1.8403105175008425e-12
-3.5543814026552210e-13
-6.8632488155548931e-14
-9.8595505115342232e-13
1.3952794999807897e-12
-1.2849952258079034e-12
-4.8902849112318409e-13
-1.8644820341982448e-13
-1.1739065541442619e-12
-2.1999362441521423e-12
1.1465785687335676e-12
1.6579341337855939e-12
-4.4062366157829667e-14
1.5980227095958226e-12
4.3141192978369825e-13
2.5158480837196588e-13
-9.6875578848085869e-13
2.9815944301867834e-14
-3.6425924094832813e-13
6.8538975022239648e-14
5.4253137837113187e-13
-2.8311785660183966e-12
1.6198157957881046e-12
1.3806519640223301e-12
-7.9044680002356374e-13
1.2349831002248599e-13
9.5456061457112119e-13
-1.6835465204288281e-12
6.3833968322609288e-13
9.8607883683637750e-13
-5.5708579836112448e-13
-2.3348064326030518e-12
2.3666278320626708e-12
-1.8140060775537952e-12
-1.5147415614811772e-12
7.1758125486060817e-13
9.7515157516744575e-13
-1.4419712917916302e-12
3.8429752005638119e-13
2.0784181775698184e-12
-8.6888998571196847e-13
5.9050111596624916e-13
3.2820303037001810e-13
1.7196326066560906e-14
-7.1753822130224328e-14
9.0904167604893579e-13
-9.4282566118748071e-13
7.8919905704894365e-13
1.1971240411239439e-12
-4.3495418158307890e-13
-1.3276685450771718e-12
1.5726531030384950e-12
1.2744555081427943e-12
-6.0975919757944694e-13
-3.6783261458021832e-14
4.9210204807762970e-13
7.5964288845654414e-13
7.0118802937244389e-14
-2.4106456518163722e-12
-3.7083000482308446e-13
-7.1173100074681183e-13
-1.4933063707185651e-13
-2.1050313761937642e-12
-1.1015699425827222e-12
1.7670442171435550e-12
-2.8718805595377947e-14
-4.1097302926943613e-12
1.7544589369043966e-12
-9.5301693154529738e-13
4.1714672554805469e-13
1.0150322042141644e-12
4.5438613677369658e-13
7.9348568790146312e-13
1.5297305324418448e-12
-4.9850044418512265e-13
-1.4904234945917078e-12
1.2941205898422949e-12
1.8288123213339395e-12
-1.3176003484653396e-12
3.0389349200001548e-13
1.3072671959667677e-13
-2.1158592892589521e-12
-1.3057890539467395e-12
1.0584194061407882e-12
-5.6518225324315264e-13
8.2382773273559844e-13
1.0608137267839918e-12
-7.7186122906459216e-13
-3.9994911319967314e-13
2.1421688385280277e-12
-2.0976577126532167e-13
-2.6411371999271986e-12
-7.5761340982474380e-13
-1.4256956879365599e-12
5.4197060040434717e-14
1.1604413134993398e-12
3.4122125105149534e-13
-2.2638404912248101e-12
1.7411930156852083e-13
1.4966915960573774e-12
-3.8936454230626960e-13
6.6691666724911990e-13
7.9512804801818355e-13
-1.0219202000771872e-12
-6.3334124890565441e-13
-9.4286227242390084e-14
8.9043404859454632e-13
4.5923527438674369e-13
5.1899128537031823e-13
4.0908521446652072e-13
4.6323096662888373e-13
1.5841994100934769e-13
-5.7433740084990217e-14
-1.9937161802739896e-12
1.9962996748743078e-12
