-1.3915878923382904e-12
-1.0133635898928561e-12
-3.7469292055504922e-13
-5.5500350806766473e-13
-1.5631530391317159e-12
-8.2070653737007866e-14
-1.9601995717119884e-12
-4.9537721769948190e-13
-1.3191306965980501e-12
-5.5327177803558578e-13
-7.0055750223418289e-13
4.5966568874763520e-14
-8.3849764013043047e-13
1.7184905779821475e-12
3.2864749684345822e-13
2.0554844202658367e-12
2.9256862730227807e-12
-1.0715263166477319e-12
1.1518017028615273e-12
2.3723978799259322e-14
-2.8993295831708667e-12
-2.2048445499240419e-13
8.5759461052306966e-13
-2.9767014927888947e-13
7.9642474924244965e-13
-9.2192402230554546e-13
-2.0436177113563247e-12
-7.4692881351814882e-13
-2.6567392601872575e-13
-3.6902428138196389e-12
2.7771805197751561e-14
-2.4499294782054326e-13
4.3461454164993055e-13
5.7067333489257781e-13
-2.6426720339148433e-13
-2.4937211259492772e-12
-1.7433496912764019e-12
-6.2091471386805497e-13
-1.9161604353469057e-14
-2.9564606708298789e-12
-8.9310692630192358e-13
-8.3002828186518485e-13
-6.5776554605056052e-13
3.1961490288229412e-13
1.0590566063762929e-12
6.3806700873331779e-13
-4.5938634909329154e-13
-1.4749828499052091e-12
-1.3573081043840909e-13
3.2793983931821732e-13
-9.1974119924937092e-13
-1.5602531793224268e-12
-2.9504450062359376e-13
1.4894094500624845e-12
2.2401347692731753e-13
3.9040235482885223e-12
7.7323349992268875e-12
1.3866344862016729e-11
1.6492951591940877e-11
2.6356793506984678e-11
3.9381484273727856e-11
6.3197299233759829e-11
9.6143786028570733e-11
1.4276531264772988e-10
2.1462315008186710e-10
3.1742726498292485e-10
4.6109690779541067e-10
6.6928948095314298e-10
9.6086885012664803e-10
1.3774808942670504e-09
1.9530527129306375e-09
2.7529811607309633e-09
3.8538090487947421e-09
5.3646831746241390e-09
7.4129254640414961e-09
1.0176498414642289e-08
1.3881566170300924e-08
1.8807323191208312e-08
2.5311722204059894e-08
3.3827655247777277e-08
4.4882625202481951e-08
5.9107687063585478e-08
7.7234262056999732e-08
1.0007786578523752e-07
1.2853144129651239e-07
1.6348657087296403e-07
2.0575443995970372e-07
2.5589035565476469e-07
3.1396412442651102e-07
3.7919647122548162e-07
4.4939169149625354e-07
5.2019634403564694e-07
5.8399197227727490e-07
6.2840299855979885e-07
6.3421498618586046e-07
5.7259438192885461e-07
4.0133930554396703e-07
5.9947291341555194e-08
-5.3690079092707682e-07
-1.5077589487256389e-06
-3.0152766316530817e-06
-5.2800851466569958e-06
-8.5983110762470451e-06
-1.3363606063394284e-05
-2.0094487910149028e-05
-2.9468048205198090e-05
-4.2361117665106631e-05
-5.9900020791671694e-05
-8.3520154618498086e-05
-1.1503655310208814e-04
-1.5672649613058035e-04
-2.1142501561474989e-04
-2.8263374106377720e-04
-3.7464298184982801e-04
-4.9266603253677471e-04
-6.4298360372550478e-04
-8.3309459917173571e-04
-1.0718674824892261e-03
-1.3696837708253051e-03
-1.7385619213658944e-03
-2.1922456421848051e-03
-2.7462357566026734e-03
-3.4177387150250219e-03
-4.2254976291574275e-03
-5.1894636156538292e-03
-6.3302556090560598e-03
-7.6683462437773589e-03
-9.2228995787607976e-03
-1.1010173528779322e-02
-1.3041386390745192e-02
-1.5319932635337874e-02
-1.7837819119633423e-02
-2.0571179303157935e-02
-2.3474710944070137e-02
-2.6474872858362825e-02
-2.9461669963062740e-02
-3.2278854082179606e-02
-3.4712372794312350e-02
-3.6476911172209192e-02
-3.7200393801858980e-02
-3.6406348915202759e-02
-3.3494084670719959e-02
-2.7716691847561509e-02
-1.8156969136056911e-02
-3.7014687422161460e-03
1.6987017562715867e-02
4.5498068045991477e-02
8.3702706138639893e-02
1.3378212439723097e-01
1.9825503387120999e-01
2.8000239271168681e-01
3.8228803285824070e-01
5.0877346223141884e-01
6.6352487968738660e-01
8.5101021035331958e-01
1.0760837603675362e+00
1.3439559156527221e+00
1.6601451824910143e+00
2.0304098043814829e+00
2.4606562054318766e+00
2.9568216220719394e+00
3.5247285086060338e+00
4.1699086532027909e+00
4.8973954326416225e+00
5.7114832778907338e+00
6.6154542253205832e+00
7.6112723923990124e+00
8.6992483399387925e+00
9.8776765547335721e+00
1.1142450690934005e+01
1.2486662720388500e+01
1.3900193728300318e+01
1.5369305709463827e+01
1.6876245321821848e+01
1.8398872080639073e+01
1.9910324863441893e+01
2.1378741774097030e+01
2.2767049310047756e+01
2.4032837317172788e+01
2.5128336328115232e+01
2.6000513496654893e+01
2.6591302402135234e+01
2.6837980457041233e+01
2.6673705475013033e+01
2.6028220131089398e+01
2.4828729578290410e+01
2.3000953405174904e+01
2.0470348484519693e+01
1.7163494156724376e+01
1.3009625722952334e+01
7.9422965281970193e+00
1.9011431522982647e+00
-5.1662774225152717e+00
-1.3302615141149348e+01
-2.2538860005168544e+01
-3.2892526413504257e+01
-4.4365937308418438e+01
-5.6944658786195546e+01
-7.0596136608400627e+01
-8.5268585394295130e+01
-1.0089017908209098e+02
-1.1736858745397677e+02
-1.3459089811511521e+02
-1.5242395634187562e+02
-1.7071514676870504e+02
-1.8929363112276022e+02
-2.0797204535377509e+02
-2.2654864780864878e+02
-2.4480989787708182e+02
-2.6253343213534822e+02
-2.7949139281587804e+02
-2.9545405182213409e+02
-3.1019366288486651e+02
-3.2348846519732768e+02
-3.3512675432809914e+02
-3.4491093070367691e+02
-3.5266143273790539e+02
-3.5822046095532863e+02
-3.6145540132804109e+02
-3.6226186055689891e+02
-3.6056623312601920e+02
-3.5632772950674024e+02
-3.4953980665853402e+02
-3.4023095566763266e+02
-3.2846481660383500e+02
-3.1433960703048803e+02
-2.9798686759287489e+02
-2.7956954523150443e+02
-2.5927945130095998e+02
-2.3733414771331252e+02
-2.1397332868271127e+02
-1.8945477828385785e+02
-1.6404999446782494e+02
-1.3803957809380213e+02
-1.1170849070602819e+02
-8.5341287074429687e+01
-5.9217427881953242e+01
-3.3606774434887896e+01
-8.7653610389996039e+00
1.5068468043345810e+01
3.7677481054259495e+01
5.8868477346475522e+01
7.8474652979806024e+01
9.6357379205008883e+01
1.1240737524288542e+02
1.2654527226111492e+02
1.3872158047130137e+02
1.4891608538609532e+02
1.5713671210954254e+02
1.6341790775651205e+02
1.6781860144996111e+02
1.7041980863858925e+02
1.7132195159962839e+02
1.7064197090254339e+02
1.6851030334498000e+02
1.6506780053286533e+02
1.6046265902576903e+02
1.5484742801890380e+02
1.4837615413947526e+02
1.4120171538110620e+02
1.3347338778747005e+02
1.2533467953304984e+02
1.1692145783867959e+02
1.0836038499050578e+02
9.9767670868584759e+01
9.1248141070088337e+01
8.2894612129608035e+01
7.4787558654132269e+01
6.6995051518382596e+01
5.9572941681118564e+01
5.2565260717428494e+01
4.6004806809766180e+01
3.9913883661160703e+01
3.4305159516984681e+01
2.9182614112048878e+01
2.4542542783432115e+01
2.0374589079463455e+01
1.6662779817440850e+01
1.3386539560182825e+01
1.0521664761667923e+01
8.0412412473231942e+00
5.9164921301135571e+00
4.1175466158916825e+00
2.6141233335338927e+00
1.3761247656075437e+00
3.7414199905707168e-01
-4.2012867542525778e-01
-1.0335538350406530e+00
-1.4913106011187669e+00
-1.8167076289730599e+00
-2.0310722421206755e+00
-2.1536959854830373e+00
-2.2018306080791441e+00
-2.1907264772351529e+00
-2.1337056363498790e+00
-2.0422621059863286e+00
-1.9261825556207288e+00
-1.7936811024229999e+00
-1.6515426893856360e+00
-1.5052702271531506e+00
-1.3592314233057450e+00
-1.2168019479048353e+00
-1.0805022747105768e+00
-9.5212617977094816e-01
-8.3285946212386386e-01
-7.2338796848733000e-01
-6.2399445124991848e-01
-5.3464416659674774e-01
-4.5505942806897282e-01
-3.8478357485816556e-01
-3.2323499766251784e-01
-2.6975199475863715e-01
-2.2362931298631711e-01
-1.8414727007781842e-01
-1.5059436235853590e-01
-1.2228424248897635e-01
-9.8567911260277238e-02
-7.8841911348613236e-02
-6.2553244219813481e-02
-4.9201658514258957e-02
-3.8339882345834610e-02
-2.9572296636145398e-02
-2.2552473500957085e-02
-1.6979934902658183e-02
-1.2596423401840334e-02
-9.1819195854635962e-03
-6.5505899803091436e-03
-4.5468052601128853e-03
-3.0413308095983004e-03
-1.9277603038339764e-03
-1.1192370062809921e-03
-5.4548688767108949e-04
-1.5017130852310140e-04
1.1144508703191473e-04
2.7452473719175149e-04
3.6640515940800881e-04
4.0808808023732137e-04
4.1549496462129433e-04
4.0051507158539353e-04
3.7187162213186178e-04
3.3583054904579186e-04
2.9677456816453596e-04
2.5766336068409098e-04
2.2039847381243713e-04
1.8610936733827127e-04
1.5537492047237468e-04
1.2839263342774208e-04
1.0510596898663119e-04
8.5298538184199743e-05
6.8662365528451692e-05
5.4846136747803215e-05
4.3488207934279862e-05
3.4238235572612049e-05
2.6770411981874664e-05
2.0790703451017864e-05
1.6039824660605574e-05
1.2293450619008613e-05
9.3605495788575731e-06
7.0806774880314557e-06
5.3206985251724180e-06
3.9713602579364702e-06
2.9438995886706295e-06
2.1668702361367810e-06
1.5832732033532602e-06
1.1480176130755050e-06
8.2570996791889918e-07
5.8879797795172574e-07
4.1597824040474201e-07
2.9091882390773671e-07
2.0118060201123573e-07
1.3737210762797377e-07
9.2439605368045089e-08
6.1135057489883748e-08
3.9589366247737869e-08
2.4952467008786670e-08
1.5173793223919206e-08
8.7588941228042580e-09
4.6497784193882872e-09
2.0944872538892856e-09
5.7230598626968250e-10
-2.7890971336009778e-10
-7.0447572000882528e-10
-8.7358578553888689e-10
-8.8974582676417831e-10
-8.2491743288085315e-10
-7.2230479881112335e-10
-6.0997418050112082e-10
-4.9783801234390605e-10
-4.0097147605912275e-10
-3.1237131129191268e-10
-2.4523473543816288e-10
-1.8725017312425133e-10
-1.4220981814604737e-10
-1.0718353487065850e-10
-7.9956892238312483e-11
-5.8709161538126830e-11
-4.1809464612360376e-11
-2.9910751631883817e-11
-2.0483624988271214e-11
-1.4947483057563423e-11
-1.0409018763649435e-11
-6.4194705632776950e-12
-6.0645100341914149e-12
-2.8078120197963710e-12
-2.5066796212027601e-12
1.8806532803050146e-13
-1.0574259889713863e-12
-8.9466391042247943e-13
-2.3063945834361544e-13
5.8792584782318115e-13
1.7282265737824007e-12
1.3219646644042829e-13
5.6353801585288715e-13
-7.6431897862552801e-13
-1.9198566606128116e-12
1.6083538657975383e-13
5.5541536116351616e-13
1.8021781271937295e-12
-1.0985956037670610e-13
5.0166469003472503e-13
9.2772805325128935e-13
-8.6275558908477650e-13
-8.7213632241303884e-13
1.9861209807895166e-14
-1.0595513074798679e-12
7.5217161344330310e-13
1.2223368368082276e-12
-1.9091170219039495e-12
1.8306048410512785e-12
6.0797213350703894e-13
3.4473756689143544e-12
2.4595111077946188e-12
1.7252724384638526e-12
-1.8628661501770650e-12
-7.4508841259940183e-13
-1.1584259109652312e-12
-3.1926902173387347e-13
-1.2616658301086297e-12
1.8429693850718123e-12
7.8854275021230285e-13
6.0469433582835351e-13
-6.2350412215369875e-13
-1.0033808637906481e-12
-1.3723688713297050e-12
3.8830490620676785e-12
1.5100513206008255e-13
1.5085386756659361e-12
1.4306054894742682e-12
-1.0120084315283276e-12
2.5610980091106680e-12
-1.0211948574804889e-12
7.5886924132348743e-13
1.7231934967003493e-12
-3.2643588011888723e-13
3.0141920288644312e-12
7.0173211069695709e-13
1.3227053895328546e-12
2.4156413043325555e-12
1.1827237265314443e-12
3.1589568232030283e-13
-1.5521721603300850e-12
1.8859368211233168e-12
1.4390645305138556e-12
-1.8048267371434356e-13
-1.5028484548801777e-12
1.9785148423432974e-12
-7.0815747186584663e-13
1.8375630571308274e-13
-2.2619710037441556e-12
-8.0394358809635184e-13
1.2117721836152909e-12
4.2511386157014857e-13
-1.1207882709909463e-13
1.2406297601058939e-12
2.0620440341723019e-13
9.4195806909875261e-13
-1.1871990970648977e-13
1.7179993856790812e-13
1.1359956414164972e-12
2.8877156544660276e-13
-3.1397059156559313e-12
1.0026928818383438e-12
-1.8574622966261695e-12
3.2653858795773139e-12
1.2211620393856872e-12
3.5309739538204910e-13
5.1878193619328278e-13
1.8244155681632750e-12
-2.5759652114979430e-12
-2.9844322528571031e-14
-2.6233183498405549e-12
1.5618592456220062e-12
-3.3031716024803908e-12
-5.2713163596674776e-13
-2.0652232289701053e-12
2.3045816590344443e-13
6.4833054898174404e-13
-3.9798671034763134e-13
-1.7459925517109050e-13
4.2485415616386768e-13
3.4586573227098708e-13
-6.5462758389726798e-14
8.8956594312578257e-13
4.2804041566813592e-13
-2.4271787325178934e-12
8.9541620096431636e-13
1.3326410534100744e-12
3.3870165616422734e-12
-2.3592827012276523e-12
2.8971364173246665e-12
-1.6391100763894493e-12
9.8934603631459723e-13
