1.1667873228746545e-01
1.3684797746291893e-01
1.5906403009378781e-01
1.8369877485319888e-01
2.1099108136287331e-01
2.4126770909470410e-01
2.7482569419725766e-01
3.1200643939203260e-01
3.5314468745466499e-01
3.9860127302612647e-01
4.4874525184267045e-01
5.0397245955572334e-01
5.6467888781009412e-01
6.3127698855857861e-01
7.0418047624296365e-01
7.8381729655657906e-01
8.7061151580370844e-01
9.6498144912274397e-01
1.0673345774731529e+00
1.1780574438204996e+00
1.2974993470331753e+00
1.4259813334998273e+00
1.5637881657469068e+00
1.7111522650821966e+00
1.8682382362985903e+00
2.0351368308831295e+00
2.2118430626608734e+00
2.3982526330804590e+00
2.5941404352314157e+00
2.7991407289307100e+00
3.0127365769433236e+00
3.2342393116488743e+00
3.4627724755568501e+00
3.6972555038322623e+00
3.9363769919334857e+00
4.1785882856143628e+00
4.4220834675556944e+00
4.6647685025148151e+00
4.9042372298058696e+00
5.1377652198886166e+00
5.3622895921074649e+00
5.5743925941499644e+00
5.7702978165721657e+00
5.9458540100017538e+00
6.0965170252162899e+00
6.2173466664172921e+00
6.3030073562126425e+00
6.3477731028798035e+00
6.3455254983032443e+00
6.2897553231504055e+00
6.1735806121718211e+00
5.9897670523014694e+00
5.7307463346636593e+00
5.3886405872555487e+00
4.9552920242334482e+00
4.4223109155329352e+00
3.7811145671465387e+00
3.0229787933313363e+00
2.1391004900263164e+00
1.1206512746695609e+00
-4.1162350142243870e-02
-1.3550251303160588e+00
-2.8294331765292924e+00
-4.4726129973482047e+00
-6.2924418674871472e+00
-8.2963686505002130e+00
-1.0491320949674733e+01
-1.2883604734587683e+01
-1.5478820814840592e+01
-1.8281783217957056e+01
-2.1296430620760599e+01
-2.4525729397259411e+01
-2.7971593015668503e+01
-3.1634804475195718e+01
-3.5514933519858957e+01
-3.9610272737608931e+01
-4.3917787570143936e+01
-4.8433060839143813e+01
-5.3150247716278265e+01
-5.8062049630079194e+01
-6.3159687010371471e+01
-6.8432885416317575e+01
-7.3869890922180986e+01
-7.9457491154450949e+01
-8.5181040331208280e+01
-9.1024497823972212e+01
-9.6970487228356859e+01
-1.0300037859308135e+02
-1.0909437054119388e+02
-1.1523158579706252e+02
-1.2139018789382934e+02
-1.2754750167516676e+02
-1.3368014489961325e+02
-1.3976417154490844e+02
-1.4577522237471598e+02
-1.5168868515950501e+02
-1.5747985875153279e+02
-1.6312413026158089e+02
-1.6859714041829073e+02
-1.7387494982040158e+02
-1.7893422040725378e+02
-1.8375238489008129e+02
-1.8830781122426967e+02
-1.9257997095469054e+02
-1.9654958263522411e+02
-2.0019876225332308e+02
-2.0351116208858497e+02
-2.0647208122678614e+02
-2.0906857214554276e+02
-2.1128953773701406e+02
-2.1312581281008235e+02
-2.1457022488802642e+02
-2.1561764129108357e+02
-2.1626500417136307e+02
-2.1651133569860289e+02
-2.1635772946034388e+02
-2.1580733389866296e+02
-2.1486530936252669e+02
-2.1353877355623251e+02
-2.1183674035872386e+02
-2.0977002662779606e+02
-2.0735114873546542e+02
-2.0459421491612432e+02
-2.0151480400453272e+02
-1.9812983830280606e+02
-1.9445743307936007e+02
-1.9051674966381199e+02
-1.8632784893125631e+02
-1.8191152462827017e+02
-1.7728914922083368e+02
-1.7248253010563715e+02
-1.6751375215842569e+02
-1.6240501286132880e+02
-1.5717847782659030e+02
-1.5185613419129936e+02
-1.4645964560344729e+02
-1.4101023125563279e+02
-1.3552854630978436e+02
-1.3003456556595162e+02
-1.2454747984409462e+02
-1.1908559984068478e+02
-1.1366628675848933e+02
-1.0830588231215569e+02
-1.0301964490908220e+02
-9.7821710369752338e+01
-9.2725055257698770e+01
-8.7741465850986827e+01
-8.2881527805574549e+01
-7.8154623631290931e+01
-7.3568941003558137e+01
-6.9131487254573983e+01
-6.4848121429997931e+01
-6.0723583728301520e+01
-5.6761524527261749e+01
-5.2964556430687324e+01
-4.9334310478104449e+01
-4.5871485351983175e+01
-4.2575914351413132e+01
-3.9446622041991191e+01
-3.6481885658339017e+01
-3.3679310643504152e+01
-3.1035887260155192e+01
-2.8548052280222844e+01
-2.6211756817305037e+01
-2.4022532373730947e+01
-2.1975554307416132e+01
-2.0065698534889965e+01
-1.8287603609381883e+01
-1.6635725559473315e+01
-1.5104384380248865e+01
-1.3687814458510625e+01
-1.2380208211122671e+01
-1.1175754888654062e+01
-1.0068685956884407e+01
-9.0533093208660151e+00
-8.1240277960018474e+00
-7.2753655733395659e+00
-6.5019976709696037e+00
-5.7987741922906073e+00
-5.1607306849770840e+00
-4.5830927925355862e+00
-4.0612946005136621e+00
-3.5909827748308358e+00
-3.1680167717565615e+00
-2.7884813614231798e+00
-2.4486916147901994e+00
-2.1451844358398131e+00
-1.8747160945635823e+00
-1.6342606124877759e+00
-1.4209959943299253e+00
-1.2322978421748112e+00
-1.0657452288773206e+00
-9.1911176590815813e-01
-7.9034664313459890e-01
-6.7756439365124066e-01
-5.7903987383126554e-01
-4.9320494992816805e-01
-4.1863606774625961e-01
-3.5403883548663256e-01
-2.9824234407079125e-01
-2.5019549805273361e-01
-2.0895951745964997e-01
-1.7369040073568756e-01
-1.4363194764367113e-01
-1.1811145272576014e-01
-9.6524013673622344e-02
-7.8334253946240121e-02
-6.3072503730566137e-02
-5.0326847132251544e-02
-3.9733554422459863e-02
-3.0970787338887217e-02
-2.3756829891567691e-02
-1.7854339491683753e-02
-1.3057759922924302e-02
-9.1858018313987610e-03
-6.0808515523507406e-03
-3.6128072140308247e-03
-1.6763096773037296e-03
-1.7867938049903915e-04
9.6064912910343860e-04
1.8076557012784754e-03
2.4280065010692238e-03
2.8797084540696603e-03
3.2041786087640745e-03
3.4300103388913471e-03
3.5860699070156183e-03
3.6945292928124347e-03
3.7770084843137541e-03
3.8532073111390230e-03
3.9370459304353600e-03
4.0444701329430902e-03
4.1932356939099009e-03
4.3962015577348381e-03
4.6695027145819351e-03
5.0232735224914199e-03
5.4725915441110858e-03
6.0314274930857309e-03
6.7093843147738325e-03
7.5160608604123297e-03
8.4773295844807160e-03
9.6244592278640385e-03
1.0993233439201612e-02
1.2624547129615998e-02
1.4568301023157055e-02
1.6872889758781928e-02
1.9607083412660847e-02
2.2847124856619494e-02
2.6693123857286599e-02
3.1250815267268174e-02
3.6655622227099491e-02
4.3059271597336073e-02
5.0670126528571571e-02
5.9703621653975060e-02
7.0472008016133209e-02
8.3271798187024820e-02
9.8634193914008558e-02
