5.3812001520089962e-02
6.3910860456239157e-02
7.5337608030450740e-02
8.8293989984499680e-02
1.0300738188680099e-01
1.1973162850785814e-01
1.3874635762424889e-01
1.6036296935669453e-01
1.8492583694901762e-01
2.1281736873393206e-01
2.4446048427022177e-01
2.8032348905595672e-01
3.2092340582835749e-01
3.6683097074221727e-01
4.1867463879834982e-01
4.7714583079894873e-01
5.4300350642087047e-01
6.1707970193589701e-01
7.0028457913722564e-01
7.9361223439126560e-01
8.9814611984051829e-01
1.0150650545273889e+00
1.1456488880675655e+00
1.2912845967650872e+00
1.4534720245124599e+00
1.6338298982186403e+00
1.8341014390232340e+00
2.0561600814365635e+00
2.3020147024089863e+00
2.5738147780760117e+00
2.8738549311744692e+00
3.2045792098571382e+00
3.5685846080721375e+00
3.9686241049521400e+00
4.4076087711500112e+00
4.8886091678219827e+00
5.4148556180242959e+00
5.9897375347803417e+00
6.6168014143002845e+00
7.2997476468654199e+00
8.0424257818311116e+00
8.8488283770237555e+00
9.7230830982101821e+00
1.0669443186221873e+01
1.1692275989542537e+01
1.2796049676895823e+01
1.3985317863977530e+01
1.5264702275508595e+01
1.6638873218202480e+01
1.8112528001997802e+01
1.9690367132180079e+01
2.1377068435009591e+01
2.3177258992064619e+01
2.5095485079450235e+01
2.7136180044663043e+01
2.9303630357787601e+01
3.1601939831276173e+01
3.4034992290744981e+01
3.6606412754703108e+01
3.9319527454395001e+01
4.2177322815333973e+01
4.5182403780753624e+01
4.8336951659549548e+01
5.1642681925223172e+01
5.5100802203711822e+01
5.8711970916830722e+01
6.2476256865622915e+01
6.6393100251083709e+01
7.0461275450825028e+01
7.4678856067113344e+01
7.9043182583915709e+01
8.3550833150591174e+01
8.8197597831078696e+01
9.2978456820203718e+01
9.7887562947298122e+01
1.0291822893281660e+02
1.0806291967843042e+02
1.1331324999965913e+02
1.1865998802058530e+02
1.2409306456274119e+02
1.2960158866653671e+02
1.3517386948152873e+02
1.4079744456467839e+02
1.4645911471104844e+02
1.5214498524221574e+02
1.5784051375287561e+02
1.6353056411690616e+02
1.6919946662224376e+02
1.7483108390715131e+02
1.8040888243476039e+02
1.8591600905125185e+02
1.9133537223709374e+02
1.9664972747747572e+02
2.0184176624545933e+02
2.0689420791928021e+02
2.1178989402935485e+02
2.1651188407240451e+02
2.2104355221400030e+02
2.2536868405897354e+02
2.2947157276530476e+02
2.3333711365325084e+02
2.3695089657172016e+02
2.4029929517904421e+02
2.4336955242059011e+02
2.4614986139992786e+02
2.4862944098066669e+02
2.5079860538870699e+02
2.5264882723928625e+02
2.5417279336252210e+02
2.5536445296825630e+02
2.5621905765451044e+02
2.5673319294086298e+02
2.5690480098252795e+02
2.5673319430458059e+02
2.5621906037743923e+02
2.5536445704135568e+02
2.5417279877239861e+02
2.5264883396810814e+02
2.5079861341456584e+02
2.4862945027743041e+02
2.4614987193777890e+02
2.4336956416581060e+02
2.4029930809472648e+02
2.3695091061747465e+02
2.3333712878608404e+02
2.2947158893923859e+02
2.2536870122608477e+02
2.2104357032393881e+02
2.1651190307358857e+02
2.1178991386837393e+02
2.0689422854224077e+02
2.0184178759725739e+02
1.9664974950328858e+02
1.9133539488150623e+02
1.8591603225989209e+02
1.8040890615326435e+02
1.7483110808294023e+02
1.6919949120331282e+02
1.6353058905374493e+02
1.5784053899706504e+02
1.5214501074849690e+02
1.4645914043571312e+02
1.4079747046779315e+02
1.3517389552510619e+02
1.2960161481692552e+02
1.2409309078856481e+02
1.1866001429531292e+02
1.1331327629929933e+02
1.0806294598430154e+02
1.0291825522898320e+02
9.7887589223564134e+01
9.2978483069279449e+01
8.8197624051824249e+01
8.3550859344901923e+01
7.9043208760248504e+01
7.4678882237077531e+01
7.0461301633029578e+01
6.6393126467420359e+01
6.2476283145478135e+01
5.8711997293046110e+01
5.5100828717212032e+01
5.1642708620637812e+01
4.8336978590315866e+01
4.5182431004382764e+01
4.2177350399056785e+01
3.9319555470054169e+01
3.6606441285022953e+01
3.4035021423829320e+01
3.1601969667596919e+01
2.9303661004268132e+01
2.7136211622498436e+01
2.5095517717756550e+01
2.3177292836666052e+01
2.1377103641635646e+01
1.9690403876384575e+01
1.8112566471889327e+01
1.6638913625696663e+01
1.5264744848585050e+01
1.3985362859514495e+01
1.2796097372457593e+01
1.1692326698107140e+01
1.0669497247521393e+01
9.7231408957424232e+00
8.8488903289936829e+00
8.0424923609425409e+00
7.2998193709510506e+00
6.6168788695281471e+00
5.9898213661148736e+00
5.4149465566665196e+00
4.8887080217238790e+00
4.4077164577526098e+00
3.9687416420872168e+00
3.5687131533924803e+00
3.2047200526168393e+00
2.8740095401927572e+00
2.5739847951064396e+00
2.3022020010874185e+00
2.0563667632534774e+00
1.8343299065446521e+00
1.6340828550947337e+00
1.4537525674207370e+00
1.2915962214626193e+00
1.1459956061302701e+00
1.0154514082284003e+00
8.9857733205838530e-01
7.9409423612752261e-01
7.0082420426060987e-01
6.1768473248135902e-01
5.4368292863543166e-01
4.7790990498353514e-01
4.1953524026363653e-01
3.6780169268836471e-01
3.2202001976874045e-01
2.8156409042548575e-01
2.4586612440059910e-01
2.1441225152236407e-01
1.8673820440822048e-01
1.6242534767589373e-01
1.4109683484742211e-01
1.2241411031971962e-01
1.0607352364695410e-01
9.1803292032288444e-02
7.9360552065241480e-02
6.8528759917956691e-02
5.9115151632124122e-02
5.0948551594628869e-02
4.3877207061582546e-02
3.7766972361248513e-02
3.2499480992428754e-02
2.7970672944142828e-02
2.4089267966149637e-02
2.0775606124561266e-02
1.7960388389655361e-02
1.5583805997269256e-02
1.3594519169837208e-02
1.1949059261194883e-02
1.0611023289604232e-02
9.5507448972000607e-03
8.7446917757214339e-03
8.1754185641012417e-03
7.8311668865042230e-03
7.7061379597420212e-03
7.8003119114881470e-03
8.1201145170750073e-03
8.6784949973740828e-03
9.4961179572078218e-03
1.0601767542476078e-02
1.2034287632796700e-02
1.3843411351940319e-02
1.6092832560546787e-02
1.8861571657954278e-02
2.2248871206786244e-02
2.6376111877766065e-02
3.1394879909755015e-02
3.7489599755635636e-02
4.4881766656682448e-02
