1.7768793138908384e-12
-4.8717887118496770e-13
1.5834265617891424e-12
1.3904826762865808e-12
-1.7848232773917749e-12
-7.4578476966910399e-13
1.2369130960513883e-12
-6.9331106477689007e-13
-3.8916743465740254e-13
2.4038850485310530e-12
1.1325680517002388e-12
1.3575020740800924e-12
1.8004659211600228e-12
-3.3163207265391283e-13
-1.0578056239773321e-12
3.4812201548740104e-13
2.2338016585717013e-12
4.5465017191002213e-13
-1.4192546404878638e-13
1.3877640037578090e-12
2.1819556697827991e-12
2.3336214348350441e-13
2.4211683828414910e-12
-1.9199852191399329e-12
1.9259958960333617e-12
-6.9312446483057712e-14
1.3373849924772507e-12
7.7875008428993258e-14
1.6185265577131581e-12
1.3901948438506185e-13
7.5917169195980198e-13
4.0899617236415614e-15
3.6453828855572561e-13
2.3877368851516002e-12
-3.8832574378500285e-13
-8.2205859070327358e-14
-2.1164736665607692e-12
8.4723563379758859e-13
-7.3184417109057572e-13
-1.2161662028605970e-12
2.1910003674857722e-12
-6.6621574086747159e-13
1.1290559448656442e-12
5.5678052888298326e-12
7.9446941491722629e-12
1.1840895061086023e-11
1.9957948407429865e-11
2.8955925845772533e-11
4.6228282865677212e-11
7.0059992130886039e-11
1.0514166010350533e-10
1.5485991951708679e-10
2.2670706490185315e-10
3.2991859799054012e-10
4.7428680017863610e-10
6.8756848400939880e-10
9.7984581114912347e-10
1.3885399937314192e-09
1.9579103524887139e-09
2.7457506557876886e-09
3.8130845837181239e-09
5.2739175552680238e-09
7.2411404644129656e-09
9.8852049530123772e-09
1.3403106330769015e-08
1.8054846425907197e-08
2.4163293662780938e-08
3.2107697658025477e-08
4.2358773820119712e-08
5.5456362711061812e-08
7.2017976102252953e-08
9.2724200210784481e-08
1.1826936737579413e-07
1.4931269380471381e-07
1.8635961201948213e-07
2.2959929589801681e-07
2.7862475677073797e-07
3.3208821651524320e-07
3.8711231413618512e-07
4.3853387571913629e-07
4.7777398214334758e-07
4.9137420901082424e-07
4.5888136425224966e-07
3.5014355779984312e-07
1.2154370868241733e-07
-2.8881293070348102e-07
-9.6753176509380337e-07
-2.0341668369756785e-06
-3.6518866405799681e-06
-6.0410141592326559e-06
-9.4961886338368410e-06
-1.4407844599214852e-05
-2.1288928429239413e-05
-3.0807823215299292e-05
-4.3828558018263163e-05
-6.1459481339776355e-05
-8.5111611166534853e-05
-1.1656786594625253e-04
-1.5806431837480753e-04
-2.1238441412852396e-04
-2.8296682265508934e-04
-3.7402694208940254e-04
-4.9069156301308084e-04
-6.3914487635642332e-04
-8.2678278823856337e-04
-1.0623705236425941e-03
-1.3561960997260753e-03
-1.7202091289398188e-03
-2.1681307067945000e-03
-2.7155152176795783e-03
-3.3797395838160047e-03
-4.1798883358897263e-03
-5.1364954774146500e-03
-6.2710946797384683e-03
-7.6055192655899188e-03
-9.1608818307002959e-03
-1.0956150799938193e-02
-1.3006227549454510e-02
-1.5319413561000647e-02
-1.7894142371943679e-02
-2.0714836761778838e-02
-2.3746738088110734e-02
-2.6929542797304314e-02
-3.0169672094137557e-02
-3.3330995445403015e-02
-3.6223828861524636e-02
-3.8592035774932330e-02
-4.0098074182036730e-02
-4.0305859855586608e-02
-3.8661354321102327e-02
-3.4470839663527826e-02
-2.6876912118443539e-02
-1.4832314844535167e-02
2.9281616193701349e-03
2.7917353109352179e-02
6.1926460635534600e-02
1.0705617221264006e-01
1.6574729201808583e-01
2.4080978912658840e-01
3.3544895029321931e-01
4.5328708296607817e-01
5.9837897180101474e-01
7.7521905231291410e-01
9.8873803834787399e-01
1.2442865370520142e+00
1.5476030185057139e+00
1.9047633911187447e+00
2.3221093837342277e+00
2.8061529666542633e+00
3.3634541725672875e+00
4.0004699205651848e+00
4.7233718162522269e+00
5.5378314112085008e+00
6.4487720655941230e+00
7.4600873745174612e+00
8.5743270934362830e+00
9.7923526262325744e+00
1.1112965411134820e+01
1.2532512936552429e+01
1.4044478615982490e+01
1.5639063314667517e+01
1.7302767909403389e+01
1.9017987827127410e+01
2.0762631991517051e+01
2.2509779946733300e+01
2.4227392056713981e+01
2.5878088526883776e+01
2.7419013492064355e+01
2.8801800491826832e+01
2.9972655248611453e+01
3.0872570720034748e+01
3.1437687871113621e+01
3.1599813475595379e+01
3.1287103496892858e+01
3.0424917227794516e+01
2.8936843415304100e+01
2.6745895119340688e+01
2.3775865132433509e+01
1.9952828528019342e+01
1.5206773437869758e+01
9.4733356359424992e+00
2.6956070970180650e+00
-5.1740164121653924e+00
-1.4171988270566795e+01
-2.4321807963017886e+01
-3.5632308611284792e+01
-4.8096083622695581e+01
-6.1688101785550380e+01
-7.6364559575856219e+01
-9.2062017430290865e+01
-1.0869686322946033e+02
-1.2616514121346196e+02
-1.4434277805831255e+02
-1.6308622997006484e+02
-1.8223356554889494e+02
-2.0160598903597361e+02
-2.2100979762578501e+02
-2.4023875509399213e+02
-2.5907685237638583e+02
-2.7730141428518334e+02
-2.9468650062374923e+02
-3.1100653992245071e+02
-3.2604012521585213e+02
-3.3957389404155680e+02
-3.5140640945179439e+02
-3.6135195553039858e+02
-3.6924415988031325e+02
-3.7493935690231791e+02
-3.7831960946191919e+02
-3.7929531269786304e+02
-3.7780731214265904e+02
-3.7382847880628049e+02
-3.6736469614990438e+02
-3.5845522761454009e+02
-3.4717244818280682e+02
-3.3362093891371239e+02
-3.1793595904553320e+02
-3.0028132564589708e+02
-2.8084674544032765e+02
-2.5984465693265605e+02
-2.3750665283969192e+02
-2.1407956284721496e+02
-1.8982128446604403e+02
-1.6499645510863272e+02
-1.3987206128292996e+02
-1.1471308095722975e+02
-8.9778252720083600e+01
-6.5316060456666634e+01
-4.1561015078759354e+01
-1.8730305640170471e+01
2.9791187385429629e+00
2.3392986956861712e+01
4.2361628037754969e+01
5.9761354960769104e+01
7.5495301750506570e+01
8.9493718856222870e+01
1.0171374468329400e+02
1.1213868293110352e+02
1.2077682585675539e+02
1.2765987247657783e+02
1.3284099785610235e+02
1.3639263490675853e+02
1.3840403345166570e+02
1.3897866275500826e+02
1.3823152330061978e+02
1.3628643147969365e+02
1.3327333717690996e+02
1.2932572923587537e+02
1.2457817767675938e+02
1.1916405458467450e+02
1.1321346805116529e+02
1.0685143569391933e+02
1.0019631635432134e+02
9.3358510812566990e+01
8.6439434975923874e+01
7.9530762168568032e+01
7.2713925028407218e+01
6.6059862211155078e+01
5.9628990691014359e+01
5.3471380972885946e+01
4.7627110002175392e+01
4.2126764952618565e+01
3.6992070342738579e+01
3.2236611006353655e+01
2.7866624234025632e+01
2.3881835809111742e+01
2.0276316575008714e+01
1.7039338476517539e+01
1.4156211605411674e+01
1.1609086541030484e+01
9.3777091098855010e+00
7.4401175038744860e+00
5.7732744154067710e+00
4.3536294042888102e+00
3.1576090523661295e+00
2.1620345496447988e+00
1.3444681635362310e+00
6.8349155757196411e-01
1.5892014479159272e-01
-2.4804140882249973e-01
-5.5469675953453290e-01
-7.7680236453101237e-01
-9.2855251183106691e-01
-1.0225985689549328e+00
-1.0700963040454989e+00
-1.0807754537314247e+00
-1.0630261368221208e+00
-1.0239972124605614e+00
-9.6970222894892688e-01
-9.0512918130374143e-01
-8.3435087080330395e-01
-7.6063322092455543e-01
-6.8653943762028313e-01
-6.1402839638890583e-01
-5.4454608731491028e-01
-4.7910934655033227e-01
-4.1838144697114094e-01
-3.6273941110344754e-01
-3.1233314796348005e-01
-2.6713670436923481e-01
-2.2699206536800390e-01
-1.9164604113040154e-01
-1.6078084518021127e-01
-1.3403900520146375e-01
-1.1104325885767156e-01
-9.1412077464859062e-02
-7.4771434699524200e-02
-6.0763400037598392e-02
-4.9052090663797572e-02
-3.9327464870394208e-02
-3.1307386387446831e-02
-2.4738335574891010e-02
-1.9395091136412364e-02
-1.5079656408216383e-02
-1.1619658534963594e-02
-8.8664068613738163e-03
-6.6927599346841282e-03
-4.9909176893376157e-03
-3.6702275158703853e-03
-2.6550690040950779e-03
-1.8828625807588970e-03
-1.3022311268845645e-03
-8.7133087919566063e-04
-5.5635802396630145e-04
-3.3022976240026491e-04
-1.7143337652485001e-04
-6.3032867766763559e-05
8.1794334443424408e-06
5.2400308483892361e-05
7.7416535728258649e-05
8.9103431624285010e-05
9.1834697904189763e-05
8.8816229195502825e-05
8.2355434757022992e-05
7.4076572846155575e-05
6.5091136039696697e-05
5.6131345083483844e-05
4.7653625960952464e-05
3.9917878728424251e-05
3.3047456333302184e-05
2.7073855642019900e-05
2.1969577661111273e-05
1.7671761115899351e-05
1.4098829863135849e-05
1.1161881212218107e-05
8.7721709140181644e-06
6.8457781522993246e-06
5.3062537095646229e-06
4.0858559084830831e-06
3.1258392265955472e-06
2.3761873715153199e-06
1.7949443476112931e-06
1.3473702559275898e-06
1.0050340478180602e-06
7.4492430169938199e-07
5.4858603989489486e-07
4.0134778315651425e-07
2.9164978186664795e-07
2.1046592031127090e-07
1.5077969339100611e-07
1.0719983348894051e-07
7.5605526613309224e-08
5.2860686152886957e-08
3.6615569924234462e-08
2.5102205098145093e-08
1.7016176609185184e-08
1.1382333993906780e-08
7.5033211646934905e-09
4.8549678949060423e-09
3.0745661530070030e-09
1.8917479140561242e-09
1.1194251147192416e-09
6.2550738570434551e-10
3.1652284256394370e-10
1.3140114046680068e-10
2.0073580593219084e-11
-2.9888924327684174e-11
-5.9133485473695559e-11
-6.6984004365755546e-11
-6.2573600696942635e-11
-6.0093232754989744e-11
-4.8850569941146375e-11
-3.9864051966815451e-11
-3.1696483742371565e-11
-2.6411834807616594e-11
-1.8485470577022501e-11
-1.4015299797425326e-11
-1.1027271119036204e-11
-9.4711859731194076e-12
-4.6488500489570876e-12
-2.4832257084051915e-12
9.0599084002033435e-13
-7.6983983011038996e-13
-3.0750527539565983e-13
-6.8601085834525093e-13
4.5090200721008005e-13
-1.9092019859360320e-12
2.6193025111881329e-13
-8.7760058979676446e-13
-6.0140769628031756e-13
-2.2088353814674815e-12
-7.0864079478291064e-13
-2.0094443255046355e-12
-1.1203995297726858e-12
-1.7680960173282436e-13
-7.6900889650181769e-13
-4.2492964726213980e-13
-2.7673727386667737e-13
-2.8028261575738344e-12
1.6874163871713945e-12
-1.8050350117124335e-12
1.6919377599557486e-12
-3.4256690367290533e-12
7.3947294992389480e-13
5.8922999442111237e-13
1.3925431297120562e-12
-3.7179831801449480e-13
-1.1724846085987023e-12
1.0074300275874766e-12
-1.9787601550554210e-12
8.2075680438677608e-13
-1.8341758166957664e-12
6.8226918593110436e-13
-4.9062910445270050e-13
1.6958600108792507e-13
1.6210191437332730e-12
1.5616856651056184e-12
1.4093422648266359e-12
-8.4513606892509938e-13
-1.1762693481784201e-12
1.2527075350230565e-12
1.2263633040270217e-12
1.4016729356997899e-12
6.7410995317196089e-13
3.0556168604546971e-13
1.8136133645830414e-12
2.1410234653834255e-13
1.3503081030237444e-12
1.2504482009221664e-12
-5.3034496703072295e-13
-1.3196220740625495e-12
1.2775364904785752e-12
-1.1273360813243757e-12
5.8450939881007449e-13
-2.4992578544422401e-13
-6.7921482297828147e-13
-8.3956773447413236e-13
-1.8223864444278556e-12
-1.4127389886356555e-12
-2.8635470301242588e-12
2.7886146288673133e-12
-3.4336447150120465e-13
5.9209193621569170e-13
2.7518501363088950e-13
1.5161082360147092e-12
1.1459830122172059e-12
-2.7269089847717721e-12
-1.2003459171216773e-13
-4.9134152713609001e-13
1.4918117287371158e-12
-3.2809425565805899e-12
6.8136761370209264e-13
4.3061690920642204e-13
8.8413736041839403e-13
-1.9466532797192135e-12
-8.3032280322018039e-14
8.6484666990514661e-13
-3.2178615191494178e-14
-3.8079367706594481e-13
5.7990472851854045e-13
2.9030849700805263e-13
2.4316725354204644e-12
-1.8424080817745831e-12
-2.0003874812987334e-13
-1.0725245333602754e-12
-4.7815902138949516e-13
-9.1382110780496136e-14
-3.4159758445446573e-13
-4.5319563317629395e-13
-3.1642820934383363e-13
-1.6701574012470188e-14
8.4299273489992848e-13
4.7579896853865330e-13
-6.9930116568782577e-13
3.7478961154961955e-13
6.1068592234037216e-13
-8.5024091586796446e-13
-3.1500104846868398e-13
-9.3744459931121818e-13
-2.2803958232708959e-13
5.7421396754963492e-13
-1.6618976799614486e-12
2.2988846102433025e-13
1.1765688125951607e-12
1.1153813981441919e-12
-2.8508226094083374e-13
-6.2569009019218278e-13
3.0663392044560240e-12
2.9961879954108647e-13
-2.2862982378466540e-13
-2.6102179642423810e-12
2.0657734952515547e-12
-4.1820195478106127e-13
-5.4716626110291572e-13
-2.5020554382328536e-13
1.5878390353444201e-12
-3.4098589195444134e-12
7.0753883426147326e-13
-2.1678359446990186e-12
-8.4278150403677884e-13
1.8278368840961010e-13
-1.3181564465371403e-13
