2.1325381195642541e-14
2.6626922509446440e-14
3.8826441025592327e-14
2.6258511569521125e-14
4.4124220564097346e-14
2.4244059033259471e-14
2.2233818704085221e-14
3.1516691018276396e-14
9.9800191218366829e-15
1.9968489527288860e-14
3.4696611795180726e-14
3.3209289871150848e-14
5.3391587874882853e-14
2.0135401713488806e-14
1.6530345054495323e-14
4.2115992785400207e-14
3.8195943882773366e-14
4.5490643439187146e-14
4.7166145118617426e-14
4.2427576145367271e-14
5.2519926824220100e-14
5.7854710699954929e-14
6.4514485388575604e-14
7.5007340165626194e-14
6.3847040425327941e-14
8.9344363301619873e-14
8.8704168804471842e-14
9.1346546085239312e-14
8.1060571361805629e-14
7.3293737189657407e-14
7.0031130089391399e-14
7.2727778705107523e-14
7.8718866788710397e-14
5.5338784745589580e-14
6.1696900935148503e-14
6.8789777821582463e-14
6.9871290135225442e-14
6.4364243260602677e-14
7.7564171951160580e-14
7.0515339743813715e-14
3.5829192554553115e-14
2.6396006646431731e-14
4.5643098019731525e-14
9.2004617057249814e-15
2.9962897848248703e-14
2.7756744986693676e-14
2.4494888834900328e-14
3.9971225829749288e-14
2.9855617200350499e-14
2.0716613892431706e-14
1.9596190559800302e-14
2.6728263217308877e-14
1.6120530438738685e-14
2.7738882148940492e-14
1.7169309825937663e-14
1.5678969500348154e-14
4.2956089822989606e-15
7.7794472131095583e-15
1.8410716497529989e-14
1.8824836424783765e-14
2.0829202207089483e-14
2.1719976438710107e-14
2.7059491140188989e-14
4.8213861829222932e-14
3.1361218882943309e-14
4.6943475942753871e-14
3.6956193664397074e-14
5.8739288697664482e-14
5.8127922294063423e-14
6.3017789908492539e-14
6.6296711768264149e-14
6.7799466939515965e-14
6.2522950495829315e-14
7.0103119099462637e-14
8.1243928345157269e-14
8.8424338870035013e-14
7.6057876823906231e-14
1.0358890418978636e-13
1.1629798445483072e-13
7.6217291199324228e-14
6.5192031738523430e-14
6.9143891289935081e-14
5.2883616704049753e-14
5.9796408816709599e-14
4.8491387674516735e-14
4.2024869941962185e-14
2.0297509111887490e-14
3.7984565776956670e-14
2.1880057217694778e-14
3.4346279243010471e-14
2.9449077009352665e-14
2.8285505275309496e-14
1.4539696012855803e-14
1.8641065376115315e-14
2.9490258398252686e-14
1.7803265234887531e-14
-7.4419867201002941e-15
1.3297910080662956e-14
-1.7497524712712659e-14
-3.8449494943640673e-15
-3.2237079123728269e-14
-2.4471848470168026e-14
-2.4674879177978811e-14
-3.1985183091115328e-15
8.0392222402707648e-15
3.2842247733310174e-14
4.1453622638114181e-14
3.5096954879056777e-14
3.7383209686656323e-14
3.0507684912327351e-14
1.8102305762216962e-14
-5.7841749264149192e-15
-3.9120574051432114e-14
-3.4339935826668390e-14
-7.3712496009093270e-14
-6.8472884884746212e-14
-7.5023646903917826e-14
-7.8278013308197334e-14
-7.9572935703723935e-14
-9.9835975856483999e-14
-9.8133340411029827e-14
-9.2532217932228432e-14
-9.4419492183585635e-14
-1.1942023564470966e-13
-1.4212885662400975e-13
-1.2359498254060235e-13
-1.3641124696996144e-13
-1.6875925896570842e-13
-1.6139078583163444e-13
-1.6769720276542272e-13
-1.9062435095991358e-13
-1.9780580913713642e-13
-2.0945215753479167e-13
-2.1023729794861152e-13
-2.1514516545614518e-13
-2.4648450452025326e-13
-2.5887850353053812e-13
-2.7227891039023996e-13
-3.0248055229804855e-13
-3.5606918606575652e-13
-3.6546299353550748e-13
-3.9846653249083194e-13
-4.3976482888129935e-13
-5.0236152396352801e-13
-5.5893657478672562e-13
-6.1030919238439447e-13
-6.6314708573617537e-13
-7.2820598496493385e-13
-7.6673147832540758e-13
-7.9087934010442388e-13
-8.2842264985494747e-13
-9.1123766464296034e-13
-9.6889358236374979e-13
-1.0251430592039611e-12
-1.1157361526389277e-12
-1.1977687103945502e-12
-1.2943251917159641e-12
-1.3533527821003811e-12
-1.4620254660393503e-12
-1.6386852753124364e-12
-1.7670694440164254e-12
-1.9232828935208594e-12
-2.1261018970736227e-12
-2.3183156072766752e-12
-2.5422646387332927e-12
-2.7537541079635565e-12
-3.0044544330043844e-12
-3.2927446890814367e-12
-3.6068018974845521e-12
-3.9180052208605708e-12
-4.3474588595849778e-12
-4.7787800366321357e-12
-5.2670802523648677e-12
-5.8010299090700527e-12
-6.4164360387725457e-12
-7.0815899615158056e-12
-7.8153082477798581e-12
-8.5933719545275675e-12
-9.4656431849419810e-12
-1.0364376141292013e-11
-1.1353134650915981e-11
-1.2390677094660002e-11
-1.3515652143159135e-11
-1.4726446999810667e-11
-1.6021291346049163e-11
-1.7393243580926100e-11
-1.8868360060475118e-11
-2.0405414687173482e-11
-2.2069328785243439e-11
-2.3800358163006455e-11
-2.5675315564366144e-11
-2.7609122660108510e-11
-2.9665814478072570e-11
-3.1777395660485432e-11
-3.3996187417990262e-11
-3.6243695757434129e-11
-3.8584549841955745e-11
-4.0956792487661683e-11
-4.3398151182058956e-11
-4.5875959043118561e-11
-4.8406668852625496e-11
-5.0965400772658476e-11
-5.3559792803765659e-11
-5.6141197834920379e-11
-5.8773478671904929e-11
-6.1372706578740847e-11
-6.3966302280241241e-11
-6.6518983587304989e-11
-6.9044836656804698e-11
-7.1501367355460608e-11
-7.3883979689341003e-11
-7.6198885439268463e-11
-7.8410005449002322e-11
-8.0489998800419326e-11
-8.2476427063741874e-11
-8.4308051497251363e-11
-8.6042621892785356e-11
-8.7575421869438901e-11
-8.8939938499470687e-11
-9.0135517223217663e-11
-9.1184724566890037e-11
-9.2036016304406317e-11
-9.2671506856954673e-11
-9.3113855680737253e-11
-9.3401376776105403e-11
-9.3474080240790381e-11
-9.3357700995985523e-11
-9.3046532721351622e-11
-9.2536290904963832e-11
-9.1802968501442823e-11
-9.0902735348654431e-11
-8.9828433030496244e-11
-8.8567974950196358e-11
-8.7204722337605488e-11
-8.5619597685407572e-11
-8.3933621780834139e-11
-8.2060457519924385e-11
-8.0039131050302712e-11
-7.7944714707190554e-11
-7.5727803030620105e-11
-7.3379516553390190e-11
-7.0991922605232431e-11
-6.8562750600188712e-11
-6.6104011503059756e-11
-6.3586014128288627e-11
-6.1031368695074062e-11
-5.8461371423244106e-11
-5.5924508665983336e-11
-5.3380350558942421e-11
-5.0864086501841307e-11
-4.8347280619355277e-11
-4.5922763227332549e-11
-4.3490644021554388e-11
-4.1086100101013818e-11
-3.8737978781402786e-11
-3.6482245301475445e-11
-3.4232635444470093e-11
-3.2094793752771681e-11
-3.0009854787040835e-11
-2.8045021820638701e-11
-2.6135658786660295e-11
-2.4351373643993216e-11
-2.2617156605709406e-11
-2.0980856200159683e-11
-1.9416133251688788e-11
-1.7970907067282493e-11
-1.6560981998683762e-11
-1.5285707577563863e-11
-1.4041169345915058e-11
-1.2883824196942250e-11
-1.1773004999273816e-11
-1.0769404406259524e-11
-9.7801934448447092e-12
-8.9087269270294400e-12
-8.0741873863546780e-12
-7.3274052783010963e-12
-6.6541188592336084e-12
-6.0466025147207497e-12
-5.4679357315146166e-12
-4.9352292408528899e-12
-4.4672615188102246e-12
-4.0679559694417305e-12
-3.6485646802469555e-12
-3.3055009521582020e-12
-2.9771878533227431e-12
-2.6860926606393839e-12
-2.4200157008534541e-12
-2.1474800067772479e-12
-1.9411086686074739e-12
-1.7377555306670325e-12
-1.5412288747201422e-12
-1.3837942672565558e-12
-1.2331596811741447e-12
-1.0998552127851715e-12
-9.8569461178173606e-13
-8.5430279464668863e-13
-7.1374528531605201e-13
-6.3465901793791229e-13
-5.3410428197221608e-13
-4.4511540811873727e-13
-3.8267956895009420e-13
-3.0584786451770610e-13
-2.4011484654778923e-13
-1.9358692264713589e-13
-1.6502495412539598e-13
-1.4527376507182029e-13
-1.2178390495927323e-13
-1.0912045877319086e-13
-1.0574515585038558e-13
-7.8448964553422320e-14
-8.4864904136784623e-14
-8.1518171001451098e-14
-7.8928183146334862e-14
-9.4807697368344129e-14
-1.1287034004080984e-13
-8.7861311412352881e-14
-8.5700217701969147e-14
-6.5132772562298427e-14
-5.9462649585612107e-14
-4.6875875929234597e-14
-4.2961159919023920e-14
-4.7280351100474205e-14
-5.7807165014902536e-14
-5.5639083136116641e-14
-6.3203033760599605e-14
-3.0537525068697831e-14
-4.0933457494906465e-14
-5.3174389777256484e-14
-5.1825293139452799e-14
-4.3974409624620073e-14
-5.9929260752674502e-14
-3.8802925447205575e-14
-5.8514821148646339e-14
-1.6413345990960866e-14
-1.7102373161508239e-14
9.9914668356879423e-15
3.9618236148497753e-14
4.3578739405839232e-14
2.6830874927635266e-14
4.7474105178363891e-14
6.3120266248029471e-14
1.1094680365424867e-13
1.1595791746939815e-13
1.0659468391286704e-13
1.4453335501486550e-13
1.2984449307966452e-13
1.1118937019075272e-13
1.0990011537029609e-13
1.0949848643931692e-13
1.4059895672864687e-13
1.1076497983866212e-13
1.1245867987263403e-13
1.5463671740418165e-13
1.3473166267148281e-13
1.3088122044888639e-13
1.3089478175382544e-13
1.2950406437659516e-13
1.5056572940352875e-13
1.2337833408881058e-13
7.7388401138731997e-14
4.8170236843585404e-14
-7.8550899167377427e-15
-2.6183290522616588e-14
-4.5807275178607898e-14
-5.6915369080427417e-14
-3.6913233721730523e-14
-4.9017220906253074e-14
-5.8947304195255617e-14
-2.4764687761552316e-14
-2.0067698221275147e-14
-5.0638177658878952e-15
6.6905714010355302e-17
-6.2193383057710438e-15
3.9471808494761256e-15
-3.8700057301448159e-15
-3.4690868224293251e-15
1.8051982778097487e-14
2.3467557437537988e-14
-4.6710545440751174e-15
1.1019065580669124e-14
2.5788001642034015e-15
7.1703232459507039e-15
-4.9447267127902373e-15
-2.2439274978039325e-14
-4.6713782150083352e-15
-1.0535373264201997e-14
4.9064889054427750e-15
-1.7578368361059581e-15
-2.1828247792415390e-14
-3.9925217199122109e-15
-1.7679245705327374e-14
-1.0103727312838442e-14
1.0604750180881393e-14
-6.3603254011251229e-15
-1.6015258828926948e-14
2.9804467680856029e-15
-5.5607539366976069e-15
5.7582548296899295e-16
-1.4631317402875012e-14
-3.8758684822060983e-15
-5.7380621356239665e-15
1.7911730091057324e-15
8.0014046392079318e-15
1.2099446392326105e-14
1.3369853349962514e-14
-8.3801546691212802e-15
-6.1380398208938795e-15
-1.8052145367500257e-14
1.1053898959207418e-14
1.4394216040874178e-14
4.6134774304177309e-15
-6.3082701903711411e-15
5.6202165227890070e-15
-1.1279228744742840e-14
-1.2137472015141139e-15
1.0340482976810228e-14
-6.0925565557017245e-15
6.1598435046587724e-15
1.2408876652716840e-14
1.0462301922320172e-14
2.4757827061975563e-14
5.8969395278608293e-15
-1.2193979240736554e-14
-1.5015510755983243e-15
1.3021912157324221e-14
3.0213842019601938e-14
2.2471871923726467e-14
5.7351528053588917e-14
3.3461366900387123e-14
2.2470205993491407e-14
1.9259931289352193e-14
7.8464940172950901e-15
1.5559339495969064e-14
2.3859706268671847e-15
2.9620382613594356e-14
2.5473887514832338e-14
3.9231007154205806e-14
-1.9091854850511590e-15
-1.0975221786339406e-15
3.9721537574446166e-15
1.9169811008015907e-14
1.1618571390756212e-14
2.8013021216986489e-14
2.1885442165820969e-14
4.5188670184105476e-14
-5.5629496641483681e-15
-2.7695504229656612e-15
1.7916755216015556e-15
-7.1696765476766195e-16
-2.7514716225403990e-15
1.4036867726817188e-14
1.8115508484627237e-14
2.9089820201892401e-14
-4.2565268753602218e-15
2.5074292300853231e-15
2.3748105484412948e-15
5.4208623940311162e-15
1.5050820830616323e-14
1.1428401681165017e-14
1.6749052030046833e-14
2.8153071318939239e-14
-3.9292197717368434e-15
7.3484744668310985e-15
2.0037886339066334e-14
1.3371866445742591e-14
9.2304282878220788e-15
2.2753563460137028e-14
2.8880218099029216e-14
2.8902262107274549e-14
1.9092593530496312e-15
1.2684837029078214e-14
1.5898706544509649e-14
2.5326909368230481e-14
8.4973682086000202e-15
2.4860465859762325e-14
2.6224881810546943e-14
5.3040489406240831e-14
2.9441851764832802e-14
2.7497671942992846e-14
2.3016016950849138e-14
2.4094161078440870e-14
1.9820137771914010e-14
4.5690007066490534e-14
3.3019221513714731e-14
5.3849295445951747e-14
1.6961667819601796e-14
3.8204383352766906e-14
3.9227224457070636e-14
1.3855108032585308e-14
3.8905135435975932e-14
3.1398949117318476e-14
4.8476613357770341e-14
4.9553878577538577e-14
1.2734319829966342e-15
2.6826108260009123e-14
4.3533822194600788e-14
8.2178829114328550e-15
9.7824169528706544e-15
2.2385438382583915e-14
2.0097163148928476e-14
3.4783162917230255e-14
9.7237249873123494e-15
9.9760975423328867e-15
3.5057309734363582e-14
3.6540936209614664e-15
1.4387437990104238e-14
1.3674387711293568e-14
2.8080393794724297e-14
3.3440725488824655e-14
2.6148823149116223e-15
1.4548352152727982e-14
3.0646202675664278e-14
