-2.1344437042073359e-12
-8.8299401509190355e-13
9.1744646300106089e-13
-1.0537388681473303e-12
1.4547738347128719e-12
8.7662200605143041e-13
2.6282951219092089e-13
-8.2651106646763298e-13
4.4030354837070520e-13
-2.1407589107360527e-12
3.1235089085267019e-13
8.1997158932376906e-13
-5.9398465077784959e-13
-1.0647091604935088e-12
1.1040335519642653e-12
1.6577368085872842e-12
1.2280894391326636e-12
1.2796284612615796e-12
2.4291550401498901e-12
-4.4710864958948832e-13
2.4905329675640658e-13
1.0979679998850973e-12
-1.5728379487861159e-12
1.9976964182713395e-12
1.2467419115836621e-12
-1.4048419742332927e-12
-2.5604939586493120e-13
-7.0487518827995742e-14
-1.1945465059907473e-12
-3.8522328455108792e-13
2.1785234515715546e-14
5.6982715537674151e-13
-6.1198699392982462e-13
4.2614200609194624e-14
5.3331306224506835e-13
-2.1518214852434877e-12
4.3477877351953713e-13
-2.4480046125054549e-12
-1.2474905076123070e-12
-1.4815127623941411e-12
-1.8090159245033998e-12
-7.4972091092276608e-13
-4.6907794491701087e-13
8.8136976745559439e-13
-1.4287504018907190e-12
1.1483402903848115e-12
-1.1228091225780526e-12
-8.0195366967333514e-13
-8.6622040270124043e-13
9.5085075352624607e-13
7.5445324325301009e-13
-2.9882905794544223e-13
9.7802769525584243e-13
-2.3512683145145626e-12
-3.6276098072840661e-13
8.7969419400287347e-13
-6.5227183522619072e-13
-2.7311581767669263e-13
4.0150569267169021e-12
1.1828323636642126e-12
1.4762941297172031e-12
2.5611912759882290e-12
2.7279234298660199e-12
4.6422075262757686e-12
6.5998603550326657e-12
9.2240914539703132e-12
1.4181518640933132e-11
1.8458373219257516e-11
2.8893095601692683e-11
3.9705342184256327e-11
5.7587011165218766e-11
7.7942846598511527e-11
1.0646730187942871e-10
1.4970758745628531e-10
2.0506075139869285e-10
2.7939675617936807e-10
3.7851516714240210e-10
5.0453067883118764e-10
6.7322162797215246e-10
8.8571944390992787e-10
1.1579135388804454e-09
1.4926884756142861e-09
1.9066511550347305e-09
2.3979254272183297e-09
2.9694930460244529e-09
3.6021080869186989e-09
4.2608154151371297e-09
4.8714700051068149e-09
5.3155565051386680e-09
5.3720353231893647e-09
4.7124992452264348e-09
2.8298551207811283e-09
-1.0480603848743148e-09
-8.0657922556188923e-09
-1.9872120480829449e-08
-3.8844355173277521e-08
-6.8350854728000758e-08
-1.1312831862424665e-07
-1.7974857666323905e-07
-2.7727603676064435e-07
-4.1808741148543483e-07
-6.1897986744227036e-07
-9.0253184617422710e-07
-1.2989212312683782e-06
-1.8481710615735018e-06
-2.6030267328651585e-06
-3.6324867393678853e-06
-5.0262756281950079e-06
-6.9002435758052130e-06
-9.4030263018215093e-06
-1.2724015386746878e-05
-1.7102957290736129e-05
-2.2841210084079748e-05
-3.0314963872368244e-05
-3.9990365489622957e-05
-5.2440705100490242e-05
-6.8365426809663784e-05
-8.8610775240891075e-05
-1.1419138623689497e-04
-1.4631204820494197e-04
-1.8638810218412355e-04
-2.3606257461947111e-04
-2.9721716722257223e-04
-3.7197337558492947e-04
-4.6267855939312574e-04
-5.7187050945611774e-04
-7.0221190564652674e-04
-8.5638403204728450e-04
-1.0369263172700580e-03
-1.2460051986432608e-03
-1.4850921864557822e-03
-1.7545268739018549e-03
-2.0529360408489458e-03
-2.3764748572282046e-03
-2.7178505684923243e-03
-3.0650833062514176e-03
-3.3999522252463814e-03
-3.6960692526345892e-03
-3.9165165079056647e-03
-4.0109780555190816e-03
-3.9122921004199245e-03
-3.5323464597229967e-03
-2.7572390622150520e-03
-1.4416266392242461e-03
5.9781024826702049e-04
3.5898485430147834e-03
7.8171984017221443e-03
1.3626000713814495e-02
2.1436345454080571e-02
3.1753773595914477e-02
4.5181679100125063e-02
6.2434471311057123e-02
8.4351290603574144e-02
1.1190999101149242e-01
1.4624101259714753e-01
1.8864066378628835e-01
2.4058322023951473e-01
3.0373112361580606e-01
3.7994243288733298e-01
4.7127454498448346e-01
5.7998306516956177e-01
7.0851457396024753e-01
8.5949191367610189e-01
1.0356905090324398e+00
1.2400041511816942e+00
1.4753986207945340e+00
1.7448515125177646e+00
2.0512766600229666e+00
2.3974316570977789e+00
2.7858071359299403e+00
3.2184967073849720e+00
3.6970467979808239e+00
4.2222860406670986e+00
4.7941343958605342e+00
5.4113927971614979e+00
6.0715148310067537e+00
6.7703627662612291e+00
7.5019511381968158e+00
8.2581820473998135e+00
9.0285773384054533e+00
9.8000138506584289e+00
1.0556468955751383e+01
1.1278784575878378e+01
1.1944458779224890e+01
1.2527474826746408e+01
1.2998178155820879e+01
1.3323212183327870e+01
1.3465523947344581e+01
1.3384450438979838e+01
1.3035895963048306e+01
1.2372609974629926e+01
1.1344573541555659e+01
9.8995008650859440e+00
7.9834601487469437e+00
5.5416155492847103e+00
2.5190890001542541e+00
-1.1380625904370716e+00
-5.4817628383033163e+00
-1.0560735931496346e+01
-1.6419246976657792e+01
-2.3095782295386432e+01
-3.0621693111523836e+01
-3.9019829616061330e+01
-4.8303195561980978e+01
-5.8473656189804075e+01
-6.9520734281145806e+01
-8.1420530356283564e+01
-9.4134803359782779e+01
-1.0761024752267225e+02
-1.2177799938077712e+02
-1.3655340612581330e+02
-1.5183608256116935e+02
-1.6751027895490520e+02
-1.8344557609408380e+02
-1.9949791694988622e+02
-2.1551097670331370e+02
-2.3131786463178230e+02
-2.4674314272560159e+02
-2.6160513712287189e+02
-2.7571850977563889e+02
-2.8889704945379901e+02
-3.0095663352571478e+02
-3.1171830518808144e+02
-3.2101140520088472e+02
-3.2867669293917231e+02
-3.3456938889159096e+02
-3.3856206976463727e+02
-3.4054734819053493e+02
-3.4044027173093752e+02
-3.3818038040650561e+02
-3.3373336829183285e+02
-3.2709230266622893e+02
-3.1827836361700770e+02
-3.0734107761585767e+02
-2.9435803014825706e+02
-2.7943405465353771e+02
-2.6269990748554648e+02
-2.4431045097367266e+02
-2.2444237859123521e+02
-2.0329152737336065e+02
-1.8106983274112702e+02
-1.5800198948852986e+02
-1.3432188962229915e+02
-1.1026891281222755e+02
-8.6084148271236330e+01
-6.2006627862112445e+01
-3.8269649110582677e+01
-1.5097263645413937e+01
7.2989984972041775e+00
2.8723105100752957e+01
4.8997143278617528e+01
6.7963540628281521e+01
8.5486850950009426e+01
1.0145508063573537e+02
1.1578054330916268e+02
1.2840024172777331e+02
1.3927578701935983e+02
1.4839287571800844e+02
1.5576035451860639e+02
1.6140891095459207e+02
1.6538943513614734e+02
1.6777110313080394e+02
1.6863923644198007e+02
1.6809299431298626e+02
1.6624295627406823e+02
1.6320865152569559e+02
1.5911608952247863e+02
1.5409534263525674e+02
1.4827822720047448e+02
1.4179612381394961e+02
1.3477797160295506e+02
1.2734846463441968e+02
1.1962647180529109e+02
1.1172369472161131e+02
1.0374357140011685e+02
9.5780427293260786e+01
8.7918869295521603e+01
8.0233413158136344e+01
7.2788330214597735e+01
6.5637695564396950e+01
5.8825616912746753e+01
5.2386621126834761e+01
4.6346174226407832e+01
4.0721309938187403e+01
3.5521342050408045e+01
3.0748636531354716e+01
2.6399420638933833e+01
2.2464607953945389e+01
1.8930620322200358e+01
1.5780189993421473e+01
1.2993127705566151e+01
1.0547044994196941e+01
8.4180215294630916e+00
6.5812107282732120e+00
5.0113791978457201e+00
3.6833776920629591e+00
2.5725431676493531e+00
1.6550331892730861e+00
9.0809533653424213e-01
3.1027540779543328e-01
-1.5843090025844403e-01
-5.1647752118041867e-01
-7.8071303115553914e-01
-9.6636522038334793e-01
-1.0870592808093318e+00
-1.1548638053984199e+00
-1.1803590605762810e+00
-1.1727223608311947e+00
-1.1398258169679889e+00
-1.0883422224889214e+00
-1.0238553645675359e+00
-9.5097157678704158e-01
-8.7342987495681024e-01
-7.9420852016095544e-01
-7.1562632493066292e-01
-6.3943745067801283e-01
-5.6691883220661965e-01
-4.9894970495324076e-01
-4.3608300180986004e-01
-3.7860862924433136e-01
-3.2660882928984952e-01
-2.8000598747240646e-01
-2.3860336112029659e-01
-2.0211928148507033e-01
-1.7021543183135060e-01
-1.4251982628758508e-01
-1.1864511550512798e-01
-9.8202829203534042e-02
-8.0814136823281812e-02
-6.6117668533418675e-02
-5.3774893854450750e-02
-4.3473506141048633e-02
-3.4929210594818037e-02
-2.7886263215705410e-02
-2.2117059598239449e-02
-1.7421026532823059e-02
-1.3623027150908414e-02
-1.0571451844611723e-02
-8.1361331520118894e-03
-6.2061927143255190e-03
-4.6879027543314010e-03
-3.5026226615634927e-03
-2.5848530156347294e-03
-1.8804347260130696e-03
-1.3449089518143052e-03
-9.4204423663757917e-04
-6.4253034036267640e-04
-4.2283300576321489e-04
-2.6420042460256434e-04
-1.5180972228103707e-04
-7.4040660647751961e-05
-2.1863094550709859e-05
1.1675126222341594e-05
3.1872631384209959e-05
4.2723421743926353e-05
4.7201246676363707e-05
4.7489415205711507e-05
4.5164961746868739e-05
4.1344917205388404e-05
3.6801436573182718e-05
3.2051583764628544e-05
2.7426608463652728e-05
2.3124872957615351e-05
1.9251768357842292e-05
1.5849469876389750e-05
1.2918772006760261e-05
1.0434840408082249e-05
8.3583493931706051e-06
6.6431575689806884e-06
5.2414109325772129e-06
4.1068012734647798e-06
3.1964839060971594e-06
2.4720701987158933e-06
1.9000013404508100e-06
1.4515072676812125e-06
1.1023209222825669e-06
8.3225801487417253e-07
6.2473143098068480e-07
4.6626057481743514e-07
3.4598900096737501e-07
2.5526022071975119e-07
1.8723047178823857e-07
1.3651974035824953e-07
9.8945538524457810e-08
7.1270811459481472e-08
5.1011530636780658e-08
3.6271015270605357e-08
2.5609994255378211e-08
1.7951595991179400e-08
1.2489165278377624e-08
8.6195946983511431e-09
5.8932975275303947e-09
3.9870266836535734e-09
2.6721550193789976e-09
1.7678158567152997e-09
1.1515696930264622e-09
7.3708825974639437e-10
4.6426243595342569e-10
2.8342257623591390e-10
1.6563122988515512e-10
9.1769306763606933e-11
4.5350395145764726e-11
2.0006028015961712e-11
3.6333605432105824e-12
-4.3179786082005682e-12
-1.0738457730548069e-11
-8.6683738070406713e-12
-8.8124798107438870e-12
-6.0751208358666630e-12
-5.4087121337110232e-12
-5.8236644290245758e-12
-5.1922400538017868e-12
-1.5694721687493992e-12
-4.0110904847192319e-12
-1.9831256145351028e-12
-4.6621844975987117e-13
6.9682168321529169e-13
-1.0407312571760651e-12
1.8152700167451779e-13
-5.9107950653623757e-13
-8.6744609149464932e-13
-7.1030786228255642e-13
-5.4952173172205048e-13
6.2063253957696909e-14
1.1042554162884441e-12
1.4651895654230995e-12
-1.1632395415927387e-12
2.3164286567516299e-14
2.7844502541991194e-12
-1.0622295918960346e-12
-9.0762498828894341e-15
8.3382724611532156e-13
5.2335770013756077e-13
-3.0164467657949339e-13
-3.8683137736638209e-13
-1.6231715226203265e-12
4.1467930885915697e-13
1.1249808940378260e-12
4.3700173919055785e-13
-1.3628604724599020e-12
8.9790878871905123e-13
2.0957333319142058e-13
-1.8341562786516431e-12
-2.6680859282920170e-14
-1.3018373698427364e-12
-6.1686769792169928e-13
-8.8679935726551460e-13
1.7408139541923228e-12
-1.6058109481092610e-12
-1.5830903910050616e-12
1.3873969895519502e-12
-2.5435772240120661e-13
-2.2380085684247050e-12
2.6441264453746382e-13
-5.4946440084357557e-13
9.2174222773153026e-13
8.9179628722571124e-13
-5.3476656885414104e-13
1.1224205245564364e-12
1.2611038288192108e-12
-6.2103163206706417e-13
-1.1304752598661006e-12
-2.6098684209482293e-13
1.0707225415611308e-12
-8.1089120402956681e-13
-6.8314490753123639e-13
1.3474051215939625e-12
1.0177210259690635e-14
8.3351349027287919e-13
7.2961942314066151e-13
5.5315808087159106e-13
-1.6382955968461379e-12
3.2663778287144356e-12
2.5799265672572131e-13
8.2285928293098951e-13
6.8058944564946095e-13
-1.3313551311534474e-12
-3.7836098038225349e-13
-4.9113539159153604e-13
-8.5853325619427210e-14
-1.5074717977161578e-12
-6.7140230771356802e-14
9.9495118149290069e-13
-2.6570264302914122e-12
-5.9204979847847394e-13
1.9460280850722661e-12
6.1827234551349271e-13
2.9253869389988048e-13
-1.0109055400947150e-12
-2.2134194568004846e-12
1.0050100332440208e-12
-1.4089627677728990e-12
-1.6170371341242644e-13
1.7154457030535211e-12
1.1712291447993363e-12
3.9277099056236956e-13
-6.0449707963869602e-13
8.5830734974190106e-13
1.4926849046625128e-12
-1.0833624393104905e-12
-1.5811485586751909e-12
-4.3746464908106605e-13
2.4965720657850331e-13
-1.4457366534846899e-12
1.1596075902616705e-12
-1.6216675306434166e-12
1.5002457131213525e-12
4.0567207334630130e-12
-1.2859650175664879e-12
8.6029688443391673e-13
1.1294391495815878e-12
-1.1051555836491350e-12
