4.7721260109773533e-14
1.0842191969380629e-13
2.7890109930683616e-13
-1.3607185447879766e-12
-1.4924761386626453e-12
8.9019024764421810e-13
-1.3523168552944168e-12
-1.1535941713702429e-12
1.6105227453371180e-13
1.7691254113667659e-13
-1.0609965488466045e-12
1.5476994005070066e-12
6.3206104229600685e-13
1.0450091589117240e-12
7.3049750289601076e-13
1.4241014037071840e-12
1.8617061740881032e-12
1.4416184459318298e-12
3.2942378331720172e-12
2.0953684509713149e-12
5.0848411147336157e-12
8.5890905500398335e-12
1.1895667962443608e-11
1.7399878271682002e-11
2.3610133044235812e-11
3.4370263438572611e-11
5.0483861872661254e-11
7.3916783259860004e-11
1.0795254420830893e-10
1.5233070983634928e-10
2.1761693392663207e-10
3.1215087666896435e-10
4.4320716108606496e-10
6.2959924080822112e-10
8.9422534172609407e-10
1.2644844900376447e-09
1.7829021264519685e-09
2.5037099176332141e-09
3.5092031517784019e-09
4.9079188593878281e-09
6.8445101094771609e-09
9.5206650466474581e-09
1.3208118061653514e-08
1.8275887602653805e-08
2.5221211467720002e-08
3.4720575030967012e-08
4.7673603864347045e-08
6.5295002227934764e-08
8.9197484941129966e-08
1.2154790235746139e-07
1.6520973743321652e-07
2.2398591769958446e-07
3.0291026442406303e-07
4.0861509680783159e-07
5.4981530645508640e-07
7.3795377002813439e-07
9.8798165656947958e-07
1.3194059741167843e-06
1.7575901392047082e-06
2.3354326771208762e-06
3.0954727723505431e-06
4.0925933371011682e-06
5.3973538499712486e-06
7.1002563429923625e-06
9.3170434095673030e-06
1.2195303986245782e-05
1.5922706759446561e-05
2.0737220109253928e-05
2.6939684945966025e-05
3.4909368991280850e-05
4.5122978200971992e-05
5.8177973022525192e-05
7.4820914357833364e-05
9.5981913698025661e-05
1.2281628684402077e-04
1.5675475468725629e-04
1.9956367405834407e-04
2.5341710087995730e-04
3.2098253881363952e-04
4.0552271738401435e-04
5.1101568242011930e-04
6.4229607965657755e-04
8.0522046687455881e-04
1.0068599208838496e-03
1.2557233031307497e-03
1.5620147998109517e-03
1.9379293715292515e-03
2.3979897995842080e-03
2.9594289386801224e-03
3.6426204414330746e-03
4.4715608397452753e-03
5.4744051543717974e-03
6.6840571744575450e-03
8.1388142559683605e-03
9.8830647322532376e-03
1.1968033734032877e-02
1.4452570454242426e-02
1.7403966463366560e-02
2.0898790471691204e-02
2.5023719993218670e-02
2.9876344530785727e-02
3.5565908144191610e-02
4.2213951329778454e-02
4.9954803501774260e-02
5.8935867222044962e-02
6.9317624377221027e-02
8.1273282427366006e-02
9.4987965697849133e-02
1.1065734273962813e-01
1.2848556608679146e-01
1.4868238546968729e-01
1.7145928016074446e-01
1.9702444080378359e-01
2.2557641632750297e-01
2.5729622788600370e-01
2.9233773977964306e-01
3.3081606764807231e-01
3.7279379767416365e-01
4.1826478782520271e-01
4.6713532440379890e-01
5.1920241488949070e-01
5.7412901264178851e-01
6.3141599119358316e-01
6.9037071640265313e-01
7.5007210501956156e-01
8.0933210838491143e-01
8.6665362121645695e-01
9.2018488790816699e-01
9.6767056286911746e-01
1.0063996769919206e+00
1.0331508692648688e+00
1.0441353598667855e+00
1.0349382679570303e+00
1.0004590120634294e+00
9.3485167166300964e-01
8.3146633270217285e-01
6.8279258443274737e-01
4.8040647675612974e-01
2.1492238233672981e-01
-1.2404866824773421e-01
-5.4793250140245831e-01
-1.0692154005613910e+00
-1.7014559636223590e+00
-2.4592833577396376e+00
-3.3583801142923519e+00
-4.4154476497776161e+00
-5.6481527852765891e+00
-7.0750536718890480e+00
-8.7155037148160801e+00
-1.0589532326321958e+01
-1.2717701628706507e+01
-1.5120938571784780e+01
-1.7820342323414835e+01
-2.0836967232862360e+01
-2.4191582150150172e+01
-2.7904407403403940e+01
-3.1994831282186190e+01
-3.6481108438284338e+01
-4.1380043184972145e+01
-4.6706661239117871e+01
-5.2473873993953333e+01
-5.8692139919927314e+01
-6.5369128151742402e+01
-7.2509389717296727e+01
-8.0114042183819478e+01
-8.8180473724854863e+01
-9.6702072736397042e+01
-1.0566798914048728e+02
-1.1506293340130625e+02
-1.2486701903613445e+02
-1.3505565402748948e+02
-1.4559948603331608e+02
-1.5646440565186805e+02
-1.6761161123293104e+02
-1.7899773784728896e+02
-1.9057505204451530e+02
-2.0229171296179095e+02
-2.1409209921246585e+02
-2.2591719980462221e+02
-2.3770506614048281e+02
-2.4939132095328640e+02
-2.6090971887503042e+02
-2.7219275222396595e+02
-2.8317229458059631e+02
-2.9378027381131801e+02
-3.0394936542289844e+02
-3.1361369650980492e+02
-3.2270955010859109e+02
-3.3117605951246037e+02
-3.3895588203584498e+02
-3.4599584185840081e+02
-3.5224753192146125e+02
-3.5766786539345338e+02
-3.6221956795548920e+02
-3.6587160307058201e+02
-3.6859952347188329e+02
-3.7038574331505123e+02
-3.7121972676225511e+02
-3.7109809017197182e+02
-3.7002461652985073e+02
-3.6801018223999841e+02
-3.6507259787108052e+02
-3.6123636588634429e+02
-3.5653235975072766e+02
-3.5099743007306478e+02
-3.4467394458158611e+02
-3.3760926972400642e+02
-3.2985520251068641e+02
-3.2146736186667368e+02
-3.1250454921571674e+02
-3.0302808828163859e+02
-2.9310115415913776e+02
-2.8278810158140914e+02
-2.7215380200433225e+02
-2.6126299864859953e+02
-2.5017968800854788e+02
-2.3896653556798225e+02
-2.2768433258086139e+02
-2.1639149980138808e+02
-2.0514364300802075e+02
-1.9399316408417275e+02
-1.8298893031939349e+02
-1.7217600350237282e+02
-1.6159542931358936e+02
-1.5128408651156846e+02
-1.4127459446043738e+02
-1.3159527668386295e+02
-1.2227017736387569e+02
-1.1331912704291372e+02
-1.0475785323973365e+02
-9.6598131259003807e+01
-8.8847970160832375e+01
-8.1511828658384701e+01
-7.4590855624777163e+01
-6.8083149907795502e+01
-6.1984034264423080e+01
-5.6286338426460759e+01
-5.0980686582707321e+01
-4.6055784900227906e+01
-4.1498705094797636e+01
-3.7295160486623701e+01
-3.3429771429078613e+01
-2.9886317464533118e+01
-2.6647974031161372e+01
-2.3697532007890263e+01
-2.1017598832826515e+01
-1.8590780355964938e+01
-1.6399842983135791e+01
-1.4427856030491141e+01
-1.2658314533112112e+01
-1.1075243035640284e+01
-9.6632811353166908e+00
-8.4077517488831770e+00
-7.2947132346086976e+00
-6.3109966212538700e+00
-5.4442292791112132e+00
-4.6828464173874815e+00
-4.0160918100772030e+00
-3.4340091429487587e+00
-2.9274253409621647e+00
-2.4879271818782920e+00
-2.1078324320864703e+00
-1.7801566581598165e+00
-1.4985767755854527e+00
-1.2573922981053736e+00
-1.0514851494457713e+00
-8.7627879675080111e-01
-7.2769736404348617e-01
-6.0212528583830582e-01
-4.9636796780962855e-01
-4.0761383379475719e-01
-3.3339805757596813e-01
-2.7156820415355826e-01
-2.2025193939887278e-01
-1.7782690844344812e-01
-1.4289283272713146e-01
-1.1424583222622163e-01
-9.0854943319593109e-02
-7.1840773144065437e-02
-5.6456207822988699e-02
-4.4069074004641301e-02
-3.4146640164821253e-02
-2.6241835269185314e-02
-1.9981057751480319e-02
-1.5053445522256615e-02
-1.1201479039937854e-02
-8.2127920405953118e-03
-5.9130695189894764e-03
-4.1599181896194411e-03
-2.8376017772439640e-03
-1.8525407033078924e-03
-1.1294837516595388e-03
-6.0826697984822317e-04
-2.4108320374383225e-04
9.8071240837648435e-06
1.7398542534605393e-04
2.7445977911596788e-04
3.2897341381537496e-04
3.5107931847769573e-04
3.5101795245612262e-04
3.3643009363849683e-04
3.1293235620253657e-04
2.8457895619484657e-04
2.5422981216680833e-04
2.2384193043376304e-04
1.9469834246073155e-04
1.6758652655350306e-04
1.4293623660825906e-04
1.2092490533688563e-04
1.0155735114449074e-04
8.4725314214248166e-05
7.0251178791242935e-05
5.7919552118579363e-05
4.7499529661222481e-05
3.8759887410745323e-05
3.1479025889522488e-05
2.5451066925040699e-05
2.0489122167503479e-05
1.6426658865329243e-05
1.3117473222159907e-05
1.0434814268270165e-05
8.2699858314707898e-06
6.5306501503571843e-06
5.1390324115705946e-06
4.0301040866196084e-06
3.1498857154061096e-06
2.4538421803108711e-06
1.9054653246903723e-06
1.4749598623557559e-06
1.1381750188686994e-06
8.7559993978368263e-07
6.7156937239466105e-07
5.1355228022452414e-07
3.9155733303679374e-07
2.9767587730261017e-07
2.2565481034108581e-07
1.7057308168549059e-07
1.2857078683992421e-07
9.6642100823219984e-08
7.2440516644160785e-08
5.4151024022119201e-08
4.0368891928152211e-08
3.0011141552245687e-08
2.2252532336586869e-08
1.6455463140981338e-08
1.2137410859336962e-08
8.9258132569099666e-09
6.5493228118118388e-09
4.7927049975251895e-09
3.4959979194903411e-09
2.5438604382060527e-09
1.8478187282885109e-09
1.3385204721592666e-09
9.6669987867052747e-10
6.9716416843147589e-10
4.9983349671740942e-10
3.5835081046282606e-10
2.5780102205038436e-10
1.8150210404032541e-10
1.2996102678749907e-10
9.4364889506203628e-11
6.3808032061436008e-11
4.5749980036176516e-11
3.4090318107674984e-11
2.4556405213500466e-11
1.6755011554645152e-11
1.2588179513604873e-11
6.8695621486015564e-12
5.9353648117019074e-12
3.0612309452505491e-12
3.2085653729625662e-12
1.8114126011215565e-12
3.0093642833809871e-13
1.4969372704034916e-12
9.7809767943137690e-13
1.4334411767310730e-12
-1.0730388098439591e-13
-2.0215851519597840e-12
3.5311552706258279e-13
2.5708114368794389e-12
-1.3227287441989638e-12
6.3540089147746014e-14
6.7023238509297583e-13
3.1833370797580369e-13
2.5308489538320664e-13
1.0235160475764396e-12
-2.6460245314518790e-12
-8.0605075752033790e-13
1.1843485636316429e-12
-7.9122670926196572e-14
1.4600157438202169e-12
3.4709405491538695e-13
2.2938815592653390e-13
-4.5109579545031636e-13
-6.7340344394159501e-13
3.1797919999757886e-13
2.8890949862197182e-13
1.2065867299890140e-12
1.2322025916535331e-13
-3.9399962703321471e-13
1.0286808348981703e-12
2.5352026985689750e-12
-2.4547519870030819e-12
7.4581857723630988e-13
4.0270347779024457e-13
-9.1626188294230092e-13
-7.0996608157339179e-13
1.1885240927871553e-12
-1.3631447834675177e-12
1.1044157253132317e-12
-9.2421920159265631e-13
1.9263171450666409e-13
7.5329066799108067e-13
1.2227503569562560e-12
4.8893435226935335e-13
-2.0288998366669523e-12
1.6140914358170773e-12
-3.9544043386999551e-13
-1.0481852601943161e-12
1.3205092951873695e-12
1.0496075541234237e-12
-1.8593542708384792e-12
3.7595189097549921e-13
7.8366626873146083e-13
4.8103474756121310e-13
4.3452960665673087e-13
-3.9406396894119005e-13
2.9683871381199240e-13
-3.0413508208673776e-13
1.6863934529406618e-12
-2.3576583821277961e-13
-3.6140403929816394e-13
3.8350818881527499e-13
-3.0348991489228388e-13
3.6369119880866239e-13
-1.7646964663691170e-12
-1.2707843694788035e-12
-1.1387549189483161e-12
-9.7088311321550071e-13
-1.0211396662244175e-12
1.6250912176787295e-13
-1.6758756549881270e-13
1.1377975793181072e-12
-7.1045074247196525e-13
1.5534082584940730e-13
4.8718689062927986e-14
-2.0774955346446871e-12
-6.5416516994647664e-13
-9.2770210697016902e-14
-5.5825050444335783e-13
6.0753112834870619e-13
2.1721547357654908e-12
-9.7795300743478619e-13
-1.1690475666159253e-12
-5.3648978864689384e-13
-3.3684557239782600e-13
8.0739324026590699e-13
4.8646503571747628e-13
5.7580298950695589e-13
1.5664886053011248e-13
7.3201020492050239e-13
1.6862873938634806e-12
-6.5047472528216669e-13
1.2503095180978011e-12
6.0458311620062644e-13
-1.1526328176458487e-12
-1.2255224059926071e-12
8.3166784182658636e-13
-4.5771740040468812e-13
3.5538392827580404e-13
1.6352367178487467e-12
2.5397778705612246e-13
5.9075002671574707e-13
4.2045816380949321e-13
-1.3205566805630625e-12
-6.6204253330842787e-13
5.1086537460883917e-13
-3.6700165874873284e-13
8.4343157693636486e-13
-2.5328801391455159e-13
-3.0107091621546037e-13
-2.0286129844992047e-12
5.7939361323532861e-13
-1.3413636331529717e-12
-1.0691816055427537e-12
-4.4697028942381423e-13
4.8542533860591657e-13
-1.5805478155488136e-12
1.0822109369145213e-12
-3.7071124113515340e-13
-3.9635747501052903e-13
-1.2413152367095589e-12
-2.1712991741290624e-13
4.6618977868488064e-13
1.0733557407189546e-14
5.0857943576387019e-13
-8.6763402332070674e-13
-1.0285272467514619e-12
1.5177714391048404e-12
-9.4766351575364288e-13
2.6391314841645999e-13
2.0454051037239788e-13
7.4208353835736001e-13
-1.7283907727400120e-12
1.4700361315462785e-12
-7.0892474571159610e-13
-1.4105191534701081e-12
3.9141781249901882e-14
5.5181523065090974e-13
3.4745748868237621e-13
-1.2661603340444618e-12
-1.8619761571002852e-12
