5.3810738285227575e-02
6.3909366537312426e-02
7.5335856392358569e-02
8.8291949758244073e-02
1.0300501794214564e-01
1.1972890103333776e-01
1.3874322175327716e-01
1.6035937468703149e-01
1.8492172707119831e-01
2.1281268068310663e-01
2.4445514796624379e-01
2.8031742668083803e-01
3.2091653118199409e-01
3.6682318854407309e-01
4.1866584396310236e-01
4.7713590766471964e-01
5.4299232795126406e-01
6.1706712888110049e-01
7.0027045917263020e-01
7.9359640122326391e-01
8.9812839229583108e-01
1.0150452356205415e+00
1.1456267640616653e+00
1.2912599362243466e+00
1.4534445773613482e+00
1.6337993948097380e+00
1.8340675892292573e+00
2.0561225737715088e+00
2.3019732031947737e+00
2.5737689306625455e+00
2.8738043552307375e+00
3.2045235007434933e+00
3.5685233363124578e+00
3.9685568158186610e+00
4.4075349843802982e+00
4.8885283774825297e+00
5.4147672925405237e+00
5.9896411171491959e+00
6.6166963225052298e+00
7.2996332745101320e+00
8.0423014990113089e+00
8.8486935314529482e+00
9.7229370166175464e+00
1.0669285176036302e+01
1.1692105340878914e+01
1.2795865664854638e+01
1.3985119751270629e+01
1.5264489315418487e+01
1.6638644657882903e+01
1.8112283086118197e+01
1.9690105106915937e+01
2.1376788552375039e+01
2.3176960514582053e+01
2.5095167285146037e+01
2.7135842232376653e+01
2.9303271852774717e+01
3.1601559991084290e+01
3.4034590511333597e+01
3.6605988476777902e+01
3.9319080169919033e+01
4.2176852074175869e+01
4.5181909197427444e+01
4.8336432919997719e+01
5.1642138793588508e+01
5.5100234529042424e+01
5.8711378639657134e+01
6.2475640024344905e+01
6.6392458988100771e+01
7.0460610018343857e+01
7.4678166832563335e+01
7.9042470034903957e+01
8.3550097899327866e+01
8.8196840618205300e+01
9.2977678517958054e+01
9.7886764561952774e+01
1.0291741160633059e+02
1.0806208468925912e+02
1.1331239876267115e+02
1.1865912208604229e+02
1.2409218561430269e+02
1.2960069851825958e+02
1.3517297007383925e+02
1.4079653795930346e+02
1.4645820308490212e+02
1.5214407088024691e+02
1.5783959903989236e+02
1.6352965152840417e+02
1.6919855871427433e+02
1.7483018330527725e+02
1.8040799182215738e+02
1.8591513115602285e+02
1.9133450981887418e+02
1.9664888331341689e+02
2.0184094311568361e+02
2.0689340859191375e+02
2.1178912124524555e+02
2.1651114052964206e+02
2.2104284055235885e+02
2.2536800684440169e+02
2.2947093247458812e+02
2.3333651265897643e+02
2.3695033712766821e+02
2.4029877940613437e+02
2.4336908229350306e+02
2.4614943873452114e+02
2.4862906742229708e+02
2.5079828240156363e+02
2.5264855609683116e+02
2.5417257513912745e+02
2.5536428853211177e+02
2.5621894766186978e+02
2.5673313783168066e+02
2.5690480097752760e+02
2.5673324940378234e+02
2.5621917036015935e+02
2.5536462146767914e+02
2.5417301698611070e+02
2.5264910510105688e+02
2.5079893639241632e+02
2.4862982382675577e+02
2.4615029459442411e+02
2.4337003428445115e+02
2.4029982385953480e+02
2.3695147005379803e+02
2.3333772977302885e+02
2.2947222922304758e+02
2.2536937843419182e+02
2.2104428197957628e+02
2.1651264661082345e+02
2.1179068664744449e+02
2.0689502786506742e+02
2.0184261072299941e+02
1.9665059366382434e+02
1.9133625729671482e+02
1.8591691015262154e+02
1.8040979676387576e+02
1.7483200868332489e+02
1.6920039911028684e+02
1.6353150164173510e+02
1.5784145371000764e+02
1.5214592511088205e+02
1.4646005206271644e+02
1.4079837707444835e+02
1.3517479493448030e+02
1.2960250496727147e+02
1.2409396973943525e+02
1.1866088023262900e+02
1.1331412753937887e+02
1.0806378097685992e+02
1.0291907255912844e+02
9.7888387612817525e+01
9.2979261375658609e+01
8.8198381269033632e+01
8.3551594600680971e+01
7.9043921313933595e+01
7.4679571476437033e+01
7.0461967070435747e+01
6.6393767735423921e+01
6.2476899991853578e+01
5.8712589575376214e+01
5.5101396397080464e+01
5.1643251757498639e+01
4.8337497335106953e+01
4.5182925592948422e+01
4.2177821145443339e+01
3.9320002759737342e+01
3.6606865568125635e+01
3.4035423208381339e+01
3.1602349512886843e+01
2.9304019514332104e+01
2.7136549439786169e+01
2.5095835517010741e+01
2.3177591319047401e+01
2.1377383529118980e+01
1.9690665906450459e+01
1.8112811392527817e+01
1.6639142190737918e+01
1.5264957813366655e+01
1.3985560976891261e+01
1.2796281389156915e+01
1.1692497351428807e+01
1.0669655262377802e+01
9.7232869820334376e+00
8.8490251793065955e+00
8.0426166485663781e+00
7.2999337481921609e+00
6.6169839663129553e+00
5.9899177888639228e+00
5.4150348874231682e+00
4.8887888175203882e+00
4.4077902501959754e+00
3.9688089371465125e+00
3.5687744313694512e+00
3.2047757682823721e+00
2.8740601230710681e+00
2.5740306498900831e+00
2.3022435081666606e+00
2.0564042793437620e+00
1.8343637653974432e+00
1.6341133682775955e+00
1.4537800251527375e+00
1.2916208934934736e+00
1.1460177426511904e+00
1.0154712408046580e+00
8.9859507457388177e-01
7.9411008573275998e-01
7.0083834231689013e-01
6.1769732549417955e-01
5.4369412917148863e-01
4.7791985256619207e-01
4.1954406224303920e-01
3.6780950508223464e-01
3.2202692807134908e-01
2.8157019038248271e-01
2.4587150274828357e-01
2.1441698669004555e-01
1.8674236718342274e-01
1.6242900183117689e-01
1.4110003773049051e-01
1.2241691340556402e-01
1.0607597305409198e-01
9.1805429002872155e-02
7.9362413411041124e-02
6.8530378432384145e-02
5.9116556470956150e-02
5.0949768625114057e-02
4.3878259183509689e-02
3.7767879798811126e-02
3.2500261561184567e-02
2.7971342291265522e-02
2.4089839788992328e-02
2.0776092364950153e-02
1.7960799408832832e-02
1.5584150728961278e-02
1.3594805256179135e-02
1.1949293167830369e-02
1.0611210406289052e-02
9.5508896169298214e-03
8.7447975614301492e-03
8.1754879928675524e-03
7.8312016817398793e-03
7.7061389983462680e-03
7.8002792186765190e-03
8.1200472313170315e-03
8.6783913209057192e-03
9.4959750683388435e-03
1.0601581489598354e-02
1.2034053176824124e-02
1.3843121784424537e-02
1.6092479447791692e-02
1.8861144552679315e-02
2.2248357248660550e-02
2.6375495354323601e-02
3.1394141638413656e-02
3.7488716418392597e-02
4.4880710056438566e-02
