1.1015201826127062e-12
-2.2829191456058426e-12
3.6548584099067180e-13
3.2659936322025629e-12
-6.4421699978348814e-13
-7.8071219921194799e-14
1.9974603942995911e-12
-5.2188258605205929e-13
1.7037832314050139e-12
9.3772596788481187e-13
-2.1610426887945455e-13
2.7756645103355008e-13
-1.4680353299346231e-12
1.2495292581199938e-12
-1.9109228642892641e-12
1.0803856510741291e-12
2.5426951266751181e-13
1.1759969155304384e-12
-4.0437049465172128e-12
6.5124766251524755e-13
-4.7303377086960857e-12
-6.1525625096841714e-12
-5.7738495256044984e-12
-6.5393144025366916e-12
-1.2462861497161952e-11
-1.4678766414968958e-11
-2.0829551472881152e-11
-3.0995303896178848e-11
-4.7702461017879211e-11
-7.2809044839798551e-11
-1.0592215902456220e-10
-1.4922505208358339e-10
-2.1598088429002052e-10
-3.1256717272330910e-10
-4.4782948515584871e-10
-6.4634731425401283e-10
-9.2334362451758264e-10
-1.3162278318785910e-09
-1.8646431153692408e-09
-2.6400948713355742e-09
-3.7203658723237047e-09
-5.2319593866121467e-09
-7.3315249686589735e-09
-1.0236761157887212e-08
-1.4254848764432067e-08
-1.9785530855133241e-08
-2.7377356296531357e-08
-3.7765278270113947e-08
-5.1941034395520307e-08
-7.1217808714561985e-08
-9.7354071581991103e-08
-1.3268949635886232e-07
-1.8029472332110174e-07
-2.4425777670098252e-07
-3.2993212898835799e-07
-4.4433582777764816e-07
-5.9662247376007128e-07
-7.9874167246649540e-07
-1.0661613329639345e-06
-1.4189002733932347e-06
-1.8827512917363798e-06
-2.4908276756949571e-06
-3.2855029240880048e-06
-4.3208172767357072e-06
-5.6653986386750551e-06
-7.4061475256316168e-06
-9.6526494081488993e-06
-1.2542581090030284e-05
-1.6248257152427066e-05
-2.0984507962595412e-05
-2.7018065846998042e-05
-3.4678770555384557e-05
-4.4372747492521515e-05
-5.6597916348661542e-05
-7.1961923258286186e-05
-9.1202925856057279e-05
-1.1521321145682546e-04
-1.4506590437393562e-04
-1.8204475674199981e-04
-2.2767680192247719e-04
-2.8376756298141462e-04
-3.5243821799331643e-04
-4.3616352555404895e-04
-5.3780908899256938e-04
-6.6066566161587835e-04
-8.0847744202833033e-04
-9.8546029359126812e-04
-1.1963044713855350e-03
-1.4461548555725866e-03
-1.7405598303498013e-03
-2.0853775698223922e-03
-2.4866258041060397e-03
-2.9502577731171506e-03
-3.4818434771854653e-03
-4.0861307013724691e-03
-4.7664553498206266e-03
-5.5239648336366954e-03
-6.3566117067776241e-03
-7.2578673704523609e-03
-8.2150977882514166e-03
-9.2075340242920040e-03
-1.0203761052187808e-02
-1.1158637905703508e-02
-1.2009551534689590e-02
-1.2671895411559999e-02
-1.3033652724663570e-02
-1.2948952627134242e-02
-1.2230457071940166e-02
-1.0640425896538944e-02
-7.8802989529759265e-03
-3.5786271911406107e-03
2.7228197571484620e-03
1.1584943143056747e-02
2.3689372893253260e-02
3.9858856963373407e-02
6.1080132559441155e-02
8.8529409727051811e-02
1.2360057054770336e-01
1.6793615151871355e-01
2.2346113194340303e-01
2.9241949619364138e-01
3.7741347236558104e-01
4.8144527341920701e-01
6.0796107918254283e-01
7.6089689869934085e-01
9.4472584296480011e-01
1.1645062183147024e+00
1.4259297225653496e+00
1.7353688905257689e+00
2.0999227952951220e+00
2.5274598693611425e+00
3.0266565683481317e+00
3.6070304639761979e+00
4.2789662258022112e+00
5.0537328384888953e+00
5.9434903077541685e+00
6.9612840391845463e+00
8.1210250358390379e+00
9.4374540582489104e+00
1.0926087930036209e+01
1.2603146258885866e+01
1.4485456981241651e+01
1.6590339333323698e+01
1.8935463104566765e+01
2.1538683343821397e+01
2.4417850064341870e+01
2.7590592929476735e+01
3.1074081394529262e+01
3.4884761325789334e+01
3.9038069709402322e+01
4.3548129690744112e+01
4.8427428838558157e+01
5.3686484194123537e+01
5.9333498329324549e+01
6.5374011281935552e+01
7.1810553843843508e+01
7.8642308229751492e+01
8.5864782630335014e+01
9.3469506535909687e+01
1.0144375398576105e+02
1.0977030203640865e+02
1.1842723173413299e+02
1.2738777870947474e+02
1.3662024017399989e+02
1.4608794458598942e+02
1.5574928955937145e+02
1.6555785272124174e+02
1.7546257918475635e+02
1.8540804810813194e+02
1.9533481947381827e+02
2.0517986076681782e+02
2.1487705168431651e+02
2.2435776340107796e+02
2.3355150728107333e+02
2.4238664630278132e+02
2.5079116089342284e+02
2.5869345938519427e+02
2.6602322195611083e+02
2.7271226573671544e+02
2.7869541778892409e+02
2.8391138192716949e+02
2.8830358488271446e+02
2.9182098713182711e+02
2.9441884383325902e+02
2.9605940175839731e+02
2.9671251884901579e+02
2.9635619409533581e+02
2.9497699677542522e+02
2.9257038571182551e+02
2.8914091105192261e+02
2.8470229312655067e+02
2.7927737514319386e+02
2.7289794877643527e+02
2.6560445407776336e+02
2.5744555748405554e+02
2.4847761400488361e+02
2.3876402185843313e+02
2.2837447985337351e+02
2.1738415963068704e+02
2.0587280644398751e+02
1.9392378343158424e+02
1.8162307529129578e+02
1.6905826788791774e+02
1.5631752059271213e+02
1.4348854807037043e+02
1.3065762779907308e+02
1.1790864884725279e+02
1.0532221636046259e+02
9.2974824863445036e+01
8.0938111893111369e+01
6.9278201689964590e+01
5.8055146734762765e+01
4.7322472872708104e+01
3.7126831669178337e+01
2.7507761539268962e+01
1.8497557135649853e+01
1.0121244511908358e+01
2.3966577425118269e+00
-4.6653889876242927e+00
-1.1060841280057248e+01
-1.6792065108510528e+01
-2.1867437800413775e+01
-2.6300879874955129e+01
-3.0111338695571927e+01
-3.3322235139557755e+01
-3.5960884487403483e+01
-3.8057902505056965e+01
-3.9646607251740292e+01
-4.0762426518722847e+01
-4.1442320015963993e+01
-4.1724224503353945e+01
-4.1646529041143772e+01
-4.1247586440574011e+01
-4.0565265860806200e+01
-3.9636550350791616e+01
-3.8497182001891510e+01
-3.7181356282747686e+01
-3.5721466094398913e+01
-3.4147895128523807e+01
-3.2488859249838313e+01
-3.0770293866584666e+01
-2.9015784607818610e+01
-2.7246538096883032e+01
-2.5481389198559466e+01
-2.3736840819970858e+01
-2.2027132157983907e+01
-2.0364331201854505e+01
-1.8758447309913890e+01
-1.7217559773355820e+01
-1.5747958447176368e+01
-1.4354292756541465e+01
-1.3039725664084042e+01
-1.1806089498135064e+01
-1.0654040882285857e+01
-9.5832123622490251e+00
-8.5923586867547570e+00
-7.6794960569420985e+00
-6.8420330048934392e+00
-6.0768918913205239e+00
-5.3806203188947004e+00
-4.7494920378747505e+00
-4.1795971716012863e+00
-3.6669218095301135e+00
-3.2074172038610036e+00
-2.7970589628312030e+00
-2.4318967603058077e+00
-2.1080951787710629e+00
-1.8219663734286180e+00
-1.5699952910720831e+00
-1.3488582015206521e+00
-1.1554353042299053e+00
-9.8681816133312905e-01
-8.4031268337632803e-01
-7.1343835817942436e-01
-6.0392436910443137e-01
-5.0970319903144623e-01
-4.2890226208756999e-01
-3.5983404936887747e-01
-3.0098521833951736e-01
-2.5100499996516085e-01
-2.0869324416412510e-01
-1.7298837344391124e-01
-1.4295546722047492e-01
-1.1777465629062307e-01
-9.6729967528310687e-02
-7.9198724347310165e-02
-6.4641577859851335e-02
-5.2593217445991138e-02
-4.2653787104986858e-02
-3.4481015464743858e-02
-2.7783052240388757e-02
-2.2311991907001616e-02
-1.7858056119822510e-02
-1.4244399767950213e-02
-1.1322500748798843e-02
-8.9680907282163897e-03
-7.0775827741273419e-03
-5.5649515442363247e-03
-4.3590224634560632e-03
-3.4011279386533307e-03
-2.6430906346254965e-03
-2.0454963900846750e-03
-1.5762220111791585e-03
-1.2091860650215328e-03
-9.2329362444168862e-04
-7.0154885503733745e-04
-5.3031201241040768e-04
-3.9868002572425226e-04
-2.9797241031123586e-04
-2.2130640761543343e-04
-1.6324734685326683e-04
-1.1952220620103205e-04
-8.6785920998001662e-05
-6.2431549956340476e-05
-4.4436725714353851e-05
-3.1240055542070447e-05
-2.1641967884660333e-05
-1.4725629258426787e-05
-9.7940563125672257e-06
-6.3204253502595829e-06
-3.9089007066268380e-06
-2.2640063152548459e-06
-1.1666867740825669e-06
-4.5575915938133610e-07
-1.3624199224512559e-08
2.4473813021582659e-07
3.8016651705830934e-07
4.3566097501762693e-07
4.4118873797936995e-07
4.1728820761226872e-07
3.7773515641470839e-07
3.3150780478375679e-07
2.8424904148494498e-07
2.3931080711218671e-07
1.9848820521560758e-07
1.6258318608185873e-07
1.3174584722827447e-07
1.0575818677133295e-07
8.4190796575005819e-08
6.6519093011153857e-08
5.2192971140076264e-08
4.0693987809505020e-08
3.1546810852974649e-08
2.4316150512496066e-08
1.8649076116039915e-08
1.4227654470117347e-08
1.0809268963184375e-08
8.1719255145267885e-09
6.1544110051189447e-09
4.6146440779374835e-09
3.4426193911072166e-09
2.5630763537977015e-09
1.8972175111010858e-09
1.4024124695171254e-09
1.0332404108014539e-09
7.5891005309225563e-10
5.5133106574412432e-10
4.0282737533914062e-10
2.9108275275899842e-10
2.1037566543141884e-10
1.5168414413667304e-10
1.0988198443611139e-10
7.7652898834988607e-11
5.6490669256137616e-11
4.0204470243573338e-11
2.6524731820194914e-11
1.8459942032069804e-11
1.4745483678977936e-11
1.0783752565111172e-11
6.7901402689216880e-12
5.2663775169476344e-12
2.4544212649258965e-12
3.9837293077657610e-12
3.2610970825908420e-12
-2.9907003120272099e-14
1.0005286528574839e-12
2.1866198307510472e-12
5.9419365392091406e-13
-9.4071718546858260e-13
3.3371324902656398e-12
6.1271158930689308e-13
-6.8026339130386629e-13
8.7860671619524948e-14
-7.2218133062138064e-14
8.0981497757299791e-13
1.6996477779255084e-13
-2.6006658242712670e-13
-4.3541053830012096e-13
1.0902526148618285e-12
1.9516171617359821e-13
-1.4801905680163052e-12
-2.7330956063695383e-12
4.9243664157004956e-13
1.7450624397068965e-12
-9.6870688636943698e-14
1.8584550552215692e-12
1.4529148262529012e-12
-1.8108151700650086e-12
7.3342480962495755e-13
-2.4329418485146011e-12
1.2488212377078096e-12
2.5932178298902470e-12
-2.3190415276763633e-12
-1.3824573258743188e-14
2.6743917303748900e-12
-7.6846773479714086e-13
-2.8477541039016189e-12
-6.3549666893220810e-13
1.1976376991560434e-12
8.6354727473177026e-13
1.3846289702086300e-12
9.9875715508749544e-13
1.1482544433498476e-12
-8.1829899318392279e-13
-1.7936535208470490e-12
-2.4203202788458891e-12
-9.5362215891691609e-13
1.4521512955301486e-12
1.4630611247930048e-12
-1.1056919381036003e-12
2.8819816689929336e-12
4.4047643431575856e-13
-9.8142621519137593e-13
6.2591403152242991e-13
-3.7375106141035036e-12
-1.5486632154464269e-12
-4.0156250862911436e-13
1.4717589831785395e-12
-2.2311593718647532e-12
3.7787809884245980e-12
-1.0070560300070055e-12
-9.0319130882922151e-13
-6.7253500832566750e-13
2.8133471469914737e-12
1.2788868183842085e-12
1.2974910121767274e-12
2.3295613004143993e-12
1.7463671060084779e-12
1.2178980177890771e-13
2.6410247074146898e-12
-1.1846140126877147e-12
-9.0765746666758194e-13
2.9146386465876920e-13
5.5624899035319544e-13
-1.0021782005424316e-12
2.9839801118938107e-12
-9.0615997087531551e-13
-2.0205101253920855e-12
-9.2195818804468471e-13
1.8884517197382979e-12
-3.9869491237591156e-12
1.8104990081894472e-12
-6.3385639138258296e-13
-1.8671450946681878e-12
1.2162708967710703e-12
-5.5328358675974675e-13
-5.0278886356524654e-13
5.4348014024538368e-13
-1.9392021959309832e-12
-3.1307665166793685e-13
2.1086025734486512e-13
2.4436501520625026e-12
8.2538526398558040e-13
-1.2464872219850037e-12
1.0730884981113639e-12
-4.0780749075766068e-13
-1.4800855746043383e-12
1.3463795993492156e-12
1.1084387526112272e-12
7.9051618423620669e-13
1.0147713804847704e-12
-7.1218634009512127e-14
-2.2452938314663376e-12
1.9391038055413531e-12
-7.9205403291604934e-13
-1.1307653506662854e-13
8.7164727653677086e-14
1.8080388918075966e-12
-1.0725759585125637e-12
2.4037997526947585e-14
8.2177777139369648e-13
-2.2258941038439227e-12
-8.5108945540934322e-13
1.4350807213517558e-12
-2.7694843417029537e-14
-2.7778038080911600e-12
4.2151736441894684e-13
4.8065140215363690e-13
-5.1260971091180505e-13
1.0643949736713538e-13
5.3030865054430758e-13
5.7970664235145199e-13
3.3810475062056561e-13
1.3291633305474915e-12
-1.8899523063242006e-12
1.5278590766006880e-12
2.4895147080216372e-12
-1.3313218045711374e-12
2.0680588064641213e-12
2.2248962144081591e-13
4.2360853399337350e-14
-1.2632656144728189e-12
1.5065195958713536e-12
3.5266912030497242e-13
1.9780273609671171e-12
-2.8244678236023757e-13
6.1777512901467459e-13
6.7041472352289430e-13
1.1072855167051755e-12
1.7218538902664504e-12
-2.0640943739439000e-12
5.0100235461891831e-13
