-5.1267049338007517e-14
-4.2785494980345105e-14
-1.7139303726723735e-14
0.0000000000000000e+00
-8.5946429965378234e-15
-2.5821242464383098e-14
-1.7238959717404839e-14
-1.7263679777787261e-14
-3.4576642772490118e-14
-2.5969326158818902e-14
-1.3003025625546796e-14
-1.7361771135784587e-14
-2.1732618221249715e-14
-2.6115506086957717e-14
-1.7434499146620612e-14
-2.1823224264835274e-15
1.7482577756984947e-14
6.5649351573507809e-15
3.0678072200518106e-14
3.9496673219424079e-14
3.0761050899455620e-14
2.6401988551571054e-14
1.7624823552493765e-14
2.6472354754280845e-14
1.3253673097981012e-14
1.6588880639529989e-14
1.1073726086381196e-15
2.3285103030936218e-14
1.7764013026113667e-14
2.7792043372960892e-15
1.2244178831453813e-14
5.5726354151584157e-15
1.7297092610928768e-14
2.7933756700746808e-14
3.8876683611062031e-14
5.5167440925784622e-14
7.4021840726891141e-14
6.5691365771818742e-14
9.8377118337073734e-14
1.3057943672719244e-13
1.3975468742820615e-13
1.9408777445029616e-13
2.8526815259131129e-13
3.9645987726053455e-13
5.8492205512728637e-13
8.3561985282342243e-13
1.2384450488981288e-12
1.7990398083644205e-12
2.6135201946825382e-12
3.7716048987740168e-12
5.4763153689594990e-12
7.9098927769803854e-12
1.1361682883422855e-11
1.6295097705463643e-11
2.3322222203011923e-11
3.3346822429580464e-11
4.7522287777399419e-11
6.7604663339703136e-11
9.5994991135679517e-11
1.3598229669608449e-10
1.9225562271532631e-10
2.7117453117018157e-10
3.8176925591391681e-10
5.3627040818939327e-10
7.5175621050044083e-10
1.0516077919991865e-09
1.4679698094067395e-09
2.0449025469692841e-09
2.8425378382713392e-09
3.9430296868003850e-09
5.4581737138084162e-09
7.5397073748595470e-09
1.0393189237491018e-08
1.4296588274413853e-08
1.9624824601739001e-08
2.6882344230413094e-08
3.6746652077096945e-08
5.0125287706335920e-08
6.8231495900187328e-08
9.2683347479885429e-08
1.2563407183464596e-07
1.6994243675831100e-07
2.2939561418697082e-07
3.0899903332805190e-07
4.1535355617655799e-07
5.5714403611278794e-07
7.4577159761365473e-07
9.9616891419205285e-07
1.3278496403021918e-06
1.7662558424491287e-06
2.3444830142971944e-06
3.1054843661548474e-06
4.1048792413774199e-06
5.4145228926691696e-06
7.1270332840498214e-06
9.3615154109478712e-06
1.2270783688192721e-05
1.6050450349455191e-05
2.0950332534613355e-05
2.7288734513653249e-05
3.5470282610753475e-05
4.6008140159197214e-05
5.9551606695709919e-05
7.6920317049684252e-05
9.9146508468999357e-05
1.2752712255325839e-04
1.6368786083412683e-04
2.0966172875267229e-04
2.6798508795508439e-04
3.4181480627945159e-04
4.3507075385822088e-04
5.5260865976533308e-04
7.0042922592557157e-04
8.8593040827487641e-04
1.1182109341667851e-03
1.4084344439072671e-03
1.7702651382780503e-03
2.2203874967142677e-03
2.7791245200343754e-03
3.4711710540870641e-03
4.3264610861092293e-03
5.3811904753596545e-03
6.6790193933379555e-03
8.2724818094187177e-03
1.0224632655849452e-02
1.2610966837458158e-02
1.5521647992885931e-02
1.9064088841009758e-02
2.3365929017382506e-02
2.8578460471892376e-02
3.4880554693339429e-02
4.2483150169122144e-02
5.1634362480440940e-02
6.2625283157457953e-02
7.5796536739074757e-02
9.1545668240001002e-02
1.1033543524476699e-01
1.3270307992427088e-01
1.5927065618441530e-01
1.9075648566642470e-01
2.2798781316807359e-01
2.7191472696929153e-01
3.2362540224134301e-01
3.8436271590616089e-01
4.5554226870092052e-01
5.3877183451178090e-01
6.3587223800272941e-01
7.4889963894127642e-01
8.8016917520946580e-01
1.0322798861312612e+00
1.2081408033534855e+00
1.4109980580694714e+00
1.6444628109433514e+00
1.9125397648528835e+00
2.2196559708105186e+00
2.5706895845636146e+00
2.9709981759789774e+00
3.4264461360886727e+00
3.9434306684846008e+00
4.5289057936223509e+00
5.1904037377183743e+00
5.9360530236440612e+00
6.7745925310264514e+00
7.7153807482800003e+00
8.7683994022588667e+00
9.9442506234533337e+00
1.1254146788036474e+01
1.2709892174492643e+01
1.4323855583887985e+01
1.6108933100865723e+01
1.8078500218814675e+01
2.0246352618832926e+01
2.2626634979299471e+01
2.5233757301973252e+01
2.8082298372084743e+01
3.1186896123958373e+01
3.4562124859910412e+01
3.8222359467567145e+01
4.2181626997839423e+01
4.6453446200450571e+01
5.1050655863419252e+01
5.5985233063882070e+01
6.1268102706146706e+01
6.6908939994349069e+01
7.2915967756491668e+01
7.9295750798439187e+01
8.6052989714767818e+01
9.3190316812053268e+01
1.0070809700297168e+02
1.0860423670019200e+02
1.1687400387134450e+02
1.2550986250454437e+02
1.3450132477270338e+02
1.4383482416949548e+02
1.5349361281647344e+02
1.6345768600655714e+02
1.7370373685211720e+02
1.8420514364558628e+02
1.9493199221769277e+02
2.0585113519517475e+02
2.1692628961979833e+02
2.2811817389870529e+02
2.3938468451901898e+02
2.5068111238505440e+02
2.6196039803345536e+02
2.7317342436027820e+02
2.8426934486551119e+02
2.9519594479653335e+02
3.0590003196479427e+02
3.1632785343194763e+02
3.2642553372511998e+02
3.3613952975787197e+02
3.4541709721496591e+02
3.5420676281558121e+02
3.6245879661014948e+02
3.7012567829806699e+02
3.7716255148300667e+02
3.8352765981331771e+02
3.8918275908895032e+02
3.9409349965321434e+02
3.9822977372503453e+02
4.0156602276059601e+02
4.0408150045568124e+02
4.0576048760289069e+02
4.0659245569084771e+02
4.0657217686333689e+02
4.0569977863172471e+02
4.0398074253959516e+02
4.0142584679916052e+02
3.9805105373928410e+02
3.9387734370942650e+02
3.8893049785743187e+02
3.8324083292746064e+02
3.7684289189421202e+02
3.6977509484886986e+02
3.6207935507055805e+02
3.5380066564589151e+02
3.4498666233188436e+02
3.3568716858948221e+02
3.2595372884402479e+02
3.1583913605483303e+02
3.0539695960084600e+02
2.9468107931681811e+02
2.8374523125094436e+02
2.7264257036752224e+02
2.6142525499650714e+02
2.5014405734588379e+02
2.3884800385398631e+02
2.2758404857917503e+02
2.1639678221598496e+02
2.0532817870238028e+02
1.9441738075430490e+02
1.8370052504303638e+02
1.7321060712896266e+02
1.6297738569240033e+02
1.5302732506696640e+02
1.4338357459154264e+02
1.3406598285943323e+02
1.2509114456288287e+02
1.1647247731122114e+02
1.0822032554360932e+02
1.0034208846337597e+02
9.2842368789594502e+01
8.5723139051021747e+01
7.8983922134814676e+01
7.2621982843660305e+01
6.6632527305370019e+01
6.1008907213250467e+01
5.5742826047839628e+01
5.0824544634757444e+01
4.6243083623186898e+01
4.1986420718597145e+01
3.8041680765613897e+01
3.4395317046564330e+01
3.1033282432677705e+01
2.7941189293167778e+01
2.5104457327947081e+01
2.2508448738591945e+01
2.0138590386060653e+01
1.7980482799864689e+01
1.6019996099815348e+01
1.4243353066638383e+01
1.2637199750757205e+01
1.1188664139017527e+01
9.8854035071765285e+00
8.7156411721479721e+00
7.6681934231973177e+00
6.7324874567387640e+00
5.8985711665771037e+00
5.1571156520158112e+00
4.4994113020155631e+00
3.9173582963966593e+00
3.4034523368312253e+00
2.9507663829391659e+00
2.5529291240083269e+00
2.2041008664354056e+00
1.8989474625460119e+00
1.6326128494885515e+00
1.4006907087413270e+00
1.1991956986045844e+00
1.0245346548922765e+00
8.7347809974621782e-01
7.4313234577366338e-01
6.3091243310958922e-01
5.3451609094032859e-01
4.5189887278038254e-01
3.8125057653816119e-01
3.2097302620509610e-01
2.6965926183618838e-01
2.2607415825965849e-01
1.8913647050537258e-01
1.5790228506894885e-01
1.3154984058831146e-01
1.0936566903930786e-01
9.0731998869234234e-02
7.5115354294717981e-02
6.2056280003921979e-02
5.1160117436658895e-02
4.2088757399040555e-02
3.4553293744245435e-02
2.8307503975087935e-02
2.3142084682494984e-02
1.8879572521127066e-02
1.5369884766692378e-02
1.2486417239812461e-02
1.0122641382192725e-02
8.1891464182415764e-03
6.6110767309656105e-03
5.3259187423433923e-03
4.2815956559232871e-03
3.4348323365047386e-03
2.7497563346459116e-03
2.1967045839685886e-03
1.7512085868366166e-03
1.3931339520542327e-03
1.1059529508174639e-03
8.7613131550925321e-04
6.9261282989900347e-04
5.4638735175721934e-04
4.3012978729324174e-04
3.3789921119868854e-04
2.6488881062566909e-04
2.0721864298607867e-04
1.6176434888064752e-04
1.2601596789564901e-04
9.7961882383433078e-05
7.5993673817731445e-05
5.8828332177155201e-05
4.5444822177841895e-05
3.5032494080644527e-05
2.6949237588713612e-05
2.0687627437365946e-05
1.5847605984007679e-05
1.2114497934473879e-05
9.2413613463271922e-06
7.0348567904751138e-06
5.3439618112022491e-06
4.0509810607675408e-06
3.0644027872876480e-06
2.3132377211841133e-06
1.7425428175681648e-06
1.3098918158819061e-06
9.8259864998078834e-07
7.3553896155893086e-07
5.4944471172557665e-07
4.0957278402658929e-07
3.0466807425695945e-07
2.2615781718152647e-07
1.6752707674714775e-07
1.2383609784218475e-07
9.1347823729608556e-08
6.7241605553303372e-08
4.9393127215196531e-08
3.6206294732936638e-08
2.6484427415249668e-08
1.9332383591790488e-08
1.4082166547831777e-08
1.0236292369102283e-08
7.4251178653543654e-09
5.3746820261691058e-09
3.8823251246343501e-09
2.7984818824920712e-09
2.0129834141952461e-09
1.4449169437824556e-09
1.0349941194132160e-09
7.3980419796537792e-10
5.2767975882805335e-10
3.7559089059120943e-10
2.6677491504398334e-10
1.8908688200765368e-10
1.3373755573639740e-10
9.4381700832251514e-11
6.6460017050180924e-11
4.6719499191477154e-11
3.2734511112528868e-11
2.2897816368421872e-11
1.5981795782295613e-11
1.1147833873330902e-11
7.7275120658204000e-12
5.3447206840977604e-12
3.7046677204555268e-12
2.5388849853986832e-12
1.7163418092886992e-12
1.1519535555883272e-12
7.7461120175617407e-13
5.2427718433739736e-13
3.2932937219947423e-13
1.8957410527703347e-13
1.0368896164028196e-13
3.7147598379287499e-14
-1.9113268705488612e-14
-5.9234522127580149e-14
-7.1778754644258077e-14
-7.0009442799219061e-14
-8.4186199762083976e-14
-9.9723511421666105e-14
-7.9789814302026242e-14
-9.4734802057693068e-14
-1.0574518081710112e-13
-1.0783312828708827e-13
-9.5481570015360973e-14
-8.2606675038321348e-14
-5.7583375649182212e-14
-7.5202925565869271e-14
-4.8596801359263707e-14
-3.9708532131421275e-14
-3.9655852993110979e-14
-3.7402817114725658e-14
-4.8338794270573114e-14
-3.9496673219424079e-14
-3.5060653943449269e-14
-3.9389610944104684e-14
-2.6223866635477418e-14
-3.0552513970769379e-14
-3.4868998293241224e-14
-3.4820674782610295e-14
-3.4772189153999542e-14
-3.0383099487623024e-14
-1.7337367500729064e-14
-4.3282210264698168e-14
-4.7542883812173919e-14
-5.1791039333361784e-14
-6.8955838869619356e-14
-6.0249565750227236e-14
-6.8757143972302587e-14
-6.8657332830007494e-14
-5.1417911180171206e-14
-6.8456791968552170e-14
-5.1267049338007517e-14
-7.6786917891402889e-14
-7.6672924615529693e-14
-5.9545574807308422e-14
-7.6443934592364223e-14
-6.7847948318938029e-14
-6.7745439993183752e-14
-6.7642640896527766e-14
-6.7539552823688849e-14
-8.4295221965454563e-14
-8.4165646178968631e-14
-6.7228572739619399e-14
-6.7124346768016141e-14
-1.0052976125618163e-13
-8.3643820949677399e-14
-8.3512495436690881e-14
-1.0005699213506295e-13
-8.3248817251825937e-14
-8.3116469132213329e-14
-8.2983784701156553e-14
-8.2850766242439192e-14
-8.2717416042788205e-14
-8.2583736391808944e-14
-9.8939675498304370e-14
-9.8778477489947800e-14
-9.8616892402522491e-14
-1.3127323066212331e-13
-9.8292572035786663e-14
-9.8129842286720821e-14
-1.3062231535856000e-13
-1.3040434333965418e-13
-9.7639408019293007e-14
-9.7475190840363412e-14
-1.2974747833111543e-13
-1.6190944087686372e-13
-9.6980360959057348e-14
-1.2908626777982508e-13
-9.6648686943555955e-14
-1.2864309610311090e-13
-9.6315609030548621e-14
-9.6148550599606959e-14
-6.3987433055261488e-14
-9.5813408780690619e-14
-7.9704442495927946e-14
-6.3651279353347046e-14
-9.5308175690942649e-14
-9.5139103785005196e-14
-9.4969706120851358e-14
-7.8999987923804588e-14
-7.8858287299663762e-14
-6.2973057791120955e-14
-6.2859276069179341e-14
-7.8431608188286243e-14
-9.3946636669348471e-14
-9.3775037451110686e-14
-7.8002612491053587e-14
-9.3430932102674786e-14
-9.3258431610963352e-14
-7.7571363612026050e-14
-9.2912549093984352e-14
-7.7282643925881347e-14
-8.4851717506911579e-14
-6.1594375870465910e-14
-6.1478224618737256e-14
