-4.0969242056907102e-13
3.7903218924704176e-13
-3.4519228457506631e-13
-6.5901908706107570e-13
5.4610722975959310e-13
4.9987026560311881e-13
5.9402672703493940e-13
-1.4221487890976800e-12
1.7322724271627649e-12
2.3036118240630265e-12
-2.1850569709530401e-12
7.7466332798130267e-13
1.4034419329011697e-12
-5.7068604404037867e-13
3.2851162048684746e-13
1.8492039111202345e-12
-7.9210462069261385e-14
9.6282032376153664e-14
1.9928237862317477e-12
-4.7554015004769203e-13
2.2897458766078485e-13
-8.3075803874213929e-13
-1.5324174535372838e-13
-2.6947486800426449e-12
7.9019815430286738e-13
8.5836148712844378e-13
-7.0168745382147159e-13
-9.6377331357070224e-13
2.1478260238532161e-12
-1.1056302560196392e-12
4.0126729809391760e-13
-4.4072561526431994e-13
2.1027120321664909e-12
-1.8672276646354891e-13
2.0149739466849094e-12
-1.2372945607539187e-12
1.1148741975926460e-12
6.9787141129366142e-13
1.0354476058452078e-12
-1.3201997925809178e-12
3.1719615089747119e-12
-3.8063279862128123e-14
-3.5424769039873521e-13
-1.3686055322175376e-12
-1.0159684037522179e-12
-1.7985723670072302e-12
1.5871726545540341e-12
-1.4546861470761657e-12
-5.0207245968101018e-13
5.2187930037679641e-13
-7.4257921019575492e-13
-1.5231269330249026e-12
7.6955465335429134e-13
-5.2578915127547781e-13
-5.6848490233133739e-13
9.1231182327079167e-13
-5.1463329311188436e-13
1.1849898820590480e-12
2.5532762548441818e-12
3.9575138587918265e-13
5.2992936000653481e-13
-7.9846515607039877e-13
-3.5405768438077397e-14
-6.3461381566543344e-13
-7.4756846734342793e-14
-5.0374437298809807e-13
-1.5949359731553351e-12
-6.5483097700362179e-13
-1.0800086790275893e-12
-8.7486999004638280e-13
-5.1294636509380977e-13
1.5178664336442565e-12
-4.2349929156853253e-13
-2.9057704991214695e-12
-1.9231121177355171e-13
-3.0846619594378131e-12
-3.7224001390208839e-12
-3.9660206858599223e-12
-6.8650137962245306e-12
-7.8733559093546029e-12
-1.3707292066483439e-11
-1.7428181359105197e-11
-2.5942480354254818e-11
-3.3859725517899361e-11
-4.8950225338836402e-11
-6.6044788457030494e-11
-8.4542238678685665e-11
-1.0956264384794970e-10
-1.4996924208959694e-10
-1.8860963857502519e-10
-2.4501294738820743e-10
-3.1179944697394924e-10
-3.9342645430816545e-10
-4.8429448815792982e-10
-5.8648282997969946e-10
-6.8574954304947686e-10
-7.7963537747053008e-10
-8.3763960641071219e-10
-8.2191881526586504e-10
-6.7009742855590159e-10
-2.8436286748542207e-10
4.8230450017706997e-10
1.8465958109717691e-09
4.1413384667791313e-09
7.8397967523856716e-09
1.3637353342839476e-08
2.2513524660005015e-08
3.5871913871230012e-08
5.5684043335399161e-08
8.4700228264888144e-08
1.2675237737250697e-07
1.8713035557517608e-07
2.7308496238729603e-07
3.9452757777534783e-07
5.6490667844032612e-07
8.0239758183952596e-07
1.1314448140811583e-06
1.5847426579976120e-06
2.2058519773914941e-06
3.0525431835200800e-06
4.2010781355769780e-06
5.7517010266693191e-06
7.8356394492129562e-06
1.0623953428288398e-05
1.4338698453200030e-05
1.9266959226017875e-05
2.5778409031409444e-05
3.4347127941947565e-05
4.5578676714432005e-05
6.0243489193756249e-05
7.9317851017659052e-05
1.0403400266425556e-04
1.3594105807837324e-04
1.7697872666736148e-04
2.2956607581812205e-04
2.9670787775194454e-04
3.8212127671933904e-04
4.9038588973458655e-04
6.2712063123668499e-04
7.9919073029025337e-04
1.0149486149842557e-03
1.2845123063254193e-03
1.6200848548170938e-03
2.0363180603742920e-03
2.5507232852869251e-03
3.1841310840292174e-03
3.9612004099135022e-03
4.9109763560094243e-03
6.0674930863138556e-03
7.4704157951751560e-03
9.1657117917728799e-03
1.1206336174515164e-02
1.3652911914258230e-02
1.6574377393837905e-02
2.0048566253284893e-02
2.4162674894848721e-02
2.9013561899014748e-02
3.4707810834772090e-02
4.1361473572925377e-02
4.9099395092885363e-02
5.8054002824792270e-02
6.8363424242932888e-02
8.0168775488975677e-02
9.3610441741253145e-02
1.0882314710519367e-01
1.2592958867961609e-01
1.4503238629844584e-01
1.6620407759452613e-01
1.8947486784387241e-01
2.1481782700677307e-01
2.4213121326844528e-01
2.7121759501425741e-01
3.0175944256903731e-01
3.3329086911023226e-01
3.6516521864787260e-01
3.9651822910017054e-01
4.2622654281854339e-01
4.5286139631294370e-01
4.7463739764372742e-01
4.8935639457890701e-01
4.9434655131873506e-01
4.8639688565164474e-01
4.6168767356333312e-01
4.1571730284911784e-01
3.4322635117459371e-01
2.3811987490705422e-01
9.3389120452613092e-02
-9.8965893748969927e-02
-3.4801123354608743e-01
-6.6394940900163735e-01
-1.0581830648394033e+00
-1.5433696032446447e+00
-2.1334641366589748e+00
-2.8437479945730062e+00
-3.6908398742390989e+00
-4.6926866410705648e+00
-5.8685307596169167e+00
-7.2388513811394253e+00
-8.8252762367159292e+00
-1.0650461695304582e+01
-1.2737938649623668e+01
-1.5111922295506218e+01
-1.7797084374434107e+01
-2.0818287055548314e+01
-2.4200278339480697e+01
-2.7967349666529799e+01
-3.2142957296838148e+01
-3.6749309987670010e+01
-4.1806926506289365e+01
-4.7334167566809278e+01
-5.3346747842157072e+01
-5.9857234752201045e+01
-6.6874541737354889e+01
-7.4403424663135723e+01
-8.2443990833074935e+01
-9.0991230783745280e+01
-1.0003458356428700e+02
-1.0955754653437248e+02
-1.1953734082184209e+02
-1.2994464344104838e+02
-1.4074339666680223e+02
-1.5189070457436418e+02
-1.6333682568702869e+02
-1.7502526942144468e+02
-1.8689300249635036e+02
-1.9887076969089935e+02
-2.1088353133045294e+02
-2.2285101767555238e+02
-2.3468839803561914e+02
-2.4630705997261168e+02
-2.5761549145638350e+02
-2.6852025634298673e+02
-2.7892705113305396e+02
-2.8874182869378740e+02
-2.9787197256001440e+02
-3.0622750362847381e+02
-3.1372229958309003e+02
-3.2027530628880680e+02
-3.2581171971094119e+02
-3.3026411668981211e+02
-3.3357351314964291e+02
-3.3569032905638136e+02
-3.3657524065992709e+02
-3.3619990224577595e+02
-3.3454752175164265e+02
-3.3161327713426761e+02
-3.2740456324769701e+02
-3.2194106215304407e+02
-3.1525463314874412e+02
-3.0738902231040424e+02
-2.9839939487617613e+02
-2.8835169732133761e+02
-2.7732185934783433e+02
-2.6539484918808637e+02
-2.5266359850855298e+02
-2.3922781572738776e+02
-2.2519270867003877e+02
-2.1066763912745915e+02
-1.9576473301635539e+02
-1.8059747044594303e+02
-1.6527928006215814e+02
-1.4992216157318376e+02
-1.3463535937888935e+02
-1.1952410876416801e+02
-1.0468847421664965e+02
-9.0222297148846067e+01
-7.6212267707147802e+01
-6.2737132506745439e+01
-4.9867047117699506e+01
-3.7663079021020152e+01
-2.6176863632330107e+01
-1.5450412930257990e+01
-5.5160732975328566e+00
3.6033735493551085e+00
1.1894475144927780e+01
1.9352749154094255e+01
2.5982213164276164e+01
3.1794817479819699e+01
3.6809796097299014e+01
4.1052951741067631e+01
4.4555891156910526e+01
4.7355226811626757e+01
4.9491760752359731e+01
5.1009665671793726e+01
5.1955677241713659e+01
5.2378310559660704e+01
5.2327112146601706e+01
5.1851957385067116e+01
5.1002401643812149e+01
4.9827091643283708e+01
4.8373241919737282e+01
4.6686179585501918e+01
4.4808958994403618e+01
4.2782046437174074e+01
4.0643073636616656e+01
3.8426657607738832e+01
3.6164283408357356e+01
3.3884245439699555e+01
3.1611642268526317e+01
2.9368419430434546e+01
2.7173454333356638e+01
2.5042677200667363e+01
2.2989221962631568e+01
2.1023601107664490e+01
1.9153898724362911e+01
1.7385976282935282e+01
1.5723686102539190e+01
1.4169087909766985e+01
1.2722664395776844e+01
1.1383532208021578e+01
1.0149645351542226e+01
9.0179885105045194e+00
7.9847583208468613e+00
7.0455311192879524e+00
6.1954161542337758e+00
5.4291936641988725e+00
4.7414376044778246e+00
4.1266231305433649e+00
3.5792192257267121e+00
3.0937670915597120e+00
2.6649451030176889e+00
2.2876212706313965e+00
1.9568942498472637e+00
1.6681239992352814e+00
1.4169532173475705e+00
1.1993206874418996e+00
1.0114676346864584e+00
8.4993815585499510e-01
7.1157472168703428e-01
5.9350968017529915e-01
4.9315360947976355e-01
4.0818128463691894e-01
3.3651593556896731e-01
2.7631238782087275e-01
2.2593959358145521e-01
1.8396298055793106e-01
1.4912697153144697e-01
1.2033795850347470e-01
9.6647952965344966e-02
7.7239078348735016e-02
6.1409021942517183e-02
4.8557521594754315e-02
3.8173926997639385e-02
2.9825845874351685e-02
2.3148861497673107e-02
1.7837289074161627e-02
1.3635924298210434e-02
1.0332726916900355e-02
7.7523751624406579e-03
5.7506228269802208e-03
4.2093890031480279e-03
3.0325106171377558e-03
2.1420896899304914e-03
1.4753700218424015e-03
9.8208166169802525e-04
6.2219579888228116e-04
3.6403729715045024e-04
1.8270676816895147e-04
5.8768832941444933e-05
-2.2832087962076910e-05
-7.3662847329846804e-05
-1.0252955252165246e-04
-1.1606881546459404e-04
-1.1922495340200376e-04
-1.1563271905402552e-04
-1.0792222686542017e-04
-9.7960229470926802e-05
-8.7039605032084158e-05
-7.6027047489648250e-05
-6.5477190280117221e-05
-5.5720008745144876e-05
-4.6927081780664434e-05
-3.9161252193993099e-05
-3.2413360853849049e-05
-2.6629050909478048e-05
-2.1727911467396767e-05
-1.7616904576986597e-05
-1.4199460195152739e-05
-1.1381423870525925e-05
-9.0746983260482849e-06
-7.1992697208382976e-06
-5.6840601266138421e-06
-4.4670896139110300e-06
-3.4950704468330221e-06
-2.7227908905170266e-06
-2.1122856659276435e-06
-1.6319946081211945e-06
-1.2558942524462727e-06
-9.6270302993184698e-07
-7.3513714722640707e-07
-5.5925779920904276e-07
-4.2387828147211458e-07
-3.2009934665334962e-07
-2.4085694335342103e-07
-1.8058746481988773e-07
-1.3491690465715996e-07
-1.0044467384529153e-07
-7.4517967700824465e-08
-5.5094993120511923e-08
-4.0593756005824253e-08
-2.9804465342595690e-08
-2.1807923911497992e-08
-1.5903313196555118e-08
-1.1557490901059319e-08
-8.3675005270992976e-09
-6.0418782311151015e-09
-4.3461126477020344e-09
-3.1110936072512424e-09
-2.2225517487504681e-09
-1.5829479599778043e-09
-1.1237568723960572e-09
-7.9318316280705339e-10
-5.5816297529402753e-10
-3.9213923482388385e-10
-2.7566007498504156e-10
-1.9041179528942106e-10
-1.3293234607035778e-10
-9.1055178904117394e-11
-6.4025582875679420e-11
-4.2176832362857009e-11
-2.6158218815611376e-11
-2.2082732912078928e-11
-1.2858227642192427e-11
-8.5737086248782302e-12
-4.5734922750734153e-12
-3.5125645151050328e-12
-2.5620912739372708e-12
-1.1222937845015436e-12
7.8932902095825545e-13
1.2252474799040051e-12
-4.6635466758470850e-13
1.5695654444501350e-12
6.0098427355256628e-13
-2.0639764718294897e-12
1.6798635869898298e-12
9.0260522658711443e-13
3.1525046494613532e-12
1.3602975324505993e-12
6.1205974028875024e-13
3.2667395982333066e-12
1.3278963897804428e-12
3.9238801023887693e-13
-7.5714721933564425e-13
-6.4691372522269409e-13
1.2971691511205988e-12
-6.6474763020403134e-13
-1.0358129109966393e-12
-2.4045063592857501e-13
1.6098835194488281e-12
-9.6601266720719382e-13
-6.5077796740929110e-13
-2.0501448772713854e-12
7.3400577194584431e-13
7.2832830029196670e-13
-1.4707930183730954e-12
-6.8008101354146648e-13
-5.1725607344764434e-13
1.9073097871008823e-12
-2.3988818533524659e-12
9.4454023373453114e-13
4.5716403145078815e-13
1.1406323497463265e-12
-2.1657153149007913e-13
-1.5961910448070870e-13
-4.8309812157948615e-14
1.9423904178682181e-13
-1.6813654885076520e-14
-8.0176706064183210e-13
2.2937260895112383e-12
1.0034554519816952e-12
8.9036143355508345e-13
-2.4197260437494732e-13
-1.7241669907855701e-12
5.4675280565745673e-13
8.5580240632890217e-13
5.0198344522516294e-13
3.2601439446240542e-13
-8.7560100367410565e-13
3.0736114847824740e-13
1.2099867595791438e-12
-9.1123194489266667e-13
-3.2210814030704247e-13
-1.4321149640091599e-13
3.9745631111109504e-13
-1.6135700401126053e-12
-1.9280747471850173e-12
1.0847924275586020e-12
-3.5211594992449501e-12
-1.5806722601411514e-12
6.4432631694317424e-13
2.8767834162786995e-13
1.2435235978397326e-12
1.6399873650322445e-12
-4.9089969729281701e-14
2.7208411268257315e-13
7.3790503790006309e-13
-5.2696097763411551e-15
-2.3492470606174236e-12
7.1470060036097631e-13
2.1378352597952896e-12
-1.0613542686800525e-12
1.3017964487471693e-12
7.1644572814194488e-13
-6.2185179745516466e-13
3.1491683285069437e-13
-3.7652295374797427e-13
-1.7706723018572263e-12
-1.4473305726763198e-13
-1.5963989746107062e-13
-3.1916930770593491e-13
-1.7840882404792482e-12
2.0756581139898882e-12
