-3.4177981502144679e-14
-3.4228344518690142e-14
-8.5696389780909759e-15
-8.5821536996629656e-15
0.0000000000000000e+00
-1.7214135759824425e-14
-4.3097334492552452e-15
-1.2947740365175864e-14
-8.6441476958206633e-15
-4.3282145185857990e-15
-4.3343353580949808e-15
1.7361745030742307e-14
1.3039551326538695e-14
4.3525778033097423e-15
1.5255163815696855e-14
1.9640872306423871e-14
1.7482551470298639e-14
2.4071392716647622e-14
3.0678026073175126e-14
4.8273639128601241e-14
5.4930365441690039e-14
4.1803085685054568e-14
2.6437195577891459e-14
4.9635590532424360e-14
2.6507306339694605e-14
2.6542169114561051e-14
2.5469531702802643e-14
3.2155570122321259e-14
3.1086976053460572e-14
3.4462081965438991e-14
3.2280059292225259e-14
3.5664813031560287e-14
3.4594133206273364e-14
3.9107200579633412e-14
5.5937590153010185e-14
7.5610084536171178e-14
9.1405620430214778e-14
8.1412253972776487e-14
1.4447360798514518e-13
1.4183607145683237e-13
1.7976483168058648e-13
2.4091672988157773e-13
3.5587854635315391e-13
5.1183402202175150e-13
7.3384108773724610e-13
1.0249650083276715e-12
1.4949859550778168e-12
2.1797556312107599e-12
3.1471423548197023e-12
4.5245521391960908e-12
6.5551464828986984e-12
9.4260936166256602e-12
1.3524268586163240e-11
1.9345822162309911e-11
2.7673187565291723e-11
3.9507828168574569e-11
5.6245912859175524e-11
7.9921796507994591e-11
1.1337251001684208e-10
1.6043320357840292e-10
2.2655583655512188e-10
3.1927013246984533e-10
4.4896165255621906e-10
6.3005026040994351e-10
8.8230282363272464e-10
1.2329832005741175e-09
1.7194419155814062e-09
2.3927731811045486e-09
3.3228072785294324e-09
4.6046467738833385e-09
6.3676687875378266e-09
8.7872347912006974e-09
1.2100749722802875e-08
1.6628849018456945e-08
2.2803512224117755e-08
3.1205357152195163e-08
4.2613361352318740e-08
5.8069878583259539e-08
7.8966883312664578e-08
1.0715882821148639e-07
1.4511077418648111e-07
1.9609211676598638e-07
2.6442920015381997e-07
3.5583405151043583e-07
4.7783102364850059e-07
6.4030951871023664e-07
8.5623770627487017e-07
1.1425824642872911e-06
1.5214914634767531e-06
2.0218096691998397e-06
2.6810184618645024e-06
3.5477100123642613e-06
4.6847368279531942e-06
6.1732101514320348e-06
8.1175636367191376e-06
1.0651949986419208e-05
1.3948301098901176e-05
1.8226458235597546e-05
2.3766872317023213e-05
3.0926484636578835e-05
4.0158534796059180e-05
5.2037201994582976e-05
6.7288181567900252e-05
8.6826525754761909e-05
1.1180335394184709e-04
1.4366335920087896e-04
1.8421541933448925e-04
2.3571906927265707e-04
3.0099011500934000e-04
3.8352927978285039e-04
4.8767848211491111e-04
6.1881016480785543e-04
7.8355603705341462e-04
9.9008267222042991e-04
1.2484226381836252e-03
1.5708712360204737e-03
1.9724605065384857e-03
2.4715239420103835e-03
3.0903673310523311e-03
3.8560633758439010e-03
4.8013901669940184e-03
5.9659362873720409e-03
7.3973982473299234e-03
9.1530991277262372e-03
1.1301760719425369e-02
1.3925565080602102e-02
1.7122545268858542e-02
2.1009349004137638e-02
2.5724423144566987e-02
3.1431671043879887e-02
3.8324639041799023e-02
4.6631292421904960e-02
5.6619445052226408e-02
6.8602910473763407e-02
8.2948445275901950e-02
1.0008355802554879e-01
1.2050525861333626e-01
1.4478982342983837e-01
1.7360365106319092e-01
2.0771528096025144e-01
2.4800864345774895e-01
2.9549760348247117e-01
3.5134185175719884e-01
4.1686418624015870e-01
4.9356921248093472e-01
5.8316347432318005e-01
6.8757700566707147e-01
8.0898626959702102e-01
9.4983842290585219e-01
1.1128768117733545e+00
1.3011675680296129e+00
1.5181271350743579e+00
1.7675505082494043e+00
2.0536399265016376e+00
2.3810337008795202e+00
2.7548348112595398e+00
3.1806388463324322e+00
3.6645608040763555e+00
4.2132602116450091e+00
4.8339639659099225e+00
5.5344862400805779e+00
6.3232447492935853e+00
7.2092726203811059e+00
8.2022250698654116e+00
9.3123800613760572e+00
1.0550632090992901e+01
1.1928478238376455e+01
1.3457995624841146e+01
1.5151809438590309e+01
1.7023050723892755e+01
1.9085303186612609e+01
2.1352538344552308e+01
2.3839038448606775e+01
2.6559306720478720e+01
2.9527964594997652e+01
3.2759635819778850e+01
3.6268817451410413e+01
4.0069737994357560e+01
4.4176203154534456e+01
4.8601429921602559e+01
5.3357869949481753e+01
5.8457023469657301e+01
6.3909245242388891e+01
6.9723544322081324e+01
7.5907379679572060e+01
8.2466453980222724e+01
8.9404508056450553e+01
9.6723118830476380e+01
1.0442150363130430e+02
1.1249633400306311e+02
1.2094156221383487e+02
1.2974826373937714e+02
1.3890449900966141e+02
1.4839519766359012e+02
1.5820206845517794e+02
1.6830353779048946e+02
1.7867471964747963e+02
1.8928741934062589e+02
2.0011017324028529e+02
2.1110832614588568e+02
2.2224414754665725e+02
2.3347698748935065e+02
2.4476347221638488e+02
2.5605773914853972e+02
2.6731171017325670e+02
2.7847540157343343e+02
2.8949726830373373e+02
3.0032457970388896e+02
3.1090382314358777e+02
3.2118113153374776e+02
3.3110273012639743e+02
3.4061539757172818e+02
3.4966693581692221e+02
3.5820664312685199e+02
3.6618578429004066e+02
3.7355805195111697e+02
3.8028001298833988e+02
3.8631153393456884e+02
3.9161617962318439e+02
3.9616157952562440e+02
3.9991975663092495e+02
4.0286741419430700e+02
4.0498617624379449e+02
4.0626277837148535e+02
4.0668920603819527e+02
4.0626277837399766e+02
4.0498617624880342e+02
4.0286741420178112e+02
3.9991975664081770e+02
3.9616157953787439e+02
3.9161617963771550e+02
3.8631153395129235e+02
3.8028001300715397e+02
3.7355805197190887e+02
3.6618578431268685e+02
3.5820664315122002e+02
3.4966693584287179e+02
3.4061539759911250e+02
3.3110273015506459e+02
3.2118113156354212e+02
3.1090382317435137e+02
3.0032457973546292e+02
2.8949726833595963e+02
2.7847540160615443e+02
2.6731171020631899e+02
2.5605773918179347e+02
2.4476347224968544e+02
2.3347698752255954e+02
2.2224414757964271e+02
2.1110832617852384e+02
2.0011017327246060e+02
1.8928741937223154e+02
1.7867471967841823e+02
1.6830353782067297e+02
1.5820206848452810e+02
1.4839519769203852e+02
1.3890449903714924e+02
1.2974826376585534e+02
1.2094156223926369e+02
1.1249633402741188e+02
1.0442150365455103e+02
9.6723118852607300e+01
8.9404508077459752e+01
8.2466454000111455e+01
7.5907379698348251e+01
6.9723544339759016e+01
6.3909245258987575e+01
5.8457023485201354e+01
5.3357869963999796e+01
4.8601429935126902e+01
4.4176203167100525e+01
4.0069738006003234e+01
3.6268817462175633e+01
3.2759635829704990e+01
2.9527964604127103e+01
2.6559306728854477e+01
2.3839038456271965e+01
2.1352538351549928e+01
1.9085303192985101e+01
1.7023050729681781e+01
1.5151809443836507e+01
1.3457995629583904e+01
1.1928478242653732e+01
1.0550632094841220e+01
9.3123800648301422e+00
8.2022250729582851e+00
7.2092726231440123e+00
6.3232447517558672e+00
5.5344862422698249e+00
4.8339639678519006e+00
4.2132602133635455e+00
3.6645608055936707e+00
3.1806388476689116e+00
2.7548348124340234e+00
2.3810337019092689e+00
2.0536399274023687e+00
1.7675505090355206e+00
1.5181271357588264e+00
1.3011675686242201e+00
1.1128768122886956e+00
9.4983842335147306e-01
8.0898626998146250e-01
6.8757700599800942e-01
5.8316347460741425e-01
4.9356921272449805e-01
4.1686418644841672e-01
3.5134185193483519e-01
2.9549760363364175e-01
2.4800864358613772e-01
2.0771528106902282e-01
1.7360365115513537e-01
1.4478982350738806e-01
1.2050525867856327e-01
1.0008355808031077e-01
8.2948445321737022e-02
6.8602910512072207e-02
5.6619445084140164e-02
4.6631292448479467e-02
3.8324639063833717e-02
3.1431671062089640e-02
2.5724423159614398e-02
2.1009349016537653e-02
1.7122545279019925e-02
1.3925565088903491e-02
1.1301760726163962e-02
9.1530991332306310e-03
7.3973982517708554e-03
5.9659362909812849e-03
4.8013901698540353e-03
3.8560633781182024e-03
3.0903673328737851e-03
2.4715239434213812e-03
1.9724605076514917e-03
1.5708712369066978e-03
1.2484226388570845e-03
9.9008267274918317e-04
7.8355603746903257e-04
6.1881016512983203e-04
4.8767848234738378e-04
3.8352927994408199e-04
3.0099011515963595e-04
2.3571906939675276e-04
1.8421541942960403e-04
1.4366335930272240e-04
1.1180335401195514e-04
8.6826525746804380e-05
6.7288181580309284e-05
5.2037202006982007e-05
4.0158534782507697e-05
3.0926484662497996e-05
2.3766872304654652e-05
1.8226458255874407e-05
1.3948301098901176e-05
1.0651950006661903e-05
8.1175636625296646e-06
6.1732101391157226e-06
4.6847368144928268e-06
3.5477099866207256e-06
2.6810184361435986e-06
2.0218096233643738e-06
1.5214913808953765e-06
1.1425823371763504e-06
8.5623757258466288e-07
6.4030935676608729e-07
4.7783084963536798e-07
3.5583390712729313e-07
2.6442910650020676e-07
1.9609201606325418e-07
1.4511068917754397e-07
1.0715874005597704e-07
7.8966841280579863e-08
5.8069816872971032e-08
4.2613293265708204e-08
3.1205313651702733e-08
2.2803451474075282e-08
1.6628829994080009e-08
1.2100731204035764e-08
8.7871861439541007e-09
6.3676307571316014e-09
4.6046162399945389e-09
3.3227410933552341e-09
2.3927411817033618e-09
1.7193997253918121e-09
1.2329540834289634e-09
8.8228228728328404e-10
6.3002249480083839e-10
4.4894778451507823e-10
3.1921933739525511e-10
2.2651432169145504e-10
1.6041016474739908e-10
1.1333568805796279e-10
7.9910302261243740e-11
5.6222949720096897e-11
3.9466540377873559e-11
2.7647984297928073e-11
1.9322935823539879e-11
1.3467117349744362e-11
9.3804245584055738e-12
6.5004062199934898e-12
4.5108827973858304e-12
3.1073195122966762e-12
2.1433884882499965e-12
1.4575261703264366e-12
9.8414781773055215e-13
6.4550836421331835e-13
4.4622877721012371e-13
2.8018374443041963e-13
1.7941807986496887e-13
8.5655969954386022e-14
1.8010929708804114e-14
-2.5859089366990967e-14
-5.9515164973202131e-14
-9.4209473817644682e-14
-6.5808777281482331e-14
-9.0898583998641568e-14
-1.1173485879895260e-13
-7.4767965316784363e-14
-8.8047507171664440e-14
-8.6822228441157605e-14
-7.0591684025979858e-14
-7.7162315561268213e-14
-5.8212670049029861e-14
-4.4294837744004583e-14
-5.5296185655335513e-14
-2.2089421949745503e-14
-2.8678341196511852e-14
-1.2117047973200252e-14
-4.4003248089531133e-15
-4.8338721588687238e-14
-3.0719588536382608e-14
-3.9443176379796600e-14
-3.2824626431792211e-14
-1.9667870404085973e-14
-1.0911595725791040e-14
-4.3586182330562453e-15
-1.7410311213238969e-14
-2.1732585544231160e-14
4.3404362576855766e-15
-1.3003006074284941e-14
-8.6564290371715979e-15
-1.7288295391641327e-14
-2.5895480730351728e-14
-3.4477867594041961e-14
-3.4428271519648850e-14
-4.2973150368452158e-14
-4.2910768498314830e-14
-3.4278555912363904e-14
-5.1342516778035216e-14
-5.1266972253217019e-14
-5.9723068560640883e-14
-6.8153608293898687e-14
-7.6558481067834938e-14
-6.7950061912691922e-14
-8.4809807879024208e-14
-5.0809003598696943e-14
-6.7642539189507973e-14
-5.0654588453753681e-14
-5.0577057131835536e-14
-5.0499311776841546e-14
-6.7228471655189698e-14
-5.0343184380224927e-14
-5.0264805050154449e-14
-6.6914956146712723e-14
-6.6809895894291643e-14
-8.3380701408368893e-14
-6.6598953663571486e-14
-4.9869806495309685e-14
-6.6386927941836900e-14
-6.6280513334867553e-14
-6.6173833335550324e-14
-9.9100334663350161e-14
-1.3191936897769850e-13
-9.8778328967293563e-14
-1.3148899216376867e-13
-1.3127303328057680e-13
-1.3105656565831546e-13
-1.3083959298580014e-13
-1.3062211895572535e-13
-1.6300518408070104e-13
-1.6273210201555994e-13
-1.6245840712887032e-13
-1.2974728324367986e-13
-1.2952735794473411e-13
-1.6163369190006504e-13
-1.2908607368658124e-13
-9.6648541623240443e-14
-3.2160725669054253e-14
-6.4210309474031226e-14
-6.4098937354195399e-14
-6.3987336844187608e-14
-6.3875509810862497e-14
-3.1881729061145767e-14
-6.3651183647711608e-14
-6.3538688257473896e-14
-6.3425973822992506e-14
-6.3313042216693406e-14
-7.8999869139954195e-14
-6.3086534983098799e-14
-6.2972963105254895e-14
-4.7144386165796033e-14
-6.2745192207238246e-14
-6.2630996941211723e-14
-6.2516597634396811e-14
-6.2401996165480146e-14
-6.2287194413702532e-14
-6.2172194258808638e-14
-4.6542748185747347e-14
-4.6456204695650294e-14
-3.8641263862108918e-14
-4.6282685413330887e-14
-3.0797141628788351e-14
-4.6108599135369224e-14
