-1.7088990751078029e-14
0.0000000000000000e+00
1.7139277956187660e-14
0.0000000000000000e+00
2.5783890221079880e-14
8.6070678799150776e-15
2.1548667246283401e-14
8.6318269101201162e-15
8.6441476958235411e-15
1.7312858074348961e-14
2.6006012148578540e-14
2.1702181288435110e-14
3.4772136870781435e-14
1.7410311213244766e-14
2.6151709398346178e-14
2.6187829741907216e-14
3.4965102940608921e-14
4.1577860146950642e-14
6.5738627299682888e-14
4.8273639128617315e-14
6.1522009294713332e-14
3.3002436067159340e-14
3.9655793366850397e-14
4.1914498671838968e-14
5.0805670484431578e-14
3.3177711393212362e-14
5.7583289067225149e-14
5.3223012616273594e-14
6.5504699541242306e-14
5.1693122948175686e-14
6.4003565838054146e-14
5.0153643325648351e-14
6.3608567508330272e-14
7.9890424041277721e-14
1.2334238628742855e-13
1.0613415570080898e-13
1.1972453964329667e-13
1.2969814253598367e-13
1.5459238208532354e-13
1.9136612815610741e-13
2.0399645475985570e-13
2.6235662621773050e-13
3.8073355593985020e-13
5.2597308340374304e-13
7.4629826669599722e-13
1.0521764687261017e-12
1.5074725499954456e-12
2.1740732651238647e-12
3.1448667638194337e-12
4.5404997046429055e-12
6.5619890157640331e-12
9.4169598049847772e-12
1.3537984882908280e-11
1.9368708501086396e-11
2.7698390832664600e-11
3.9512415700887846e-11
5.6259690742641420e-11
7.9937888453472399e-11
1.1335870178230010e-10
1.6042398804605481e-10
2.2655353017388253e-10
3.1924704379968341e-10
4.4893853915446705e-10
6.2999472919194317e-10
8.8224545576271165e-10
1.2328915095318887e-09
1.7193118996208261e-09
2.3925840493849090e-09
3.3225648725049855e-09
4.6043198567529152e-09
6.3672048172668129e-09
8.7865950037002000e-09
1.2099882777671669e-08
1.6627681988067641e-08
2.2801899316567638e-08
3.1203171922498914e-08
4.2610374067339386e-08
5.8065846797350695e-08
7.8961442111655436e-08
1.0715150453702374e-07
1.4510092626331268e-07
1.9607892549399540e-07
2.6441152298589557e-07
3.5581041552300555e-07
4.7779955731027165e-07
6.4026762801818381e-07
8.5618213522619194e-07
1.1425088324590456e-06
1.5213941463192699e-06
2.0216813146693604e-06
2.6808494877338273e-06
3.5474881518493824e-06
4.6844460623288385e-06
6.1728299107624337e-06
8.1170674336925516e-06
1.0651303920945344e-05
1.3947461639270927e-05
1.8225369840835250e-05
2.3765464269046575e-05
3.0924666991251954e-05
4.0156193455154300e-05
5.2034192598346224e-05
6.7284321804384235e-05
8.6821586039186323e-05
1.1179704586242558e-04
1.4365532114837652e-04
1.8420519897481709e-04
2.3570610231247292e-04
3.0097369900080825e-04
3.8350854240145027e-04
4.8765234266725518e-04
6.1877728772621399e-04
7.8351477549670236e-04
9.9003100062421503e-04
1.2483580709969691e-03
1.5707907307319876e-03
1.9723603476390224e-03
2.4713996033309230e-03
3.0902133122634938e-03
3.8558730090094773e-03
4.8011553884936310e-03
5.9656473698392123e-03
7.3970434851272325e-03
9.1526644696371187e-03
1.1301229340311461e-02
1.3924916884436020e-02
1.7121756312549585e-02
2.1008390833243518e-02
2.5723262028511364e-02
3.1430267099396288e-02
3.8322945231025633e-02
4.6629253411389217e-02
5.6616995917861526e-02
6.8599975236468935e-02
8.2944935251339780e-02
1.0007936997182064e-01
1.2050027265917486e-01
1.4478390076703046e-01
1.7359663138614256e-01
2.0770697963735116e-01
2.4799884841930073e-01
2.9548607181242920e-01
3.5132830597778791e-01
4.1684831028097197e-01
4.9355064732814236e-01
5.8314181334852178e-01
6.8755178964095987e-01
8.0895698139683148e-01
9.4980448193628075e-01
1.1128375681240708e+00
1.3011222964039970e+00
1.5180750285322167e+00
1.7674906718171040e+00
2.0535713707145229e+00
2.3809553353328190e+00
2.7547454382565921e+00
3.1805371547322014e+00
3.6644453634545577e+00
4.2131294668966968e+00
4.8338162324346099e+00
5.5343196997014950e+00
6.3230574470763292e+00
7.2090624625248223e+00
8.2019898228492529e+00
9.3121173525495617e+00
1.0550339410802863e+01
1.1928152944423477e+01
1.3457634947957063e+01
1.5151410491120826e+01
1.7022610510360622e+01
1.9084818616920039e+01
2.1352006249864051e+01
2.3838455600029196e+01
2.6558669850621829e+01
2.9527270422472483e+01
3.2758881076642915e+01
3.6267998913530057e+01
4.0068852514607364e+01
4.4175247698701654e+01
4.8600401606807814e+01
5.3356766084869903e+01
5.8455841599051304e+01
6.3907983188538985e+01
6.9722200232081448e+01
7.5905952070956431e+01
8.2464941787200004e+01
8.9402910675681085e+01
9.6721436165753005e+01
1.0441973613645861e+02
1.1249448272238796e+02
1.2093962881929613e+02
1.2974625056387646e+02
1.3890240907561616e+02
1.4839303470611245e+02
1.5819983693916419e+02
1.6830124292097605e+02
1.7867236737267808e+02
1.8928501634712333e+02
2.0010772693998072e+02
2.1110584465433155e+02
2.2224163965258651e+02
2.3347446261528813e+02
2.4476094037037123e+02
2.5605521086713259e+02
2.6730919645610999e+02
2.7847291380989975e+02
2.8949481819207296e+02
3.0032217916380296e+02
3.1090148422293146e+02
3.2117886631038624e+02
3.3110055060628844e+02
3.4061331558440389e+02
3.4966496290962021e+02
3.5820479045860526e+02
3.6618406252707484e+02
3.7355647116491753e+02
3.8027858255774845e+02
3.8631026245323670e+02
3.9161507481365680e+02
3.9616064816125999e+02
3.9991900446675055e+02
4.0286684590779788e+02
4.0498579538643037e+02
4.0626258733178531e+02
4.0668920601676967e+02
4.0626296937098124e+02
4.0498655706385392e+02
4.0286798244664328e+02
3.9992050876426873e+02
3.9616251086268642e+02
3.9161728440909690e+02
3.8631280539610526e+02
3.8028144340305727e+02
3.7355963272543738e+02
3.6618750604516470e+02
3.5820849579130601e+02
3.4966890872446248e+02
3.4061747956327360e+02
3.3110490965463367e+02
3.2118339676903838e+02
3.1090616207984471e+02
3.0032698026309293e+02
2.8949971843785363e+02
2.7847788936257103e+02
2.6731422391893869e+02
2.5606026746118511e+02
2.4476600409609927e+02
2.3347951239932655e+02
2.2224665547859698e+02
2.1111080767700369e+02
2.0011261958158633e+02
1.8928982237629603e+02
1.7867707196536202e+02
1.6830583270374476e+02
1.5820430001534993e+02
1.4839736066540740e+02
1.3890658898800393e+02
1.2975027695892192e+02
1.2094349565196741e+02
1.1249818532669961e+02
1.0442327116831234e+02
9.6724801536412670e+01
8.9406105477349797e+01
8.2467966212174701e+01
7.5908807325815687e+01
6.9724888448323483e+01
6.3910507331026636e+01
5.8458205373543230e+01
5.3358973845826654e+01
4.8602458266558358e+01
4.4177158638943887e+01
4.0070623501099533e+01
3.6269636014708134e+01
3.2760390586777888e+01
2.9528658789860632e+01
2.6559943611184806e+01
2.3839621316588271e+01
2.1353070457248130e+01
1.9085787772970004e+01
1.7023490952804366e+01
1.5152208400213972e+01
1.3458356314716381e+01
1.1928803544220871e+01
1.0550924782038781e+01
9.3126427800867368e+00
8.2024603258573929e+00
7.2094827863670270e+00
6.3234320588550244e+00
5.5346527870771922e+00
4.8341117053328349e+00
4.2133909617251000e+00
3.6646762494659280e+00
3.1807405421852266e+00
2.7549241880461026e+00
2.3811120697842574e+00
2.0537084852616259e+00
1.7676103473071587e+00
1.5181792439293875e+00
1.3012128416877882e+00
1.1129160572045016e+00
9.4987236543372877e-01
8.0901555915665824e-01
6.8760222287633477e-01
5.8318513632509994e-01
4.9358777852350066e-01
4.1688006296822155e-01
3.5135539819940864e-01
2.9550913572248416e-01
2.4801843898525908e-01
2.0772358270172839e-01
1.7361067109765324e-01
1.4479574639716025e-01
1.2051024482627749e-01
1.0008774629870336e-01
8.2951955486050763e-02
6.8605845867708140e-02
5.6621894318452756e-02
4.6633331543214807e-02
3.8326332945372757e-02
3.1433075065944643e-02
2.5725584325335865e-02
2.1010307228877621e-02
1.7123334269818703e-02
1.3926213313741685e-02
1.1302292128981805e-02
9.1535338109660531e-03
7.3977530301200106e-03
5.9662252217786921e-03
4.8016249592594280e-03
3.8562537539271126e-03
3.0905213589844530e-03
2.4716482881083986e-03
1.9725606714191676e-03
1.5709517461379796e-03
1.2484872091805726e-03
9.9013434687622234e-04
7.8359730107056293e-04
6.1884304383701203e-04
4.8770462305939454e-04
3.8355001834335404e-04
3.0100653197003647e-04
2.3573203697603644e-04
1.8422564025876567e-04
1.4367139771334029e-04
1.1180966231790305e-04
8.6831465635538058e-05
6.7292041432097626e-05
5.2040211529770327e-05
4.0160876144929077e-05
3.0928302315777249e-05
2.3768280348203768e-05
1.8227546637130939e-05
1.3949140558540716e-05
1.0652596085637986e-05
8.1180597937151681e-06
6.1735903337930363e-06
4.6850275207033727e-06
3.5479317977603755e-06
2.6811873229368686e-06
2.0219379207415854e-06
1.5215886263867036e-06
1.1426559196058866e-06
8.5629313654542087e-07
6.4035122632782530e-07
4.7786228636242337e-07
3.5585751056905789e-07
2.6444673761697894e-07
1.9610520596227125e-07
1.4512054313644383e-07
1.0716608818024355e-07
7.8972228395521565e-08
5.8073842587400928e-08
4.2616264325832472e-08
3.1207492203266759e-08
2.2805068739761651e-08
1.6630025329758084e-08
1.2101591277047566e-08
8.7878231564348610e-09
6.3680654227813387e-09
4.6049340235640026e-09
3.3229693905839276e-09
2.3928858682360998e-09
1.7195078982459229e-09
1.2330308117147867e-09
8.8231934726256633e-10
6.3004563280863581e-10
4.4893391647408676e-10
3.1923088173049553e-10
2.2650048340364154e-10
1.6038251815024788e-10
1.1331957845099086e-10
7.9898808014519514e-11
5.6206875522760581e-11
3.9448190248686241e-11
2.7613616206077731e-11
1.9302338118653275e-11
1.3435112657354265e-11
9.3575900292986455e-12
6.4981253757079362e-12
4.4744312192266265e-12
3.0959415572911281e-12
2.1252049167703230e-12
1.4495801553796566e-12
9.6714065498207412e-13
6.4777330584235270e-13
4.1003278007281042e-13
2.7622953835992100e-13
1.5120768994914363e-13
9.2418283371868335e-14
1.1819672621406635e-14
-1.7988931733564921e-14
-7.2148100934519050e-14
-8.4115601622925038e-14
-8.7931727942095024e-14
-7.7753250312710059e-14
-9.9444024331100937e-14
-9.0391122248679849e-14
-9.7520973133205127e-14
-6.9012540555814933e-14
-7.4482564247909063e-14
-8.3268685857511417e-14
-5.7103857286210207e-14
-4.2080095856818367e-14
-4.2025101098068989e-14
7.7312976824134999e-15
-1.3236157475317569e-14
-1.4320147604695976e-14
-9.9007308201478027e-15
-2.6366575412020000e-14
-8.7770252961122401e-15
4.3825751533121915e-15
-2.1883084287868762e-14
-4.3706378675761152e-15
0.0000000000000000e+00
2.1793091165288484e-15
-2.1762889016555957e-14
-2.1732585544238396e-14
-2.6042617546122129e-14
4.3343353580964236e-15
-3.0297501630110678e-14
-1.7288295391647082e-14
-3.4527307640480465e-14
-3.0168134144796758e-14
-4.3035339399575396e-14
-3.4378520294773177e-14
-3.4328614798663292e-14
-4.2848194890469148e-14
-3.4228344518701539e-14
-4.2722476877695077e-14
-5.1191201623423526e-14
-4.2596005183700868e-14
-5.9545485275002548e-14
-5.9456304173625233e-14
-6.7847846303241962e-14
-5.0809003598713863e-14
-5.0731904392147874e-14
-5.0654588453770550e-14
-5.0577057131852380e-14
-8.4165519628097277e-14
-6.7228471655212089e-14
-6.7124245840322260e-14
-8.3774675083618641e-14
-8.3643695183418763e-14
-8.3512369867892359e-14
-8.3380701408396661e-14
-8.3248692079492069e-14
-8.3116344158877172e-14
-6.6386927941859013e-14
-6.6280513334889628e-14
-8.2717291669465446e-14
-9.9100334663383167e-14
-1.3191936897774245e-13
-1.3170443862310195e-13
-1.3148899216381244e-13
-1.3127303328062053e-13
-1.6382070707294887e-13
-1.6354949123230463e-13
-1.3062211895576884e-13
-1.3040414726460424e-13
-1.6273210201561414e-13
-1.2996672570313955e-13
-1.6218410405465384e-13
-1.6190919743097155e-13
-1.2930695352009508e-13
-9.6814555264968167e-14
-1.2886472216436351e-13
-9.6482177007194880e-14
-1.2842061894810521e-13
-9.6148406031325120e-14
-3.1993668422104457e-14
-9.5813264716325653e-14
-7.9704322652890942e-14
-4.7738387735799603e-14
-9.5308032386242582e-14
-4.7569480367260226e-14
-6.3313042216714497e-14
-7.8999869139980511e-14
-6.3086534983119801e-14
-4.7229722328956901e-14
-7.8573976943019564e-14
-4.7058894155444354e-14
-7.8288746176540721e-14
-6.2516597634417637e-14
-6.2401996165500921e-14
-6.2287194413723282e-14
-6.2172194258829338e-14
-4.6542748185762847e-14
-3.0970803130443843e-14
-2.3184758317273069e-14
-4.6282685413346298e-14
-3.8496427035998266e-14
-2.3054299567692289e-14
