-3.9156999277224475e-01
-4.5902224503843508e-01
-5.3337775488559969e-01
-6.1595139792641673e-01
-7.0763154959601049e-01
-8.0962144727221885e-01
-9.2306999220198271e-01
-1.0493156704517097e+00
-1.1897241239685972e+00
-1.3458220882465264e+00
-1.5192006927413091e+00
-1.7116052927826533e+00
-1.9248906027544996e+00
-2.1610633748768810e+00
-2.4222441898990672e+00
-2.7107164369602756e+00
-3.0289015210265458e+00
-3.3793828018751184e+00
-3.7648826334907577e+00
-4.1882962158427786e+00
-4.6526810239936918e+00
-5.1612615398613126e+00
-5.7174119948817959e+00
-6.3246715752692486e+00
-6.9867274431558064e+00
-7.7074279974077173e+00
-8.4907669418745044e+00
-9.3408858250073816e+00
-1.0262055869633620e+01
-1.1258674240275013e+01
-1.2335242227082590e+01
-1.3496356743180273e+01
-1.4746685774452283e+01
-1.6090952961255585e+01
-1.7533913348292565e+01
-1.9080330649544258e+01
-2.0734952634454341e+01
-2.2502488741441141e+01
-2.4387570031423085e+01
-2.6394728457621909e+01
-2.8528347586482777e+01
-3.0792625441815368e+01
-3.3191550719110403e+01
-3.5728865971971345e+01
-3.8408008300109159e+01
-4.1232070428578858e+01
-4.4203771755918396e+01
-4.7325416397534475e+01
-5.0598832047196744e+01
-5.4025330556153371e+01
-5.7605669089596041e+01
-6.1340009185614328e+01
-6.5227880922494279e+01
-6.9268144235078694e+01
-7.3458947247329675e+01
-7.7797695064886824e+01
-8.2281014119340526e+01
-8.6904728742301188e+01
-9.1663835712201347e+01
-9.6552489043826242e+01
-1.0156398550755523e+02
-1.0669075716521581e+02
-1.1192436983081875e+02
-1.1725552198383316e+02
-1.2267405683595517e+02
-1.2816897547563292e+02
-1.3372845686447337e+02
-1.3933990024000721e+02
-1.4498995162257933e+02
-1.5066454608862574e+02
-1.5634895979182824e+02
-1.6202785727272067e+02
-1.6768535439226815e+02
-1.7330509806451406e+02
-1.7887033486569089e+02
-1.8436398324349037e+02
-1.8976871871884936e+02
-1.9506706032078017e+02
-2.0024146634782792e+02
-2.0527443796266348e+02
-2.1014860835873299e+02
-2.1484684024030051e+02
-2.1935232344049388e+02
-2.2364867258940197e+02
-2.2772002739493527e+02
-2.3155115095418188e+02
-2.3512752484339637e+02
-2.3843544233002572e+02
-2.4146209615503292e+02
-2.4419566093017579e+02
-2.4662537279137976e+02
-2.4874159662550588e+02
-2.5053589204679432e+02
-2.5200106708445253e+02
-2.5313121910253545e+02
-2.5392178308880233e+02
-2.5436955639400057e+02
-2.5447272402477606e+02
-2.5423088135125622e+02
-2.5364502262643450e+02
-2.5271752549084820e+02
-2.5145215128825814e+02
-2.4985402639465065e+02
-2.4792959212450643e+02
-2.4568655510383988e+02
-2.4313385020041596e+02
-2.4028158192155135e+02
-2.3714095698703341e+02
-2.3372421167781408e+02
-2.3004452566608762e+02
-2.2611593609219616e+02
-2.2195325175733356e+02
-2.1757195884563265e+02
-2.1298812945482581e+02
-2.0821832297082452e+02
-2.0327948791298925e+02
-1.9818886273093165e+02
-1.9296387562270175e+02
-1.8762204756294892e+02
-1.8218089655063858e+02
-1.7665784154923932e+02
-1.7107011753951284e+02
-1.6543467848411592e+02
-1.5976812085105098e+02
-1.5408660513052845e+02
-1.4840578046313701e+02
-1.4274073304307845e+02
-1.3710592769965518e+02
-1.3151513667543520e+02
-1.2598139910261014e+02
-1.2051699512360355e+02
-1.1513341101430346e+02
-1.0984129559835084e+02
-1.0465044718856595e+02
-9.9569812511992566e+01
-9.4607477113240321e+01
-8.9770661645845337e+01
-8.5065726786489478e+01
-8.0498176011746153e+01
-7.6072675571761607e+01
-7.1793074675289049e+01
-6.7662431989141098e+01
-6.3683045285204926e+01
-5.9856483426968914e+01
-5.6183620170281500e+01
-5.2664672920843955e+01
-4.9299238604909668e+01
-4.6086339084581098e+01
-4.3024458253529666e+01
-4.0111588196850981e+01
-3.7345270917148163e+01
-3.4722634440773021e+01
-3.2240442776932511e+01
-2.9895135880010482e+01
-2.7682870440412039e+01
-2.5599575342414404e+01
-2.3640979479441501e+01
-2.1802637129307858e+01
-2.0079975055300590e+01
-1.8468339719254665e+01
-1.6963015112548188e+01
-1.5559242497842483e+01
-1.4252258007498213e+01
-1.3037323108810160e+01
-1.1909744234313779e+01
-1.0864897570130941e+01
-9.8982388664286702e+00
-9.0053187876037892e+00
-8.1817977250466782e+00
-7.4234588223713471e+00
-6.7262198151155443e+00
-6.0861437276785200e+00
-5.4994449234775997e+00
-4.9624957887255157e+00
-4.4718299940149331e+00
-4.0241436499582912e+00
-3.6162983596809419e+00
-3.2453168456453798e+00
-2.9083820302626906e+00
-2.6028355800326670e+00
-2.3261667783726332e+00
-2.0760219801125253e+00
-1.8501992343232079e+00
-1.6466387002561551e+00
-1.4634237368582652e+00
-1.2987695812863791e+00
-1.1510117361438197e+00
-1.0186110202062588e+00
-9.0015101711043088e-01
-7.9432455119162992e-01
-6.9992717692247119e-01
-6.1584892031759675e-01
-5.4106710021277205e-01
-4.7465158749950309e-01
-4.1575752017463591e-01
-3.6361614195845460e-01
-3.1752944555987744e-01
-2.7686097646405405e-01
-2.4103174033926722e-01
-2.0951642583138827e-01
-1.8183896401499139e-01
-1.5757137494535742e-01
-1.3632761836598400e-01
-1.1776413647392621e-01
-1.0157085649972786e-01
-8.7472620825974540e-02
-7.5221114227296201e-02
-6.4592377247293595e-02
-5.5390349102814068e-02
-4.7440112029174822e-02
-4.0589440647948678e-02
-3.4711852241603752e-02
-2.9685055252159073e-02
-2.5396637594365161e-02
-2.1754795066989428e-02
-1.8685593584140958e-02
-1.6113201791982473e-02
-1.3968131740556949e-02
-1.2197395883895781e-02
-1.0762453321499863e-02
-9.6236327076764331e-03
-8.7481057636465687e-03
-8.1015837794893159e-03
-7.6568226418734101e-03
-7.3926914437061923e-03
-7.2977403947082214e-03
-7.3647380665891292e-03
-7.5949761664875380e-03
-7.9903865005780603e-03
-8.5595326506953916e-03
-9.3103258060220420e-03
-1.0256764923386015e-02
-1.1411787903264987e-02
-1.2797375379698869e-02
-1.4433709600331138e-02
-1.6358482247491174e-02
-1.8609477687583403e-02
-2.1244463836163650e-02
-2.4327098097097852e-02
-2.7931828509085592e-02
-3.2137548523191027e-02
-3.7059389563431695e-02
-4.2819870627050047e-02
-4.9576530786404567e-02
-5.7501248985454723e-02
-6.6827325911923793e-02
-7.7807264433554429e-02
-9.0763404997826452e-02
-1.0604648351727360e-01
-1.2413328870853256e-01
-1.4553920839153128e-01
-1.7096578883878280e-01
-2.0114729275715884e-01
-2.3712925969867121e-01
-2.7990222440565821e-01
-3.3124740537063890e-01
