-5.4341197557018930e-13
-1.6914396504141977e-12
8.6084817419415217e-13
6.2817739359702184e-13
8.1372385735657429e-13
2.5952817352508838e-12
1.4512560175023753e-12
-1.1709231081922219e-12
-5.8745507486547166e-13
5.7667598435523463e-13
-1.4276908645279906e-12
5.1546665105446980e-13
-1.1246474918369009e-12
-1.5787680473269534e-12
-3.0122484101065693e-13
4.8457720617785105e-13
1.7324390390816246e-13
-7.3924052275682773e-13
3.1141178219827442e-13
7.0110004922580665e-13
1.4283459469099841e-13
1.5197917803641337e-12
1.3754415574208190e-12
3.3871213042296686e-13
3.5909231299300077e-13
-9.2262766446321700e-13
-1.2892256412161069e-12
-2.4575521953768584e-13
-1.0467904155348038e-13
-2.8515278090815049e-12
2.2192480732452219e-12
-2.8044406892636905e-12
6.5979493826852933e-13
3.4863727724608845e-13
3.4135105581939600e-13
-3.7276595183262846e-13
5.3021840294905713e-13
2.2237963107145462e-12
-8.2931581874913430e-13
-1.3776455425763549e-12
5.2368934476219522e-13
2.0808603478973128e-12
-8.2593192245723205e-13
-6.1338395845465728e-13
-1.5566558877043831e-13
7.4173765036388059e-13
8.5012223054920807e-13
-1.4406044348667514e-12
-1.5047790634020756e-12
2.6451651638040576e-13
-1.1486412029218556e-13
-4.1480624912267887e-13
1.7081252978107213e-12
2.1641656737707882e-12
2.8647541662004823e-13
1.0273799946336955e-12
-4.3436006532093793e-15
2.7355769958880948e-13
-1.3621735308474854e-13
-1.5069740263229254e-12
-5.8705237702551863e-14
9.9896582537602136e-14
1.1620010261770405e-12
-1.6897102580961894e-12
-1.2427122230694750e-13
1.2418102651860547e-12
1.3704864196851565e-12
9.0024398471319559e-13
7.6037996768738777e-13
1.1566264836239802e-12
-2.4188424906199410e-13
-1.0208469346276029e-12
5.6662740960909791e-14
6.7959286656523897e-13
2.0308385091950332e-12
-2.8042960651263906e-13
3.5560404747792433e-13
1.9233838986130561e-12
1.9477374951664461e-12
3.1310710769222168e-12
2.8764554398195298e-12
4.7552232240948886e-12
9.0816469275931975e-12
1.2221228015888781e-11
1.5388423828175761e-11
2.2624847979257767e-11
3.3933398663728860e-11
4.9429117070706835e-11
6.5042283184204510e-11
9.2764580325270945e-11
1.2947116478374398e-10
1.7720054306373218e-10
2.4605806806149273e-10
3.4248464376692569e-10
4.7211109529130732e-10
6.4909440784599075e-10
8.9291270259122206e-10
1.2218799244969078e-09
1.6698883062747148e-09
2.2773165987578004e-09
3.0905269003634048e-09
4.1897399580701160e-09
5.6573503599930133e-09
7.6218080883074451e-09
1.0237153251507109e-08
1.3710857889456207e-08
1.8304588537937127e-08
2.4370436940134010e-08
3.2344398578118551e-08
4.2792797091634648e-08
5.6437051013038045e-08
7.4194180693354436e-08
9.7213408543703907e-08
1.2694755874834187e-07
1.6519828392643343e-07
2.1421780315225435e-07
2.7676019963519396e-07
3.5621637118984948e-07
4.5669413245998839e-07
5.8313184902448030e-07
7.4143271863626871e-07
9.3853183501980878e-07
1.1825033383343975e-06
1.4825815720145659e-06
1.8491025770411960e-06
2.2933691575955456e-06
2.8272757332341978e-06
3.4627123160484076e-06
4.2105819496695461e-06
5.0792937317878254e-06
6.0725208071238587e-06
7.1860012832445020e-06
8.4029925188103048e-06
9.6880072117940682e-06
1.0978178106593846e-05
1.2171630951809331e-05
1.3111895108211314e-05
1.3567223194596844e-05
1.3203365076903452e-05
1.1548048628764225e-05
7.9448730118420257e-06
1.4939156120109899e-06
-9.0243478184743518e-06
-2.5245921836703844e-05
-4.9345976473128873e-05
-8.4193453524724786e-05
-1.3354483970341805e-04
-2.0228588625410631e-04
-2.9673173024959121e-04
-4.2499777883113298e-04
-5.9745597215890740e-04
-8.2729362107773221e-04
-1.1311948748776355e-03
-1.5301682079333395e-03
-2.0505468801656369e-03
-2.7251935026657921e-03
-3.5949442815476260e-03
-4.7103334553140258e-03
-6.1336437076345632e-03
-7.9413342157594203e-03
-1.0226903873239632e-02
-1.3104253856916772e-02
-1.6711620020589592e-02
-2.1216152633490901e-02
-2.6819227446084764e-02
-3.3762578758784627e-02
-4.2335351187550649e-02
-5.2882172533121517e-02
-6.5812354661680644e-02
-8.1610332894134732e-02
-1.0084745619644742e-01
-1.2419524058122200e-01
-1.5244019562046382e-01
-1.8650032883111300e-01
-2.2744342409308169e-01
-2.7650717804920216e-01
-3.3512126169535322e-01
-4.0493135297297311e-01
-4.8782515940242754e-01
-5.8596041741089644e-01
-7.0179481635622687e-01
-8.3811775041253767e-01
-9.9808374983376469e-01
-1.1852473851235406e+00
-1.4035993728177099e+00
-1.6576035407850138e+00
-1.9522342342770205e+00
-2.2930136623432964e+00
-2.6860485986054652e+00
-3.1380657620277623e+00
-3.6564451136900198e+00
-4.2492502168263790e+00
-4.9252547210162705e+00
-5.6939639506639077e+00
-6.5656305045326198e+00
-7.5512627107817716e+00
-8.6626247330471209e+00
-9.9122270913346924e+00
-1.1313306349647629e+01
-1.2879792733761883e+01
-1.4626264480467606e+01
-1.6567887786480767e+01
-1.8720341324001502e+01
-2.1099724422316648e+01
-2.3722448182459434e+01
-2.6605108995807235e+01
-2.9764344177292735e+01
-3.3216669699265076e+01
-3.6978300320596489e+01
-4.1064952745239744e+01
-4.5491632810453346e+01
-5.0272408092949881e+01
-5.5420167724662441e+01
-6.0946371621946049e+01
-6.6860791744073893e+01
-7.3171248400720614e+01
-7.9883345012919733e+01
-8.7000205088580671e+01
-9.4522215490548518e+01
-1.0244678034255359e+02
-1.1076809012507306e+02
-1.1947691065005503e+02
-1.2856039666068060e+02
-1.3800193477283432e+02
-1.4778102035144477e+02
-1.5787317269323069e+02
-1.6824989256423666e+02
-1.7887866571616743e+02
-1.8972301548065101e+02
-2.0074260692068941e+02
-2.1189340430970572e+02
-2.2312788292096738e+02
-2.3439529525510093e+02
-2.4564199092594043e+02
-2.5681178848087200e+02
-2.6784639646983766e+02
-2.7868588011639974e+02
-2.8926916900610905e+02
-2.9953460031186489e+02
-3.0942049124533344e+02
-3.1886573367721496e+02
-3.2781040322740893e+02
-3.3619637460593356e+02
-3.4396793460309908e+02
-3.5107238389469427e+02
-3.5746061875564186e+02
-3.6308768386905996e+02
-3.6791328768001443e+02
-3.7190227217285735e+02
-3.7502502954279134e+02
-3.7725785897678134e+02
-3.7858325764346068e+02
-3.7899014099968491e+02
-3.7847398863319074e+02
-3.7703691305468629e+02
-3.7468765010367451e+02
-3.7144147091509706e+02
-3.6732001668134438e+02
-3.6235105870958807e+02
-3.5656818749133629e+02
-3.5001043564386316e+02
-3.4272184062897594e+02
-3.3475095408138952e+02
-3.2615030536938212e+02
-3.1697582764891149e+02
-3.0728625514807044e+02
-2.9714250072418588e+02
-2.8660702286787870e+02
-2.7574319128758003e+02
-2.6461465999921489e+02
-2.5328475647746055e+02
-2.4181589490895408e+02
-2.3026902093919125e+02
-2.1870309454094985e+02
-2.0717461677284228e+02
-1.9573720526269861e+02
-1.8444122226446618e+02
-1.7333345812132853e+02
-1.6245687194385371e+02
-1.5185039030193590e+02
-1.4154876375297289e+02
-1.3158248010455466e+02
-1.2197773245431058e+02
-1.1275643927655037e+02
-1.0393631314580446e+02
-9.5530974110521512e+01
-8.7550103261047610e+01
-7.9999631678352003e+01
-7.2881959703074301e+01
-6.6196201327139462e+01
-5.9938448476914033e+01
-5.4102050021582180e+01
-4.8677900494535223e+01
-4.3654733749383752e+01
-3.9019417074738946e+01
-3.4757241651866224e+01
-3.0852205644398143e+01
-2.7287286647901531e+01
-2.4044700687124166e+01
-2.1106145419336460e+01
-1.8453025672316944e+01
-1.6066659906454277e+01
-1.3928466632811023e+01
-1.2020130236239183e+01
-1.0323746038421154e+01
-8.8219447854836712e+00
-7.4979970549171417e+00
-6.3358983451501194e+00
-5.3204358368045090e+00
-4.4372379976946714e+00
-3.6728083449242019e+00
-3.0145447788707784e+00
-2.4507459676284138e+00
-1.9706062901893100e+00
-1.5642008451577538e+00
-1.2224620033029441e+00
-9.3714893029935897e-01
-7.0081143502532739e-01
-5.0674941191659106e-01
-3.4896904768627979e-01
-2.2213685607339145e-01
-1.2153249285397456e-01
-4.3001189644260647e-02
1.7093467744010816e-02
6.1915801134642331e-02
9.4202832197035694e-02
1.1630719488871549e-01
1.3023785031378088e-01
1.3769837048784123e-01
1.4012263326292590e-01
1.3870783768313424e-01
1.3444480721068788e-01
1.2814559783111448e-01
1.2046846936137877e-01
1.1194031177039572e-01
1.0297664471501532e-01
9.3899328098187768e-02
8.4952135423330424e-02
7.6314350395184360e-02
6.8112551327360354e-02
6.0430748472645658e-02
5.3319036604063681e-02
4.6800919866406269e-02
4.0879458888535378e-02
3.5542381222958490e-02
3.0766286697216268e-02
2.6520068783469155e-02
2.2767662544226124e-02
1.9470218985526519e-02
1.6587795299824459e-02
1.4080640313262491e-02
1.1910144919618924e-02
1.0039518397458804e-02
8.4342431606915808e-03
7.0623530056379167e-03
5.8945729905248018e-03
4.9043531439653815e-03
4.0678225950994537e-03
3.3636860750336120e-03
2.7730806555863407e-03
2.2794068861136827e-03
1.8681456381969422e-03
1.5266693256949487e-03
1.2440540264747281e-03
1.0108973268088128e-03
8.1914528450324731e-04
6.6193072845272514e-04
5.3342415147711948e-04
4.2869793672234538e-04
3.4360389361114151e-04
2.7466382460958832e-04
2.1897257879780735e-04
1.7411272973622574e-04
1.3808006550551061e-04
1.0921890154275570e-04
8.6166269848168389e-05
6.7804000955043082e-05
5.3217863982008091e-05
4.1662839167034216e-05
3.2533774143261148e-05
2.5340711404013241e-05
1.9688213331845474e-05
1.5258119158184093e-05
1.1795238180872753e-05
9.0955099841484377e-06
6.9962526308367666e-06
5.3681565338085331e-06
4.1087447766136482e-06
3.1370411022776934e-06
2.3892491750769365e-06
1.8152411194438219e-06
1.3757579650863005e-06
1.0401291375554143e-06
7.8445999279503645e-07
5.9019592853636988e-07
4.4295830397539177e-07
3.3164451027160987e-07
2.4770478081795267e-07
1.8456047436043894e-07
1.3717812738790556e-07
1.0171663928472439e-07
7.5241712965642078e-08
5.5520074551833853e-08
4.0872676377201560e-08
3.0015188070713058e-08
2.1988517988964313e-08
1.6072861196808251e-08
1.1718731697023891e-08
8.5234466015983525e-09
6.1850556837849902e-09
4.4781118189597073e-09
3.2326799250354133e-09
2.3309994115893436e-09
1.6744568384048008e-09
1.1989987604372604e-09
8.6010869093535443e-10
6.1540293231011888e-10
4.3712354511437479e-10
3.0807829370320811e-10
2.2045579450808527e-10
1.5418172428909527e-10
1.0873417919371129e-10
7.7967718526456094e-11
5.3516652765889837e-11
3.8447731947429631e-11
2.6258077188684392e-11
1.7192675459024672e-11
1.2049351157835938e-11
8.9334198838021331e-12
5.8731352722677581e-12
2.9369377381212111e-12
2.1837388458239858e-12
3.8245964869474899e-12
2.1153167156042699e-12
5.3076410401057991e-14
1.2497684287381677e-12
7.3110788733540125e-13
4.9871977778637636e-13
7.9213854171318726e-13
-2.7040820171953840e-12
-1.2768407382767190e-12
-7.7851136679218210e-13
-9.9958112657551382e-13
-2.6488447757813308e-13
7.1103823145663567e-13
-1.8079932651373912e-12
-5.4780011215354614e-13
-7.1092327820339489e-13
7.4756330536391174e-13
-1.3992801126854403e-12
1.7225155723369939e-14
-8.8357222999306939e-13
3.9846910830620743e-13
-2.6465849939256301e-13
1.1942986126777987e-12
4.5689563639045495e-13
-8.9069994120915480e-13
-1.3999853310823102e-13
1.6855565578096300e-13
3.1244827865740378e-13
2.5628171415985294e-12
-1.4609029597484567e-12
-1.3496684042159868e-12
-4.8280409037575404e-13
1.6414949954586469e-13
-2.7256275263369187e-12
1.3068348439740869e-12
8.6127181381795485e-13
-1.1096597993291143e-12
-5.3627648225598582e-14
-1.3103466861536730e-12
8.7665210358234072e-13
-3.0720647744378824e-13
4.1001548152274389e-13
-1.9641598069697131e-13
9.1085016928093444e-13
-3.7778972663234102e-13
-8.0403552163193281e-13
1.0556202067888585e-12
1.4146811950087664e-12
-2.0622256615520148e-12
-9.1443494648170238e-13
6.9507631654083575e-13
9.1154464603314696e-13
-6.9077207923237127e-13
-2.8054011311238845e-13
-1.1027008860487014e-12
9.9647344639458191e-13
7.3546226911791329e-13
1.9520670290484203e-12
-2.1828896950000503e-12
1.2273881507471840e-12
2.8257484655887438e-13
-9.5020652032885157e-13
-1.7769656474423622e-13
2.1363679650034792e-12
-6.8476326532734324e-14
-2.6284835043696971e-13
2.4289581410617125e-13
-7.3948819031377014e-13
1.3187893765730274e-12
8.7689545885360675e-13
-8.4638307717130673e-13
4.1493988764983519e-13
-1.4389547381773827e-12
2.6130834629362291e-12
-3.4898408159647324e-13
-1.1652019242276581e-13
1.6951284906942444e-12
4.2363255811407761e-13
-1.8037119354411112e-12
-2.4769702805730503e-13
