0.0000000000000000e+00
0.0000000000000000e+00
3.4278555912363904e-14
1.7164307399325931e-14
4.2973150368452158e-14
1.7214135759824425e-14
2.5858400695531473e-14
3.0211394185410345e-14
-4.3220738479103317e-15
1.7312858074343196e-14
2.6006012148569881e-14
3.0383053803799032e-14
1.7386068435384927e-14
1.3057733409929224e-14
2.1793091165281222e-14
2.8370148887056703e-14
1.7482551470298639e-14
3.0636318003006061e-14
4.1634463956451962e-14
5.2662151776655906e-14
6.8113653147695655e-14
2.7502030055956955e-14
5.1772841340037442e-14
3.4193406811225670e-14
2.4298364144720051e-14
2.2118474262134208e-14
3.1006386420803208e-14
5.7103857286191199e-14
4.2189467501125066e-14
2.1121921204623893e-14
2.3375215349542428e-14
1.7275143812162014e-14
3.8220937494027823e-14
2.6816366111748626e-14
8.4465761131045389e-14
7.1689561634295644e-14
1.2673417311183153e-13
9.0676407011057944e-14
1.1130651510139590e-13
1.5984700116563648e-13
1.7243899214501399e-13
2.4655880786475281e-13
3.5870297926071866e-13
5.0221946028211648e-13
7.1458908389228747e-13
1.0226973866278315e-12
1.4881750851230202e-12
2.1502073275551400e-12
3.1061817167960184e-12
4.5097436855683081e-12
6.5300571957338109e-12
9.4123928991596327e-12
1.3526554635619996e-11
1.9338956260678900e-11
2.7668605153043786e-11
3.9489478039374120e-11
5.6241320231359804e-11
7.9919497658644418e-11
1.1335870178226234e-10
1.6042168416290101e-10
2.2655814293643674e-10
3.1925858813471125e-10
4.4896396389640923e-10
6.3004794660918471e-10
8.8231755126475570e-10
1.2329977342389572e-09
1.7194304222511352e-09
2.3927734409117770e-09
3.3228312088588163e-09
4.6046676131658108e-09
6.3676728764494767e-09
8.7872309590225035e-09
1.2100773150354637e-08
1.6628876147748661e-08
2.2803512808552158e-08
3.1205385179364793e-08
4.2613380499822067e-08
5.8069882195286813e-08
7.8966920622756830e-08
1.0715883505807455e-07
1.4511077599769593e-07
1.9609210801215291e-07
2.6442920749387746e-07
3.5583400544986719e-07
4.7783102317361379e-07
6.4030950877628824e-07
8.5623775428398495e-07
1.1425824799873708e-06
1.5214914791909670e-06
2.0218096960496352e-06
2.6810184954564967e-06
3.5477100325371920e-06
4.6847368683342923e-06
6.1732101525877536e-06
8.1175636513594702e-06
1.0651950013409464e-05
1.3948301119161014e-05
1.8226458269392314e-05
2.3766872324948426e-05
3.0926484682808552e-05
4.0158534842326830e-05
5.2037202034107038e-05
6.7288181595047170e-05
8.6826525760388729e-05
1.1180335398709746e-04
1.4366335927901234e-04
1.8421541940587540e-04
2.3571906934409854e-04
3.0099011513421629e-04
3.8352927989817118e-04
4.8767848224797746e-04
6.1881016497284703e-04
7.8355603724588566e-04
9.9008267244892444e-04
1.2484226384630681e-03
1.5708712364062574e-03
1.9724605070239008e-03
2.4715239425990017e-03
3.0903673317677445e-03
3.8560633767206480e-03
4.8013901680454846e-03
5.9659362887010108e-03
7.3973982489511335e-03
9.1530991297163692e-03
1.1301760721836871e-02
1.3925565083581771e-02
1.7122545272465449e-02
2.1009349008524147e-02
2.5724423149889087e-02
3.1431671050313484e-02
3.8324639049553508e-02
4.6631292431256251e-02
5.6619445063445975e-02
6.8602910487233520e-02
8.2948445291976133e-02
1.0008355804473083e-01
1.2050525863616278e-01
1.4478982345695990e-01
1.7360365109535736e-01
2.0771528099825817e-01
2.4800864350263396e-01
2.9549760353528876e-01
3.5134185181927102e-01
4.1686418631290573e-01
4.9356921256599839e-01
5.8316347442244298e-01
6.8757700578260794e-01
8.0898626973122290e-01
9.4983842306140043e-01
1.1128768119531942e+00
1.3011675682370587e+00
1.5181271353131449e+00
1.7675505085236178e+00
2.0536399268157886e+00
2.3810337012386480e+00
2.7548348116690780e+00
3.1806388467984212e+00
3.6645608046053759e+00
4.2132602122440757e+00
4.8339639665868566e+00
5.5344862408436954e+00
6.3232447501518472e+00
7.2092726213441214e+00
8.2022250709433742e+00
9.3123800625798605e+00
1.0550632092334055e+01
1.1928478239867077e+01
1.3457995626493915e+01
1.5151809440418436e+01
1.7023050725909961e+01
1.9085303188833109e+01
2.1352538346990567e+01
2.3839038451277606e+01
2.6559306723397100e+01
2.9527964598178635e+01
3.2759635823237375e+01
3.6268817455161269e+01
4.0069737998415157e+01
4.4176203158912713e+01
4.8601429926314687e+01
5.3357869954540078e+01
5.8457023475073079e+01
6.3909245248172112e+01
6.9723544328240450e+01
7.5907379686113899e+01
8.2466453987152164e+01
8.9404508063770351e+01
9.6723118838186977e+01
1.0442150363940365e+02
1.1249633401154638e+02
1.2094156222269437e+02
1.2974826374860226e+02
1.3890449901923824e+02
1.4839519767350157e+02
1.5820206846540358e+02
1.6830353780100540e+02
1.7867471965825862e+02
1.8928741935163728e+02
2.0011017325149518e+02
2.1110832615725681e+02
2.2224414755814934e+02
2.3347698750092061e+02
2.4476347222798680e+02
2.5605773916012532e+02
2.6731171018477551e+02
2.7847540158483332e+02
2.8949726831496116e+02
3.0032457971488918e+02
3.1090382315430566e+02
3.2118113154412794e+02
3.3110273013638493e+02
3.4061539758126872e+02
3.4966693582596281e+02
3.5820664313534155e+02
3.6618578429793041e+02
3.7355805195836069e+02
3.8028001299489449e+02
3.8631153394039518e+02
3.9161617962824693e+02
3.9616157952989232e+02
3.9991975663437154e+02
4.0286741419691100e+02
4.0498617624553953e+02
4.0626277837236063e+02
4.0668920603819527e+02
4.0626277837312233e+02
4.0498617624705815e+02
4.0286741419917712e+02
3.9991975663737094e+02
3.9616157953360647e+02
3.9161617963265297e+02
3.8631153394546584e+02
3.8028001300059935e+02
3.7355805196466514e+02
3.6618578430479721e+02
3.5820664314273057e+02
3.4966693583383130e+02
3.4061539758957218e+02
3.3110273014507720e+02
3.2118113155316200e+02
3.1090382316363355e+02
3.0032457972446275e+02
2.8949726832473232e+02
2.7847540159475460e+02
2.6731171019480018e+02
2.5605773917020798e+02
2.4476347223808366e+02
2.3347698751098960e+02
2.2224414756815059e+02
2.1110832616715277e+02
2.0011017326125074e+02
1.8928741936122012e+02
1.7867471966763918e+02
1.6830353781015702e+02
1.5820206847430245e+02
1.4839519768212699e+02
1.3890449902757234e+02
1.2974826375663019e+02
1.2094156223040410e+02
1.1249633401892855e+02
1.0442150364645160e+02
9.6723118844896632e+01
8.9404508070139912e+01
8.2466453993181958e+01
7.5907379691806355e+01
6.9723544333599875e+01
6.3909245253204325e+01
5.8457023479785533e+01
5.3357869958941443e+01
4.8601429930414760e+01
4.4176203162722217e+01
4.0069738001945602e+01
3.6268817458424749e+01
3.2759635826246473e+01
2.9527964600946127e+01
2.6559306725936096e+01
2.3839038453601116e+01
2.1352538349111661e+01
1.9085303190764602e+01
1.7023050727664558e+01
1.5151809442008405e+01
1.3457995627931142e+01
1.1928478241163125e+01
1.0550632093500043e+01
9.3123800636263159e+00
8.2022250718803136e+00
7.2092726221809862e+00
6.3232447508975733e+00
5.5344862415066816e+00
4.8339639671749239e+00
4.2132602127644203e+00
3.6645608050646663e+00
3.1806388472028893e+00
2.7548348120244479e+00
2.3810337015501717e+00
2.0536399270882377e+00
1.7675505087612964e+00
1.5181271355200283e+00
1.3011675684167092e+00
1.1128768121088310e+00
9.4983842319591849e-01
8.0898626984722855e-01
6.8757700588244341e-01
5.8316347450813777e-01
4.9356921263941445e-01
4.1686418637566847e-01
3.5134185187277289e-01
2.9549760358081922e-01
2.4800864354125024e-01
2.0771528103097672e-01
1.7360365112298129e-01
1.4478982348026656e-01
1.2050525865573677e-01
1.0008355806111890e-01
8.2948445305670207e-02
6.8602910498626601e-02
5.6619445072903452e-02
4.6631292439125727e-02
3.8324639056047403e-02
3.1431671055653601e-02
2.5724423154298764e-02
2.1009349012144230e-02
1.7122545275389190e-02
1.3925565085936197e-02
1.1301760723719995e-02
9.1530991312399057e-03
7.3973982501496479e-03
5.9659362896419890e-03
4.8013901687985385e-03
3.8560633772734641e-03
3.0903673321737764e-03
2.4715239428875738e-03
1.9724605072048776e-03
1.5708712365540092e-03
1.2484226385667803e-03
9.9008267250983513e-04
7.8355603729307307e-04
6.1881016498417033e-04
4.8767848220465968e-04
3.8352927985605686e-04
3.0099011506368916e-04
2.3571906929124381e-04
1.8421541934226520e-04
1.4366335920981601e-04
1.1180335391912185e-04
8.6826525719635710e-05
6.7288181546375626e-05
5.2037201986638248e-05
4.0158534741853253e-05
3.0926484623038465e-05
2.3766872251698552e-05
1.8226458228838593e-05
1.3948301078641340e-05
1.0651949972924079e-05
8.1175636164937052e-06
6.1732101312239869e-06
4.6847368066079267e-06
3.5477099854670167e-06
2.6810184092700057e-06
2.0218096557749376e-06
1.5214914121263794e-06
1.1425823739301019e-06
8.5623761599949658e-07
6.4030940014132442e-07
4.7783087846006223e-07
3.5583392648410768e-07
2.6442908972778995e-07
1.9609204366417590e-07
1.4511069012380601e-07
1.0715876256748137e-07
7.8966833300523013e-08
5.8069818759917235e-08
4.2613311632148063e-08
3.1205345152907243e-08
2.2803492206810946e-08
1.6628846880222792e-08
1.2100730329126646e-08
8.7871998744070620e-09
6.3676266682199488e-09
4.6046145921104151e-09
3.3227388264985379e-09
2.3927198446092957e-09
1.7193688766632200e-09
1.2329461072921093e-09
8.8226144104510302e-10
6.3000861199628583e-10
4.4891080307203573e-10
3.1920548419309418e-10
2.2649125787830682e-10
1.6038021426709406e-10
1.1331497570609321e-10
7.9898808014492902e-11
5.6209171836649722e-11
3.9452777780973209e-11
2.7618198618316478e-11
1.9302338118646848e-11
1.3435112657349791e-11
9.3621569351175393e-12
6.4707552442531678e-12
4.4698747719550494e-12
3.0754612382782556e-12
2.1058848720717090e-12
1.4189312405825901e-12
9.5693635733247234e-13
6.3191871444040634e-13
3.9702484360140287e-13
2.7227533228923840e-13
1.5459293673899831e-13
8.3401865481902191e-14
9.0054648544020570e-15
-3.6540017583791582e-14
-5.7830773511696404e-14
-1.0542488736736427e-13
-9.3252437594611130e-14
-1.0823923694607474e-13
-1.0223739580104163e-13
-9.1786046974709162e-14
-1.0699443909468085e-13
-9.7396730623093463e-14
-1.0227456583291570e-13
-9.4371177305148175e-14
-7.6508080635867819e-14
-5.2046434349205386e-14
-5.0872490802908683e-14
-1.8776008657283680e-14
-3.7502446180053961e-14
-2.4234095946400504e-14
-2.6401948853718682e-14
-5.7127580059357655e-14
-3.2913844860409937e-14
-3.9443176379796600e-14
-2.6259701145433769e-14
-2.8409146139235292e-14
-1.5276234016107456e-14
-8.7172364661124906e-15
4.3525778033097423e-15
-4.3465171088462318e-15
-4.3404362576855766e-15
0.0000000000000000e+00
4.3282145185857990e-15
-8.6441476958206633e-15
-1.2947740365175864e-14
0.0000000000000000e+00
-1.7214135759824425e-14
-4.2973150368452158e-14
-3.4328614798651863e-14
-2.5708916934272931e-14
-4.2785430648362685e-14
-4.2722476877680852e-14
-4.2659334686172065e-14
-4.2596005183686681e-14
-3.4025991585704411e-14
-5.0962546434518944e-14
-5.0885884727414530e-14
-3.3872669065797964e-14
-3.3821269594753987e-14
-3.3769725635835789e-14
-5.0577057131835536e-14
-3.3666207851227698e-14
-5.0421353741392271e-14
-8.3905307300374881e-14
-8.3774675083590747e-14
-6.6914956146712723e-14
-6.6809895894291643e-14
-6.6704561126695127e-14
-8.3248692079464351e-14
-8.3116344158849493e-14
-6.6386927941836900e-14
-4.9710385001150661e-14
-9.9260750003325486e-14
-6.6066889775566783e-14
-6.5959684488849250e-14
-6.5852219311529038e-14
-9.8616744122826495e-14
-9.8454774960432609e-14
-9.8292424243736584e-14
-9.8129694739350100e-14
-1.3062211895572535e-13
-9.7803110448420616e-14
-1.3018568161244797e-13
-1.6245840712887032e-13
-9.7310462432759900e-14
-9.7145518458550576e-14
-9.6980215140039017e-14
-1.2908607368658124e-13
-6.4432361082160299e-14
-9.6482177007162758e-14
-6.4210309474031226e-14
-6.4098937354195399e-14
-9.5981005266281413e-14
-6.3875509810862497e-14
-4.7822593591718644e-14
-3.1825591823855804e-14
-6.3538688257473896e-14
-6.3425973822992506e-14
-4.7484781662520061e-14
-7.8999869139954195e-14
-4.7314901237324093e-14
-4.7229722328941174e-14
-6.2859181554394707e-14
-1.5686298051809561e-14
-4.6973247705908789e-14
-4.6887448225797615e-14
-3.1200998082740073e-14
-4.6715395810276905e-14
-4.6629145694106475e-14
-3.1028498790498227e-14
-3.0970803130433531e-14
-3.0913011089687135e-14
-4.6282685413330887e-14
-3.0797141628788351e-14
-7.6847665225615373e-15
