2.2688930811446723e-01
2.6814530309034323e-01
3.1413770794434193e-01
3.6577899487210808e-01
4.2374617742213461e-01
4.8891709527315508e-01
5.6216354011414482e-01
6.4450150425177133e-01
7.3699092261518817e-01
8.4081017573880534e-01
9.5722124354810179e-01
1.0876153721026018e+00
1.2334836527545630e+00
1.3964568973629914e+00
1.5782791362242388e+00
1.7808333122757478e+00
2.0061442419680007e+00
2.2563971286228668e+00
2.5339215801414334e+00
2.8412096916256693e+00
3.1809116547940341e+00
3.5558462378708113e+00
3.9690044466281806e+00
4.4235580452870122e+00
4.9228457522815505e+00
5.4703814998445424e+00
6.0698477628504852e+00
6.7251033718178368e+00
7.4401680930830469e+00
8.2192144124090785e+00
9.0665682141412205e+00
9.9866976646163810e+00
1.0984192740543499e+01
1.2063758387007628e+01
1.3230190291116234e+01
1.4488357988021034e+01
1.5843184766385466e+01
1.7299624906402848e+01
1.8862631495698160e+01
2.0537139324871031e+01
2.2328032135907264e+01
2.4240103362018271e+01
2.6278021195539857e+01
2.8446291097559481e+01
3.0749211831065793e+01
3.3190837626288122e+01
3.5774936412361079e+01
3.8504940710644604e+01
4.1383902705902173e+01
4.4414457347608945e+01
4.7598760422528514e+01
5.0938448046785474e+01
5.4434599318293806e+01
5.8087687395331685e+01
6.1897531915618394e+01
6.5863251512974912e+01
6.9983232206805710e+01
7.4255095874566678e+01
7.8675653293388265e+01
8.3240879060877944e+01
8.7945889200195808e+01
9.2784915338385531e+01
9.7751295694867792e+01
1.0283746605965135e+02
1.0803494645567120e+02
1.1333434451982220e+02
1.1872537140616950e+02
1.2419684847938676e+02
1.2973673048603075e+02
1.3533214351271067e+02
1.4096941167691025e+02
1.4663410343895569e+02
1.5231109595893565e+02
1.5798462859837974e+02
1.6363836201407202e+02
1.6925544673166047e+02
1.7481860661844138e+02
1.8031022421842476e+02
1.8571242937738194e+02
1.9100719665798556e+02
1.9617644494431869e+02
2.0120213575605567e+02
2.0606636974122256e+02
2.1075148781489807e+02
2.1524018692454590e+02
2.1951562654958704e+02
2.2356152452634132e+02
2.2736227012870759e+02
2.3090302588118783e+02
2.3416981632480551e+02
2.3714962096814443e+02
2.3983045971292037e+02
2.4220147280280210e+02
2.4425299626960691e+02
2.4597662781136466e+02
2.4736527638795536e+02
2.4841321318330859e+02
2.4911612071359539e+02
2.4947111080507779e+02
2.4947675015455707e+02
2.4913307836606174e+02
2.4844160269095471e+02
2.4740527925464116e+02
2.4602848980625518e+02
2.4431701697566228e+02
2.4227800765766986e+02
2.3991991643380246e+02
2.3725245614860390e+02
2.3428653253983018e+02
2.3103416664371878e+02
2.2750840527229184e+02
2.2372323220924989e+02
2.1969348830683086e+02
2.1543477672878294e+02
2.1096334952624935e+02
2.0629601263972509e+02
2.0145002110810680e+02
1.9644297090037568e+02
1.9129270221005348e+02
1.8601719545747400e+02
1.8063445309420467e+02
1.7516240685381905e+02
1.6961882713608432e+02
1.6402123238669668e+02
1.5838679580107762e+02
1.5273226371955104e+02
1.4707387248404214e+02
1.4142727974421089e+02
1.3580750201882606e+02
1.3022885853470990e+02
1.2470492233071239e+02
1.1924847615148286e+02
1.1387147559578307e+02
1.0858502308246092e+02
1.0339933971321300e+02
9.8323749682320141e+01
9.3366672740936110e+01
8.8535624880008868e+01
8.3837230167066238e+01
7.9277232647216906e+01
7.4860497150368886e+01
7.0591033820551814e+01
6.6472033092415330e+01
6.2505889624085313e+01
5.8694234751519701e+01
5.5037978125786815e+01
5.1537335388780654e+01
4.8191874078721966e+01
4.5000569417827002e+01
4.1961842474799695e+01
3.9073598586273768e+01
3.6333270198760530e+01
3.3737870144745521e+01
3.1284041353013013e+01
2.8968095250933043e+01
2.6786061761533382e+01
2.4733733441708914e+01
2.2806701242490483e+01
2.1000386525974225e+01
1.9310076794835282e+01
1.7730972452587871e+01
1.6258220035629229e+01
1.4886932647854721e+01
1.3612229559086563e+01
1.2429261928382985e+01
1.1333228779277929e+01
1.0319399950342659e+01
9.3831343825327860e+00
8.5198969951846291e+00
7.7252753329970103e+00
6.9949917356487958e+00
6.3249063310776732e+00
5.7110300889984247e+00
5.1495397798266405e+00
4.6367728208022569e+00
4.1692361038300714e+00
3.7436139759608089e+00
3.3567621829267718e+00
3.0057007681773906e+00
2.6876126350275484e+00
2.3998462735285693e+00
2.1399131663021356e+00
1.9054823415495112e+00
1.6943799410233185e+00
1.5045830846064872e+00
1.3342108814922038e+00
1.1815112245235626e+00
1.0448544333055862e+00
9.2273970164539787e-01
8.1378733917696910e-01
7.1672180600393487e-01
6.3037606125157131e-01
5.5368406002328485e-01
4.8566786242669902e-01
4.2543841201766452e-01
3.7218802239828985e-01
3.2517611259875734e-01
2.8373005332078716e-01
2.4724452294322607e-01
2.1517175436553995e-01
1.8701739244118110e-01
1.6234170721036864e-01
1.4074206383633034e-01
1.2185672425318872e-01
1.0536860507108665e-01
9.0996570024906479e-02
7.8488186121607226e-02
6.7613146974386293e-02
5.8169495436393236e-02
4.9984984199913651e-02
4.2899881012861810e-02
3.6774701024212993e-02
3.1490045508729858e-02
2.6940069417166427e-02
2.3033267718729010e-02
1.9691142856736520e-02
1.6842841723534702e-02
1.4427419803657724e-02
1.2393002481858735e-02
1.0688870264896290e-02
9.2663001371915635e-03
8.0874322519921601e-03
7.1185378962568832e-03
6.3332373351727284e-03
5.7123053903587280e-03
5.2419832993343286e-03
4.9081079628404368e-03
4.7035946729901629e-03
4.6228718769734571e-03
4.6597169021585557e-03
4.8167062948700733e-03
5.1025511162013084e-03
5.5212798389685956e-03
6.0822882297238267e-03
6.7961749313996131e-03
7.6847538598508874e-03
8.7685178174381588e-03
1.0072539431094044e-02
1.1628530893406819e-02
1.3483683578829821e-02
1.5689493460026828e-02
1.8317013388967872e-02
2.1436884331433349e-02
2.5136900608416130e-02
2.9521000167637736e-02
3.4730938618279694e-02
4.0917132675389122e-02
4.8278519210382016e-02
5.7034552591313098e-02
6.7473182375686502e-02
7.9916795026523699e-02
9.4805293817585082e-02
1.1259971636852056e-01
1.3395136737709076e-01
1.5949745919453717e-01
1.9035986999001081e-01
