-2.4722736093766700e-13
-2.2973972666677159e-13
2.4883420151610298e-13
7.6776791486667420e-14
-1.6305216344125374e-13
6.3267162898021862e-13
1.0200387116395559e-12
-1.1154854690065996e-12
-3.6459543685699846e-13
-4.4208024455450500e-13
3.7729504573768162e-13
2.5349646017527362e-13
6.5696615985139290e-13
-7.7483299258484164e-13
9.6137992985164161e-14
4.7563612698208163e-13
-6.3426817884787411e-13
-6.6324373218445231e-13
1.0042847582927374e-12
-4.2429912050804417e-13
1.6015139550492090e-12
2.1157592806095693e-13
-3.4878041275721146e-13
3.5244751293290794e-13
1.6958142606255575e-12
-6.7565399274843376e-13
2.3507341278340642e-13
5.4384374249958733e-13
-1.4814127973906312e-13
-2.1755117478390082e-14
3.0233152366350979e-13
5.1295079332716430e-13
-7.8435816615256933e-13
2.9144262513083021e-13
2.1556597738564216e-12
5.2141926677668370e-13
2.3179930894040927e-12
3.5711256573068041e-12
1.8389752323681286e-12
6.2611462767552220e-12
9.6172248809825528e-12
1.2688614855390468e-11
2.0333838676487664e-11
3.0735436808134124e-11
4.3041666083342110e-11
6.4700318047198547e-11
9.3764154331115218e-11
1.3555851241276697e-10
1.9392715375289832e-10
2.8008073929532160e-10
3.9503528948843689e-10
5.6119911140494688e-10
7.8605344672382923e-10
1.0967823849428255e-09
1.5200208618824865e-09
2.0967389652620187e-09
2.8719115139510155e-09
3.9114611145218778e-09
5.2903259918187141e-09
7.1083188932749287e-09
9.4844407158346297e-09
1.2566847507695617e-08
1.6520587594596205e-08
2.1545660208010950e-08
2.7854311370345161e-08
3.5671240474548110e-08
4.5199532162729836e-08
5.6607640890259478e-08
6.9937717105151828e-08
8.5050240971351623e-08
1.0146613012684181e-07
1.1818721691786358e-07
1.3340568454130190e-07
1.4411728992916037e-07
1.4555925983252055e-07
1.3045806670617528e-07
8.7990035606810966e-08
2.3808142857749662e-09
-1.4896405367858712e-07
-3.9793408074986169e-07
-7.8896825534031499e-07
-1.3832980584996862e-06
-2.2644151444929636e-06
-3.5450945562142505e-06
-5.3763240938938355e-06
-7.9585674027819745e-06
-1.1555860329266129e-05
-1.6513335931875520e-05
-2.3278769206014046e-05
-3.2428918901211648e-05
-4.4701388254655284e-05
-6.1032818904001285e-05
-8.2604219323292733e-05
-1.1089418975167188e-04
-1.4774065276661267e-04
-1.9541153544863545e-04
-2.5668446387781932e-04
-3.3493504357280559e-04
-4.3423259337054568e-04
-5.5944123183161937e-04
-7.1632289641998851e-04
-9.1163720525537777e-04
-1.1532309925152634e-03
-1.4501075420869298e-03
-1.8124623521597416e-03
-2.2516681755007911e-03
-2.7801872585781207e-03
-3.4113830066705604e-03
-4.1591966654977944e-03
-5.0376469050097926e-03
-6.0601015976866051e-03
-7.2382614313367252e-03
-8.5807843426982753e-03
-1.0091468533337611e-02
-1.1766899832519129e-02
-1.3593457090998247e-02
-1.5543557163149447e-02
-1.7571009994202844e-02
-1.9605344272910066e-02
-2.1544956627719613e-02
-2.3248933026447295e-02
-2.4527391014653298e-02
-2.5130197427223999e-02
-2.4733929077705472e-02
-2.2926965924269613e-02
-1.9192638417109404e-02
-1.2890395407849229e-02
-3.2350173104606209e-03
1.0726026743454523e-02
3.0136888216834089e-02
5.6359016481079466e-02
9.0997778213437255e-02
1.3592944657489822e-01
1.9332782342029101e-01
2.6568957670714333e-01
3.5585717983812681e-01
4.6703813387678961e-01
6.0281894206758668e-01
7.6717209519744733e-01
9.6445412384996221e-01
1.1993925886837546e+00
1.4770597227000533e+00
1.8028303223976396e+00
2.1823214198774412e+00
2.6213112695662635e+00
3.1256352646228205e+00
3.7010565736069139e+00
4.3531095703405711e+00
5.0869145312772650e+00
5.9069626044422243e+00
6.8168707193703684e+00
7.8191069114016498e+00
8.9146874752389245e+00
1.0102848435041857e+01
1.1380695009405006e+01
1.2742834040516952e+01
1.4180995721581210e+01
1.5683652362800549e+01
1.7235643343861067e+01
1.8817816763766373e+01
2.0406699564671978e+01
2.1974209018222684e+01
2.3487419360378357e+01
2.4908397981688442e+01
2.6194125863293152e+01
2.7296516835635231e+01
2.8162549674300749e+01
2.8734525990526073e+01
2.8950465289342983e+01
2.8744646435996749e+01
2.8048302088176129e+01
2.6790469432629795e+01
2.4898996845701905e+01
2.2301701935541626e+01
1.8927671898069878e+01
1.4708692330555429e+01
9.5807857166372639e+00
3.4858358647529308e+00
-3.6267301977485387e+00
-1.1798235834163304e+01
-2.1059060843458319e+01
-3.1427000183465207e+01
-4.2905718098804336e+01
-5.5483341882509542e+01
-6.9131239887357083e+01
-8.3803027564997507e+01
-9.9433843171165620e+01
-1.1593993129347432e+02
-1.3321856753566911e+02
-1.5114835157520091e+02
-1.6958988849191456e+02
-1.8838686988342207e+02
-2.0736755702071937e+02
-2.2634665838061744e+02
-2.4512758357924270e+02
-2.6350504531247833e+02
-2.8126797069297265e+02
-2.9820267367856053e+02
-3.1409623143158166e+02
-3.2873999973960304e+02
-3.4193319634849342e+02
-3.5348647645820836e+02
-3.6322542191483120e+02
-3.7099386495117921e+02
-3.7665696877369504e+02
-3.8010399089082819e+02
-3.8125066078455768e+02
-3.8004111122909535e+02
-3.7644931207996973e+02
-3.7047996645001825e+02
-3.6216884155896747e+02
-3.5158251984627680e+02
-3.3881756979421533e+02
-3.2399914991831554e+02
-3.0727907313549804e+02
-2.8883337181170924e+02
-2.6885941583481434e+02
-2.4757264670224578e+02
-2.2520299954749842e+02
-2.0199109200216992e+02
-1.7818426361062549e+02
-1.5403255206295859e+02
-1.2978469274105618e+02
-1.0568422600968375e+02
-8.1965792427816368e+01
-5.8851689771261952e+01
-3.6548757672267016e+01
-1.5245646073025105e+01
4.8894871233219046e+00
2.3710815491389077e+01
4.1096199063329742e+01
5.6948045591534139e+01
7.1193680894739970e+01
8.3785242577164482e+01
9.4699122024265108e+01
1.0393498905146301e+02
1.1151444169595733e+02
1.1747933023067597e+02
1.2188980943438037e+02
1.2482217641903193e+02
1.2636655289760149e+02
1.2662447072632337e+02
1.2570641797700586e+02
1.2372939982986587e+02
1.2081456440219401e+02
1.1708493844471244e+02
1.1266331186559832e+02
1.0767030350905395e+02
1.0222263375010859e+02
9.6431622490603516e+01
9.0401924260795226e+01
8.4230505533661088e+01
7.8005863208176592e+01
7.1807477648700456e+01
6.5705488785691713e+01
5.9760579662735140e+01
5.4024048501323911e+01
4.8538047862446156e+01
4.3335967802203861e+01
3.8442939011864581e+01
3.3876431745600854e+01
2.9646926800172537e+01
2.5758635835969532e+01
2.2210249826235817e+01
1.8995696294605374e+01
1.6104888153435414e+01
1.3524449293148168e+01
1.1238404506496316e+01
9.2288237814680372e+00
7.4764133900814143e+00
5.9610484778348383e+00
4.6622439699047256e+00
3.5595625181301389e+00
2.6329598902691740e+00
1.8630696344327278e+00
1.2314300305924952e+00
7.2065726990305279e-01
3.1456949141398266e-01
-1.7332302309863794e-03
-2.4182759249527047e-01
-4.1795903538554602e-01
-5.4106161775974659e-01
-6.2080064739807372e-01
-6.6563321988395530e-01
-6.8288220561983204e-01
-6.7881966238261904e-01
-6.5875612091663827e-01
-6.2713267458143163e-01
-5.8761328475828190e-01
-5.4317517825482731e-01
-4.9619565088063500e-01
-4.4853399464059546e-01
-4.0160762953002543e-01
-3.5646184105678219e-01
-3.1383280045308998e-01
-2.7420377628977427e-01
-2.3785463523499070e-01
-2.0490487923059736e-01
-1.7535057909819893e-01
-1.4909564504733278e-01
-1.2597792634894492e-01
-1.0579066016977777e-01
-8.8299797071258276e-02
-7.3257722109460452e-02
-6.0413869332476902e-02
-4.9522697017106244e-02
-4.0349454273621584e-02
-3.2674128892278921e-02
-2.6293923897892091e-02
-2.1024567465619096e-02
-1.6700719514348566e-02
-1.3175698843308777e-02
-1.0320718252266960e-02
-8.0237818667612242e-03
-6.1883692900884879e-03
-4.7320051483449648e-03
-3.5847901346295211e-03
-2.6879505845129265e-03
-1.9924476134088103e-03
-1.4576738756282787e-03
-1.0502553842026648e-03
-7.4296765521505894e-04
-5.1376901962208268e-04
-3.4494933347092226e-04
-2.2238886019822153e-04
-1.3491997584090927e-04
-7.3782875695629189e-05
-3.2165878848085805e-05
-4.8206875562907742e-06
1.2256714661203992e-05
2.2088485977859323e-05
2.6928823317838592e-05
2.8436842809609209e-05
2.7815063328916686e-05
2.5919407525217084e-05
2.3345719678092891e-05
2.0497215164986757e-05
1.7636531516213978e-05
1.4925456774433529e-05
1.2454914827131374e-05
1.0267320178054900e-05
8.3729765944247647e-06
6.7619398521074696e-06
5.4124298466614583e-06
4.2966269449425672e-06
3.3845805362789537e-06
2.6467130869850538e-06
2.0553236708937203e-06
1.5854154063577038e-06
1.2150355725994468e-06
9.2531978608237390e-07
7.0033663022281296e-07
5.2683376908449977e-07
3.9393084652717391e-07
2.9278794233461435e-07
2.1630818552914031e-07
1.5884067034301653e-07
1.1593091334765879e-07
8.4086691789422803e-08
6.0603542152208655e-08
4.3393574033357198e-08
3.0860131111059875e-08
2.1793463405541337e-08
1.5277706337559866e-08
1.0624936215837554e-08
7.3271693204390219e-09
5.0073116740447440e-09
3.3867870994087693e-09
2.2668816560145151e-09
1.4983323278290388e-09
9.7347785677748447e-10
6.2251906436184857e-10
3.9161391494857968e-10
2.3754059651461951e-10
1.3782893889167069e-10
7.6432218822204878e-11
3.8837705559338863e-11
1.6882407712138092e-11
2.8342062906968695e-12
-3.1404265622710602e-12
-7.6113097211129968e-12
-6.0323253039356087e-12
-7.4478903912132040e-12
-6.7893213037677155e-12
-4.4546690132317469e-12
-3.0321700974387766e-12
-3.4357304367916783e-12
-1.1469074666190151e-12
-2.7095489240232573e-12
-1.8499974612348908e-12
-1.1716091641828368e-12
3.5856019793655702e-13
-8.1291538160780539e-13
1.9932932110440508e-13
5.0364227427894666e-13
-4.0894768466355680e-13
-1.7493712295624097e-12
7.0586263002336273e-13
3.0469929680130166e-13
8.4978559947331722e-13
3.3680792815634675e-13
1.0047373997746595e-12
-1.9173501815645454e-13
4.7696677328316058e-13
-1.0775066184208756e-12
-1.4208521652604495e-13
1.1777468201204804e-12
2.6729898482877410e-13
-1.2850858651736761e-12
-1.2135466783832855e-12
-3.0924424245690075e-13
-5.1571294407713965e-13
-1.1718267045680288e-12
7.8823480258325235e-13
-5.2004795255300261e-13
-6.3664638063088596e-13
2.0617055328558402e-13
-7.7322561046462660e-13
4.6895872962138924e-13
-2.0938822154735372e-13
-5.9954015981722637e-13
-3.2458236548668622e-13
-2.2062112779064737e-13
4.9445962625694981e-14
-5.2168598737417078e-13
1.2743126610974599e-12
9.6998499475831229e-13
1.2775439404598112e-12
3.1667131055971383e-13
1.2037218454713280e-12
1.2889804883575149e-13
7.2193663413139362e-13
-3.3514768549788008e-13
-8.4220006279661213e-13
2.4658763974442823e-13
1.7639775647791753e-12
-2.6957558513367293e-13
2.0415987861384051e-13
2.8695210690675047e-13
9.7119378704734221e-14
2.8988718009694650e-13
-6.2498348077118846e-13
-2.9929727428473635e-13
3.8526377485699330e-13
-1.0092665008009574e-12
-6.8913364201537721e-13
-4.1803258226031248e-13
1.7071906649017828e-12
-9.9108094739228161e-13
-5.2449570177330881e-13
4.4887798070165218e-14
2.9041265664747355e-13
-8.6754870254588555e-13
1.2530634810483903e-13
-4.2204376343933289e-13
-7.6822754508635213e-14
5.9997965854557215e-13
-4.5855287422867815e-13
7.2527354913891430e-13
4.2587526702474368e-13
1.3680676168418002e-12
-1.4271865756772920e-12
1.2514269319103604e-12
6.0186102543599192e-14
-1.1053070201396416e-12
-1.7619618411208666e-13
-3.8182919559752768e-13
2.1301546697529227e-13
3.9228600468751136e-13
4.4951985626296176e-13
8.3572515754444168e-13
1.5133179355615458e-13
-4.9566365418213805e-13
2.4908334417019457e-13
-7.2774123099290989e-13
4.0160078860616855e-13
1.2979330554477663e-12
4.2376035379255203e-13
4.9002076040252983e-14
1.0702655495428554e-12
4.9550187463429118e-13
3.3898747248389486e-13
5.7794639934409620e-14
-7.6150179948551028e-13
-1.6933009193787586e-13
1.3578727690888160e-12
9.0138130970644769e-13
6.7812528253192150e-13
9.0565378865932114e-13
2.3825081616489104e-13
-8.9039346305736179e-13
-7.2828288963524745e-13
-3.9372029952833321e-13
3.5726875244941774e-13
-7.5175457602132887e-13
1.5812265297966533e-12
-1.1185515918233361e-13
9.1639723904511526e-13
4.0056909734934028e-13
-9.9169628688720455e-13
-6.5190928266537659e-13
-2.1781438968130614e-13
7.4348709035018785e-13
-9.6042634988376748e-13
1.4645467979934614e-12
3.3127785247431547e-13
-1.2812756215218411e-12
6.2504827371877424e-13
6.5204903750598947e-13
6.0005081309363602e-14
7.9411232568543623e-13
4.1962097670064249e-13
