-5.2336211317437102e-13
2.9162962023141002e-13
-3.2065172234060064e-13
3.1511648456268701e-13
-6.6917538784443797e-13
-5.8629142189746184e-13
8.4400108127728238e-13
7.5560683125013532e-14
2.2898746262997062e-13
-1.8915416259371045e-13
5.3776775288185843e-13
5.1594169699528012e-15
-4.0246794450787387e-13
-2.3826692709477769e-13
2.2828641756704154e-13
8.2255574141848143e-13
-7.0463560055285720e-14
-4.3743948034935769e-13
-5.6128637962944903e-13
6.6101331831122920e-14
-7.4340733089810314e-13
1.4847438727977733e-13
3.5172347373618545e-14
-4.0409679837458286e-13
-6.0990034058570483e-13
3.1717425075671398e-13
-4.8260334432482954e-14
3.5148602466873772e-13
9.2697001375620608e-13
1.2683097658824905e-12
1.6607895149217180e-12
2.7061332819533228e-12
5.3565765334817696e-12
7.0059141801061491e-12
1.1803765838662853e-11
1.7392688336435766e-11
2.6623137849635402e-11
3.9801289979122985e-11
5.8909672184890762e-11
8.5873161670301317e-11
1.2755814196298692e-10
1.8613276346394043e-10
2.6975956058365948e-10
3.8730993953480166e-10
5.5545044922230145e-10
7.9095264720984531e-10
1.1205341340471185e-09
1.5790367265262588e-09
2.2145007312805640e-09
3.0893618514722416e-09
4.2887247424987146e-09
5.9227388813226826e-09
8.1383280266630257e-09
1.1126211908882000e-08
1.5134144098248279e-08
2.0475805603654185e-08
2.7561199360721383e-08
3.6895439751060665e-08
4.9117978920581827e-08
6.5018131879548404e-08
8.5557773353781298e-08
1.1189463192287020e-07
1.4539722385838838e-07
1.8764587748208342e-07
2.4041989018353574e-07
3.0564652639409509e-07
3.8529281826521182e-07
4.8119811759774458e-07
5.9477884751318511e-07
7.2658137696456549e-07
8.7561132265319276e-07
1.0383580497602020e-06
1.2073923518813752e-06
1.3694015301134027e-06
1.5024650624414688e-06
1.5723224810709702e-06
1.5273307994644313e-06
1.2917016304327621e-06
7.5653507715967805e-07
-2.3198578962044854e-07
-1.8879787218094310e-06
-4.5058005992441838e-06
-8.4856303338522417e-06
-1.4366116984492327e-05
-2.2865702281366790e-05
-3.4934575259622030e-05
-5.1819528441072767e-05
-7.5144368110737243e-05
-1.0700890011738737e-04
-1.5010994500056494e-04
-2.0788820570760979e-04
-2.8470523859409322e-04
-3.8605506862591854e-04
-5.1881528645437297e-04
-6.9154257037581186e-04
-9.1481749965962168e-04
-1.2016432307536897e-03
-1.5679019317800104e-03
-2.0328717464365930e-03
-2.6198053967268148e-03
-3.3565691526807689e-03
-4.2763376579773383e-03
-5.4183358456424925e-03
-6.8286137178470135e-03
-8.5608328609231687e-03
-1.0677035136632882e-02
-1.3248353640051801e-02
-1.6355613776466008e-02
-2.0089757799717372e-02
-2.4552009439681197e-02
-2.9853676003935275e-02
-3.6115463814241258e-02
-4.3466158889393994e-02
-5.2040498663001609e-02
-6.1976032635270108e-02
-7.3408740533209019e-02
-8.6467146575721965e-02
-1.0126463866421806e-01
-1.1788967284570875e-01
-1.3639351760326093e-01
-1.5677517108794481e-01
-1.7896306914753379e-01
-2.0279319519540073e-01
-2.2798320685077642e-01
-2.5410221169006025e-01
-2.8053585790836066e-01
-3.0644645819652355e-01
-3.3072793953808027e-01
-3.5195551046933821e-01
-3.6833006333703405e-01
-3.7761748401147588e-01
-3.7708322712450715e-01
-3.6342273161037286e-01
-3.3268849920746002e-01
-2.8021493593364744e-01
-2.0054236083285321e-01
-8.7341913173312594e-02
6.6656567249438664e-02
2.6973125963183958e-01
5.3122690272024753e-01
8.6160203810333003e-01
1.2724615238163555e+00
1.7765706121194575e+00
2.3878466681827395e+00
3.1213244634501685e+00
3.9930909264363246e+00
5.0201852928048041e+00
6.2204607832691572e+00
7.6124042681024591e+00
9.2149108649861571e+00
1.1047011073439599e+01
1.3127548881209364e+01
1.5474810288091009e+01
1.8106102877343158e+01
2.1037288414571012e+01
2.4282271951914936e+01
2.7852452537845974e+01
3.1756142347992974e+01
3.5997962821288091e+01
4.0578228161881576e+01
4.5492328297988870e+01
5.0730125015555558e+01
5.6275376445044571e+01
6.2105206308479218e+01
6.8189635265658112e+01
7.4491192269277292e+01
8.0964623988814367e+01
8.7556720039527860e+01
9.4206270911967337e+01
1.0084417410750694e+02
1.0739370202873438e+02
1.1377094264929275e+02
1.1988542091268724e+02
1.2564090522005087e+02
1.3093639931899253e+02
1.3566731547556799e+02
1.3972682009401237e+02
1.4300733805677660e+02
1.4540219711828237e+02
1.4680738883904633e+02
1.4712341794049681e+02
1.4625720774624071e+02
1.4412402570348993e+02
1.4064938999274980e+02
1.3577091606776909e+02
1.2944006073645338e+02
1.2162372119137548e+02
1.1230564729281292e+02
1.0148762743567769e+02
8.9190411498120540e+01
7.5454338643513651e+01
6.0339643061872941e+01
4.3926416989826308e+01
2.6314217404114707e+01
7.6213104763812067e+00
-1.2016443985907054e+01
-3.2447057519073311e+01
-5.3504208438124621e+01
-7.5009340621142584e+01
-9.6774030863512010e+01
-1.1860258304191105e+02
-1.4029480125280512e+02
-1.6164888910853222e+02
-1.8246441864517186e+02
-2.0254530994357967e+02
-2.2170276167222269e+02
-2.3975807336777291e+02
-2.5654530237268636e+02
-2.7191370189794202e+02
-2.8572989158052610e+02
-2.9787971802424806e+02
-3.0826976997815001e+02
-3.1682852081700452e+02
-3.2350707961698936e+02
-3.2827954112350477e+02
-3.3114293403578512e+02
-3.3211677603214804e+02
-3.3124225258625819e+02
-3.2858104464960707e+02
-3.2421383749234468e+02
-3.1823854922605329e+02
-3.1076832263420602e+02
-3.0192932780275385e+02
-2.9185842560803343e+02
-2.8070074335641237e+02
-2.6860721379430254e+02
-2.5573212737137490e+02
-2.4223074513186120e+02
-2.2825701604790061e+02
-2.1396143813955806e+02
-1.9948909751329623e+02
-1.8497791367282170e+02
-1.7055711329938413e+02
-1.5634594834986848e+02
-1.4245266796264343e+02
-1.2897374746497422e+02
-1.1599337189834790e+02
-1.0358316605686784e+02
-9.1802158183661703e+01
-8.0696960281648714e+01
-7.0302144532652235e+01
-6.0640792621540847e+01
-5.1725192843450891e+01
-4.3557658721771737e+01
-3.6131442450918591e+01
-2.9431716749988585e+01
-2.3436599605021527e+01
-1.8118197809945382e+01
-1.3443647102027521e+01
-9.3761289340180145e+00
-5.8758464379019673e+00
-2.9009448208276258e+00
-4.0836420356039460e-01
1.6453843169360092e+00
3.3035259006082298e+00
4.6084164511410357e+00
5.6010259430328215e+00
6.3205100360906714e+00
6.8038675480479593e+00
7.0856797617291489e+00
7.1979262402555557e+00
7.1698708116610010e+00
7.0280106540541238e+00
6.7960809483588855e+00
6.4951073458882265e+00
6.1434984966490251e+00
5.7571710725451739e+00
5.3497000667778236e+00
4.9324876258708850e+00
4.5149442431660267e+00
4.1046767834226978e+00
3.7076784902168578e+00
3.3285168268885093e+00
2.9705156967102253e+00
2.6359292605905917e+00
2.3261052064713734e+00
2.0416359122582612e+00
1.7824964755144372e+00
1.5481690528037453e+00
1.3377533572095959e+00
1.1500635034141669e+00
9.8371166778976615e-01
8.3717924909913888e-01
7.0887637818418425e-01
5.9719073757460250e-01
5.0052672014989930e-01
4.1733598585921150e-01
3.4614047318553437e-01
2.8554889353418161e-01
2.3426768762687183e-01
1.9110735849278815e-01
1.5498502053910235e-01
1.2492392247914919e-01
1.0005061715612652e-01
7.9590366471221072e-02
6.2861287073914265e-02
4.9267663931042600e-02
3.8292785904455472e-02
2.9491590644401787e-02
2.2483346348398513e-02
1.6944545034349744e-02
1.2602136377106492e-02
9.2271920843493525e-03
6.6290584051426115e-03
4.6500276303429733e-03
3.1605382817745916e-03
2.0548970406062263e-03
1.2475031624653119e-03
6.6954713205245734e-04
2.6614945394531030e-04
-6.0980956162937081e-06
-1.8122796205100018e-04
-2.8566833371063643e-04
-3.3972885342388372e-04
-3.5883675906153359e-04
-3.5455721944426791e-04
-3.3542876007816759e-04
-3.0764167708985162e-04
-2.7558433298006805e-04
-2.4227915418574276e-04
-2.0972745364309048e-04
-1.7917942080111944e-04
-1.5134333506396398e-04
-1.2654577254604991e-04
-1.0485275102733088e-04
-8.6159952780408348e-05
-7.0258812849166371e-05
-5.6883902356580730e-05
-4.5746063756762516e-05
-3.6554757118238867e-05
-2.9032463902147706e-05
-2.2923259748984282e-05
-1.7997252352335155e-05
-1.4052169186688766e-05
-1.0913018370532599e-05
-8.4305633823515184e-06
-6.4790954426932818e-06
-4.9538754764024598e-06
-3.7684871642543763e-06
-2.8522705373062269e-06
-2.1479235258799185e-06
-1.6093373066521012e-06
-1.1996706139000595e-06
-8.8969993865659550e-07
-6.5639134691726694e-07
-4.8170435146373147e-07
-3.5160027256320023e-07
-2.5521647698328816e-07
-1.8419691200560391e-07
-1.3215516163442128e-07
-9.4233864801835711e-08
-6.6759803430643459e-08
-4.6972338687515038e-08
-3.2811429444311393e-08
-2.2741007289577877e-08
-1.5627469404621771e-08
-1.0638923238002206e-08
-7.1690433826598593e-09
-4.7722813409189317e-09
-3.1351281795458670e-09
-2.0246679412272921e-09
-1.2832450831450857e-09
-7.9214677727682550e-10
-4.7343422559251918e-10
-2.6808428603278290e-10
-1.4215153512765112e-10
-6.5149728551527934e-11
-2.0210770982494554e-11
4.7315822946632949e-12
1.6038595250994377e-11
2.0770996969547097e-11
2.1822729089641337e-11
2.0001053337185597e-11
1.6569755818242759e-11
1.3985009835655711e-11
1.0843806977936366e-11
8.9736326242418824e-12
6.3671386329186710e-12
5.0032093906069111e-12
4.5122059935988575e-12
2.8640704915085017e-12
1.4844810563886816e-12
2.3026313643652574e-12
1.3938399316762246e-12
1.6257780570970126e-12
-2.9764905246716317e-13
1.1306204625011925e-12
4.9753169229356463e-13
-1.0598013002952361e-13
7.8898223126573220e-13
8.2752048722141984e-13
5.4362032685384135e-13
1.3527350975113243e-13
1.2906100797109218e-13
-7.7431066015181038e-13
3.3565673210430550e-13
-2.7481349918491874e-13
-3.3151469059101390e-13
-2.2597838451024326e-13
6.0096461005671964e-13
-5.2562968207111799e-13
3.7663682014925934e-13
5.2252171247378696e-13
-5.4377406791698716e-13
1.5852110303126045e-13
1.9096431358055672e-13
1.2908979679163241e-13
9.6375338200583744e-13
3.4768334906097603e-13
3.8318409356772479e-13
-1.8619686257285739e-13
6.4868392857968909e-13
7.6607153774501027e-14
-2.8055851073255002e-13
-8.3274776331635932e-14
3.0582454596617882e-13
-5.5316729920153626e-13
-5.2451952811288108e-13
1.7094120916391122e-13
4.6533014146527331e-13
4.5855174286729882e-13
-5.1754638487703862e-14
-3.8494525480218566e-13
1.3521539364933639e-12
4.5441647103195314e-13
-4.2143935397215533e-13
-1.7782366268877985e-13
-1.2612726658074086e-13
-8.4796783807924386e-14
-3.8709459039603404e-13
-2.2236392682214093e-13
-3.1650224869547443e-13
1.0561312042442734e-12
-1.4874637604027009e-13
-3.7443580983707072e-13
-7.5912498118482143e-14
3.0093246866065533e-13
4.1948316925419905e-13
-1.4146620651288062e-13
1.1093006337082301e-13
1.9310136731959364e-14
5.7340686994823007e-13
7.6427961030293572e-13
1.2628046237807165e-13
-3.5401810847204745e-13
-5.6476858808010000e-13
-9.8137069625021162e-14
-4.2023990759958685e-13
-1.1602536410638567e-14
-7.3953983295814773e-14
3.7579731506669406e-14
8.2984476824874799e-13
-3.0043668633621301e-13
-5.4434492858826931e-13
-2.1277280899497699e-13
4.7073604445202492e-13
-3.9225106805726983e-14
-3.3879268033426027e-13
1.4584184755276831e-13
1.4609434983725986e-13
-1.6708140609167623e-14
-8.4087140921334085e-13
-1.1028791676876337e-12
3.0833559754148645e-13
-1.7449080108818834e-13
-9.2253128665644697e-14
-1.0816406193103523e-13
2.6469617525298230e-13
4.9253639766371619e-13
-2.6798242432792930e-13
2.0635081594104311e-13
6.2357234790315367e-14
-4.2065308921165004e-13
-2.7748528481891005e-13
5.8694373869881044e-13
-3.0224284207675984e-13
1.0808128900784344e-12
-1.5679060485621460e-15
-1.8744241304960521e-13
-2.5191672153114169e-14
-1.5976890688413263e-13
-1.4736212764917171e-13
-6.0285377370643438e-13
-1.1030067842521136e-13
7.2818676619617195e-13
-8.8058101799101014e-13
1.0217936957808729e-13
-1.8101893273546947e-13
-5.2163511335665649e-13
-2.8303946530924048e-13
-1.3940172685956182e-13
-4.7891945837140862e-13
-3.0352282486374751e-13
2.9977796401071790e-13
3.8054158497794003e-14
6.7532098964161833e-14
7.6433246060580382e-14
7.4238221033101531e-14
-1.8304063722428232e-13
2.8443630749463260e-14
-6.1718888718619013e-14
-1.1275800256764101e-14
1.7218800971904169e-13
3.7137870333885611e-13
1.3422838505116719e-13
2.4726875639928389e-13
-6.2083787203963751e-13
-1.0247306888329444e-13
-8.7846076452730832e-13
3.4840249680620642e-13
-7.6932348594697372e-14
7.1614266598472506e-14
