-8.2138647102220837e-15
6.6303040259102695e-15
-1.0470251361050891e-15
5.9245202385696913e-15
7.6486777740153011e-15
2.8716689104340046e-15
-3.9753703148983834e-15
1.6092315782787122e-14
5.3294161158797310e-15
1.2543344636133614e-14
1.0171044580591553e-14
6.6689149896194058e-15
8.6879756101138441e-15
9.8426295738145255e-16
-1.2097093799025427e-14
2.5780398845305086e-15
-6.6985674536617842e-15
7.8541219703179397e-15
1.8265655536809441e-15
6.1193226398389751e-15
3.2177479983371192e-14
2.6486638493950433e-14
2.4118932369789879e-14
3.9488435587493180e-14
2.7074012816312714e-14
3.8029051788572242e-14
5.6365377919359631e-14
3.9120118492490091e-14
5.8633493294164282e-14
6.6413497707602741e-14
5.3628712095885594e-14
5.1245059799556347e-14
4.5613719205084518e-14
5.1486278195869617e-14
6.0041422669818638e-14
5.4547022131724630e-14
5.1964878569999909e-14
4.6529400934022847e-14
4.7380415256154890e-14
3.9762039005161666e-14
9.6610014053588674e-15
1.2963913191308812e-14
1.9884847342707921e-14
-5.6899945056916330e-15
1.2604276418787669e-14
2.2054021810359234e-15
1.2224794302857859e-14
-4.4717020761577907e-15
4.8891452252454141e-15
-4.7790886847228254e-15
-6.1248014233070463e-15
-7.4544271375071148e-15
-7.9785189640815516e-15
-2.0647186788148057e-14
5.8891579000548984e-17
-1.1379928270999263e-14
-2.9366440753060267e-14
-1.3701130766356060e-14
-3.7708125804421989e-15
-2.1798910789137099e-15
-2.4402190025279503e-15
2.0354019921748461e-16
8.7522345724184241e-15
-7.1959160752194369e-15
8.5219594818287484e-16
-2.3546762082617249e-16
2.6417392179097428e-14
2.6063548281629133e-14
2.3694413246380037e-14
2.7850948176562938e-14
3.5018853017675303e-14
4.0024595497471163e-14
4.9355255544489985e-14
5.4015418415870617e-14
4.7731602417820738e-14
5.2025114058464901e-14
5.8296082957003856e-14
5.7557470352143303e-14
6.4089972876867376e-14
3.6156190818896960e-14
3.3713924059948540e-14
1.8553108293096274e-14
2.1129748151969549e-14
3.2616084905920160e-14
1.1950662329595794e-14
2.6598136495500930e-14
4.2984799993176060e-14
2.3956945319819818e-14
4.9539071913332599e-15
3.6013647375608978e-14
2.5459159075786034e-14
2.9693714056123797e-14
3.5620252616040883e-14
3.9501838710075504e-14
2.1034052762037106e-14
2.6256560637849235e-14
-5.5912437235424350e-15
-1.4600230007556576e-14
-2.4346295465047080e-15
-7.4068209999107764e-15
4.7838328970127776e-15
-3.9834133159517417e-15
3.1576566417085991e-14
1.8688963777126572e-14
5.6814888866667585e-14
6.4922033470413632e-14
4.4531949183094140e-14
7.4412566106078303e-14
7.2407965115424699e-14
4.6736981757269638e-14
4.8479101108648566e-14
4.3076982310868504e-14
5.3279443948841001e-15
2.7953935849178942e-15
7.8201950735996650e-15
-2.9128855868333330e-14
-2.8596317995165488e-14
-4.3391800011578796e-14
-3.6873281471247494e-14
-5.3186612817640037e-14
-3.7726225051343263e-14
-4.0366484377990129e-14
-6.0101940683227175e-14
-5.3970290519823125e-14
-5.7493670466526166e-14
-6.3298303867712666e-14
-7.9506916267674181e-14
-8.7397711724490235e-14
-9.4964689316959845e-14
-9.2713884027965887e-14
-1.0889754216844810e-13
-1.2304783592462312e-13
-1.3341988653214861e-13
-1.2424359777560987e-13
-1.2721157735609826e-13
-1.5600683108037910e-13
-1.5853243238645879e-13
-1.7256081515079513e-13
-2.0242484612584935e-13
-2.2867317922474308e-13
-2.5114516080837226e-13
-2.7479851774551486e-13
-3.2918227776978810e-13
-3.6207968831757184e-13
-4.2950210864875041e-13
-4.7008069487771541e-13
-5.2159111179271578e-13
-5.6150907463023559e-13
-5.9181916918755867e-13
-6.1340344444844130e-13
-6.4115422747690587e-13
-7.0348727961627791e-13
-7.1780497943833388e-13
-7.7034937422754638e-13
-8.3454281746089214e-13
-8.9895425531178731e-13
-9.7688389408767225e-13
-1.0233413754316557e-12
-1.1176436277113649e-12
-1.2053573563196475e-12
-1.3116663689620740e-12
-1.4002609246037676e-12
-1.5307423890748079e-12
-1.6520613418145602e-12
-1.8001018071606093e-12
-1.9115437408873320e-12
-2.1008139427770832e-12
-2.2846364679799740e-12
-2.4535312773983143e-12
-2.6653653425552999e-12
-2.9332502068241180e-12
-3.2172149753246105e-12
-3.5378337452203220e-12
-3.8503346496272752e-12
-4.2704819811377598e-12
-4.6902879496977400e-12
-5.1666863120907116e-12
-5.6817841207550012e-12
-6.2305503823658860e-12
-6.8121296019861028e-12
-7.4532193823136358e-12
-8.1154355853486800e-12
-8.8617079534262074e-12
-9.6409999571157055e-12
-1.0472891419234452e-11
-1.1383745929205588e-11
-1.2341410174424699e-11
-1.3373802948103213e-11
-1.4496454159859541e-11
-1.5643993061712658e-11
-1.6888479229130558e-11
-1.8175081726262975e-11
-1.9575995663307771e-11
-2.0994550748083001e-11
-2.2487196299230478e-11
-2.4021367518166217e-11
-2.5605337389259889e-11
-2.7217157697565337e-11
-2.8855832838810748e-11
-3.0556383152729699e-11
-3.2304496622075969e-11
-3.4032808046972792e-11
-3.5813785476078739e-11
-3.7603577306837157e-11
-3.9428694940062049e-11
-4.1207897272516339e-11
-4.2983893060981527e-11
-4.4770340364779852e-11
-4.6533073111902483e-11
-4.8262005405707686e-11
-4.9957043828938210e-11
-5.1592084473866306e-11
-5.3131393327209927e-11
-5.4615757207748422e-11
-5.6022312806815634e-11
-5.7318505511378059e-11
-5.8537790256291524e-11
-5.9663483278233371e-11
-6.0673506617122054e-11
-6.1562569639604596e-11
-6.2348768909795066e-11
-6.2995808314388603e-11
-6.3456539382674876e-11
-6.3841402979166291e-11
-6.4082969718370097e-11
-6.4225790098530414e-11
-6.4240580974867508e-11
-6.4064237488762858e-11
-6.3773181748359578e-11
-6.3301245694802781e-11
-6.2748709619743012e-11
-6.2081574427376135e-11
-6.1304801900557074e-11
-6.0354703343380648e-11
-5.9348696883890878e-11
-5.8202638895616587e-11
-5.6968276328628897e-11
-5.5617992685635348e-11
-5.4200975894584295e-11
-5.2702014382545548e-11
-5.1120929650615958e-11
-4.9513836696170787e-11
-4.7861510980871859e-11
-4.6183846385579779e-11
-4.4456768211393007e-11
-4.2724416165768868e-11
-4.0968367639320318e-11
-3.9252618318156785e-11
-3.7528487778548859e-11
-3.5809112020515922e-11
-3.4109058946758254e-11
-3.2407894241665275e-11
-3.0731219496788093e-11
-2.9098928134267841e-11
-2.7471991055254404e-11
-2.5900570536329148e-11
-2.4326616468918197e-11
-2.2847575326476284e-11
-2.1410530176340941e-11
-2.0037140529328335e-11
-1.8730626461254943e-11
-1.7457280037783885e-11
-1.6277122768258221e-11
-1.5131345254288427e-11
-1.4041940093750117e-11
-1.3017370507269638e-11
-1.2039449981176000e-11
-1.1103362391211778e-11
-1.0226462853510763e-11
-9.4112593725601618e-12
-8.6226472824973541e-12
-7.8926584397894581e-12
-7.1905267248011448e-12
-6.5715449629140032e-12
-5.9864353436891635e-12
-5.4498660375620614e-12
-4.9688183110301058e-12
-4.5042014536583478e-12
-4.1159670263646794e-12
-3.7478336021649440e-12
-3.4213351927995972e-12
-3.0985937640797071e-12
-2.8276142348788233e-12
-2.5669530871651726e-12
-2.3448918474493599e-12
-2.1162685197526899e-12
-1.9108225794522233e-12
-1.7436345873571259e-12
-1.5901292815997780e-12
-1.4537554271649864e-12
-1.3145261543177282e-12
-1.1810719479839254e-12
-1.0742729219644880e-12
-9.7070658585353078e-13
-8.7019883791713077e-13
-7.5927534405956044e-13
-6.5332020139137999e-13
-5.8006353784821515e-13
-4.9301896600401186e-13
-4.3171304179892072e-13
-3.6206868997647777e-13
-3.2380926878210292e-13
-2.6334488616377945e-13
-2.3198381681381037e-13
-1.9209678810005622e-13
-1.6794051395147749e-13
-1.5943931544734884e-13
-1.4599855313866161e-13
-1.5139789598265969e-13
-1.3539614165606753e-13
-1.4750049505362133e-13
-1.4001038344990781e-13
-1.3950536355636568e-13
-1.3247963313080908e-13
-1.3161270885635731e-13
-1.3964546080475763e-13
-1.3983541706119617e-13
-1.1734879729113497e-13
-1.0822352631393468e-13
-1.1524203429168441e-13
-1.0281982957402957e-13
-9.6992188049630782e-14
-1.0342205556509603e-13
-9.6854450095924368e-14
-8.5508569477822421e-14
-8.1127083518571365e-14
-9.4276434183431266e-14
-1.0279418302226860e-13
-8.6171776175504104e-14
-9.5066449300144101e-14
-9.4708530672663178e-14
-1.1769832875583464e-13
-1.0432253737921717e-13
-6.3943948716638164e-14
-5.7221190198025691e-14
-3.1234896517942807e-14
7.2790905082789986e-15
5.3600889956858515e-15
2.1634619376914995e-14
1.9691270534085523e-14
2.5832462250297377e-14
5.4350217304258301e-14
4.3715914907247772e-14
6.5140876127322094e-14
1.1378222171272666e-13
1.0436304273723384e-13
1.0715891862472393e-13
8.4195256621407261e-14
9.0067325079989672e-14
1.2094448300694593e-13
1.1580943349801721e-13
9.3890463654363342e-14
1.2947441744488886e-13
1.3387087509079384e-13
1.4589347394050112e-13
1.4082299949589591e-13
1.2589502867688028e-13
1.4398495174636746e-13
9.8442665658003359e-14
9.9019042402669290e-14
5.6053453965395255e-14
2.3741406202150918e-14
1.7009708736489506e-14
-3.3967431997120741e-14
-3.5956654802818513e-14
-7.6840783670147905e-15
-1.9349314546162018e-14
-1.1306775475439366e-14
5.1860629801268330e-15
1.6018018308626328e-14
7.5863529203602816e-15
2.4894167471566417e-14
2.5404882961351390e-14
3.7619519623643026e-14
3.0655717920631240e-14
2.8181496277942741e-14
6.2851883708932054e-14
5.3683112190657829e-14
4.7950916364402746e-14
3.4042992156945812e-14
5.0417381658260293e-14
4.4873149562972696e-14
2.9457118688189742e-14
2.8544818613211219e-14
3.9734764960001274e-14
2.3367841560396147e-14
1.7361147929761667e-14
2.2537601016487115e-14
2.2048430137337989e-14
1.2290214967576143e-14
1.8768088020887777e-14
1.0246428458404234e-14
2.1737234082675583e-14
2.2469927940209283e-14
2.2209224072615042e-14
3.4496419205768989e-14
3.1999383832652347e-14
1.9300363012407821e-14
2.3832824857828380e-14
2.0917133884640212e-14
3.6260978149622013e-14
4.9070957074467798e-14
5.6379408285737822e-14
5.6211628210713335e-14
3.7699205370246777e-14
1.8185073124286749e-14
2.9255990487400679e-14
3.5884192304489452e-14
4.1152180857024753e-14
2.9703042049032783e-14
2.5746841115321081e-14
4.8601532796884761e-14
5.0257511706919524e-14
1.7632868337986803e-14
2.2575679988274569e-14
3.3497280328127918e-14
4.5613719205084518e-14
3.7981876669838597e-14
3.7476273114508983e-14
4.5241152171879777e-14
5.5882670554213569e-14
2.8203525746572920e-14
3.7807674312502528e-14
4.3487783398233950e-14
4.4810532270179766e-14
5.2380568667506045e-14
5.4637708962869305e-14
1.0447434810136834e-13
7.8143854118631903e-14
5.9184745651802348e-14
5.1242589387001755e-14
6.1344100287075748e-14
4.8401596918178366e-14
5.4344742001738274e-14
6.6065093644575882e-14
7.5594438022730521e-14
6.8479222744206661e-14
3.4676598266507396e-14
4.5566249693779780e-14
5.4186594343096732e-14
4.3677808491673898e-14
3.4613662708669799e-14
5.4650671493128285e-14
5.3910010374577000e-14
4.9294466224879652e-14
1.9498998277156449e-14
4.0248718087591179e-14
3.3993050986914390e-14
2.7033712149803099e-14
2.0518146903201712e-14
3.1586741947617390e-14
2.9914398372323950e-14
3.8309589340582909e-14
1.0350659503020736e-14
9.1831668488054968e-15
1.9474567231212897e-14
1.0629169178381804e-14
7.5045972275382203e-16
2.0228268906615260e-14
2.7653897100250261e-14
3.0358310672497577e-14
1.5941686127410211e-14
1.1771909564230017e-14
1.2622725911305831e-14
6.3627102002130196e-15
2.1860737196446552e-14
3.2323735723510334e-14
3.9469517947300614e-14
3.9864446515716827e-14
1.9523386614294381e-14
2.4328848290553117e-14
2.2168057389510480e-14
2.3736592306086481e-15
-6.2183721584167993e-15
8.8096173672202106e-15
2.2990461948280194e-14
3.5176474824727481e-14
1.9027364445782227e-14
2.5410924799478366e-15
2.7118222031509828e-14
2.2288631074476875e-14
4.4874935583390398e-14
5.6041073759485817e-14
3.4809590248148564e-14
4.9530621171662911e-14
8.0867227433487840e-15
3.0343417508515716e-14
3.7203875400465344e-14
3.4515303229633548e-14
-5.7822186581680711e-16
3.2038830127546904e-14
1.7059750227063703e-14
2.2979222982320877e-14
-7.9078057680006373e-16
1.5187740028370341e-14
7.1597940675976917e-15
-5.5246740136460488e-15
-6.6236819033190952e-15
-5.8500545254383058e-15
-2.0544876204312009e-15
6.9201344714466564e-15
1.2966680202695416e-14
-2.2974357223014308e-15
1.8454076881449580e-14
-4.5840016359450870e-15
-1.1821719865002583e-15
-5.5469848571361769e-15
-1.1352797148944883e-15
6.1718321375036378e-16
-7.0016792356069085e-15
-1.1813635846471879e-14
5.6220238353854121e-15
