-2.0362303158383946e-14
-1.1251851663259479e-14
-6.6981514418395100e-15
-4.5708996473991708e-15
1.0770797878258906e-15
-1.7586710098201886e-14
-5.7584940286379420e-15
-1.8537997662390851e-14
-1.0724132092809018e-14
-1.4903185640818414e-14
-3.4743047723953355e-15
1.1155598565767965e-14
6.4591301041702884e-15
-1.0828398505745119e-14
-4.3955743068018953e-15
-2.8744674020936416e-14
-5.1179739143420946e-15
-1.2264284898704718e-14
4.8122614505319514e-15
-1.3073141828050215e-15
9.8564334292887789e-15
-2.4696220311637235e-16
3.1518628362340022e-14
1.7557350092641629e-14
3.3999501814290400e-14
2.0817551963036343e-14
3.8774463581816465e-14
1.9596177658219238e-14
3.3493961926627540e-14
4.2333431264616318e-14
4.1985148642258908e-14
2.1561478969760952e-14
2.3273658742610873e-14
2.4709155703121731e-14
2.5339153611073686e-14
3.2118149675275201e-14
3.2783183431397839e-14
1.6212668460771692e-14
2.5867859575829275e-14
8.7256734488742614e-15
-1.7634568334679424e-14
-1.9903743191787176e-14
-2.6022760467989398e-14
-1.0567668466984299e-14
-8.5389930258890870e-15
-2.2387813783998113e-14
-2.6024027288244625e-15
-2.4017785930165602e-14
-1.6775755177992175e-14
-2.1968850781789312e-14
-1.5405844542328024e-14
-2.3740618637394911e-14
-1.8924657340457534e-14
-2.9058418635591882e-14
-1.2765355545063752e-14
-7.9241744072375672e-15
-2.1551186452456998e-14
-1.8077448292629561e-14
-1.0126240194643275e-14
-2.4862384835140040e-14
-1.0563461757142607e-14
-1.2791511253794501e-14
-5.8810200722569281e-15
-4.7771273735075445e-16
-3.1517893897164408e-15
5.7912773354925152e-15
2.1558100903709826e-14
2.5420802680226300e-14
3.7183350070347613e-14
1.2202828509012100e-14
3.1627964160723777e-14
3.5150160671617094e-14
2.3274380975600199e-14
3.8689243521253009e-14
3.8679814432197428e-14
2.3643739309358645e-14
5.2517898676919643e-14
2.0826870074488778e-14
4.2968224767649202e-14
5.1965669996010410e-14
1.9238935528151862e-14
4.2020553816884380e-15
3.2421521834711463e-14
2.2320118424467020e-14
5.2839863393154217e-15
-1.0821237333391182e-14
-1.5258647273645992e-15
-1.4768861409846334e-14
-1.5879433210784415e-14
-3.4978069133560898e-14
-3.4524708018014483e-14
-3.3070617792780901e-14
-1.6883315627325731e-14
-4.0211720711259919e-14
5.9912442274846112e-15
2.7970973207119242e-15
-2.9840796379303531e-14
-3.8503889088408021e-14
-4.4779743611002655e-14
-4.4938815733194930e-14
-5.9199396171583177e-14
-8.5021887556561243e-14
-6.6048234171918839e-14
-3.1101262170500952e-14
-3.2012073310382384e-14
-2.7354517862824897e-14
-1.1199703278279313e-14
-1.3818168448762736e-14
7.8000919330930253e-16
4.7875611962311529e-15
-1.5004932274057925e-14
-1.5974165759973578e-14
-6.7590805098328753e-14
-8.1079009611081434e-14
-9.1880943442060545e-14
-9.4645926027176720e-14
-1.0022185285132134e-13
-1.0078609373989018e-13
-1.1114355458403727e-13
-1.2582016987384041e-13
-1.3158484720022047e-13
-1.4231339452004090e-13
-1.3620624785432670e-13
-1.4433072326429956e-13
-1.4198839854282799e-13
-1.4388812065066713e-13
-1.4407532874156440e-13
-1.6349229691451815e-13
-1.7242998033509439e-13
-1.7187142605921143e-13
-1.9368220030381005e-13
-1.9136199038031786e-13
-2.0463503773226235e-13
-1.8434218036691585e-13
-2.1266760788784303e-13
-2.1013709872061944e-13
-2.4065232023801049e-13
-2.3814637358532948e-13
-2.7201671331416833e-13
-3.0971294673987556e-13
-3.4969398780662786e-13
-3.6453864957979645e-13
-4.3385435138349426e-13
-4.7639363973096219e-13
-5.3875363204873323e-13
-5.9152803104916038e-13
-6.5654788640235451e-13
-6.9838108984321095e-13
-7.4056464571771554e-13
-7.5230786477651871e-13
-8.1599077290455944e-13
-8.7667564483762797e-13
-9.3795641296903213e-13
-1.0127049865708796e-12
-1.1071669460882896e-12
-1.1837633883677770e-12
-1.3127452431517498e-12
-1.4524888918234398e-12
-1.5777819033164026e-12
-1.7205839046406924e-12
-1.8785599248299796e-12
-2.0568676003438298e-12
-2.2859758275127937e-12
-2.4934887198995351e-12
-2.7627455053320655e-12
-2.9815605859721489e-12
-3.3059957136259231e-12
-3.6104942977383181e-12
-3.9652570891421348e-12
-4.3833725991716913e-12
-4.8259761946044752e-12
-5.3548960080040947e-12
-5.9289687835940867e-12
-6.5508776433966377e-12
-7.2410706292279704e-12
-8.0020431046385913e-12
-8.8519504714800891e-12
-9.7410280504325450e-12
-1.0747811788840247e-11
-1.1786502612578084e-11
-1.2921482721663222e-11
-1.4126007990154505e-11
-1.5409933298547712e-11
-1.6797239553773124e-11
-1.8283067297807342e-11
-1.9863706750740380e-11
-2.1570575973899407e-11
-2.3327967058061896e-11
-2.5225068831143502e-11
-2.7236278947781705e-11
-2.9346255143374043e-11
-3.1559074671421005e-11
-3.3889401119607798e-11
-3.6297654825935864e-11
-3.8828222902606971e-11
-4.1422846266445382e-11
-4.4086014742535536e-11
-4.6773857407487420e-11
-4.9563808300934500e-11
-5.2375485034583926e-11
-5.5274642812022455e-11
-5.8189343844495897e-11
-6.1126517159197655e-11
-6.4076756638101795e-11
-6.7073173857368437e-11
-6.9995967142007533e-11
-7.2921931980723159e-11
-7.5784687621248771e-11
-7.8686651476511442e-11
-8.1444695617731458e-11
-8.4167284235217804e-11
-8.6780349733039598e-11
-8.9278367984196859e-11
-9.1596438493731388e-11
-9.3847448939439430e-11
-9.5903656566809673e-11
-9.7798154941212237e-11
-9.9525531046848501e-11
-1.0106636015745816e-10
-1.0239010022390846e-10
-1.0353604478226517e-10
-1.0445216967873123e-10
-1.0518231052001978e-10
-1.0568096958335973e-10
-1.0597446664705678e-10
-1.0602273578004417e-10
-1.0587634376042560e-10
-1.0551373425265586e-10
-1.0490998494765065e-10
-1.0404239013960408e-10
-1.0302371716256754e-10
-1.0180267702919990e-10
-1.0035045946201320e-10
-9.8759439736162824e-11
-9.6995003167864291e-11
-9.5055842576349191e-11
-9.2919238246837804e-11
-9.0603652597999526e-11
-8.8217817476086548e-11
-8.5691342150576846e-11
-8.3063674344112469e-11
-8.0359729054608370e-11
-7.7606714846744669e-11
-7.4796730336466185e-11
-7.1924290727890237e-11
-6.9025732238183489e-11
-6.6123623483762174e-11
-6.3241087269800925e-11
-6.0333092642018056e-11
-5.7463811779199785e-11
-5.4628766559256439e-11
-5.1866934983155920e-11
-4.9089095203606433e-11
-4.6373133153013579e-11
-4.3731443394357497e-11
-4.1143732312029493e-11
-3.8616606445205502e-11
-3.6197070563681314e-11
-3.3838947857989584e-11
-3.1599966347640061e-11
-2.9448038211707821e-11
-2.7410594904522539e-11
-2.5458797990958686e-11
-2.3616680060066006e-11
-2.1851692901993142e-11
-2.0186613043155790e-11
-1.8624501737376735e-11
-1.7149644280304922e-11
-1.5727871340004001e-11
-1.4411403931157620e-11
-1.3178438912202743e-11
-1.2031476934382695e-11
-1.0940205799885690e-11
-9.9447892374056683e-12
-9.0122756037898265e-12
-8.1967292517249466e-12
-7.4119641201066570e-12
-6.7017924359981805e-12
-6.0644122568906606e-12
-5.4792582207223986e-12
-4.9598863347254901e-12
-4.4743054364044594e-12
-4.0337317710068868e-12
-3.6651339470542782e-12
-3.2696075686296297e-12
-2.9199046715522332e-12
-2.6006643599373351e-12
-2.3438642193410200e-12
-2.1023246421613285e-12
-1.8811685074341639e-12
-1.6610870534755357e-12
-1.5038974971609478e-12
-1.3238364714370570e-12
-1.1927381288550532e-12
-1.0228659764027721e-12
-9.0249915575362596e-13
-7.6259526146192902e-13
-6.4583998766270315e-13
-5.5320365279901722e-13
-4.6673197501567322e-13
-3.7525959808737731e-13
-2.9129997495689060e-13
-2.3995579562611996e-13
-1.8408821192854134e-13
-1.2675929211137932e-13
-1.0269856441569162e-13
-6.5945542476358726e-14
-6.5028657622755864e-14
-4.0079672416536910e-14
-4.6008802135400097e-14
-3.3377556373296456e-14
-3.3071446991019112e-14
-2.3055266653848651e-14
-2.9127079854938362e-14
-4.0240844818224782e-14
-3.6272257571000599e-14
-3.0830768012356900e-14
-3.7722773536303587e-15
3.5629037353629152e-15
1.9064799551494126e-14
1.0502422784925381e-14
2.6833031603917386e-14
1.5770668508233816e-14
-7.8116234089291401e-15
-2.3993728501305944e-15
5.8789796286672195e-15
1.2382755076447603e-14
9.1319520357583454e-15
2.4235773008018699e-14
-7.8952843705473180e-15
-1.0708302310429923e-15
3.9043350991221153e-15
1.3164966843030936e-14
3.5213528338164246e-14
4.4292695210937267e-14
5.3477201239230257e-14
8.8157625284397627e-14
1.1365658316840535e-13
8.7828739136448371e-14
9.1054125598162184e-14
1.2812916553327345e-13
1.3887312250436591e-13
1.4822917654721043e-13
1.4827517544633822e-13
1.7423653645953224e-13
1.8195583566648817e-13
1.6872607624619032e-13
1.7008699717429369e-13
1.5917165376950919e-13
2.0331097086075212e-13
1.5483246331412343e-13
1.5149881674091727e-13
1.8626414245307228e-13
1.9097818983876341e-13
1.8459259646484320e-13
1.8431254264740245e-13
1.8348522783460801e-13
1.9811312365848141e-13
1.8991593108929897e-13
1.4378741581173790e-13
1.0254612513712451e-13
8.0264452720356625e-14
4.2542506479999594e-14
2.6565381126765718e-14
7.6438999359778878e-16
4.6837420661050264e-15
-1.3153440826553473e-15
-2.2481973233145456e-15
2.7408910554719479e-14
4.0927448086378219e-14
3.0466578056693546e-14
2.7823658667788139e-14
3.5734220027456115e-14
5.5098488661347132e-14
3.8513571132783446e-14
5.0879656309046280e-14
5.8587174634807677e-14
5.4927676287305800e-14
5.4216986996097620e-14
5.3071523535139912e-14
2.9027585239835510e-14
4.0421327573637058e-14
2.7159825941632855e-14
2.8466095900240505e-14
4.0459396396187713e-14
1.3281991415019381e-14
1.1264416344626713e-14
1.3552077919542290e-14
1.0381668886613594e-14
1.1120502546292663e-14
1.2260975244895558e-14
5.5390025186351782e-15
1.8456637530745924e-14
2.5491705454260945e-14
2.6112522039148518e-14
2.7784729611081173e-14
-6.3793029665454721e-17
2.2890187184115773e-14
9.0846992739849944e-15
6.4436868394787958e-15
2.1977702696738371e-14
1.9082614954859847e-14
1.4066917670666502e-14
2.1325192518271527e-14
1.9220014952622913e-14
8.7950679388038699e-15
-1.2864743946114992e-14
1.3448034775558189e-14
1.2153583897028911e-14
3.4697693710698464e-14
3.0373054927055767e-14
5.1287605499190932e-14
3.3834624975524038e-14
1.5772362995772560e-14
1.9823085363595664e-14
3.5024278952305739e-14
3.6664936112781209e-14
3.8021028495299562e-14
4.7473377441825862e-14
5.8555629092441728e-14
6.7981079427095762e-14
4.2620386179412970e-14
2.9907653566073025e-14
3.5114678661555572e-14
5.7822784997563048e-14
6.8785372333539860e-14
7.5969908305693415e-14
8.6529506852202308e-14
7.5210498154146539e-14
4.8552711505230665e-14
5.0079058503866354e-14
6.0032287826949100e-14
5.3819940285202231e-14
5.7519442925425050e-14
6.3735097704673197e-14
8.6187989941060761e-14
6.8939404433585482e-14
5.2743157964338934e-14
4.2104911247182034e-14
4.6626434019963347e-14
4.0227438432357531e-14
4.7769190032179191e-14
5.9474132924578844e-14
7.1456925069552576e-14
7.6105230060874279e-14
5.2479509389991123e-14
4.3824234046420770e-14
4.2343751624867243e-14
4.3342765596943810e-14
3.1362405031002083e-14
5.3719498330645936e-14
7.3710203584424399e-14
6.4456562425286877e-14
5.2956540580477043e-14
3.8742774508539605e-14
3.6305973517759949e-14
4.1261226234489093e-14
3.8225654572147068e-14
4.3934810443474548e-14
4.9292691979673123e-14
6.4498638628834736e-14
2.9526927053253614e-14
2.9693881977696535e-14
2.6207388305547187e-14
4.4266518548178736e-14
3.2231651833777387e-14
4.7314012744532614e-14
8.7874956728776449e-14
5.2685520104697259e-14
2.5140568635475737e-14
4.4472096361957429e-14
4.3994998877516426e-14
1.5494958983917233e-14
2.4461634184367216e-14
3.1211504256089450e-14
2.9874646275825095e-14
2.4953051628731513e-14
1.9408205702776491e-14
8.4291423763698577e-15
2.1322395940435024e-14
2.5062277091326477e-14
1.5401789271634520e-14
2.6588389797548867e-14
3.4262927744893895e-14
4.3344003279270745e-14
2.6454457240470867e-14
2.1442190203257820e-14
2.7627135461502029e-14
5.3474045183079897e-15
1.3930985429897017e-14
2.6634231937860399e-14
4.3603917239258225e-14
3.6094293640673773e-14
2.2409027236196773e-15
1.6319839920506550e-14
2.9551577191296727e-15
1.2674205343789344e-15
-7.0199952655311374e-15
1.8961237696185198e-14
1.7261007361076680e-14
1.6433567057336311e-14
4.7918379640185266e-15
-8.0496563688897639e-16
1.8449033754093157e-15
-8.3889842874369934e-15
-1.0260573434881808e-14
-1.3187699027350545e-15
5.3610174367198668e-15
-7.6375752080491918e-15
-2.4764045879227819e-14
-1.2261908171081793e-14
-1.5969485845420340e-14
