-8.5444953755361714e-15
-8.5570861296725370e-15
2.5708916934272934e-14
2.5746461098988899e-14
2.5783890221071297e-14
0.0000000000000000e+00
0.0000000000000000e+00
8.6318269101172431e-15
-8.6441476958206649e-15
-8.6564290371715995e-15
-4.3343353580949808e-15
1.7361745030742307e-14
8.6930342176924651e-15
8.7051556066194845e-15
2.1793091165281225e-14
3.7099425467689539e-14
2.1853189337873303e-14
4.8142785433295251e-14
4.6017039109762699e-14
5.9244920748737906e-14
3.5155433882681635e-14
2.8602111258195245e-14
2.7538745393636938e-14
4.4120524917710542e-14
5.7432497069338311e-14
3.9813253671841579e-14
3.9865353969604137e-14
5.7103857286191199e-14
4.7185588652574094e-14
1.4451840824216352e-14
4.2854561474161117e-14
6.1298897397994240e-14
6.3887552453520973e-14
6.0895498045429188e-14
7.7753250312684185e-14
1.2069609790773994e-13
9.9817180592504490e-14
9.4606653754571321e-14
1.3210621741832342e-13
1.4859017009763393e-13
1.8821772345240089e-13
2.7081974319240585e-13
3.6378695849433519e-13
5.0674395992429769e-13
7.1798649633551562e-13
1.0295002517273516e-12
1.5006616800401475e-12
2.1740732651231409e-12
3.1198352628039132e-12
4.5188565801084825e-12
6.5323380400215277e-12
9.4032590875156170e-12
1.3487691794855160e-11
1.9341244894555907e-11
2.7654857916299978e-11
3.9507828168574576e-11
5.6234431289636214e-11
7.9912601110593939e-11
1.1333568805796279e-10
1.6040786086429871e-10
2.2651893445408470e-10
3.1922857286336250e-10
4.4895471853564875e-10
6.3002480860159719e-10
8.8228803492773057e-10
1.2329621422142195e-09
1.7194158360012004e-09
2.3927741851630511e-09
3.3228024983691941e-09
4.6046470012561057e-09
6.3676327822410600e-09
8.7872129777452495e-09
1.2100732713531945e-08
1.6628831982783310e-08
2.2803451802855339e-08
3.1205323226171469e-08
4.2613286103193055e-08
5.8069780638103502e-08
7.8966802547208303e-08
1.0715869049833263e-07
1.4511061888429586e-07
1.9609192702082063e-07
2.6442896536153716e-07
3.5583372487904146e-07
4.7783063297421987e-07
6.4030901243027422e-07
8.5623707882651059e-07
1.1425816310708247e-06
1.5214903473603575e-06
2.0218082517486575e-06
2.6810165821979876e-06
3.5477075779765470e-06
4.6847336232478460e-06
6.1732059662411158e-06
8.1175581965997997e-06
1.0651942908683592e-05
1.3948291866208442e-05
1.8226446314859800e-05
2.3766856928417995e-05
3.0926464810202834e-05
4.0158509267576444e-05
5.2037169266303498e-05
6.7288139569144026e-05
8.6826471986985288e-05
1.1180328535638314e-04
1.4366327182451926e-04
1.8421530827236675e-04
2.3571892834766970e-04
3.0098993661756897e-04
3.8352905442985252e-04
4.8767819803845501e-04
6.1880980754705137e-04
7.8355558867934183e-04
9.9008211074920667e-04
1.2484219365954353e-03
1.5708703612784620e-03
1.9724594182410887e-03
2.4715225909989983e-03
3.0903656575435329e-03
3.8560613073966108e-03
4.8013876159836467e-03
5.9659331481623102e-03
7.3973943926644225e-03
9.1530944049574205e-03
1.1301754945735095e-02
1.3925558037655496e-02
1.7122536696478289e-02
2.1009338593190492e-02
2.5724410528529893e-02
3.1431655789410845e-02
3.8324620637827322e-02
4.6631270267209250e-02
5.6619418441364811e-02
6.8602878581221452e-02
8.2948407138031380e-02
1.0008351252064938e-01
1.2050520443894022e-01
1.4478975907777206e-01
1.7360357479162419e-01
2.0771519076310341e-01
2.4800853703085085e-01
2.9549747818641958e-01
3.5134170457710368e-01
4.1686401374181442e-01
4.9356901076348636e-01
5.8316323896855771e-01
6.8757673168551681e-01
8.0898595136987217e-01
9.4983805412474809e-01
1.1128763853767931e+00
1.3011670761370047e+00
1.5181265689180610e+00
1.7675498581052673e+00
2.0536391816187876e+00
2.3810328494103894e+00
2.7548338401907713e+00
3.1806377414180940e+00
3.6645595497745105e+00
4.2132587910589141e+00
4.8339623607359812e+00
5.5344844305637428e+00
6.3232427141929906e+00
7.2092703369470463e+00
8.2022225138300673e+00
9.3123772069599706e+00
1.0550628910929150e+01
1.1928474703954663e+01
1.3457991705973683e+01
1.5151805103902079e+01
1.7023045940837214e+01
1.9085297921615144e+01
2.1352532563182841e+01
2.3839032115782704e+01
2.6559299800699247e+01
2.9527957052609796e+01
3.2759627619275847e+01
3.6268808557761496e+01
4.0069728373368733e+01
4.4176192773238576e+01
4.8601418748676821e+01
5.3357857955689724e+01
5.8457010628312482e+01
6.3909231529835417e+01
6.9723529718187379e+01
7.5907364168230899e+01
8.2466437549854845e+01
8.9404490700501157e+01
9.6723100547900756e+01
1.0442148442703414e+02
1.1249631388844554e+02
1.2094154120703692e+02
1.2974824186574702e+02
1.3890447630203914e+02
1.4839517416255927e+02
1.5820204420925137e+02
1.6830351285622177e+02
1.7867469408950012e+02
1.8928739323158646e+02
2.0011014666071858e+02
2.1110829918396951e+02
2.2224412029788363e+02
2.3347696005609797e+02
2.4476344470739301e+02
2.5605771167829096e+02
2.6731168286126496e+02
2.7847537454344649e+02
2.8949724168285576e+02
3.0032455362163006e+02
3.1090379773085027e+02
3.2118110692175998e+02
3.3110270644560620e+02
3.4061537495066329e+02
3.4966691438104635e+02
3.5820662299740951e+02
3.6618576558292159e+02
3.7355803477574898e+02
3.8027999744662509e+02
3.8631152011987791e+02
3.9161616761942321e+02
3.9616156940638564e+02
3.9991974845873654e+02
4.0286740801998940e+02
4.0498617210593403e+02
4.0626277629603214e+02
4.0668920603819276e+02
4.0626278044944593e+02
4.0498618038665899e+02
4.0286742037609372e+02
3.9991976481300128e+02
3.9616158965710861e+02
3.9161619164147231e+02
3.8631154776597901e+02
3.8028002854886466e+02
3.7355806914727299e+02
3.6618580301980251e+02
3.5820666328065931e+02
3.4966695727874469e+02
3.4061542022017477e+02
3.3110275383585343e+02
3.2118115617552786e+02
3.1090384858708705e+02
3.0032460581772023e+02
2.8949729495683636e+02
2.7847542863614052e+02
2.6731173751831034e+02
2.5605776665204206e+02
2.4476349975867745e+02
2.3347701495581254e+02
2.2224417482841685e+02
2.1110835314044090e+02
2.0011019985202842e+02
1.8928744548127227e+02
1.7867474523639925e+02
1.6830356275494239e+02
1.5820209273045649e+02
1.4839522119307125e+02
1.3890452174477355e+02
1.2974828563948753e+02
1.2094158324606386e+02
1.1249635414203168e+02
1.0442152285882348e+02
9.6723137135185240e+01
8.9404525433411465e+01
8.2466470430481579e+01
7.5907395209691629e+01
6.9723558943655121e+01
6.3909258971543231e+01
5.8457036326548248e+01
5.3357881957793822e+01
4.8601441108054587e+01
4.4176213548398223e+01
4.0069747626993802e+01
3.6268826355826207e+01
3.2759644030209571e+01
2.9527972146516444e+01
2.6559313648635385e+01
2.3839044789097333e+01
2.1352544132920620e+01
1.9085308457983711e+01
1.7023055512738402e+01
1.5151813778525760e+01
1.3457999548452303e+01
1.1928481777076360e+01
1.0550635274905749e+01
9.3123829192469145e+00
8.2022276289942848e+00
7.2092749065786483e+00
6.3232467868569655e+00
5.5344880517871120e+00
4.8339655730262612e+00
4.2132616339499709e+00
3.6645620598958732e+00
3.1806399525835052e+00
2.7548357835030326e+00
2.3810345533786283e+00
2.0536406722854292e+00
1.7675511591798110e+00
1.5181277019152415e+00
1.3011680605168854e+00
1.1128772386853447e+00
9.4983879213263778e-01
8.0898658820866842e-01
6.8757727997959783e-01
5.8316370996208755e-01
4.9356941444194768e-01
4.1686435894682156e-01
3.5134199911495756e-01
2.9549772892973281e-01
2.4800875001305805e-01
2.0771537126617581e-01
1.7360372742671693e-01
1.4478988785949376e-01
1.2050531285298145e-01
1.0008360358522493e-01
8.2948483459597794e-02
6.8602942404633785e-02
5.6619471694994428e-02
4.6631314603160494e-02
3.8324657467758913e-02
3.1431686316544007e-02
2.5724435775615773e-02
2.1009359427451191e-02
1.7122553851333242e-02
1.3925572131816532e-02
1.1301766499802857e-02
9.1531038559708004e-03
7.3974021064089094e-03
5.9659394301618124e-03
4.8013927208352238e-03
3.8560654465592085e-03
3.0903690063340140e-03
2.4715252944333553e-03
1.9724615959209654e-03
1.5708721116345140e-03
1.2484233403843199e-03
9.9008323415265180e-04
7.8355648575888909e-04
6.1881052234914551e-04
4.8767876633291966e-04
3.8352950524999822e-04
3.0099029349354826e-04
2.3571921024747648e-04
1.8421553044640519e-04
1.4366344658170723e-04
1.1180342247409684e-04
8.6826579396983474e-05
6.7288223483086661e-05
5.2037234651759073e-05
4.0158560163286129e-05
3.0926504341290798e-05
2.3766887559327828e-05
1.8226470010156569e-05
1.3948310140582330e-05
1.0651956945212692e-05
8.1175689691679738e-06
6.1732142044123592e-06
4.6847398994077161e-06
3.5477123516558648e-06
2.6810202207976000e-06
2.0218110051475610e-06
1.5214924289939599e-06
1.1425831146873956e-06
8.5623816885833726e-07
6.4030980352394104e-07
4.7783118361003402e-07
3.5583414764252397e-07
2.6442927917276303e-07
1.9609215202720437e-07
1.4511077581977798e-07
1.0715881192929372e-07
7.8966849624898176e-08
5.8069834689880016e-08
4.2613301727610731e-08
3.1205328270813261e-08
2.2803465094596148e-08
1.6628834372994075e-08
1.2100720188847303e-08
8.7871799616618750e-09
6.3675811615807461e-09
4.6045688816578907e-09
3.3227297590717519e-09
2.3926884964279738e-09
1.7193687395275372e-09
1.2329235680539990e-09
8.8224754355298230e-10
6.2998778778945720e-10
4.4890618039165554e-10
3.1919163099093325e-10
2.2649356425962167e-10
1.6038021426709409e-10
1.1331727707852316e-10
7.9891911466442397e-11
5.6218357092281176e-11
3.9439015184072878e-11
2.7611324999944580e-11
1.9277163145999815e-11
1.3441970805720059e-11
9.3484562176515150e-12
6.4844403099794712e-12
4.4812658901302675e-12
3.0720478517762823e-12
2.1047483988541858e-12
1.4189312405825903e-12
9.5920397903231229e-13
6.3531612688363439e-13
4.1399171725958252e-13
2.6097760065897961e-13
1.6644130050366609e-13
8.1147761009418361e-14
1.3508197281603085e-14
-4.4972329333897331e-15
-6.2322484075711664e-14
-8.8040996365298899e-14
-9.5212699045548910e-14
-8.3347009327985199e-14
-8.8270538451172577e-14
-8.1742588947081413e-14
-9.1948346096991367e-14
-8.1813253723398509e-14
-8.0040964564890555e-14
-8.9930180726082377e-14
-7.5399267873029157e-14
-5.5368547180005738e-14
-6.1931727933975787e-14
1.1044710974872753e-15
-1.3236157475313164e-14
-1.5421697420436684e-14
-3.5202598471624907e-14
-1.5380502323673215e-14
-8.7770252961093181e-15
-2.1912875766553664e-15
-1.7506467430289183e-14
-6.5559568013619912e-15
-8.7292765806328324e-15
-4.3586182330562453e-15
4.3525778033097423e-15
-1.7386068435384930e-14
-8.6808725153711533e-15
8.6686707161899615e-15
-4.3282145185857997e-15
0.0000000000000000e+00
-8.6318269101172431e-15
-4.3097334492552452e-15
-1.7214135759824425e-14
-1.7189260147380865e-14
-1.7164307399325934e-14
-2.5708916934272934e-14
-3.4228344518690148e-14
-4.2722476877680852e-14
-6.8254935497875311e-14
-2.5557603110212012e-14
-3.4025991585704418e-14
-4.2468788695432453e-14
-5.0885884727414536e-14
-1.6936334532898982e-14
-1.6910634797376993e-14
-3.3769725635835789e-14
-5.0577057131835542e-14
-5.0499311776841553e-14
-5.0421353741392277e-14
-5.0343184380224934e-14
-3.3509870033436304e-14
-3.3457478073356368e-14
-6.6809895894291655e-14
-5.0028420845021342e-14
-6.6598953663571486e-14
-6.6493075327079602e-14
-6.6386927941836912e-14
-9.9420770002301335e-14
-9.9260750003325499e-14
-9.9100334663350174e-14
-1.3191936897769852e-13
-6.5852219311529050e-14
-1.3148899216376867e-13
-9.8454774960432622e-14
-9.8292424243736597e-14
-9.8129694739350113e-14
-1.3062211895572537e-13
-1.6300518408070104e-13
-1.3018568161244797e-13
-1.2996672570309628e-13
-1.2974728324367988e-13
-9.7145518458550588e-14
-1.6163369190006506e-13
-9.6814555264935944e-14
-1.2886472216432062e-13
-1.2864290267621701e-13
-9.6315464211046832e-14
-6.4098937354195411e-14
-6.3987336844187621e-14
-6.3875509810862497e-14
-7.9704322652864411e-14
-4.7738387735783712e-14
-6.3538688257473909e-14
-6.3425973822992519e-14
-6.3313042216693419e-14
-9.4799842967945054e-14
-7.8858168728873492e-14
-6.2972963105254907e-14
-6.2859181554394719e-14
-7.8431490259047807e-14
-7.8288746176514657e-14
-6.2516597634396824e-14
-4.6801497124110119e-14
-7.7858993017128184e-14
-6.2172194258808638e-14
-6.2056997580996455e-14
-4.6456204695650300e-14
-4.6369516634530702e-14
-5.3996466315552701e-14
-3.8496427035985449e-14
-2.3054299567684615e-14
