2.1162707857920158e-13
-1.4203855631763959e-12
8.4836832935773003e-13
2.9016705532832242e-13
7.0200419012348614e-13
9.8513276249778206e-17
6.3277542735646734e-15
-4.1337228374088724e-13
-1.4086802946125571e-12
7.7187317598673351e-13
-9.1524416986611002e-13
6.7399631931223114e-13
1.6234788258805990e-12
1.3465773072843759e-13
9.9646504667326624e-13
3.4298568711692578e-13
-1.3001136901298025e-13
-3.4937019526224404e-14
6.4623992102525714e-13
4.2245384353581165e-13
-7.1086992555702843e-13
7.6910035359025691e-13
2.7939317500802013e-13
1.4151751054155992e-13
4.1193186216947456e-13
1.4168044420315830e-14
-4.8789688537611057e-13
-4.6084630987914295e-13
-1.1737601073137311e-12
-4.0111636981480686e-13
1.7608825700482656e-12
8.3384246487523289e-13
-5.1523477569843543e-13
-4.8941190761138315e-15
5.1878374953178526e-13
1.4152195268449785e-13
-1.0316434291304908e-12
4.4793221128916486e-13
-1.3333391880222142e-13
8.3327531715580706e-13
4.4113112456853949e-13
-3.8519629313112516e-13
-5.4265918112393277e-13
1.8647656029296554e-12
3.6370458977080227e-14
2.7419735666622081e-13
-1.5409237056692659e-12
1.3278916919767944e-12
-4.8538182636644991e-13
-4.1168148490945119e-13
-1.3596668315533501e-12
-1.2154755182924760e-12
-3.2228502754670254e-13
7.6573034023573559e-13
-2.1938601227533276e-12
4.7619890550933065e-13
-1.3578044887153594e-12
-4.7478739737014116e-13
2.3374021898488654e-14
7.3521558476788994e-13
-2.3593089343507617e-13
8.6510174998374812e-13
-1.9016764461867079e-14
-2.1741973234046476e-13
9.1601752178002271e-13
-1.6622364995601800e-13
5.3094956363739417e-13
9.5410465289316194e-13
7.5626515737487607e-13
3.8025589441108557e-13
1.0946562695558106e-12
1.5012083399419037e-12
-4.9334332323114354e-15
1.1004478600587303e-13
-4.0529752905845039e-13
-3.4912233593504287e-12
-4.4178988873857135e-12
-1.0111194214326648e-11
-2.0761206275904493e-11
-3.7694457833762090e-11
-6.4327374902385595e-11
-1.0227911257022003e-10
-1.6273002068030146e-10
-2.5221091972777384e-10
-3.8571297103094704e-10
-5.8603547840760836e-10
-8.7956535346500195e-10
-1.3094013631870600e-09
-1.9303240087280534e-09
-2.8216050470658020e-09
-4.0956973099245761e-09
-5.9051338769108508e-09
-8.4585493709354724e-09
-1.2044682544336842e-08
-1.7053780081835487e-08
-2.4005969129413237e-08
-3.3609879952067341e-08
-4.6814039121828875e-08
-6.4866829681404015e-08
-8.9435246643708457e-08
-1.2269696390918494e-07
-1.6751344588787007e-07
-2.2759859203651829e-07
-3.0775857707991017e-07
-4.1417299530790237e-07
-5.5473471362173562e-07
-7.3946756982051093e-07
-9.8100748344650129e-07
-1.2951756254577975e-06
-1.7016315453784494e-06
-2.2246050913761857e-06
-2.8936865054682144e-06
-3.7446787528049438e-06
-4.8204160309479133e-06
-6.1715179127384008e-06
-7.8569553806091351e-06
-9.9442490114731302e-06
-1.2509105306253053e-05
-1.5634160936102867e-05
-1.9406374881885107e-05
-2.3912560965222605e-05
-2.9232232040207094e-05
-3.5426816836781722e-05
-4.2523907184732174e-05
-5.0494966761964856e-05
-5.9224360649327704e-05
-6.8467120794546261e-05
-7.7792204917509356e-05
-8.6507258740132689e-05
-9.3559930563293702e-05
-9.7409895491479975e-05
-9.5864373442110517e-05
-8.5868699776624517e-05
-6.3241885989325972e-05
-2.2345436830678702e-05
4.4328243727507672e-05
1.4666342418776464e-04
2.9754244210548208e-04
5.1360084654986430e-04
8.1613843555643987e-04
1.2322103987553444e-03
1.7959246588329758e-03
2.5499729417022671e-03
3.5474240819928860e-03
4.8538081853945975e-03
6.5495193195650664e-03
8.7325622499576372e-03
1.1521664657892212e-02
1.5059770304879245e-02
1.9517919959356984e-02
2.5099515475302748e-02
3.2044947266110423e-02
4.0636546643861342e-02
5.1203801094800078e-02
6.4128742461600857e-02
7.9851384625707386e-02
9.8875048485508488e-02
1.2177136750971827e-01
1.4918471705533540e-01
1.8183575514458650e-01
2.2052370194793172e-01
2.6612692064548221e-01
3.1960129484592537e-01
3.8197582867945312e-01
4.5434482720619473e-01
5.3785594924487090e-01
6.3369336493878003e-01
7.4305519995791480e-01
8.6712441070857071e-01
1.0070322148503061e+00
1.1638132032024200e+00
1.3383512877572750e+00
1.5313157009101082e+00
1.7430863582555545e+00
1.9736680360450107e+00
2.2225929989908848e+00
2.4888119482059059e+00
2.7705734453424524e+00
3.0652923087434867e+00
3.3694078706795865e+00
3.6782334293708892e+00
3.9857987214838229e+00
4.2846877736088551e+00
4.5658750558790429e+00
4.8185634456453448e+00
5.0300280993920525e+00
5.1854709098115030e+00
5.2678907723395039e+00
5.2579753791495625e+00
5.1340206753999436e+00
4.8718844261912198e+00
4.4449805282930859e+00
3.8243207317808188e+00
2.9786102892002240e+00
1.8744037009070831e+00
4.7632615593332051e-01
-1.2526345369841030e+00
-3.3507617827484459e+00
-5.8571673486526823e+00
-8.8112709181635847e+00
-1.2252202906998809e+01
-1.6218133372466301e+01
-2.0745531995322263e+01
-2.5868366394295666e+01
-3.1617248396619818e+01
-3.8018540273521971e+01
-4.5093435291145596e+01
-5.2857029151341969e+01
-6.1317400926061289e+01
-7.0474723843754091e+01
-8.0320427687630414e+01
-9.0836435536900254e+01
-1.0199449805397958e+02
-1.1375564843094317e+02
-1.2606980040846763e+02
-1.3887551043501881e+02
-1.5209992302517321e+02
-1.6565891570513762e+02
-1.7945745662262055e+02
-1.9339018399049243e+02
-2.0734221209459236e+02
-2.2119016371176221e+02
-2.3480342356135799e+02
-2.4804560197589376e+02
-2.6077619246308171e+02
-2.7285240139244792e+02
-2.8413112283165492e+02
-2.9447102673970471e+02
-3.0373472445237218e+02
-3.1179097181690463e+02
-3.1851686758252049e+02
-3.2380000284556576e+02
-3.2754051657548393e+02
-3.2965301257455496e+02
-3.3006829468471909e+02
-3.2873487964969900e+02
-3.2562025073716757e+02
-3.2071181995667411e+02
-3.1401757237402512e+02
-3.0556637249102602e+02
-2.9540791977243128e+02
-2.8361234797866149e+02
-2.7026947080463270e+02
-2.5548768422224811e+02
-2.3939254366187086e+02
-2.2212504153405780e+02
-2.0383961738343891e+02
-1.8470193899379228e+02
-1.6488649786085793e+02
-1.4457406647826036e+02
-1.2394906773408857e+02
-1.0319690831921996e+02
-8.2501328367360202e+01
-6.2041818584267219e+01
-4.1991153919633881e+01
-2.2513089466163279e+01
-3.7602598459691903e+00
1.4127681997352488e+01
3.1025656778889342e+01
4.6824458472415024e+01
6.1431745427918045e+01
7.4772714134941424e+01
8.6790453972931346e+01
9.7445988292721353e+01
1.0671801378709389e+02
1.1460235617152021e+02
1.2111116556949604e+02
1.2627187956689704e+02
1.3012598558126891e+02
1.3272761692919153e+02
1.3414201874250196e+02
1.3444392068565531e+02
1.3371585329357706e+02
1.3204644373846435e+02
1.2952872502414519e+02
1.2625849009457653e+02
1.2233271924035279e+02
1.1784810561456018e+02
1.1289969975359436e+02
1.0757968986707120e+02
1.0197633043845886e+02
9.6173027482636286e+01
9.0247584746343023e+01
8.4271611308632714e+01
7.8310087522289749e+01
7.2421083099696048e+01
6.6655618437168400e+01
6.1057658023195714e+01
5.5664223004917005e+01
5.0505608695211208e+01
4.5605691977580605e+01
4.0982313183167179e+01
3.6647717039068070e+01
3.2609037677105263e+01
2.8868813398224667e+01
2.5425517857597011e+01
2.2274095514514674e+01
1.9406490525279388e+01
1.6812159693344100e+01
1.4478561580104722e+01
1.2391615375961639e+01
1.0536124595301873e+01
8.8961620559105690e+00
7.4554139054831925e+00
6.1974816430246058e+00
5.1061421356105852e+00
4.1655665410207403e+00
3.3604998097141010e+00
2.6764030557464720e+00
2.0995615598190716e+00
1.6171615065109008e+00
1.2173387725172178e+00
8.8920318581492919e-01
6.2284168104369397e-01
4.0930369861427573e-01
2.4057202897168609e-01
1.0952210339318556e-01
9.8724924952741152e-03
-6.3870893909208137e-02
-1.1647469557921608e-01
-1.5204015852506866e-01
-1.7406572557141689e-01
-1.8550880357428140e-01
-1.8884561139272799e-01
-1.8612825445577810e-01
-1.7903839073846547e-01
-1.6893704780883728e-01
-1.5691032006255132e-01
-1.4381081986083891e-01
-1.3029487661938269e-01
-1.1685557520768632e-01
-1.0385180138982149e-01
-9.1533519070153752e-02
-8.0063544413256443e-02
-6.9536107334413635e-02
-5.9992504074852689e-02
-5.1434147278949856e-02
-4.3833314609691469e-02
-3.7141885064290149e-02
-3.1298335539316623e-02
-2.6233250276081685e-02
-2.1873573870139020e-02
-1.8145815558048981e-02
-1.4978389353755501e-02
-1.2303251988795057e-02
-1.0056978994488359e-02
-8.1813990598445224e-03
-6.6238881976640801e-03
-5.3374084090358218e-03
-4.2803605666729676e-03
-3.4163080348316491e-03
-2.7136161085149798e-03
-2.1450425813076732e-03
-1.6873064922436269e-03
-1.3206552267518205e-03
-1.0284445379988890e-03
-7.9674143025332787e-04
-6.1395636260211243e-04
-4.7050829252282629e-04
-3.5852403483449909e-04
-2.7157180048465037e-04
-2.0442765156551717e-04
-1.5287292054103418e-04
-1.1352007813123588e-04
-8.3664357304280134e-05
-6.1158372703400287e-05
-4.4306948197891066e-05
-3.1779593663080177e-05
-2.2538108513590380e-05
-1.5777194700455907e-05
-1.0875992477734126e-05
-7.3588408488741597e-06
-4.8636718307077022e-06
-3.1167501904325318e-06
-1.9125868155837838e-06
-1.0980833921718975e-06
-5.6008157941396229e-07
-2.1567481399095431e-07
-4.6852982865524547e-09
1.1609691567313218e-07
1.7734705440978802e-07
2.0053408476649520e-07
2.0045707230222702e-07
1.8710704949143946e-07
1.6707574493204557e-07
1.4456808094989327e-07
1.2215004336668868e-07
1.0127891248476691e-07
8.2680424746476464e-08
6.6613150281290222e-08
5.3062793629084865e-08
4.1845987055391933e-08
3.2703164310697235e-08
2.5347949950833705e-08
1.9499778061972082e-08
1.4894968793672163e-08
1.1303398577567060e-08
8.5211876253775315e-09
6.3899623596491264e-09
4.7610089449317006e-09
3.5294541347773730e-09
2.6021427383000480e-09
1.9081200436620919e-09
1.3923741105772680e-09
1.0127367209963951e-09
7.3009400983990476e-10
5.2521792531034517e-10
3.7672593439590735e-10
2.6744588469685579e-10
1.9044969053859846e-10
1.3434078628464544e-10
9.2160540938999983e-11
6.7105367123000357e-11
4.4685519365138584e-11
3.1608969942314293e-11
2.1018758031998089e-11
1.5505177169344022e-11
1.0046255754853218e-11
7.2047646297960472e-12
4.0531473374763466e-12
4.6840457696541438e-12
2.8005185767020330e-12
1.2446822449415440e-12
-3.3157393307138104e-13
-2.8675139283988985e-13
1.2668746825794831e-12
5.2645987689956818e-14
-1.2940084375135251e-12
-6.1988803083563590e-13
4.6033486533503634e-13
-1.0566716121121641e-13
-5.8245617663296756e-13
-1.8056241829909269e-12
2.7693008349774599e-13
-5.6848144558001184e-13
1.0043119557581093e-13
-8.1181142659747970e-13
4.5530586612076396e-13
-4.5060799581089605e-13
-3.9669523881858551e-13
-1.6120261762029700e-12
-2.2532198727786225e-15
1.6845981116281325e-13
-9.7359842567758039e-13
-2.5719368300113968e-13
-2.2562645534411689e-13
1.1643684897127974e-12
5.5820499663893742e-13
-2.3372004642180611e-13
-2.5088754194393242e-13
4.7135809620269112e-13
9.1204516784537377e-13
2.3704782152003873e-13
-6.2588761604614036e-13
1.4298753962218198e-12
-5.4943011172563927e-13
-1.1634812129262507e-13
-4.2975895204829900e-13
5.5634987432937287e-14
-3.2564298521930713e-14
1.0190832477393653e-12
-5.1334698002724005e-13
-1.6169247225873605e-13
-1.9323007955553412e-13
1.6815399253940722e-13
-3.4879391295585579e-13
3.1251577719693854e-13
-3.0877819622699228e-13
1.0731219288478201e-12
-1.6169519266403765e-13
1.0102282750024759e-12
-7.4850554885339758e-13
-1.0561596316183373e-12
4.6141598979038062e-14
7.6044468655447523e-13
-1.3143267267940515e-13
1.3464841308978983e-13
3.9476701658709838e-13
-4.5843148163209761e-13
-1.9582644691106707e-12
-1.9252067827805374e-12
-5.2193294006509254e-14
9.2012482739531480e-13
-2.0901772675224071e-13
-8.5983410408574426e-13
-2.8000935422213615e-13
-3.8673291178103800e-13
-4.4092722649553041e-13
-9.5769170578004399e-13
-7.5612584790930035e-13
-8.1371776435714741e-13
3.4425479928613871e-13
-1.7731841002378634e-12
4.4935259691238664e-13
-3.0393981117889362e-13
7.7718551698150883e-13
1.7682699551890602e-12
-3.5596158616357823e-13
3.1042012713489311e-13
1.6553539971228028e-13
-4.9322154010973118e-13
-4.7589874669952917e-13
-4.2253921152811800e-13
3.9981727401497617e-13
1.1152515505102588e-12
2.2491399006795192e-13
-1.0921156875954769e-12
-1.1908597458494557e-13
1.1629200668594404e-12
-3.3621222830564335e-13
-9.4331516243600084e-13
9.2247343473501125e-13
