-1.3735100864742659e-12
5.4502313462150742e-13
-1.5184170692312475e-12
-1.0369177046794505e-14
-7.8451441447224352e-13
9.2131421462026530e-13
-1.2703245973334644e-12
1.4829354904654075e-12
-1.2907844212119856e-12
1.5042384536041784e-12
5.6095681411825693e-13
1.0406087395154244e-12
-1.1706430739974069e-12
3.8280865779033545e-13
-1.0154992464993588e-12
1.3194763159147878e-12
7.8787788841124230e-13
1.9402516008857796e-12
-4.9172943049781256e-13
1.6284459515699729e-12
-1.2899669097840862e-12
1.3738027572323109e-12
3.0086578107828308e-13
3.6506364297848686e-13
-1.5353346617889280e-13
9.5357078158257183e-13
5.7202082335301796e-13
1.2318047652421122e-13
-5.0059335254138329e-13
9.0052056710115813e-13
-8.8522464383913224e-13
6.4859004662248938e-13
1.6906084332828148e-12
2.2507256065820320e-12
-8.5093599248762607e-13
1.9367783359404623e-13
-7.8647769349027062e-13
-2.3362741159187444e-13
4.2158855685006157e-13
2.2527489459847505e-12
4.5316694572833292e-13
1.7709441414127958e-12
1.6598629075380340e-13
-5.9328438246901207e-13
-5.2508259522654850e-13
3.3652581779996630e-13
-4.7775789134107514e-13
-8.2223906462710656e-13
-4.1887718965844564e-13
-9.3075695510098961e-13
-3.3852875700316023e-13
8.5834385029309533e-13
-2.7765970087357743e-13
1.2666776402015375e-13
1.6814473309228595e-12
4.2676750733603143e-13
1.3994368291577338e-12
1.4554491247246912e-12
-8.2218553401331598e-13
6.8686371832916993e-13
1.9703775022354856e-13
-1.0168765616147972e-12
-1.5607166860764043e-12
2.4787743133307886e-12
6.5850852324937214e-13
3.4205007247788868e-13
-1.7874830050421525e-13
2.5277913737268528e-12
-1.5397461471835219e-12
9.9749330891453880e-14
5.2198554128786802e-14
1.1591320648954784e-12
1.2076793175443602e-12
4.3024687804940388e-13
-1.1508363302333359e-12
1.3691375411977495e-12
6.8938841779457615e-13
-2.2082896629515302e-12
8.9993384768437369e-13
3.3553105873569176e-12
3.2166732471935936e-12
3.4700776422550796e-12
5.5131155686341369e-12
8.8325568121696066e-12
1.1682050065907337e-11
1.6345432012090951e-11
2.3393343208664989e-11
3.5467135125140176e-11
5.0720197988660179e-11
7.1129257672877561e-11
9.7674568085951986e-11
1.4055415973481974e-10
1.9856040411857920e-10
2.7847130996788302e-10
3.9425640742440129e-10
5.5608081295975821e-10
7.7940214164245648e-10
1.0931576363118587e-09
1.5260540343206701e-09
2.1297166315955003e-09
2.9625358575754631e-09
4.1134019765657682e-09
5.6972724510091195e-09
7.8788875385054688e-09
1.0871331187324296e-08
1.4965417219707230e-08
2.0559945974355597e-08
2.8190559118413475e-08
3.8565432492566084e-08
5.2648210866627595e-08
7.1723599102583527e-08
9.7501883306174903e-08
1.3226822412521407e-07
1.7904969427581318e-07
2.4186277734392681e-07
3.2602538635981680e-07
4.3854682663112276e-07
5.8864884368225233e-07
7.8846301585708377e-07
1.0538678335666408e-06
1.4056350274525276e-06
1.8708545900200634e-06
2.4847868922131277e-06
3.2932097488499356e-06
4.3554288418562721e-06
5.7480944676137978e-06
7.5700420776804423e-06
9.9484168621977321e-06
1.3046417050583668e-05
1.7073000761676686e-05
2.2295129897518224e-05
2.9053045474704956e-05
3.7779379050593985e-05
4.9022958021226822e-05
6.3478372942293249e-05
8.2022619679565753e-05
1.0576040206064811e-04
1.3607996489513904e-04
1.7472173410682068e-04
2.2386249659770455e-04
2.8621833437781236e-04
3.6517014494542020e-04
4.6491633627146294e-04
5.9065801500461309e-04
7.4882297891521550e-04
9.4733593193892815e-04
1.1959435027815509e-03
1.5066040792747011e-03
1.8939541240611877e-03
2.3758642893470070e-03
2.9741007740277151e-03
3.7151095313060971e-03
4.6309434089785622e-03
5.7603550333745444e-03
7.1500811501689372e-03
8.8563474874705540e-03
1.0946626473814849e-02
1.3501683994352653e-02
1.6617955189443354e-02
2.0410293374203681e-02
2.5015140415234165e-02
3.0594171112174690e-02
3.7338468490792490e-02
4.5473291041552698e-02
5.5263497027530438e-02
6.7019694543640582e-02
8.1105189342354111e-02
9.7943804925747363e-02
1.1802865115758648e-01
1.4193191830219895e-01
1.7031577289038832e-01
2.0394442947474808e-01
2.4369746861481451e-01
2.9058446516821124e-01
3.4576098262389132e-01
4.1054597803230880e-01
4.8644064794423209e-01
5.7514872836888564e-01
6.7859824076413655e-01
7.9896465138015005e-01
9.3869538260007845e-01
1.1005355820257738e+00
1.2875550182536919e+00
1.5031759310183284e+00
1.7512016183895676e+00
2.0358454947076492e+00
2.3617603005907930e+00
2.7340670909770330e+00
3.1583835696645277e+00
3.6408512795624279e+00
4.1881610981976198e+00
4.8075764290556542e+00
5.5069534220607128e+00
6.2947575026864468e+00
7.1800754403305271e+00
8.1726221443727702e+00
9.2827413426459451e+00
1.0521399273805486e+01
1.1900170514167309e+01
1.3431215063043380e+01
1.5127245830209331e+01
1.7001485706775153e+01
1.9067613457902112e+01
2.1339697754061344e+01
2.3832118757800369e+01
2.6559476806054242e+01
2.9536487874339798e+01
3.2777865678416759e+01
3.6298190460540908e+01
4.0111764720045578e+01
4.4232456379792701e+01
4.8673530128482703e+01
5.3447467940759310e+01
5.8565780048822361e+01
6.4038807916193605e+01
6.9875521041733123e+01
7.6083309694285873e+01
8.2667775939541087e+01
8.9632525564673145e+01
9.6978963726825285e+01
1.0470609734144880e+02
1.1281034738045460e+02
1.2128537436081943e+02
1.3012192036701876e+02
1.3930767095950199e+02
1.4882714027254721e+02
1.5866158249435156e+02
1.6878893274819146e+02
1.7918378015440913e+02
1.8981737554921804e+02
2.0065767596945551e+02
2.1166942758548706e+02
2.2281428828208772e+02
2.3405099055534663e+02
2.4533554481997277e+02
2.5662148261462954e+02
2.6786013856310876e+02
2.7900096930740472e+02
2.8999190698680655e+02
3.0077974420749490e+02
3.1131054684263728e+02
3.2153009043623643e+02
3.3138431546746824e+02
3.4081979627827297e+02
3.4978421808561194e+02
3.5822685620216959e+02
3.6609905138241629e+02
3.7335467510259139e+02
3.7995057857733269e+02
3.8584701941565834e+02
3.9100806002474212e+02
3.9540193218020164e+02
3.9900136259214338e+02
4.0178385480089054e+02
4.0373192332690553e+02
4.0483327666574331e+02
4.0508094644884233e+02
4.0447336087144157e+02
4.0301436130520347e+02
4.0071316184995158e+02
3.9758425242028846e+02
3.9364724679318010e+02
3.8892667784574400e+02
3.8345174297369391e+02
3.7725600338598093e+02
3.7037704160743527e+02
3.6285608207710607e+02
3.5473758019658646e+02
3.4606878555193776e+02
3.3689928530008325e+02
3.2728053387234229e+02
3.1726537520354606e+02
3.0690756364609979e+02
2.9626128957847845e+02
2.8538071547183324e+02
2.7431952784485458e+02
2.6313051012399336e+02
2.5186514094470058e+02
2.4057322189023753e+02
2.2930253808048465e+02
2.1809855440645111e+02
2.0700414956976965e+02
1.9605938944287641e+02
1.8530134062719492e+02
1.7476392446503149e+02
1.6447781116644094e+02
1.5447035315511661e+02
1.4476555622497813e+02
1.3538408663920436e+02
1.2634331190088432e+02
1.1765737258354817e+02
1.0933728233283257e+02
1.0139105293861778e+02
9.3823841229548748e+01
8.6638114457544830e+01
7.9833830815512997e+01
7.3408631763465749e+01
6.7358042921737479e+01
6.1675680419531687e+01
5.6353459756934072e+01
5.1381804442116618e+01
4.6749851896677960e+01
4.2445654374231410e+01
3.8456372904059201e+01
3.4768462546939375e+01
3.1367847528313781e+01
2.8240085089499019e+01
2.5370517165897226e+01
2.2744409258164012e+01
2.0347076104110062e+01
1.8163993983403842e+01
1.6180899691170332e+01
1.4383876399074079e+01
1.2759426782132348e+01
1.1294533926246526e+01
9.9767106448941139e+00
8.7940379243747273e+00
7.7351932863230219e+00
6.7894699049447631e+00
5.9467873464029610e+00
5.1976948102080938e+00
4.5333677498116183e+00
3.9455987330483042e+00
3.4267833753496864e+00
2.9699021409350932e+00
2.5684987620268296e+00
2.2166559748660344e+00
1.9089692158371405e+00
1.6405188627622636e+00
1.4068415469732303e+00
1.2039010020989480e+00
1.0280588568200506e+00
8.7604572210879850e-01
7.4493286927479685e-01
6.3210474401403616e-01
5.3523251445419584e-01
4.5224880749682306e-01
3.8132374850501666e-01
3.2084238413864274e-01
2.6938353699856632e-01
2.2570011378471197e-01
1.8870086558076582e-01
1.5743357931518609e-01
1.3106966359655289e-01
1.0889007912051925e-01
9.0272554039436806e-02
7.4680017110360083e-02
6.1650176451737274e-02
5.0786168474473148e-02
4.1748200196221566e-02
3.4246107993167525e-02
2.8032757173101917e-02
2.2898208696933282e-02
1.8664582342250602e-02
1.5181549057371669e-02
1.2322388968650207e-02
9.9805557735872710e-03
8.0666923559545006e-03
6.5060468898745453e-03
5.2362428335946043e-03
4.2053605244899914e-03
3.3702919410718772e-03
2.6953341380563335e-03
2.1509903918899712e-03
1.7129515011891088e-03
1.3612326798154567e-03
1.0794445472519444e-03
8.5417910547056690e-04
6.7449409632840975e-04
5.3148122613461352e-04
4.1790564420475312e-04
3.2790575620094564e-04
2.5674399959229010e-04
2.0060049064517444e-04
1.5640263442310990e-04
1.2168484288748600e-04
9.4473328430079331e-05
7.3191765545189752e-05
5.6584237348907861e-05
4.3652476054055607e-05
3.3604889304932726e-05
2.5815238704619201e-05
1.9789276547770418e-05
1.5137833588231823e-05
1.1555200868115134e-05
8.8017948693840355e-06
6.6902881998382960e-06
5.0745592994659168e-06
3.8408890851929431e-06
2.9009822806841705e-06
2.1864401882783058e-06
1.6444096854400882e-06
1.2341318939496469e-06
9.2426127359221611e-07
6.9072517071438912e-07
5.1510488957455177e-07
3.8332477709724662e-07
2.8465126323957271e-07
2.1093294605839870e-07
1.5597520704825653e-07
1.1508941131901065e-07
8.4740618102302821e-08
6.2266320640443894e-08
4.5652810042215359e-08
3.3399650378614909e-08
2.4388052065920160e-08
1.7767040668720097e-08
1.2915055816353711e-08
9.3702689005067178e-09
6.7852957887942596e-09
4.8996123451100694e-09
3.5323459726107542e-09
2.5405286542548331e-09
1.8233863048850817e-09
1.3086085858478050e-09
9.3301403142626558e-10
6.6592107086250869e-10
4.7395472419456406e-10
3.3665307644440063e-10
2.3802173686169244e-10
1.6831182063883890e-10
1.1999850482942883e-10
8.3141382931334083e-11
5.7101464337003618e-11
4.2335023637115209e-11
2.7630398789880915e-11
1.8925076523380060e-11
1.5524023486692801e-11
9.9622852973578200e-12
6.0437213246089233e-12
5.3184150106435585e-12
2.4120072653287307e-12
2.9172097298448010e-12
1.2775486906551698e-12
6.2058512342210178e-13
4.2303264326787157e-13
7.6781246936095512e-13
-7.7956558860809977e-13
-2.0300234043409082e-13
-8.6474478987192157e-13
9.6074309048020711e-13
-1.9207523056352281e-12
-2.6344642619041582e-12
1.1220534483241961e-14
9.7486023140818080e-13
-6.4727912775634699e-13
1.7155765369919819e-12
-7.9752495868313981e-13
1.0791679835933271e-12
-1.2544380679748366e-12
-1.2256192618647671e-12
-5.2673163820590874e-13
1.6978505794204094e-12
2.4289860340610131e-13
-1.6376457360672506e-12
4.7443625344921250e-13
-1.7278837169862550e-13
-1.0440345122641967e-12
-4.8969158694635809e-13
1.0451109062538088e-12
1.0611533111398714e-12
-1.0151233588226098e-12
9.6023568235203367e-13
-9.4273515827827101e-13
-3.4210587313162415e-13
-5.5185701627674817e-13
-8.0696301991611752e-13
1.2860291920773934e-12
1.0097553445778730e-12
-1.1027483662666416e-12
-2.1830858481600656e-13
5.1709015808299161e-13
1.1906678178012323e-12
-8.9000451638577112e-13
-1.1285367222011749e-12
8.8555162840820296e-13
-1.2792741660057286e-13
-5.3716514861271577e-13
6.1111670453980907e-13
-2.4616270110665217e-13
1.8972132559769527e-12
2.3681056508110304e-12
1.0085022925369943e-13
2.8131585019761426e-13
7.3662526518361378e-13
-1.3314813723532628e-12
-9.1858609754681838e-13
-2.7042271069824914e-13
2.1810110743799684e-12
-7.8895894434307628e-13
-2.1724214708646672e-13
2.4467412473917943e-13
1.0627336441004691e-12
2.8699619445698256e-13
1.0494478693242212e-13
-1.6116044115294110e-12
-6.6181597465472790e-14
-5.5496139530161603e-13
7.3723884190362620e-14
1.0075406935189892e-12
2.1997566881361774e-13
-2.8347896906317917e-13
1.0221056462033782e-12
4.9935844556519516e-13
1.7063716424530148e-12
-1.2179123671709962e-12
2.5354535289579060e-13
-4.4044442594748821e-13
-4.0208397633744272e-13
1.2482974159014052e-12
-3.1584554797437212e-13
8.8604106162682974e-14
