3.2522100871370747e-15
9.3108460485643309e-15
1.1832788506842758e-14
1.6190512855923250e-14
1.3643099711929793e-14
-1.8980100093127348e-15
2.8666834405268734e-14
1.6918867887322410e-14
7.2221621411479490e-15
1.0457890799890377e-14
1.5978800554289660e-14
1.9786375617040414e-14
1.5722858194993338e-14
2.8890956718893804e-14
3.5961552107673585e-14
2.3613634972071663e-14
2.7748378936936080e-15
1.9255061228308233e-14
8.6036311281461504e-15
1.5939845477971232e-14
2.4581910743796580e-14
1.8172106429933191e-14
4.9563239553521044e-14
4.1410940297385313e-14
4.1549387321193370e-14
3.5331268220493519e-14
5.0154035702268412e-14
5.5185063196421009e-14
5.8740955374669773e-14
7.2482226689624426e-14
7.9303814480432834e-14
7.7435920381077371e-14
5.3700260056628404e-14
4.3675051237594231e-14
4.7769182738727132e-14
4.2875059096077234e-14
3.5807559074774906e-14
3.2025909815823087e-14
4.8861353304539862e-14
3.2771971822008980e-14
1.5562959270236992e-15
-6.6263724355283175e-15
-4.0006728852531075e-15
-1.3590482886407629e-15
-3.6398456626826692e-15
-7.0727940815799609e-15
6.6769706082333350e-15
2.1172117732676474e-14
4.4497930264621666e-16
-7.1314609072006458e-15
8.9058264431703851e-15
7.4497432415786117e-16
-7.0610790852047356e-15
-4.9529958251535815e-15
4.6931457653943146e-15
8.4455843033783960e-18
-7.9831226281265348e-15
-1.6508496456757015e-14
6.8199207177215461e-15
1.9930188036761563e-14
1.7650569032266655e-14
1.1082372088378712e-14
2.6309303254231312e-14
3.1008082940997082e-14
3.9325617855405395e-14
3.8972987961794092e-14
6.2785820220161068e-14
5.6333036734894161e-14
7.6068970782697598e-14
6.9421443719660608e-14
7.7681609002956724e-14
7.9213052660899756e-14
7.8555554599759158e-14
8.1554386458127370e-14
7.8836023565131103e-14
1.0665406047252733e-13
1.1349314732771973e-13
9.5666997627947621e-14
1.0825464269999766e-13
9.1959206916918713e-14
9.8628148865318778e-14
8.2516774336179801e-14
9.4069476324953368e-14
8.8147315732091375e-14
8.6626463366229235e-14
8.8472317880370481e-14
6.8503098323924207e-14
8.4233305759736883e-14
7.0642225737027871e-14
6.9372982306315615e-14
9.6818894710375475e-14
7.4378795098044912e-14
8.1701034852818186e-14
8.8057550481131105e-14
8.9063831777968313e-14
6.2018389084560162e-14
2.5386752503221677e-14
2.6328916027956826e-14
2.5952582653208780e-14
1.7949585357016317e-14
1.6168162003444181e-14
9.3384237987276124e-15
3.2244988165828017e-14
5.3428526361049342e-14
6.8139087237397776e-14
6.9647657616596249e-14
8.4017916048413139e-14
8.7784728404592622e-14
8.7723232281660896e-14
7.1122621817601183e-14
9.0195773018698976e-14
7.3013785614093381e-14
2.8999795108444773e-14
2.7114347393964022e-14
1.6777838617656875e-14
-1.2794581078403860e-14
-4.1670645736778659e-14
-3.5700140345703198e-14
-4.3921592392406880e-14
-4.9772771640615196e-14
-5.4225584275991469e-14
-5.3212350391717208e-14
-2.8975359447716633e-14
-4.2042159190527629e-14
-4.6545534078930056e-14
-6.6041794332397619e-14
-6.6098554538769291e-14
-8.1857326121659410e-14
-8.6731645790958089e-14
-9.9433587754838650e-14
-9.9077492957168635e-14
-1.1622703213556693e-13
-1.3883635964739532e-13
-1.5420157680169514e-13
-1.5138500926828789e-13
-1.6488692944130566e-13
-1.8585966066561129e-13
-1.9459331156631153e-13
-2.1059020335125387e-13
-2.5071103995168028e-13
-2.8010723540297929e-13
-3.0233279813718667e-13
-3.4630725100171905e-13
-3.9256353899758295e-13
-4.4594755107119519e-13
-5.0659368948489730e-13
-5.6335255268385583e-13
-6.0975965987088319e-13
-6.4981728013422100e-13
-6.8212245576986298e-13
-7.2641921872865416e-13
-7.9047199920813189e-13
-8.3534860922189300e-13
-8.9729935618071924e-13
-9.7540046943448462e-13
-1.0447171104256166e-12
-1.1455360798386852e-12
-1.2102417149800425e-12
-1.3473442844368319e-12
-1.4644412160469091e-12
-1.5910652123214022e-12
-1.7372799359942906e-12
-1.9126637610608501e-12
-2.0981764265638417e-12
-2.2961844670525838e-12
-2.5205646721039492e-12
-2.7720861333060807e-12
-3.0453290017347914e-12
-3.3304617561577814e-12
-3.6351455378908826e-12
-4.0279030922922252e-12
-4.4508646164140096e-12
-4.9045040059515995e-12
-5.4046588540797128e-12
-6.0061584994970615e-12
-6.6172306545890620e-12
-7.3224232191215982e-12
-8.0760634056842012e-12
-8.8967824620659868e-12
-9.7445077844357207e-12
-1.0692422925652134e-11
-1.1690060697152250e-11
-1.2777660680459301e-11
-1.3924063032885465e-11
-1.5147287925185083e-11
-1.6439321071964131e-11
-1.7880264141199693e-11
-1.9363096601807557e-11
-2.0963670799292115e-11
-2.2619719557759387e-11
-2.4400811425297404e-11
-2.6244220511632313e-11
-2.8225270615993427e-11
-3.0233481101565179e-11
-3.2362075791415637e-11
-3.4523590505851200e-11
-3.6739932606474692e-11
-3.9009012882572479e-11
-4.1368493531403118e-11
-4.3736985112265890e-11
-4.6142779370565331e-11
-4.8603076290374119e-11
-5.1084969871102060e-11
-5.3564644270473048e-11
-5.6076146894794673e-11
-5.8550110110512796e-11
-6.1016895511666446e-11
-6.3454427193137898e-11
-6.5860292994626092e-11
-6.8222147014828741e-11
-7.0542508586212712e-11
-7.2697255144619842e-11
-7.4809583590924656e-11
-7.6803514927902914e-11
-7.8713756698404000e-11
-8.0434874131623289e-11
-8.2077966836850061e-11
-8.3515684329349486e-11
-8.4859818046871663e-11
-8.5985026748620882e-11
-8.6972548272864571e-11
-8.7785640338458194e-11
-8.8411440097715129e-11
-8.8841508937877055e-11
-8.9099658233116523e-11
-8.9138103618174069e-11
-8.9044887887278729e-11
-8.8724845363215489e-11
-8.8253797200183298e-11
-8.7556418784848255e-11
-8.6698962467001220e-11
-8.5668590375625508e-11
-8.4479282033056051e-11
-8.3139071653802597e-11
-8.1652156292569958e-11
-8.0022042127414056e-11
-7.8266766401816979e-11
-7.6349195159003663e-11
-7.4347907178049691e-11
-7.2236959492353226e-11
-7.0040280312009365e-11
-6.7757337354286266e-11
-6.5438118728829582e-11
-6.3054243958118823e-11
-6.0662245047935489e-11
-5.8230856192679386e-11
-5.5791413847346148e-11
-5.3372912602719020e-11
-5.0966382253179867e-11
-4.8570973103210995e-11
-4.6161451876909880e-11
-4.3865200398876128e-11
-4.1545278060580513e-11
-3.9291945068566745e-11
-3.7041957625931267e-11
-3.4866748917339482e-11
-3.2741924632714871e-11
-3.0708945204773881e-11
-2.8725999397113558e-11
-2.6862087270874219e-11
-2.5062139911621577e-11
-2.3323176820802974e-11
-2.1681675861731595e-11
-2.0135254161757025e-11
-1.8647237563756438e-11
-1.7265166864209001e-11
-1.5926194309174939e-11
-1.4675013069270914e-11
-1.3513652809937677e-11
-1.2403133730269070e-11
-1.1380315252601665e-11
-1.0400337950718357e-11
-9.4705919848191435e-12
-8.6086758964348706e-12
-7.8082485818778900e-12
-7.1077113475369992e-12
-6.4560890966813931e-12
-5.8419522552249286e-12
-5.3051654912669332e-12
-4.8035632751837812e-12
-4.3527657568555899e-12
-3.9493282528199951e-12
-3.5723163357500802e-12
-3.2265421526972426e-12
-2.9225289319824455e-12
-2.6571290810450580e-12
-2.3996978333908126e-12
-2.1521756263626667e-12
-1.9490887600515597e-12
-1.7606677026948742e-12
-1.5765650299443691e-12
-1.4224493421714440e-12
-1.2807787579802575e-12
-1.1256536984922576e-12
-1.0074283197504775e-12
-8.8594058188542202e-13
-7.6132252703290690e-13
-6.7089119548948738e-13
-5.6868168886886327e-13
-4.8634769676784621e-13
-4.2925265949472898e-13
-3.5369114571896121e-13
-2.9902124584768215e-13
-2.4363086746562049e-13
-2.0678549639793461e-13
-1.7048685777668886e-13
-1.4319605597282283e-13
-1.3222553801708094e-13
-1.1101530686429841e-13
-8.8992053442981734e-14
-8.8419315034523261e-14
-7.3730729057915839e-14
-8.2237556100808873e-14
-1.0601607168471726e-13
-1.1050613216680041e-13
-1.1611159706523454e-13
-1.1848690665794253e-13
-8.6214277507824070e-14
-7.9839155519098570e-14
-8.4636286668264879e-14
-8.2956228148547486e-14
-8.3319722624005111e-14
-9.2788741649082169e-14
-8.5771570354510599e-14
-9.2672893959689366e-14
-7.2081090344101581e-14
-7.7251536995393450e-14
-6.8801070287211625e-14
-7.6400190602153368e-14
-6.6437936598693928e-14
-8.9903223239979320e-14
-1.0228347029442683e-13
-8.8386224208574673e-14
-6.5718451063272051e-14
-5.2790674239944287e-14
-2.8562863427531601e-14
-8.1020383780341670e-15
1.6289169177191227e-14
7.1010877269369990e-16
8.2142716769779257e-15
6.5727843149229096e-15
2.1994029704363884e-14
4.2435355390575394e-14
4.4704173802869845e-14
7.1601834508893126e-14
7.0196855114904632e-14
5.7083241316261871e-14
7.5008675586226854e-14
6.8702599605784987e-14
7.4963858151600086e-14
7.5835586686339401e-14
8.9158894190818428e-14
1.3343922191940963e-13
1.2075045090913574e-13
1.0676690933497448e-13
1.1216322234004089e-13
1.1028201649246927e-13
1.3029759611815868e-13
8.5667519706073072e-14
5.2801449484232211e-14
1.3574212964035986e-14
1.5941397559335222e-15
-2.4497040123724196e-14
-6.0970555771118539e-14
-6.1040862750103090e-14
-5.0586569947232849e-14
-7.1982058195483009e-14
-7.5406129687947547e-14
-3.8343866795587802e-14
-4.0160263331093744e-14
-3.6879426942598453e-14
-3.8943273765425627e-14
-1.3762085674329368e-14
-7.9573878988678159e-15
-9.2288360064645576e-15
-1.4818907002451049e-14
2.0585308174005670e-14
1.4972364032151729e-14
1.1820353126758613e-14
5.9274392842335144e-15
1.6527316179274713e-15
2.2545284418302393e-14
-3.7515122035883473e-15
-5.5472770555532205e-15
1.2101982301612273e-15
-1.4985464790512978e-15
-1.9592950843306145e-14
1.2609426055921281e-15
-1.0725612912915496e-14
-6.6399533501335379e-15
-2.2315722412248492e-14
-2.5654639798884943e-14
-1.7585196621071561e-14
-1.1853203549247186e-14
8.5490878083442901e-16
-8.8862412931946393e-15
-8.6076782910280410e-15
-6.2216521027926032e-15
-1.4822398664628399e-14
-7.2437679485657918e-15
7.4406440593464368e-15
6.3621176706179879e-15
8.9138175164092793e-15
2.8670670316876413e-15
2.6902080306392218e-15
5.8691507051911414e-16
-3.3959882390012564e-15
-7.2856489408070905e-15
6.3332015310704126e-15
2.2454330066610804e-14
1.4943280528533238e-14
-2.5046836255135012e-15
5.5044175116249305e-15
-7.6163241372540800e-15
-5.3190480674216498e-15
-2.8170266608808343e-15
1.7990187069507511e-14
2.1274190276051335e-14
2.5265983103042611e-14
3.8104164826062100e-14
4.8770021326983817e-14
2.7188102269577702e-14
1.7118888579034452e-14
3.2196717303723138e-14
4.5703958543925190e-14
3.3231270430779591e-14
4.8973660793410603e-14
5.5882473290173687e-14
7.9963149641310609e-14
3.7041161659101710e-14
4.5887799243228750e-14
2.9136962506666225e-14
4.4133705772159810e-14
4.3362086623533173e-14
4.5557625332272532e-14
5.0764656906856691e-14
6.5004838272640490e-14
2.7856548074868192e-14
2.1776415555577805e-14
3.0305469813910206e-14
1.1936499375475572e-14
2.1188545982504153e-14
3.2244164263363458e-14
3.3676646708630810e-14
4.6524725508391642e-14
1.2443946639221443e-14
1.3674369124297341e-14
5.1371666387991080e-15
1.9605406453189589e-14
2.1171892508549535e-14
2.7733280392764203e-14
3.1200734887432404e-14
4.1316648401256256e-14
1.8917552977333204e-14
8.3737199351056079e-15
1.0700240145523453e-14
1.9566010257050573e-14
2.4760848134286746e-14
1.3548562047068910e-14
2.0353698444816128e-14
3.6309088868751278e-14
6.3108038547538794e-15
9.8821729076400402e-15
4.4486726570635884e-15
2.8379024948345134e-16
5.4102997181172174e-15
2.8645847671635972e-14
2.3602489303293124e-14
2.7445479350097923e-14
9.7068327855332213e-15
1.8334616654888507e-14
-7.2511843083375983e-16
5.0395110354476134e-15
-8.5871138351272805e-15
-5.7896810931383218e-15
-7.1309605321389941e-15
3.2419980438783717e-15
5.8220789956447671e-15
1.5824470092920480e-14
8.7719229006630733e-15
1.3540958783749345e-14
3.4633998864050325e-15
3.0768560383626105e-14
1.9920388071804873e-14
3.7045115278317801e-14
1.6119249310280430e-14
3.1704081302713215e-14
3.2715433564076745e-14
2.0081487629957162e-14
1.4986456945403882e-14
1.6479130399952774e-14
2.5872937059848951e-14
1.5772256828242028e-14
9.2035051638568242e-15
1.2796338719949706e-14
8.6515897975656485e-15
1.4569865928319087e-14
-1.8728200955185206e-15
1.3709905492616840e-14
1.8523925700753422e-15
8.9070154755447654e-15
-2.8925014493430036e-15
8.4391737359070192e-15
1.0605503923309732e-14
1.0301967459575591e-14
1.1848049875067421e-14
-1.6110346922194211e-14
1.0905019785876130e-14
1.9625030741149808e-14
1.0862708204762994e-14
1.1281257779920192e-14
1.4824630016899268e-14
