-7.3852966621822062e-14
-2.0955582944322944e-12
1.1400448987233736e-12
-1.0703914229607819e-12
-1.4148650386219178e-12
2.8136837320356057e-13
-2.1449612007294841e-12
-1.6244526034939870e-12
-5.7161354656064325e-13
-5.6485533469648529e-13
-1.0984016563516204e-12
-6.2660526355660841e-13
2.6559111392366802e-13
4.1867219293469671e-13
-6.8496285589797384e-13
8.4223623575174934e-13
1.0724275855614860e-12
-9.1120023106159642e-13
1.0620982485181618e-12
-1.9741543628855907e-12
-9.5488681715417671e-13
1.1093826755723365e-12
5.2872360999459741e-13
9.6835664635194428e-13
3.6849593396910198e-12
2.9638919054568221e-12
4.7333451334189746e-12
6.9173368397688497e-12
7.9436608153055658e-12
1.0620225893712664e-11
1.8352791476673273e-11
2.2797654565945764e-11
2.9640312547971496e-11
4.1477992953686655e-11
5.7755006974665645e-11
7.5131425284726325e-11
1.0076342409176469e-10
1.2819263417020100e-10
1.6772094737360939e-10
2.1350198908163150e-10
2.6640584202777676e-10
3.2809804938471523e-10
3.9576190970721975e-10
4.6116864938154953e-10
5.1113009418240743e-10
5.3410556099815978e-10
4.9833192531133565e-10
3.4474134560799852e-10
3.5936041768918307e-12
-6.4090933300964354e-10
-1.7688817798766422e-09
-3.6335109756984644e-09
-6.6136782754717743e-09
-1.1247826170832568e-08
-1.8307921428643758e-08
-2.8888512327072923e-08
-4.4529452631696128e-08
-6.7372623820357550e-08
-1.0039075515737418e-07
-1.4767230299644385e-07
-2.1482164686901298e-07
-3.0944665172869142e-07
-4.4186089700290102e-07
-6.2592411565585108e-07
-8.8019518320119166e-07
-1.2293892906861474e-06
-1.7062432358716855e-06
-2.3539208870442893e-06
-3.2290466759079405e-06
-4.4055554193575419e-06
-5.9794873001324389e-06
-8.0750594199172675e-06
-1.0852103376722723e-05
-1.4515345380270740e-05
-1.9325730797728290e-05
-2.5614277724435242e-05
-3.3798837467947208e-05
-4.4404302306148522e-05
-5.8086712389530619e-05
-7.5661864921948318e-05
-9.8138960948346464e-05
-1.2675979753825269e-04
-1.6304400293296468e-04
-2.0884066413085010e-04
-2.6638651060342420e-04
-3.3837053407812580e-04
-4.2800454200549117e-04
-5.3909860919587203e-04
-6.7613953789843768e-04
-8.4436966570799186e-04
-1.0498618959761811e-03
-1.2995854064423245e-03
-1.6014544184102550e-03
-1.9643500202966143e-03
-2.3981020234477655e-03
-2.9134142810596907e-03
-3.5217126707923312e-03
-4.2348898158350813e-03
-5.0649149338244364e-03
-6.0232703434442087e-03
-7.1201685752307229e-03
-8.3634954096877979e-03
-9.7574145407701741e-03
-1.1300559182571938e-02
-1.2983724459376544e-02
-1.4786962579418786e-02
-1.6675970076057072e-02
-1.8597643805689932e-02
-2.0474669746604952e-02
-2.2198996615456375e-02
-2.3624035567942750e-02
-2.4555418235998060e-02
-2.4740139046700239e-02
-2.3853905062249964e-02
-2.1486518311566147e-02
-1.7125123233458422e-02
-1.0135166309627580e-02
2.6106233802478297e-04
1.5008403267900905e-02
3.5245372773584950e-02
6.2333278141254847e-02
9.7887834063179732e-02
1.4381312831069842e-01
2.0233768703884800e-01
2.7605227693120127e-01
3.6794895308550718e-01
4.8146071841745874e-01
6.2050100385461893e-01
7.8950201047341106e-01
9.9345077772828072e-01
1.2379216594875699e+00
1.5291037064731916e+00
1.8738212746899103e+00
2.2795460113859787e+00
2.7543982198336754e+00
3.3071354796300385e+00
3.9471263091431199e+00
4.6843066099924062e+00
5.5291166395264337e+00
6.4924163253148839e+00
7.5853768748419688e+00
8.8193468518987537e+00
1.0205691195883499e+01
1.1755602056771592e+01
1.3479880810690469e+01
1.5388691209440003e+01
1.7491284300895877e+01
1.9795696530201852e+01
2.2308423286162533e+01
2.5034071080018862e+01
2.7974992519292716e+01
3.1130909246390384e+01
3.4498529026500769e+01
3.8071164163660164e+01
4.1838359366967310e+01
4.5785538047143710e+01
4.9893676761581517e+01
5.4139018107692429e+01
5.8492832754035817e+01
6.2921241462025883e+01
6.7385107856729761e+01
7.1840012326180968e+01
7.6236316743201655e+01
8.0519328697468154e+01
8.4629572591834886e+01
8.8503173298775209e+01
9.2072356102953151e+01
9.5266064398073624e+01
9.8010694094875049e+01
1.0023094097758809e+02
1.0185075437466311e+02
1.0279438755098344e+02
1.0298753225683156e+02
1.0235852196392629e+02
1.0083958556500752e+02
9.8368130797936317e+01
9.4888034463995083e+01
9.0350914725962909e+01
8.4717359471495826e+01
7.7958083978558378e+01
7.0054990978389171e+01
6.1002106718568477e+01
5.0806367809312306e+01
3.9488235496733502e+01
2.7082116533628184e+01
1.3636572979215726e+01
-7.8569300029534739e-01
-1.6108089010726982e+01
-3.2240622005004447e+01
-4.9080627597359928e+01
-6.6513733997150212e+01
-8.4415050220494663e+01
-1.0265056309281616e+02
-1.2107872262507355e+02
-1.3955219076789297e+02
-1.5791972445007582e+02
-1.7602816031106624e+02
-1.9372446574454813e+02
-2.1085781886971449e+02
-2.2728167890218290e+02
-2.4285580815089406e+02
-2.5744820753556888e+02
-2.7093692909374067e+02
-2.8321173139018708e+02
-2.9417554699561509e+02
-3.0374573518167131e+02
-3.1185509758214869e+02
-3.1845263967364190e+02
-3.2350406639867884e+02
-3.2699200594490043e+02
-3.2891596145711878e+02
-3.2929199614428074e+02
-3.2815216270618248e+02
-3.2554369310790980e+02
-3.2152796935008786e+02
-3.1617929991208217e+02
-3.0958352989504516e+02
-3.0183651549478452e+02
-2.9304249524678022e+02
-2.8331239148604573e+02
-2.7276207565595348e+02
-2.6151063050705972e+02
-2.4967864089585740e+02
-2.3738654288848480e+02
-2.2475305827653477e+02
-2.1189373851484552e+02
-1.9891963859721227e+02
-1.8593613760441994e+02
-1.7304191870102889e+02
-1.6032811733285115e+02
-1.4787764239190733e+02
-1.3576467126822894e+02
-1.2405431608649155e+02
-1.1280245510722952e+02
-1.0205572032051647e+02
-9.1851629722938014e+01
-8.2218850681630769e+01
-7.3177579169898394e+01
-6.4740018513756780e+01
-5.6910940608098173e+01
-4.9688312325260164e+01
-4.3063970016014743e+01
-3.7024325553814130e+01
-3.1551088250879413e+01
-2.6621988127803910e+01
-2.2211487392601544e+01
-1.8291468525177763e+01
-1.4831889014238671e+01
-1.1801394503620090e+01
-9.1678838250184338e+00
-6.8990210800757623e+00
-4.9626915481645666e+00
-3.3273997047844266e+00
-1.9626090126653393e+00
-8.3902437442359490e-01
7.1180801870320359e-02
7.9419008159039517e-01
1.3544184661912830e+00
1.7744317305772277e+00
2.0749061408818914e+00
2.2746238241908183e+00
2.3904989661572538e+00
2.4376300389001013e+00
2.4293733937303128e+00
2.3774337731615778e+00
2.2919675869946210e+00
2.1816951408225935e+00
2.0540183860362613e+00
1.9151411632342989e+00
1.7701893229620560e+00
1.6233285166591509e+00
1.4778778474485370e+00
1.3364179463015997e+00
1.2008923884696769e+00
1.0727016828627660e+00
9.5278935085272987e-01
8.4171985858147269e-01
7.3974837851663000e-01
6.4688253210647728e-01
5.6293640754208185e-01
4.8757725706771537e-01
4.2036535985327683e-01
3.6078759194016258e-01
3.0828527750923884e-01
2.6227690921869451e-01
2.2217632225152451e-01
1.8740689075509903e-01
1.5741228895815776e-01
1.3166432515139592e-01
1.0966831740765705e-01
9.0966437195778557e-02
7.5139402935948313e-02
6.1806861109803074e-02
5.0626749442476818e-02
4.1293895296897282e-02
3.3538063821812021e-02
2.7121634834821738e-02
2.1837055232190337e-02
1.7504184969734934e-02
1.3967629453825067e-02
1.1094129426033732e-02
8.7700606096352187e-03
6.8990800231105006e-03
5.3999427390142643e-03
4.2045026334794119e-03
3.2559021705086864e-03
2.5069501950243842e-03
1.9186815735764786e-03
1.4590894420968802e-03
1.1020182378362053e-03
8.2620459358337059e-04
6.1445218628197154e-04
4.5292688310805324e-04
3.3055857372813255e-04
2.3853682999660163e-04
1.6988837878709610e-04
1.1912526488029568e-04
8.1953683295057355e-05
5.5034429580051336e-05
3.5787041963405442e-05
2.2230547391332940e-05
1.2854801227467339e-05
6.5171397312159579e-06
2.3598609811888128e-06
-2.5524791283304569e-07
-1.7985413989308323e-06
-2.6129546333067080e-06
-2.9454978067530198e-06
-2.9715614154101926e-06
-2.8136096471244859e-06
-2.5553837910966544e-06
-2.2526281590789736e-06
-1.9411491477902055e-06
-1.6427661566393803e-06
-1.3696849588224345e-06
-1.1276685388765277e-06
-9.1830975214665854e-07
-7.4062924165109129e-07
-5.9217436641027840e-07
-4.6975919191206392e-07
-3.6996388474149552e-07
-2.8941117538821666e-07
-2.2497934054171164e-07
-1.7385547358677340e-07
-1.3359296163476484e-07
-1.0209753895486015e-07
-7.7629143222414853e-08
-5.8725986888170401e-08
-4.4213016520321651e-08
-3.3131676300197229e-08
-2.4709726785085473e-08
-1.8348836736803903e-08
-1.3563401208129524e-08
-9.9821677507451634e-09
-7.3179387341741523e-09
-5.3405331195449739e-09
-3.8812202206556288e-09
-2.8070814270215482e-09
-2.0234795749342313e-09
-1.4515461154167100e-09
-1.0391218570075627e-09
-7.3823709885478595e-10
-5.2372417853317658e-10
-3.6741985705106307e-10
-2.6091407086929265e-10
-1.8222690167051637e-10
-1.2662703104637108e-10
-8.6057351312991496e-11
-6.2612690658980213e-11
-4.2346927272588974e-11
-2.9495579830664344e-11
-1.9506778753602096e-11
-1.1609340297934365e-11
-8.7946156108968539e-12
-5.6935464503048287e-12
-4.0931022446028780e-12
-5.2682855740759163e-12
-1.9749933638121215e-12
1.8845698490905312e-13
2.4987115996429812e-13
-2.9152484742159930e-13
1.8820982849397541e-12
8.8996481828383085e-13
2.4304230487721766e-12
-1.7132107121582057e-12
1.7657719990450470e-12
6.8418961230160228e-13
8.9301408610668907e-13
1.3612898367099280e-13
1.0859660130352658e-12
-5.7149991573813835e-13
1.0527649500263463e-12
-2.0897416090005786e-12
-1.8209898352187121e-13
-9.4431267966801420e-14
-7.0985024575441007e-13
-2.5965669263947730e-13
8.3783546902973576e-14
8.9330887191985619e-15
-2.5902997496346102e-12
3.0508607308750740e-13
-2.1413311892929617e-13
5.7254488014974618e-13
-6.9751348773359322e-13
7.5694864542708046e-13
4.1021500513467064e-14
8.6888555418463826e-13
-1.7641860214319604e-12
-7.2542352587562739e-13
7.3387642279604971e-13
8.9929997160500772e-13
2.3942181698787936e-13
-2.2180169029705858e-12
1.7086689491630550e-12
-3.3202698777515277e-12
-1.9231141035597405e-12
1.2064525157198090e-12
-1.9253426124839429e-12
-4.7986844870199708e-13
1.6518536358267842e-12
4.8812660588157265e-13
-1.7411813048738358e-14
9.6996250762391839e-13
-2.1266373777938155e-12
-1.5146425329739488e-13
2.3400154731947392e-13
1.5654575243026878e-12
1.1445691704133457e-12
-5.6670002120582119e-13
5.2490775773095092e-13
-1.1177715974508165e-12
1.1293216419818193e-12
-3.8662670151775127e-13
-7.7003465381892038e-13
-9.6591776905169001e-13
7.0895915836538068e-13
-1.6250571138105700e-12
2.1399267226813698e-12
5.8708104939234007e-13
-2.1564873662740426e-12
-5.2912472276813148e-13
3.2149067463990060e-14
1.8519685491449063e-13
9.2521335158796521e-13
1.5609649313417044e-12
-4.5238064347634130e-13
-4.3290455842865601e-13
7.0238256672375632e-13
-3.3216878147851406e-14
-2.5665137346612644e-13
2.4574766495884266e-12
-6.4627263946461317e-13
7.9512095206314126e-14
1.1357731934633782e-12
1.1313879857444507e-12
-5.3181355501028241e-13
1.5299252739631743e-13
5.6082735810227906e-13
-1.9681595506953722e-12
4.3054756947129294e-13
1.3799428957846673e-12
-6.7016355516465712e-13
-6.2359379557568439e-15
1.9017476379584462e-12
1.1373998146560001e-12
5.6960614373162141e-13
1.2893309544297225e-12
-8.8871566705813595e-13
6.8015466237671768e-14
-3.0019567358718319e-14
-2.7468067777060903e-14
-1.4321215774519435e-13
1.8864693906812548e-12
-1.3235298448240592e-13
-3.6612686517206720e-13
-1.0502901221516824e-12
6.7608166245764106e-13
-4.2240657131622032e-13
-8.7238095992707976e-13
-4.5660895361423322e-13
3.8441042919011855e-13
1.3367981431391074e-12
7.8080501666162577e-13
1.0286681962473160e-13
-6.3887855486086060e-13
-5.5850530157972203e-13
-2.0303405455919734e-12
-1.3545566674137256e-12
9.6149365859041552e-13
4.5402735599982348e-13
2.9391976675595491e-13
8.5257070891905887e-13
1.1831245960046287e-12
-8.6730678093737594e-13
5.3705232272239822e-13
-1.0006864943329053e-12
-5.3655536346075871e-13
-9.2736172165343261e-13
5.1127574312218930e-15
-8.7797330030098169e-13
-2.8328876348013682e-13
1.3271093835405179e-12
8.1834703589791468e-13
3.6109389358403493e-13
-3.8402950415153765e-13
-6.1301396477951236e-13
-3.9653655890920399e-13
1.8935982524561833e-12
2.0800912456707911e-13
-3.1777233267592291e-13
-1.3890405314536294e-12
2.6121660420998135e-13
