0.0000000000000000e+00
1.7114175708636482e-14
4.2848203526333282e-14
2.5746466288082810e-14
3.4378527223611857e-14
1.7214139229263069e-14
3.4477874542915134e-14
3.4527314599306582e-14
3.0254523033046441e-14
2.5969292345518375e-14
3.4674689853300334e-14
2.1702185662413743e-14
3.9118661863820775e-14
2.1762893402769965e-14
4.1406881559420235e-14
5.6740309209888316e-14
4.5891706858817850e-14
4.3766177396615193e-14
5.6973488475810756e-14
6.5827702988121458e-14
6.5916451815216584e-14
5.2803908349846940e-14
5.8382152001191840e-14
6.1768747334030582e-14
5.7432508644623158e-14
5.1978424992052210e-14
6.9764383507530511e-14
6.9855218137866464e-14
8.6599450745544556e-14
7.1147538397172905e-14
8.1256717353936496e-14
7.0772377623382758e-14
8.5927380443568167e-14
8.7991219038441861e-14
1.0320487463281992e-13
1.1957597260724735e-13
1.3178113576914882e-13
1.2745231294141998e-13
1.4897087094299847e-13
1.8967764172458838e-13
2.1864817789856975e-13
2.7420504524720500e-13
3.8186340606574112e-13
5.2257981399573447e-13
7.3384123563991540e-13
1.0136271041208269e-12
1.4586616093061239e-12
2.0797464072329572e-12
2.9787492210769352e-12
4.2978697537271696e-12
6.1890722221020536e-12
8.8940508809208725e-12
1.2751586439809578e-11
1.8219817966953266e-11
2.6057892499754499e-11
3.7184250552899333e-11
5.2939231501537424e-11
7.5243653245447014e-11
1.0671235971198936e-10
1.5107486087315352e-10
2.1341181245421134e-10
3.0080387461504920e-10
4.2313944523381791e-10
5.9402450231930108e-10
8.3215930616950233e-10
1.1633131963290762e-09
1.6228774362308252e-09
2.2591947030526300e-09
3.1384298224536438e-09
4.3507376829947485e-09
6.0187114007659045e-09
8.3086925629038709e-09
1.1445930450422670e-08
1.5734738253313088e-08
2.1585221449104960e-08
2.9549034967053763e-08
4.0366251746924714e-08
5.5027831687309212e-08
7.4857484561418230e-08
1.0161949102313537e-07
1.3765992212682197e-07
1.8609166146647305e-07
2.5103546040044568e-07
3.3793405702977660e-07
4.5396009227557776e-07
6.0854426545701116e-07
8.1405818597782225e-07
1.0866945927923089e-06
1.4475993085893343e-06
1.9243231133384725e-06
2.5526800906672567e-06
3.3791197170957709e-06
4.4637466965071763e-06
5.8841573744065259e-06
7.7403000568452699e-06
1.0160617251435869e-05
1.3309788764995046e-05
1.7398468132614204e-05
2.2695493862162227e-05
2.9543166277421971e-05
3.8376310370021221e-05
4.9746000900934798e-05
6.4349015331954026e-05
8.3064301018025071e-05
1.0699801000957503e-04
1.3753896859592694e-04
1.7642681843585732e-04
2.2583550358635439e-04
2.8847528495822689e-04
3.6771706097535388e-04
4.6774346262756371e-04
5.9373198990233730e-04
7.5207637864734412e-04
9.5065344119877628e-04
1.1991438306108743e-03
1.5094165479969499e-03
1.8959885624378629e-03
2.3765726562593827e-03
2.9727285603283020e-03
3.7106346173544935e-03
4.6219996139126350e-03
5.7451370673145419e-03
7.1262271406405276e-03
8.8207944919854366e-03
1.0895433734699809e-02
1.3429817782009886e-02
1.6519028150112063e-02
2.0276250269800115e-02
2.4835880961171043e-02
3.0357099409771351e-02
3.7027957169559318e-02
4.5070046827437114e-02
5.4743812887337928e-02
6.6354572050441568e-02
8.0259313235599580e-02
9.6874350238485188e-02
1.1668390168227488e-01
1.4024967366344837e-01
1.6822152001103402e-01
2.0134925311560795e-01
2.4049567457864537e-01
2.8665088920762061e-01
3.4094795785164134e-01
4.0467993394501156e-01
4.7931831511439804e-01
5.6653292453049642e-01
6.6821321658848154e-01
7.8649097775317467e-01
9.2376436581422128e-01
1.0827231992277910e+00
1.2663753726007771e+00
1.4780742347126381e+00
1.7215467218637899e+00
2.0009219920023478e+00
2.3207602543362476e+00
2.6860814354471683e+00
3.1023932668917471e+00
3.5757183216597785e+00
4.1126194685711832e+00
4.7202231558128602e+00
5.4062398785751107e+00
6.1789811325359771e+00
7.0473721062957111e+00
8.0209593234389480e+00
9.1099124104702724e+00
1.0325019142269154e+01
1.1677672903830977e+01
1.3179851707790874e+01
1.4844087923412545e+01
1.6683427906117597e+01
1.8711380768830800e+01
2.0941855608822458e+01
2.3389086597455634e+01
2.6067545456089693e+01
2.8991840979750801e+01
3.2176605430999281e+01
3.5636367809151750e+01
3.9385414203547576e+01
4.3437635662193834e+01
4.7806364246582781e+01
5.2504198196826501e+01
5.7542817394952493e+01
6.2932790584112297e+01
6.8683376072865727e+01
7.4802317921411145e+01
8.1295639864997668e+01
8.8167439472802670e+01
9.5419685262095854e+01
1.0305201968123836e+02
1.1106157103474577e+02
1.1944277754322407e+02
1.2818722680479553e+02
1.3728351394750487e+02
1.4671712172968887e+02
1.5647032575379572e+02
1.6652212780606646e+02
1.7684822011838966e+02
1.8742098306932564e+02
1.9820951849993475e+02
2.0917972041921558e+02
2.2029438441770318e+02
2.3151335660155812e+02
2.4279372231018513e+02
2.5409003429624161e+02
2.6535457943724305e+02
2.7653768242328152e+02
2.8758804423695290e+02
2.9845311262136011e+02
3.0907948113233272e+02
3.1941331280420070e+02
3.2940078393679852e+02
3.3898854304663416e+02
3.4812417962831404e+02
3.5675669705330660e+02
3.6483698370058340e+02
3.7231827627462025e+02
3.7915660922596817e+02
3.8531124425141644e+02
3.9074507401591040e+02
3.9542499450595574e+02
3.9932224079111324e+02
4.0241268143114303e+02
4.0467706731405985e+02
4.0610123133557164e+02
4.0667623602210614e+02
4.0639846694539398e+02
4.0526967056264402e+02
4.0329693592807763e+02
4.0049262054375589e+02
3.9687422143474305e+02
3.9246419333037676e+02
3.8728971659483915e+02
3.8138241826228710e+02
3.7477805018153543e+02
3.6751612885116447e+02
3.5963954201805461e+02
3.5119412751274240e+02
3.4222823009764585e+02
3.3279224230528484e+02
3.2293813534143163e+02
3.1271898612318364e+02
3.0218850641683247e+02
2.9140057983975373e+02
2.8040881220077398e+02
2.6926610028271102e+02
2.5802422372851277e+02
2.4673346418930802e+02
2.3544225534024923e+02
2.2419686678037371e+02
2.1304112421822322e+02
2.0201616771801773e+02
1.9116024915386669e+02
1.8050856940337135e+02
1.7009315521778490e+02
1.5994277514344347e+02
1.5008289334709244e+02
1.4053565972335906e+02
1.3131993424193266e+02
1.2245134312954961e+02
1.1394236418072424e+02
1.0580243825297528e+02
9.8038103827349900e+01
9.0653151402313824e+01
8.3648794436360603e+01
7.7023853558719239e+01
7.0774950824140049e+01
6.4896710891977804e+01
5.9381966156159997e+01
5.4221963035185674e+01
4.9406566843854215e+01
4.4924462904682976e+01
4.0763351810688121e+01
3.6910137016312881e+01
3.3351103204021825e+01
3.0072084145073454e+01
2.7058619039346997e+01
2.4296096576493131e+01
2.1769886205344449e+01
1.9465456327324063e+01
1.7368479340008601e+01
1.5464923647140095e+01
1.3741132919929351e+01
1.2183893040716827e+01
1.0780487283726382e+01
9.5187403890176618e+00
8.3870522654704533e+00
7.3744221177344231e+00
6.4704638318567964e+00
5.6654134762948525e+00
4.9501297809322988e+00
4.3160884483725868e+00
3.7553711310547526e+00
3.2606498765199716e+00
2.8251678033167811e+00
2.4427167233599150e+00
2.1076123747580726e+00
1.8146678737759128e+00
1.5591659371378683e+00
1.3368303676046529e+00
1.1437972377925052e+00
9.7658615052625419e-01
8.3207189943494730e-01
7.0745680166807101e-01
6.0024392603942456e-01
5.0821139497134371e-01
4.2938789755656448e-01
3.6202951402150579e-01
3.0459791889726145e-01
2.5574000123872737e-01
2.1426891516374860e-01
1.7914655263839979e-01
1.4946741259414367e-01
1.2444382587974009e-01
1.0339248394853111e-01
8.5722210280300401e-02
7.0922907039035449e-02
5.8555605091292796e-02
4.8243542969523968e-02
3.9664199393985924e-02
3.2542204313270852e-02
2.6643054852292264e-02
2.1767564853979054e-02
1.7746979674966606e-02
1.4438691373530519e-02
1.1722493260035941e-02
9.4973168377826545e-03
7.6783983323903664e-03
6.1948262017503791e-03
4.9874251572481886e-03
4.0069362536279528e-03
3.2124564711964077e-03
2.5701048831602556e-03
2.0518859539361608e-03
1.6347237301430626e-03
1.2996436589736489e-03
1.0310814984690422e-03
8.1630127080301734e-04
6.4490646083941415e-04
5.0843069249199607e-04
3.9999592637144927e-04
3.1402784128941458e-04
2.4601949111108094e-04
1.9233559020636864e-04
1.5005088798147775e-04
1.1681705738379959e-04
9.0753363747434263e-05
7.0357107473963449e-05
5.4430459234450840e-05
4.2020846583373649e-05
3.2372509982800172e-05
2.4887239384909231e-05
1.9092634330099199e-05
1.4616512423304242e-05
1.1166329594947112e-05
8.5126720403393604e-06
6.4760491503289250e-06
4.9163539999707334e-06
3.7244739370484777e-06
2.8156294935052597e-06
2.1240994244272584e-06
1.5990533645831389e-06
1.2012678639971408e-06
9.0054519244897800e-07
6.7368981095643815e-07
5.0292495326447045e-07
3.7465815988540453e-07
2.7851974084854373e-07
2.0661673924426263e-07
1.5295508382827608e-07
1.1299284917112804e-07
8.3296536619227386e-08
6.1276181530439038e-08
4.4982662011181964e-08
3.2952456440344672e-08
2.4089015442066306e-08
1.7572714666118180e-08
1.2792289453378954e-08
9.2927961097984577e-09
6.7364536602231688e-09
4.8731274688371617e-09
3.5177981670174377e-09
2.5341334682461366e-09
1.8216498541841607e-09
1.3067553639473704e-09
9.3544501567745217e-10
6.6822810760802728e-10
4.7633957311287460e-10
3.3884246654856980e-10
2.4052333027417714e-10
1.7038831679622741e-10
1.2044925451500139e-10
8.4951696007828952e-11
5.9800618841113796e-11
4.2010335505295864e-11
2.9430548593981055e-11
2.0574822701031263e-11
1.4342677182388903e-11
1.0010659579449834e-11
6.9634190138483772e-12
4.8321133038194156e-12
3.3405682632092746e-12
2.3047681496548834e-12
1.5789870027586132e-12
1.0782543355916180e-12
7.1685417000010265e-13
4.8921162240942685e-13
3.4232133739029463e-13
2.1214217492376351e-13
1.1777698242474503e-13
6.8666683354302017e-14
1.0118776139524427e-14
-3.9302475356385013e-14
-6.4769026303560388e-14
-3.5564750634942416e-14
-5.9014169505487811e-14
-7.9890440142839269e-14
-5.4681060282270650e-14
-7.4673217334907799e-14
-4.9533204414385960e-14
-7.4482579259540386e-14
-7.7162331113017274e-14
-5.0450990877347995e-14
-3.5435877337158345e-14
-4.4236957440044430e-14
-2.4298369041955947e-14
-1.2133146797756009e-14
2.2031000755166734e-15
-1.1000814239551445e-14
-2.6366580726086639e-14
-1.0971283831353578e-14
4.3825760366008270e-15
2.1883088698307594e-15
2.4038513116523639e-14
2.1823195849957044e-14
2.6151714669107517e-14
2.6115472083323955e-14
4.3465179848689748e-15
4.3404371324827485e-15
8.6686724633250835e-15
-8.6564307818394595e-15
8.6441494380132703e-15
8.6318286498266454e-15
-8.6194686357287835e-15
-1.7214139229263069e-14
-3.4378527223611857e-14
-1.7164310858721871e-14
0.0000000000000000e+00
-2.5671263562954722e-14
-2.5633491292932781e-14
-2.5595605970391878e-14
-2.5557608261242366e-14
-3.4025998443503826e-14
-4.2468797254843084e-14
-5.0885894983256433e-14
-3.3872675892695848e-14
-5.0731914616938779e-14
-3.3769732441985849e-14
-5.0577067325434502e-14
-3.3666214636514166e-14
-5.0421363903609858e-14
-6.7124259368917068e-14
-8.3774691968033810e-14
-8.3643712041435517e-14
-8.3512386699441075e-14
-8.3380718213408171e-14
-8.3248708857897686e-14
-8.3116360910608651e-14
-6.6386941321850652e-14
-6.6280526693433881e-14
-8.2717308340769665e-14
-6.6066903091078155e-14
-9.8939546674130766e-14
-1.3170446516754891e-13
-6.5744509332418572e-14
-6.5636529869059823e-14
-6.5528296036115078e-14
-9.8129714516988648e-14
-6.5311072641039540e-14
-6.5202086773491628e-14
-1.3018570785083954e-13
-1.2996675189735817e-13
-9.7310482045285531e-14
-6.4763692025221623e-14
-9.6980234686004666e-14
-6.4543049851675673e-14
-1.2886474813647821e-13
-6.4321464301833895e-14
-9.6315483623034643e-14
-6.4098950273074021e-14
-6.3987349740573598e-14
-3.1937761342355100e-14
-6.3763470973555676e-14
-6.3651196476347294e-14
-7.9423376329295737e-14
-4.7569489954678556e-14
-7.9141318721472602e-14
-9.4799862074465601e-14
-7.8858184622414804e-14
-6.2972975797198013e-14
-7.8573992779257023e-14
-4.7058903639956290e-14
-6.2631009564232947e-14
-7.8145762792951666e-14
-4.6801506556760407e-14
-4.6715405225573832e-14
-4.6629155092020044e-14
-4.6542757566247846e-14
-4.6456214058708308e-14
-5.4097780310136607e-14
-4.6282694741416804e-14
-7.6992869589565661e-15
-7.6847680713947928e-15
