-8.5444953755361714e-15
8.5570861296725370e-15
0.0000000000000000e+00
0.0000000000000000e+00
1.7189260147380868e-14
-1.7214135759824428e-14
0.0000000000000000e+00
4.3159134550586216e-15
-1.7288295391641330e-14
-1.7312858074343199e-14
-8.6686707161899631e-15
-2.1702181288427887e-14
-8.6930342176924651e-15
-1.7410311213238972e-14
-6.5379273495843687e-15
-1.3093914870949250e-14
-1.0926594668936653e-14
2.1883084287861479e-15
4.3825751533107336e-15
2.6331075888327959e-14
1.7577716941340821e-14
1.1000812022382785e-14
2.2030996314909553e-15
2.0957249335912511e-14
-9.9402398773854807e-15
-2.2118474262134214e-15
-1.2181080379601265e-14
2.5502693545289280e-14
2.6090854902011560e-14
1.1116800634012577e-15
7.7917384498474771e-15
2.5634084366433962e-14
1.4228232205805984e-14
3.2403109051696265e-14
3.7198497451751782e-14
7.8690495387644844e-14
6.0002462490999897e-14
6.2603215985962638e-14
8.9382504551120958e-14
1.3564481436943100e-13
1.5440615636514330e-13
2.0650005418420950e-13
3.4006172207079159e-13
4.7959696207121041e-13
7.1232414226346900e-13
9.9095068283007221e-13
1.4802290701757582e-12
2.1502073275551404e-12
3.1118706942993085e-12
4.5245521391960916e-12
6.5243550850145196e-12
9.4169598049816429e-12
1.3503694141052447e-11
1.9341244894555910e-11
2.7654857916299981e-11
3.9498653103974358e-11
5.6243616545267667e-11
7.9921796507994617e-11
1.1335409903740245e-10
1.6042398804600143e-10
2.2653738550460334e-10
3.1925166153363076e-10
4.4895702987583892e-10
6.3005951561297868e-10
8.8231277400183927e-10
1.2329736110951750e-09
1.7194315000696039e-09
2.3927839840933136e-09
3.3228222016241180e-09
4.6046684300024752e-09
6.3676776732105723e-09
8.7872504605262182e-09
1.2100762097250598e-08
1.6628873336625665e-08
2.2803513969708498e-08
3.1205386241876205e-08
4.2613371903544585e-08
5.8069881393123404e-08
7.8966897955888267e-08
1.0715881599426260e-07
1.4511078028597101e-07
1.9609209130544269e-07
2.6442919106886433e-07
3.5583402695686683e-07
4.7783098367922392e-07
6.4030944655957347e-07
8.5623766173946885e-07
1.1425824019433167e-06
1.5214913997624955e-06
2.0218095904908096e-06
2.6810183769606103e-06
3.5477098853262162e-06
4.6847366350533277e-06
6.1732098902456799e-06
8.1175633552811550e-06
1.0651949567871579e-05
1.3948300527189795e-05
1.8226457541943509e-05
2.3766871396475775e-05
3.0926483467295564e-05
4.0158533297492197e-05
5.2037200088320082e-05
6.7288179069087626e-05
8.6826522554955021e-05
1.1180334988264047e-04
1.4366335404304031e-04
1.8421541277813827e-04
2.3571906099514674e-04
3.0099010454197767e-04
3.8352926653659175e-04
4.8767846541581961e-04
6.1881014384454480e-04
7.8355601074741200e-04
9.9008263925162775e-04
1.2484225970153581e-03
1.5708711847070324e-03
1.9724604426830596e-03
2.4715238627500344e-03
3.0903672328698667e-03
3.8560632544711237e-03
4.8013900173021137e-03
5.9659361031643024e-03
7.3973980211274430e-03
9.1530988506000090e-03
1.1301760380602904e-02
1.3925564667332553e-02
1.7122544765823429e-02
2.1009348393206704e-02
2.5724422404260122e-02
3.1431670148720517e-02
3.8324637961842073e-02
4.6631291121857925e-02
5.6619443490695004e-02
6.8602908602323542e-02
8.2948443037956149e-02
1.0008355535528489e-01
1.2050525543434749e-01
1.4478981965362922e-01
1.7360364658753694e-01
2.0771527566740997e-01
2.4800863721256985e-01
2.9549759613002813e-01
3.5134184312059485e-01
4.1686417611785659e-01
4.9356920064404081e-01
5.8316346051245749e-01
6.8757698958972013e-01
8.0898625092329290e-01
9.4983840126565755e-01
1.1128767867522651e+00
1.3011675391652047e+00
1.5181271018521401e+00
1.7675504700987823e+00
2.0536398827917184e+00
2.3810336509151009e+00
2.7548347542769496e+00
3.1806387814957722e+00
3.6645607304736223e+00
4.2132601282846345e+00
4.8339638717178977e+00
5.5344861338976443e+00
6.3232446298733729e+00
7.2092724863886168e+00
8.2022249198766026e+00
9.3123798938782318e+00
1.0550631904386014e+01
1.1928478030975757e+01
1.3457995394881129e+01
1.5151809184229796e+01
1.7023050443221990e+01
1.9085302877661370e+01
2.1352538005300239e+01
2.3839038076995255e+01
2.6559306314424550e+01
2.9527964152408664e+01
3.2759635338571549e+01
3.6268816929529159e+01
4.0069737429795815e+01
4.4176202545357739e+01
4.8601429265972818e+01
5.3357869245683418e+01
5.8457022716124406e+01
6.3909244437733264e+01
6.9723543465121651e+01
7.5907378769363163e+01
8.2466453016085183e+01
8.9404507037999693e+01
9.6723117757650897e+01
1.0442150250439359e+02
1.1249633282273301e+02
1.2094156098115141e+02
1.2974826245582776e+02
1.3890449767717323e+02
1.4839519628454457e+02
1.5820206703242172e+02
1.6830353632734131e+02
1.7867471814773188e+02
1.8928741780854182e+02
2.0011017168059061e+02
2.1110832456375468e+02
2.2224414594769331e+02
2.3347698587956154e+02
2.4476347060215130e+02
2.5605773753657962e+02
2.6731170857058322e+02
2.7847539998730804e+02
2.8949726674161491e+02
3.0032457817337649e+02
3.1090382165236298e+02
3.2118113008951104e+02
3.3110272873680361e+02
3.4061539624431941e+02
3.4966693455906056e+02
3.5820664194565211e+02
3.6618578319230312e+02
3.7355805094326291e+02
3.8028001207634884e+02
3.8631153312392001e+02
3.9161617891880144e+02
3.9616157893182566e+02
3.9991975615137937e+02
4.0286741383199694e+02
4.0498617600098413e+02
4.0626277824969753e+02
4.0668920603819538e+02
4.0626277849578571e+02
4.0498617649161395e+02
4.0286741456409129e+02
3.9991975712036333e+02
3.9616158013167330e+02
3.9161618034209880e+02
3.8631153476194135e+02
3.8028001391914518e+02
3.7355805297976309e+02
3.6618578541042456e+02
3.5820664433242007e+02
3.4966693710073349e+02
3.4061539892652138e+02
3.3110273154465835e+02
3.2118113300777878e+02
3.1090382466557617e+02
3.0032458126597538e+02
2.8949726989807840e+02
2.7847540319227983e+02
2.6731171180899247e+02
2.5605774079375357e+02
2.4476347386391896e+02
2.3347698913234865e+02
2.2224414917860653e+02
2.1110832776065484e+02
2.0011017483215522e+02
1.8928742090431564e+02
1.7867472117816592e+02
1.6830353928382115e+02
1.5820206990728428e+02
1.4839519907108402e+02
1.3890450036963745e+02
1.2974826504940472e+02
1.2094156347194713e+02
1.1249633520774201e+02
1.0442150478146178e+02
9.6723119925432840e+01
8.9404509095910655e+01
8.2466454964249024e+01
7.5907380608557119e+01
6.9723545196718689e+01
6.3909246063643209e+01
5.8457024238734277e+01
5.3357870667798124e+01
4.8601430590756628e+01
4.4176203776277191e+01
4.0069738570564937e+01
3.6268817984056888e+01
3.2759636310912285e+01
2.9527965046716055e+01
2.6559307134908664e+01
2.3839038827883456e+01
2.1352538690801953e+01
1.9085303501936320e+01
1.7023051010352528e+01
1.5151809698196985e+01
1.3457995859543935e+01
1.1928478450054392e+01
1.0550632281448056e+01
9.3123802323279037e+00
8.2022252229470016e+00
7.2092727571364348e+00
6.3232448711760085e+00
5.5344863484526670e+00
4.8339640620438562e+00
4.2132602967238180e+00
3.6645608791963618e+00
3.1806389125055192e+00
2.7548348694165221e+00
2.3810337518736664e+00
2.0536399711122240e+00
1.7675505471860717e+00
1.5181271689810001e+00
1.3011675974885306e+00
1.1128768373096944e+00
9.4983844499161241e-01
8.0898628865509958e-01
6.8757702207530558e-01
5.8316348841805077e-01
4.9356922456130820e-01
4.1686419657063517e-01
3.5134186057138878e-01
2.9549761098604055e-01
2.4800864983126025e-01
2.0771528636180039e-01
1.7360365563077471e-01
1.4478982728355305e-01
1.2050526185752752e-01
1.0008356075054525e-01
8.2948447559675509e-02
6.8602912383529224e-02
5.6619446645664241e-02
4.6631293748489781e-02
3.8324640143758866e-02
3.1431671957205004e-02
2.5724423899905889e-02
2.1009349627420563e-02
1.7122545782013956e-02
1.3925565502186850e-02
1.1301761064957411e-02
9.1530994103763592e-03
7.3973984779767835e-03
5.9659364751517572e-03
4.8013903195453511e-03
3.8560634995235808e-03
3.0903674310991305e-03
2.4715240227371304e-03
1.9724605715069191e-03
1.5708712882201400e-03
1.2484226800088170e-03
9.9008270567125037e-04
7.8355606375168484e-04
6.1881018607098188e-04
4.8767849898735715e-04
3.8352929317103977e-04
3.0099012553787041e-04
2.3571907762209323e-04
1.8421542590659257e-04
1.4366336436882194e-04
1.1180335799872115e-04
8.6826528900231512e-05
6.7288184046352726e-05
5.2037203899682413e-05
4.0158536241582779e-05
3.0926485767564169e-05
2.3766873199304356e-05
1.8226458904535077e-05
1.3948301594207930e-05
1.0651950393787109e-05
8.1175639316407429e-06
6.1732103498811038e-06
4.6847370085474101e-06
3.5477101271073935e-06
2.6810185154817845e-06
2.0218097099375293e-06
1.5214914402044780e-06
1.1425823761674492e-06
8.5623761941719606e-07
6.4030940445878137e-07
4.7783088244763723e-07
3.5583391279844108e-07
2.6442909786473493e-07
1.9609200658970651e-07
1.4511068697773975e-07
1.0715876006507889e-07
7.8966823885142774e-08
5.8069814062963946e-08
4.2613282714482372e-08
3.1205324783482684e-08
2.2803464571290273e-08
1.6628830422126352e-08
1.2100738079299105e-08
8.7871875383019346e-09
6.3676185751792582e-09
4.6046132102524277e-09
3.3227445458824680e-09
2.3927172351917204e-09
1.7193842109259725e-09
1.2329443275210472e-09
8.8224985980166921e-10
6.2997159118414596e-10
4.4889924637108502e-10
3.1917085118769178e-10
2.2646588768384379e-10
1.6037560650089335e-10
1.1330577021637341e-10
7.9878118370341400e-11
5.6197690267110431e-11
3.9443602716372997e-11
2.7611324999944583e-11
1.9277163145999815e-11
1.3416824261695753e-11
9.3484562176515166e-12
6.4844403099794720e-12
4.4789876664952237e-12
3.0834258067828616e-12
2.1115672381593289e-12
1.4393638504469799e-12
9.5240111393279243e-13
6.0700435652340130e-13
4.1342615480430992e-13
2.5137452877325960e-13
1.4556561196591819e-13
5.5225559575854166e-14
1.6885246602003859e-15
-4.5815560508907914e-14
-7.9727862511270785e-14
-1.1159336481971009e-13
-1.0837445450184540e-13
-1.1970644292744185e-13
-1.2402569326683743e-13
-1.1243093292038844e-13
-1.0810896450191715e-13
-1.0797123280502936e-13
-1.2228480697413835e-13
-1.2601327793099200e-13
-9.3140272078447796e-14
-8.8589675488009191e-14
-6.1931727933975787e-14
-3.6447546217080087e-14
-3.8605459302996730e-14
-4.0757343182582677e-14
-6.6004872134296718e-14
-6.1522009294692860e-14
-3.7302357508464608e-14
-3.5060601226485869e-14
-3.0636318003006068e-14
-3.0594465073022629e-14
-1.9640872306423877e-14
-6.5379273495843687e-15
-2.6115466819858455e-14
-3.4772136870769860e-14
-3.4723490061484619e-14
-3.4674682864759853e-14
-1.7312858074343199e-14
-2.5932443087461995e-14
-2.1579567275293110e-14
-3.4477867594041968e-14
-4.3035339399561070e-14
-4.2973150368452171e-14
-2.5746461098988902e-14
-3.4278555912363910e-14
-3.4228344518690148e-14
-3.4177981502144685e-14
-3.4127467748937662e-14
-4.2596005183686694e-14
-6.8051983171408848e-14
-5.0962546434518957e-14
-3.3923923151609691e-14
-5.0809003598696956e-14
-5.0731904392130992e-14
-5.0654588453753693e-14
-6.7436076175780740e-14
-6.7332415702455408e-14
-6.7228471655189711e-14
-5.0343184380224934e-14
-5.0264805050154462e-14
-8.3643695183390932e-14
-6.6809895894291655e-14
-5.0028420845021349e-14
-6.6598953663571499e-14
-4.9869806495309698e-14
-6.6386927941836912e-14
-6.6280513334867565e-14
-8.2717291669437918e-14
-6.6066889775566795e-14
-6.5959684488849275e-14
-9.8778328967293588e-14
-9.8616744122826520e-14
-9.8454774960432635e-14
-9.8292424243736609e-14
-3.2709898246450042e-14
-6.5311059477862685e-14
-9.7803110448420641e-14
-9.7639261209335981e-14
-9.7475044277322222e-14
-9.7310462432759926e-14
-9.7145518458550601e-14
-9.6980215140039042e-14
-9.6814555264935956e-14
-1.2886472216432062e-13
-6.4321451338108518e-14
-9.6315464211046845e-14
-6.4098937354195424e-14
-3.1993668422093811e-14
-3.1937754905431255e-14
-4.7822593591718657e-14
-1.5912795911927905e-14
-6.3538688257473909e-14
-7.9282467278740651e-14
-4.7484781662520067e-14
-6.3199895311963374e-14
-7.8858168728873505e-14
-4.7229722328941187e-14
-4.7144386165796040e-14
-4.7058894155428690e-14
-6.2630996941211735e-14
-3.1258298817198412e-14
-4.6801497124110125e-14
-7.7858993017128184e-14
-6.2172194258808651e-14
-4.6542748185747354e-14
-6.1941606260867075e-14
-3.8641263862108925e-14
-3.0855123608887264e-14
-3.0797141628788358e-14
-1.5369533045123078e-14
