-2.5633486126608569e-14
-2.5671258389017668e-14
0.0000000000000000e+00
0.0000000000000000e+00
1.7189260147380902e-14
-8.6070678799122330e-15
-1.7238933797021022e-14
-1.2947740365175894e-14
-1.7288295391641368e-14
-4.3282145185858092e-15
0.0000000000000000e+00
-1.3021308773056759e-14
8.6930342176924840e-15
-1.3057733409929256e-14
-4.3586182330562555e-15
2.1823191451582128e-15
0.0000000000000000e+00
-4.3766168575723053e-15
3.2869313649830570e-14
8.7770252961093386e-15
1.3183287706005641e-14
-1.1000812022382809e-14
-1.3218597788945761e-14
-1.1030131229427661e-14
1.1044710974872778e-15
8.8473897048537046e-15
1.9932676984802113e-14
-9.4249084841286667e-15
5.5512457238322583e-15
-1.3896000792515750e-14
7.7917384498474928e-15
-2.7863135180906536e-15
2.9572404192459553e-14
1.4525531643863874e-14
6.3489164823666712e-14
7.7010271286841210e-14
7.9068665525523400e-14
6.7375658460228973e-14
9.8939124534574356e-14
1.0300000427222376e-13
1.3299216387654704e-13
2.3640306749503815e-13
3.2142046488086518e-13
4.8299033680284733e-13
6.9646955086173994e-13
1.0068240347289541e-12
1.4688776202511005e-12
2.1365696489448583e-12
3.1118706942993153e-12
4.4835441137653202e-12
6.5346188843092599e-12
9.3804245584055965e-12
1.3496835992682214e-11
1.9336667626801944e-11
2.7650275504052100e-11
3.9484890507074098e-11
5.6220653406189175e-11
7.9921796507994785e-11
1.1334029080282298e-10
1.6041016474739944e-10
2.2653507912328901e-10
3.1923319059741681e-10
4.4893853915431858e-10
6.3003175000387491e-10
8.8229691538900624e-10
1.2329789039893993e-09
1.7194365060887188e-09
2.3927706806017991e-09
3.3227957114275093e-09
4.6046259687067925e-09
6.3676258124277122e-09
8.7871799309042211e-09
1.2100698933601690e-08
1.6628777239651453e-08
2.2803376703034458e-08
3.1205187041287526e-08
4.2613084941570420e-08
5.8069560724859345e-08
7.8966437365763971e-08
1.0715824596208743e-07
1.4510998745313821e-07
1.9609104676778284e-07
2.6442776693369701e-07
3.5583212544826589e-07
4.7782848492512366e-07
6.4030613495783497e-07
8.5623322543072566e-07
1.1425765053533638e-06
1.5214835783793233e-06
2.0217993041662343e-06
2.6810047760329100e-06
3.5476920479366554e-06
4.6847132357995111e-06
6.1731792988717160e-06
8.1175233771846635e-06
1.0651897589900106e-05
1.3948232994396440e-05
1.8226369982332604e-05
2.3766758074265808e-05
3.0926337201745728e-05
4.0158344886357128e-05
5.2036957941009144e-05
6.7287868512360278e-05
8.6826125073512933e-05
1.1180284235012747e-04
1.4366270733319190e-04
1.8421459048617651e-04
2.3571801766468194e-04
3.0098878368739408e-04
3.8352759794897992e-04
4.8767636216559291e-04
6.1880749842932925e-04
7.8355269068244979e-04
9.9007848155135839e-04
1.2484174016477981e-03
1.5708647068995952e-03
1.9724523834867818e-03
2.4715138579265166e-03
3.0903548398389328e-03
3.8560479367152991e-03
4.8013711259915831e-03
5.9659128556057948e-03
7.3973694754122321e-03
9.1530638761340623e-03
1.1301717623585426e-02
1.3925512510704180e-02
1.7122481283068897e-02
2.1009271294763751e-02
2.5724328975998426e-02
3.1431557181523753e-02
3.8324501670824691e-02
4.6631127054690143e-02
5.6619246423318413e-02
6.8602672421153893e-02
8.2948160607144134e-02
1.0008321836758288e-01
1.2050485424444972e-01
1.4478934309250979e-01
1.7360308175637273e-01
2.0771460771007111e-01
2.4800784906512560e-01
2.9549666824656950e-01
3.5134075317422603e-01
4.1686289867644355e-01
4.9356770681998774e-01
5.8316171758699376e-01
6.8757496061157963e-01
8.0898389428297790e-01
9.4983567024638671e-01
1.1128736290599988e+00
1.3011638964400503e+00
1.5181229091649064e+00
1.7675456554367903e+00
2.0536343665392907e+00
2.3810273453345792e+00
2.7548275629976899e+00
3.1806305990189836e+00
3.6645514417026908e+00
4.2132496080907380e+00
4.8339519845526286e+00
5.5344727334646677e+00
6.3232295588724705e+00
7.2092555763460018e+00
8.2022059910762888e+00
9.3123587554094431e+00
1.0550608354322494e+01
1.1928451856702157e+01
1.3457966373581986e+01
1.5151777083556075e+01
1.7023015022148943e+01
1.9085263887551072e+01
2.1352495191179440e+01
2.3838991179058365e+01
2.6559255069768742e+01
2.9527908297004906e+01
3.2759574609472971e+01
3.6268751067314113e+01
4.0069666181239235e+01
4.4176125666320118e+01
4.8601346524491653e+01
5.3357780425247292e+01
5.8456927619105109e+01
6.3909142888946171e+01
6.9723435315479989e+01
7.5907263899587178e+01
8.2466331340422158e+01
8.9404378507907396e+01
9.6722982365392653e+01
1.0442136028649057e+02
1.1249618386321677e+02
1.2094140541455799e+02
1.2974810046987406e+02
1.3890432951505653e+02
1.4839502224680766e+02
1.5820188747832782e+02
1.6830335167570721e+02
1.7867452887717224e+02
1.8928722445708277e+02
2.0010997484461868e+02
2.1110812489627381e+02
2.2224394415587318e+02
2.3347678272156787e+02
2.4476326688326159e+02
2.5605753410459670e+02
2.6731150631057108e+02
2.7847519981568632e+02
2.8949706959965823e+02
3.0032438502017612e+02
3.1090363345732112e+02
3.2118094782444399e+02
3.3110255336774043e+02
3.4061522872309314e+02
3.4966677581478899e+02
3.5820649287621620e+02
3.6618564465593033e+02
3.7355792375032587e+02
3.8027989698148730e+02
3.8631143081859437e+02
3.9161609002438001e+02
3.9616150399330235e+02
3.9991969563180993e+02
4.0286736810773374e+02
4.0498614535777915e+02
4.0626276287972735e+02
4.0668920603805429e+02
4.0626279386547452e+02
4.0498620713454039e+02
4.0286746028808028e+02
3.9991981763966481e+02
3.9616165506993627e+02
3.9161626923626909e+02
3.8631163706702665e+02
3.8028012901377849e+02
3.7355818017248527e+02
3.6618592394659674e+02
3.5820679340167072e+02
3.4966709584483601e+02
3.4061556644759537e+02
3.3110290691358648e+02
3.2118131527272845e+02
3.1090401286051832e+02
3.0032477441909396e+02
2.8949746703997101e+02
2.7847560336385476e+02
2.6731191406897494e+02
2.5605794422572342e+02
2.4476367758281140e+02
2.3347719229036019e+02
2.2224435097045887e+02
2.1110852742818136e+02
2.0011037166818531e+02
1.8928761425584415e+02
1.7867491044880552e+02
1.6830372393554450e+02
1.5820224946147570e+02
1.4839537310892555e+02
1.3890466853186473e+02
1.2974842703547398e+02
1.2094171903866011e+02
1.1249648416738070e+02
1.0442164699948923e+02
9.6723255317816580e+01
8.9404637626128704e+01
8.2466576640037260e+01
7.5907495478457136e+01
6.9723653346482465e+01
6.3909347612549951e+01
5.8457119335870196e+01
5.3357959488347461e+01
4.8601513332347238e+01
4.4176280655420143e+01
4.0069809819222456e+01
3.6268883846368304e+01
3.2759697040102559e+01
2.9528020902206702e+01
2.6559358379646479e+01
2.3839085725897537e+01
2.1352581504995189e+01
1.9085342492114322e+01
1.7023086431488672e+01
1.5151841798929320e+01
1.3458024880897327e+01
1.1928504624378105e+01
1.0550655831557689e+01
9.3124013708390283e+00
8.2022441517860916e+00
7.2092896672143496e+00
6.3232599422090523e+00
5.5344997489148096e+00
4.8339759492354908e+00
4.2132708169415007e+00
3.6645701679886784e+00
3.1806470950014414e+00
2.7548420607129507e+00
2.3810400574694626e+00
2.0536454873783150e+00
1.7675553618601800e+00
1.5181313616789462e+00
1.3011712402231952e+00
1.1128799950103312e+00
9.4984117601822315e-01
8.0898864530186698e-01
6.8757905105906580e-01
5.8316523134842246e-01
4.9357071838963840e-01
4.1686547401578256e-01
3.5134295052094494e-01
2.9549853887225214e-01
2.4800943798108399e-01
2.0771595432118750e-01
1.7360422046369076e-01
1.4479030384622157e-01
1.2050566304872780e-01
1.0008389773936478e-01
8.2948729991452169e-02
6.8603148565508434e-02
5.6619643713739544e-02
4.6631457816277429e-02
3.8324776435261061e-02
3.1431784924834866e-02
2.5724517328507127e-02
2.1009426726161629e-02
1.7122609265021259e-02
1.3925617658994270e-02
1.1301803822142629e-02
9.1531343849468091e-03
7.3974270237723138e-03
5.9659597227905252e-03
4.8014092109389291e-03
3.8560788173251778e-03
3.0903798241632427e-03
2.4715340276115503e-03
1.9724686307774787e-03
1.5708777660812412e-03
1.2484278754077913e-03
9.9008686340457119e-04
7.8355938385651252e-04
6.1881283152202934e-04
4.8768060230353338e-04
3.8353096179160196e-04
3.0099144651733143e-04
2.3572012102000920e-04
1.8421624832207082e-04
1.4366401117604585e-04
1.1180386554366353e-04
8.6826926374881778e-05
6.7288494590671299e-05
5.2037446067337341e-05
4.0158724615551180e-05
3.0926632020735350e-05
2.3766986439377860e-05
1.8226546451787806e-05
1.3948369127001346e-05
1.0652002345926066e-05
8.1176038009100533e-06
6.1732409154667464e-06
4.6847603305032023e-06
3.5477279443240389e-06
2.6810320906885967e-06
2.0218200029745599e-06
1.5214992872628343e-06
1.1425883284628197e-06
8.5624212362110943e-07
6.4031278227089641e-07
4.7783341002643375e-07
3.5583581983758765e-07
2.6443053305068499e-07
1.9609307273457636e-07
1.4511147866836437e-07
1.0715933560696040e-07
7.8967235211937239e-08
5.8070120316351627e-08
4.2613535380786951e-08
3.1205493602707110e-08
2.2803607321250243e-08
1.6628957310756843e-08
1.2100814923345174e-08
8.7872558032479131e-09
6.3676681741441924e-09
4.6046303626855022e-09
3.3227599414282551e-09
2.3927366832943719e-09
1.7193896555526030e-09
1.2329529874885157e-09
8.8227765478591250e-10
6.3000629819552859e-10
4.4891311441222694e-10
3.1918701325688028e-10
2.2649356425962216e-10
1.6037560650089369e-10
1.1331267433366351e-10
7.9908003411893774e-11
5.6211468150557722e-11
3.9466540377873649e-11
2.7634237061184326e-11
1.9286317681507866e-11
1.3446542904633597e-11
9.3690072938505741e-12
6.4844403099794857e-12
4.4960743437580583e-12
3.0845636022835258e-12
2.1047483988541906e-12
1.4370935604620505e-12
9.4899968138303443e-13
6.2965377281158929e-13
4.1399171725958343e-13
2.6210737382200603e-13
1.6023501472217382e-13
7.5512499828208918e-14
2.7579236116606358e-14
-1.6864623500211539e-15
-7.5797615767757598e-14
-8.6358684332841148e-14
-1.0249367014903231e-13
-1.0180641407847880e-13
-1.0475143012401832e-13
-7.8673754549750892e-14
-9.9192761244027273e-14
-7.6804279005639602e-14
-9.4492805389107121e-14
-7.8272564706034849e-14
-6.6528765770319995e-14
-7.0871740390407496e-14
-5.7508033081549077e-14
-3.7552017314567447e-14
-1.9854236212969791e-14
-3.0843394840873438e-14
-2.5301867651480461e-14
-2.6366575412011282e-14
-4.3885126480546693e-15
-6.5738627299661139e-15
-1.3129850572716916e-14
-8.7412757351493399e-15
-2.4005510596740342e-14
-4.3586182330562555e-15
-1.3057733409929256e-14
-1.7386068435384968e-14
0.0000000000000000e+00
8.6686707161899821e-15
-1.2984643555757426e-14
-1.7288295391641368e-14
-1.2947740365175894e-14
-2.1548667246276276e-14
-2.5821203639736696e-14
-3.4378520294761805e-14
-3.4328614798651945e-14
-3.4278555912363986e-14
-3.4228344518690224e-14
-3.4177981502144761e-14
-5.1191201623406600e-14
-5.9634407257161488e-14
-5.1038987378556743e-14
-5.0962546434519064e-14
-5.0885884727414650e-14
-3.3872669065798040e-14
-5.0731904392131100e-14
-5.0654588453753801e-14
-6.7436076175780879e-14
-6.7332415702455547e-14
-5.0421353741392390e-14
-5.0343184380225041e-14
-6.7019740066872759e-14
-6.6914956146712887e-14
-5.0107421920718852e-14
-6.6704561126695279e-14
-6.6598953663571638e-14
-8.3116344158849682e-14
-6.6386927941837051e-14
-9.9420770002301563e-14
-9.9260750003325713e-14
-9.9100334663350388e-14
-1.3191936897769883e-13
-1.3170443862305838e-13
-1.6436124020471122e-13
-1.6409129160072140e-13
-1.3105656565831576e-13
-1.3083959298580045e-13
-1.3062211895572565e-13
-1.6300518408070142e-13
-1.3018568161244827e-13
-1.2996672570309658e-13
-1.2974728324368016e-13
-1.6190919743091801e-13
-1.2930695352005232e-13
-9.6814555264936158e-14
-1.2886472216432090e-13
-1.2864290267621731e-13
-1.2842061894806275e-13
-1.2819787470839110e-13
-9.5981005266281640e-14
-1.2775101962172530e-13
-7.9704322652864588e-14
-4.7738387735783820e-14
-7.9423360321842557e-14
-9.5138960734488986e-14
-6.3313042216693558e-14
-7.8999869139954384e-14
-7.8858168728873669e-14
-4.7229722328941281e-14
-7.8573976942993576e-14
-6.2745192207238397e-14
-7.8288746176514833e-14
-7.8145747042996203e-14
-7.8002495206850368e-14
-7.7858993017128348e-14
-6.2172194258808777e-14
-6.2056997580996594e-14
-6.1941606260867201e-14
-5.4097769406952605e-14
-6.9424028119996500e-14
-4.6195712443182641e-14
-4.6108599135369331e-14
