5.3812006751598911e-02
6.3910866643114891e-02
7.5337615284614579e-02
8.8293998433756640e-02
1.0300739167668507e-01
1.1973163980329399e-01
1.3874637061095918e-01
1.6036298424344314e-01
1.8492585396948549e-01
2.1281738814877751e-01
2.4446050636976480e-01
2.8032351416245310e-01
3.2092343429879788e-01
3.6683100297116922e-01
4.1867467522102780e-01
4.7714587189434104e-01
5.4300355271510825e-01
6.1707975400563753e-01
7.0028463761325044e-01
7.9361229996228999e-01
8.9814619325684752e-01
1.0150651366048582e+00
1.1456489796913236e+00
1.2912846988935813e+00
1.4534721381813840e+00
1.6338300245446937e+00
1.8341015792079158e+00
2.0561602367698470e+00
2.3020148742727655e+00
2.5738149679473232e+00
2.8738551406283683e+00
3.2045794405694421e+00
3.5685848618214315e+00
3.9686243836216413e+00
4.4076090767286082e+00
4.8886095024049663e+00
5.4148559838130605e+00
5.9897379340817247e+00
6.6168018495244958e+00
7.2997481205238337e+00
8.0424262965323567e+00
8.8488289354692515e+00
9.7230837031881414e+00
1.0669443840600422e+01
1.1692276696261624e+01
1.2796050438957481e+01
1.3985318684435123e+01
1.5264703157454573e+01
1.6638874164754604e+01
1.8112529016284252e+01
1.9690368217322593e+01
2.1377069594105862e+01
2.3177260228168802e+01
2.5095486395552310e+01
2.7136181443666668e+01
2.9303631842487089e+01
3.1601941404332226e+01
3.4034993954659093e+01
3.6606414511791513e+01
3.9319529306761630e+01
4.2177324764842908e+01
4.5182405829001297e+01
4.8336953807836544e+01
5.1642684174526238e+01
5.5100804554656037e+01
5.8711973369662402e+01
6.2476259420182998e+01
6.6393102906782431e+01
7.0461278206617777e+01
7.4678858921478550e+01
7.9043185534833910e+01
8.3550836195526998e+01
8.8197600966964799e+01
9.2978460043427887e+01
9.7887566253692924e+01
1.0291823231765278e+02
1.0806292313641343e+02
1.1331325352492944e+02
1.1865999160672268e+02
1.2409306820277304e+02
1.2960159235295026e+02
1.3517387320628808e+02
1.4079744831924504e+02
1.4645911848640708e+02
1.5214498902890355e+02
1.5784051754101625e+02
1.6353056789624779e+02
1.6919947038220079e+02
1.7483108763685038e+02
1.8040888612308953e+02
1.8591601268691306e+02
1.9133537580865834e+02
1.9664973097344270e+02
2.0184176965431510e+02
2.0689421122956114e+02
2.1178989722971022e+02
2.1651188715166049e+02
2.2104355516122470e+02
2.2536868686353992e+02
2.2947157541695597e+02
2.3333711614216114e+02
2.3695089888855600e+02
2.4029929731502219e+02
2.4336955436753252e+02
2.4614986315031456e+02
2.4862944252768375e+02
2.5079860672629081e+02
2.5264882836216290e+02
2.5417279426624248e+02
2.5536445364922480e+02
2.5621905811000931e+02
2.5673319316907055e+02
2.5690480098252999e+02
2.5673319407637723e+02
2.5621905992194456e+02
2.5536445636039156e+02
2.5417279786868266e+02
2.5264883284523577e+02
2.5079861207698639e+02
2.4862944873041752e+02
2.4614987018739623e+02
2.4336956221887212e+02
2.4029930595875217e+02
2.3695090830064225e+02
2.3333712629717704e+02
2.2947158628759047e+02
2.2536869842152129e+02
2.2104356737671705e+02
2.1651189999433498e+02
2.1178991066802070e+02
2.0689422523196168e+02
2.0184178418840324e+02
1.9664974600732296e+02
1.9133539130994271e+02
1.8591602862423173e+02
1.8040890246493586e+02
1.7483110435324161e+02
1.6919948744335599e+02
1.6353058527440331e+02
1.5784053520892414e+02
1.5214500696180858e+02
1.4645913666035369e+02
1.4079746671322548e+02
1.3517389180034570e+02
1.2960161113051049e+02
1.2409308714853128e+02
1.1866001070917358e+02
1.1331327277402681e+02
1.0806294252631612e+02
1.0291825184414435e+02
9.7887585917166419e+01
9.2978479846052181e+01
8.8197620915934820e+01
8.3550856299962561e+01
7.9043205809326494e+01
7.4678879382708331e+01
7.0461298877232608e+01
6.6393123811717274e+01
6.2476280590913497e+01
5.8711994840209726e+01
5.5100826366262865e+01
5.1642706371329673e+01
4.8336976442023612e+01
4.5182428956129620e+01
4.2177348449542201e+01
3.9319553617681699e+01
3.6606439527928465e+01
3.4035019759908948e+01
3.1601968094534346e+01
2.9303659519561872e+01
2.7136210223487897e+01
2.5095516401647302e+01
2.3177291600554423e+01
2.1377102482531573e+01
1.9690402791233961e+01
1.8112565457594492e+01
1.6638912679135657e+01
1.5264743966629876e+01
1.3985362039047263e+01
1.2796096610385879e+01
1.1692325991377549e+01
1.0669496593131822e+01
9.7231402907529301e+00
8.8488897705359850e+00
8.0424918462284136e+00
7.2998188972789890e+00
6.6168784342894140e+00
5.9898209667981552e+00
5.4149461908612810e+00
4.8887076871232793e+00
4.4077161521551282e+00
3.9687413633974802e+00
3.5687128996213846e+00
3.2047198218810462e+00
2.8740093307134655e+00
2.5739846052076620e+00
2.3022018291938173e+00
2.0563666078877993e+00
1.8343297663247051e+00
1.6340827287302968e+00
1.4537524537098796e+00
1.2915961192882026e+00
1.1459955144561749e+00
1.0154513260957054e+00
8.9857725858127602e-01
7.9409417048954078e-01
7.0082414571072105e-01
6.1768468032998369e-01
5.4368288225073402e-01
4.7790986378766803e-01
4.1953520372922326e-01
3.6780166033497308e-01
3.2201999115945718e-01
2.8156406516383242e-01
2.4586610212733462e-01
2.1441223191271339e-01
1.8673818716900500e-01
1.6242533254305885e-01
1.4109682158342393e-01
1.2241409871143641e-01
1.0607351350330090e-01
9.1803283182526285e-02
7.9360544356975538e-02
6.8528753215375840e-02
5.9115145814424994e-02
5.0948546554666879e-02
4.3877202704509274e-02
3.7766968603305182e-02
3.2499477759839121e-02
2.7970670172133900e-02
2.4089265597972611e-02
2.0775604110894946e-02
1.7960386687457877e-02
1.5583804569620599e-02
1.3594517985074432e-02
1.1949058292500290e-02
1.0611022514720991e-02
9.5507442978367690e-03
8.7446913376639981e-03
8.1754182766600719e-03
7.8311667425272138e-03
7.7061379555285608e-03
7.8003120469293157e-03
8.1201147957654426e-03
8.6784954267237584e-03
9.4961185489495139e-03
1.0601768313002977e-02
1.2034288603725964e-02
1.3843412551142624e-02
1.6092834022921061e-02
1.8861573426767142e-02
2.2248873335293320e-02
2.6376114431044345e-02
3.1394882967198126e-02
3.7489603413786786e-02
4.4881771032376575e-02
