-1.7088990752333040e-14
-2.5671258390911445e-14
0.0000000000000000e+00
1.7164307400592189e-14
8.5946300743244808e-15
0.0000000000000000e+00
1.7238933798292741e-14
1.2947740366131053e-14
8.6441476964583659e-15
4.3282145189051030e-15
4.3343353584147361e-15
1.3021308774017346e-14
1.7386068436667542e-14
4.3525778036308434e-15
2.1793091166888960e-15
1.7458553162553629e-14
4.3706378678970940e-15
8.7532337157903390e-15
2.1912875768170234e-14
3.2913844862838082e-14
3.0761004649615743e-14
3.3002436069583029e-15
2.6437195579841801e-14
7.7210918611689497e-15
1.5462595365962568e-14
4.4236948527531899e-15
2.3254789817317978e-14
4.2134884990977637e-14
2.8866477766057238e-14
1.5563520888765768e-14
2.7827637322936758e-14
1.8946931924414167e-14
3.8499922442079950e-14
4.1341897758662366e-14
4.1393816716281273e-14
6.9169225488192747e-14
8.5237142984157150e-14
7.0463709478187606e-14
1.0624712805917059e-13
1.4915301166203746e-13
1.7976483169384820e-13
2.4430197668950555e-13
3.3554262944344184e-13
5.0108833540853783e-13
7.2364885046094770e-13
1.0158945216032569e-12
1.4870399402402572e-12
2.1467979080609434e-12
3.1164218765318464e-12
4.5040481268129752e-12
6.5197933969200665e-12
9.3941252765646285e-12
1.3496835993677879e-11
1.9318358557211039e-11
2.7634237063222913e-11
3.9434427654681947e-11
5.6163245562635795e-11
7.9811451745074365e-11
1.1320450983780680e-10
1.6023967740979191e-10
2.2629060272061124e-10
3.1887762509880895e-10
4.4843697836613641e-10
6.2931678561584434e-10
8.8130363156282458e-10
1.2315956075906064e-09
1.7175208725911009e-09
2.3901353721071372e-09
3.3191620357867381e-09
4.5996483943612903e-09
6.3607839279585637e-09
8.7778140134324085e-09
1.2087858577283941e-08
1.6611251099472167e-08
2.2779534079057923e-08
3.1172806327375463e-08
4.2569213039560324e-08
5.8010135609832866e-08
7.8886215380725767e-08
1.0705010645199591e-07
1.4496455240161153e-07
1.9589591621783986e-07
2.6416651730627492e-07
3.5548301858743105e-07
4.7736299871830766e-07
6.3968683700194160e-07
8.5541110920081484e-07
1.1414873492316611e-06
1.5200438535934018e-06
2.0199001968640251e-06
2.6785051004157692e-06
3.5444090252587172e-06
4.6804106942264231e-06
6.1675526020772010e-06
8.1101808946954600e-06
1.0642336847888051e-05
1.3935810549278652e-05
1.8210264099541336e-05
2.3745921785751452e-05
3.0899439170327542e-05
4.0123696617213717e-05
5.1992422853104189e-05
6.7230749171494377e-05
8.6753023973982333e-05
1.1170949025417688e-04
1.4354375240922072e-04
1.8406333922888572e-04
2.3552611848396616e-04
3.0074584074917676e-04
3.8322070142858214e-04
4.8728951836349971e-04
6.1832094038889198e-04
7.8294204616401013e-04
9.8931377221961520e-04
1.2474618419038666e-03
1.5696732667994377e-03
1.9709700743260439e-03
2.4696736923279132e-03
3.0880754118983106e-03
3.8532305597965919e-03
4.7978964571119701e-03
5.9616369262548196e-03
7.3921190384221673e-03
9.1466309669472404e-03
1.1293853223680915e-02
1.3915919186873809e-02
1.7110804664728741e-02
2.0995090237161815e-02
2.5707144243535249e-02
3.1410778471517846e-02
3.8299432784413029e-02
4.6600949007842542e-02
5.6582998279160135e-02
6.8559229613143827e-02
8.2896210513769220e-02
1.0002123289243775e-01
1.2043105915154505e-01
1.4470168384729654e-01
1.7349918562734379e-01
2.0759174189622812e-01
2.4786287463126538e-01
2.9532598967229939e-01
3.5114026335502152e-01
4.1662791925620102e-01
4.9329292378710426e-01
5.8284111212780720e-01
6.8720173529046436e-01
8.0855039470558598e-01
9.4933330246245573e-01
1.1122927730763605e+00
1.3004938163415227e+00
1.5173516604812260e+00
1.7666599905468321e+00
2.0526196390687703e+00
2.3798674146784884e+00
2.7535047002826030e+00
3.1791253960102317e+00
3.6628427243540531e+00
4.2113143566282432e+00
4.8317652621722740e+00
5.5320076259048783e+00
6.3204571272890027e+00
7.2061448260660610e+00
8.1987238589310412e+00
9.3084701184390504e+00
1.0546276062702958e+01
1.1923636793757007e+01
1.3452627545705953e+01
1.5145871742786401e+01
1.7016498823967918e+01
1.9078091086286289e+01
2.1344618875080226e+01
2.3830363546767121e+01
2.6549827749471628e+01
2.9517632709036761e+01
3.2748402372568464e+01
3.6256634448043954e+01
4.0056558585451000e+01
4.4161982170626132e+01
4.8586124445019351e+01
5.3341439920000937e+01
5.8439432319398321e+01
6.3890460554462081e+01
6.9703538506621484e+01
7.5886130659909540e+01
8.2443945881113876e+01
8.9380731885524270e+01
9.6698073143372881e+01
1.0439519517041043e+02
1.1246877829930165e+02
1.2091278414066717e+02
1.2971829800804397e+02
1.3887339059473263e+02
1.4836300214813303e+02
1.5816885228529691e+02
1.6826937842964116e+02
1.7863970562183022e+02
1.8925165016779013e+02
2.0007375923505995e+02
2.1107138809805423e+02
2.2220681626758011e+02
2.3343940322584447e+02
2.4472578393230856e+02
2.5602010367651786e+02
2.6727429124104157e+02
2.7843836871150688e+02
2.8946079564283281e+02
3.0028884467316993e+02
3.1086900508207469e+02
3.2114741022950778e+02
3.3107028429950361e+02
3.4058440331847316e+02
3.4963756503390056e+02
3.5817906193440183e+02
3.6616015147510626e+02
3.7353451744983550e+02
3.8025871642856464e+02
3.8629260325810196e+02
3.9159972980670841e+02
3.9614771141820910e+02
3.9990855592454238e+02
4.0285895054205503e+02
4.0498050253852040e+02
4.0625993019526203e+02
4.0668920129066544e+02
4.0626561708501850e+02
4.0499184057813392e+02
4.0287586862581662e+02
3.9993094832363823e+02
3.9617543888118394e+02
3.9163262100166423e+02
3.8633045653573805e+02
3.8030130188067767e+02
3.7358157923389132e+02
3.6621141037201608e+02
3.5823421810376107e+02
3.4969630092871023e+02
3.4064638671980060e+02
3.3113517143066065e+02
3.2121484890913712e+02
3.1093863787602203e+02
3.0036031200615628e+02
2.8953373883268961e+02
2.7851243289104116e+02
2.6734912813540643e+02
2.5609537420719727e+02
2.4480116062241677e+02
2.3351457238530656e+02
2.2228147994081675e+02
2.1114526576096281e+02
2.0014658923228131e+02
1.8932319088539339e+02
1.7870973639457435e+02
1.6833770018579878e+02
1.5823528793560712e+02
1.4842739672872383e+02
1.3893561117678331e+02
1.2977823338950412e+02
1.2097034433749593e+02
1.1252389385541623e+02
1.0444781630683697e+02
9.6748168767978754e+01
8.9428288485190066e+01
8.2488966318295383e+01
7.5928632895272315e+01
6.9743554268833506e+01
6.3928033977338394e+01
5.8474618565446981e+01
5.3374303808059523e+01
4.8616739098140982e+01
4.4190427698712121e+01
4.0082920815378159e+01
3.6281003712234565e+01
3.2770872365138160e+01
2.9538299416864319e+01
2.6568788463793666e+01
2.3847715959237330e+01
2.1360460260669019e+01
1.9092517573950573e+01
1.7029604754707414e+01
1.5157749113529510e+01
1.3463365536444277e+01
1.1933321374473511e+01
1.0554989675914729e+01
9.3162914325970618e+00
8.2057275874821016e+00
7.2124016066755745e+00
6.3260334555400259e+00
5.5369658377160071e+00
4.8361635592036532e+00
4.2152068690579680e+00
3.6662796055955287e+00
3.1821529441885188e+00
2.7561655015875712e+00
2.3822005040473915e+00
2.0546606740153024e+00
1.7684414343322779e+00
1.5189029712128110e+00
1.3018416389712903e+00
1.1134611316547018e+00
9.5034379037128924e-01
8.0942236094762021e-01
6.8795246524248832e-01
5.8348600147475971e-01
4.9384564463525676e-01
4.1710057767988784e-01
3.5154354786084629e-01
2.9566931026562115e-01
2.4815449234607043e-01
2.0783888879951332e-01
1.7370817543507558e-01
1.4487801339446330e-01
1.2057950104070655e-01
1.0014591971134895e-01
8.3000711060429111e-02
6.8646617600304174e-02
5.6655914010981724e-02
4.6661654530779799e-02
3.8349861015081158e-02
3.1452576796665549e-02
2.5741713073621993e-02
2.1023616976534355e-02
1.7134293538996918e-02
1.3935217343446937e-02
1.1309673494396509e-02
9.1595716542416106e-03
7.4026810581256470e-03
5.9702386132967260e-03
4.8048863116152600e-03
3.8588981867368082e-03
3.0926608808775273e-03
2.4733755215958406e-03
1.9739520208236659e-03
1.5720700837152531e-03
1.2493841459851459e-03
9.9085214716683836e-04
7.8417049154645474e-04
6.1929976218514748e-04
4.8806774519526109e-04
3.8383809780997692e-04
3.0123458078891289e-04
2.3591217271499044e-04
1.8436762085172653e-04
1.4378306236733076e-04
1.1189729387226043e-04
8.6900087697028552e-05
6.7345661387397350e-05
5.2082018453182139e-05
4.0193402151099110e-05
3.0953552965342847e-05
2.3787840652105149e-05
1.8242666237935842e-05
1.3960802423635083e-05
1.0661571541710581e-05
8.1249528321981626e-06
6.1788726365683257e-06
4.6890667790861191e-06
3.5510138927353525e-06
2.6835339769517552e-06
2.0237207792635211e-06
1.5229402615567828e-06
1.1436783945274272e-06
8.5706495378863050e-07
6.4093256874638464e-07
4.7829926685625367e-07
3.5618519734273940e-07
2.6469199612452487e-07
1.9628835015910256e-07
1.4525697822847643e-07
1.0726753700001336e-07
7.9047548019410709e-08
5.8129564162869684e-08
4.2657418532362653e-08
3.1237863485951448e-08
2.2827382032800225e-08
1.6646406332851056e-08
1.2113594500209073e-08
8.7965573388024557e-09
6.3744435410515871e-09
4.6095586160098842e-09
3.3263288531454528e-09
2.3953240435268357e-09
1.7212528740057660e-09
1.2342736354485189e-09
8.8323194931002431e-10
6.3069118326664667e-10
4.4940311856569240e-10
3.1954026993555764e-10
2.2672189602651507e-10
1.6054378997906517e-10
1.1343924982567947e-10
7.9976968898298783e-11
5.6259690746773116e-11
3.9489478042287360e-11
2.7631945857098773e-11
1.9302338120070833e-11
1.3462545251824019e-11
9.3667238416305539e-12
6.4741765111623615e-12
4.4789876668256501e-12
3.0913903755155262e-12
2.1229319704911819e-12
1.4336881255904162e-12
9.6373922250308974e-13
6.2852130204354614e-13
4.0833609273697999e-13
2.7961885786953494e-13
1.6362026152414924e-13
7.4948973715616963e-14
9.0054648550664135e-15
-1.9113239968316403e-14
-5.1654671489986138e-14
-8.7760611033030231e-14
-6.5248702586027973e-14
-8.1389193678634135e-14
-9.4974629986116260e-14
-8.3137513679274089e-14
-6.3527948217153388e-14
-8.5709122954645239e-14
-6.0030723428096524e-14
-6.6614948690901305e-14
-4.3243697753898108e-14
-2.4362160760999782e-14
-2.6542169116519136e-14
4.4178843902750197e-15
8.8241049841930859e-15
3.3046494474802251e-15
-3.3002436069583029e-15
-2.1972146178296962e-14
0.0000000000000000e+00
-6.5738627304510701e-15
-4.3766168578951695e-15
4.3706378678970940e-15
1.3093914871915221e-14
1.3075854700133375e-14
1.3057733410892529e-14
0.0000000000000000e+00
1.7361745032023126e-14
2.1671676792073682e-14
1.7312858075620412e-14
1.2966221544687548e-14
2.1579567276885088e-14
-8.6194668991463706e-15
-8.6070678805471792e-15
-1.7189260148648962e-14
-8.5821537002960944e-15
-8.5696389787231816e-15
-3.4228344521215260e-14
-2.5633486128499560e-14
-2.5595600813591495e-14
-3.4076804149463285e-14
-8.5064978970536511e-15
-3.3975030958852393e-14
-3.3923923154112342e-14
-1.6936334534148421e-14
-5.0731904395873607e-14
-1.6884862819163534e-14
-6.7436076180755663e-14
-5.0499311780567015e-14
-6.7228471660149324e-14
-3.3562122922625923e-14
-6.7019740071816834e-14
-6.6914956151649225e-14
-6.6809895899220383e-14
-5.0028420848712069e-14
-6.6598953668484663e-14
-9.9739612997977436e-14
-8.2983659933418058e-14
-1.3256102667951448e-13
-1.1580420834575624e-13
-9.9100334670661059e-14
-6.5959684493715272e-14
-9.8778328974580706e-14
-9.8616744130101723e-14
-1.3127303329026116e-13
-9.8292424250987882e-14
-9.8129694746589382e-14
-9.7966589224021263e-14
-9.7803110455635815e-14
-9.7639261216539076e-14
-9.7475044284513200e-14
-9.7310462439938749e-14
-1.2952735795428968e-13
-6.4653476764795675e-14
-1.2908607369610427e-13
-9.6648541630370471e-14
-9.6482177014280505e-14
-9.6315464218152273e-14
-6.4098937358924159e-14
-6.3987336848908127e-14
-6.3875509815574761e-14
-9.5645187190493289e-14
-6.3651183652407325e-14
-4.7654016196620987e-14
-7.9282467284589506e-14
-7.9141302776705237e-14
-7.8999869145782236e-14
-9.4629802481629276e-14
-6.2972963109900579e-14
-7.8573976948790000e-14
-4.7058894158900341e-14
-6.2630996945832176e-14
-4.6887448229256625e-14
-4.6801497127562786e-14
-4.6715395813723224e-14
-6.2172194263395252e-14
-4.6542748189180931e-14
-3.0970803132718331e-14
-3.0913011091967675e-14
-5.3996466319536158e-14
-4.6195712446590513e-14
-3.0739066092513853e-14
