1.3559461877004098e-13
6.9676296341554479e-13
-1.1381943796875931e-12
1.0512835962826931e-12
2.5168765657852103e-13
-2.6396682375374918e-13
5.1938639131067680e-13
-7.2842147635106279e-13
-6.5357006976920127e-13
1.0075043590913466e-12
-5.9434311257866703e-13
5.9328790089340857e-13
-4.0974580068876768e-15
-8.8062950386199277e-15
9.6402299334429061e-13
1.0046494984641206e-12
9.5383322547951397e-13
-2.4119307489134496e-12
-1.0804220281040763e-12
-2.0119154403994195e-12
-2.8233020151391838e-12
-5.4419963212244205e-12
-5.2278806084559076e-12
-7.9356984184706495e-12
-1.1167716975763100e-11
-1.7511274496854767e-11
-2.5038016130887202e-11
-3.8047932098588202e-11
-5.3610859432006372e-11
-8.0377075361583273e-11
-1.1361726184983984e-10
-1.6493825864824195e-10
-2.3676598311247642e-10
-3.4449420476176442e-10
-4.8890801212000285e-10
-7.0092247009106218e-10
-9.9930876194583568e-10
-1.4150642558131042e-09
-2.0012460054012498e-09
-2.8259012087319654e-09
-3.9687875959877678e-09
-5.5627784864322887e-09
-7.7749466478919969e-09
-1.0827246417425751e-08
-1.5036423517886749e-08
-2.0816513962768621e-08
-2.8733640201908688e-08
-3.9541055576910042e-08
-5.4249877590661382e-08
-7.4216338319281648e-08
-1.0122036636787920e-07
-1.3765323189555543e-07
-1.8663571882575563e-07
-2.5230720396773925e-07
-3.4008585283172141e-07
-4.5705442217438945e-07
-6.1244337551850334e-07
-8.1825659576970155e-07
-1.0900155271880708e-06
-1.4477562949087793e-06
-1.9172384870140938e-06
-2.5314587083883476e-06
-3.3325480336853292e-06
-4.3741074447028761e-06
-5.7240614481389878e-06
-7.4681930699065058e-06
-9.7144197615374972e-06
-1.2597976904983013e-05
-1.6287673050075564e-05
-2.0993390055506368e-05
-2.6974976753381410e-05
-3.4552794992249071e-05
-4.4120078491033861e-05
-5.6157331762515149e-05
-7.1248907896298159e-05
-9.0102008497387309e-05
-1.1356809720468154e-04
-1.4266679472174024e-04
-1.7861214328777431e-04
-2.2284088820566375e-04
-2.7704225040921698e-04
-3.4318836364093471e-04
-4.2356397198924946e-04
-5.2079355800314301e-04
-6.3786339597902302e-04
-7.7813496273089271e-04
-9.4534516541766817e-04
-1.1435875310953653e-03
-1.3772666932443587e-03
-1.6510166367771535e-03
-1.9695707562945811e-03
-2.3375689351421884e-03
-2.7592835142009188e-03
-3.2382422095945736e-03
-3.7767214914772966e-03
-4.3750788729067548e-03
-5.0308866504773396e-03
-5.7378232353828837e-03
-6.4842707286062425e-03
-7.2515595223222621e-03
-8.0117918393881726e-03
-8.7251666540001521e-03
-9.3367184431063736e-03
-9.7723716191122807e-03
-9.9342016131013355e-03
-9.6947827007282834e-03
-8.8904918027755981e-03
-7.3136272377748853e-03
-4.7031921164441600e-03
-7.3418410327876112e-04
4.9947727048357156e-03
1.2975621386653834e-02
2.3807058944475087e-02
3.8212880013853825e-02
5.7062632313326055e-02
8.1394724279465827e-02
1.1244210396336586e-01
1.5166059983420868e-01
2.0075997685333447e-01
2.6173771536086504e-01
3.3691546414029194e-01
4.2897805277872975e-01
5.4101487128687453e-01
6.7656333702746552e-01
8.3965407012740501e-01
1.0348572896312056e+00
1.2673298241677919e+00
1.5428620043177774e+00
1.8679235709841404e+00
2.2497075970293752e+00
2.6961712809817069e+00
3.2160723352736258e+00
3.8189995607642748e+00
4.5153960787913281e+00
5.3165735860645649e+00
6.2347159121607394e+00
7.2828700984935955e+00
8.4749231883113065e+00
9.8255629236517166e+00
1.1350220593952317e+01
1.3064994376085956e+01
1.4986551652515544e+01
1.7132008995782563e+01
1.9518788767428131e+01
2.2164451598369322e+01
2.5086504396687832e+01
2.8302183965556203e+01
3.1828216806195183e+01
3.5680556222431903e+01
3.9874098428247692e+01
4.4422379977776764e+01
4.9337259478220226e+01
5.4628587195968336e+01
6.0303866811155167e+01
6.6367914198414169e+01
7.2822518695004035e+01
7.9666112842772705e+01
8.6893457039051796e+01
9.4495345884544847e+01
1.0245834325599670e+02
1.1076455324051113e+02
1.1939143403265686e+02
1.2831166170190198e+02
1.3749305037773007e+02
1.4689853486673431e+02
1.5648622100904785e+02
1.6620950820299441e+02
1.7601728748487355e+02
1.8585421735746624e+02
1.9566107823420657e+02
2.0537520492742024e+02
2.1493099508628285e+02
2.2426048991299740e+02
2.3329402188910109e+02
2.4196092266386896e+02
2.5019028273272349e+02
2.5791175310405424e+02
2.6505637785738037e+02
2.7155744537172438e+02
2.7735134508528665e+02
2.8237841596746705e+02
2.8658377246841894e+02
2.8991809358033703e+02
2.9233836081299813e+02
2.9380853136053582e+02
2.9430013351666508e+02
2.9379277247264946e+02
2.9227453599021840e+02
2.8974229105589751e+02
2.8620186446231884e+02
2.8166810228863528e+02
2.7616480542180165e+02
2.6972454052593804e+02
2.6238832817627161e+02
2.5420521217455337e+02
2.4523171630047818e+02
2.3553119687602376e+02
2.2517310147705521e+02
2.1423214587238192e+02
2.0278742276491298e+02
1.9092145711721841e+02
1.7871922373842386e+02
1.6626714337167641e+02
1.5365207374106177e+02
1.4096031189222367e+02
1.2827662369918184e+02
1.1568331562662873e+02
1.0325936275541476e+02
9.1079605730255807e+01
7.9214027708743942e+01
6.7727120622089586e+01
5.6677348145610694e+01
4.6116710768808389e+01
3.6090416299924726e+01
2.6636657086538182e+01
1.7786493229145421e+01
9.5638391524040198e+00
1.9855491192040764e+00
-4.9384043392149124e+00
-1.1204666518775317e+01
-1.6816159800087181e+01
-2.1781675662199088e+01
-2.6115409758139545e+01
-2.9836450819124735e+01
-3.2968234369122811e+01
-3.5537972208810416e+01
-3.7576068382324060e+01
-3.9115531890908812e+01
-4.0191395787820007e+01
-4.0840151504504938e+01
-4.1099206347535301e+01
-4.1006371098571840e+01
-4.0599383575174848e+01
-3.9915472898112156e+01
-3.8990968088948200e+01
-3.7860953515881789e+01
-3.6558972640127010e+01
-3.5116780509972436e+01
-3.3564144522607691e+01
-3.1928692139055663e+01
-3.0235803505484739e+01
-2.8508546311983718e+01
-2.6767649711404264e+01
-2.5031513726218190e+01
-2.3316250289152109e+01
-2.1635751887516275e+01
-2.0001783706152843e+01
-1.8424095179668939e+01
-1.6910546962222309e+01
-1.5467249490721292e+01
-1.4098709544036884e+01
-1.2807981474466068e+01
-1.1596820097148127e+01
-1.0465832557121438e+01
-9.4146268417250702e+00
-8.4419549589633238e+00
-7.5458491513146537e+00
-6.7237498524215535e+00
-5.9726244145561047e+00
-5.2890759331450221e+00
-4.6694417669418380e+00
-4.1098815961413253e+00
-3.6064550742304782e+00
-3.1551893119820336e+00
-2.7521365840068706e+00
-2.3934227705890962e+00
-2.0752871415416418e+00
-1.7941141567758188e+00
-1.5464580022219765e+00
-1.3290606024921578e+00
-1.1388638558189177e+00
-9.7301682506640041e-01
-8.2887859394333396e-01
-7.0401746211122784e-01
-5.9620710970532897e-01
-5.0342031266480924e-01
-4.2382073742702336e-01
-3.5575328889131280e-01
-2.9773343040973893e-01
-2.4843584029793481e-01
-2.0668271726804049e-01
-1.7143199764162395e-01
-1.4176570122097232e-01
-1.1687858057660473e-01
-9.6067210308595344e-02
-7.8719619150529427e-02
-6.4305537849831895e-02
-5.2367310462190737e-02
-4.2511494742761134e-02
-3.4401159346721284e-02
-2.7748870928329658e-02
-2.2310352362798574e-02
-1.7878784489755516e-02
-1.4279717133940037e-02
-1.1366550578357745e-02
-9.0165457926558376e-03
-7.1273205511762378e-03
-5.6137881016642219e-03
-4.4054960327362669e-03
-3.4443243194814343e-03
-2.6825036383524023e-03
-2.0809173564521393e-03
-1.6076532540018008e-03
-1.2367739424695109e-03
-9.4727744947491524e-04
-7.2222257393267147e-04
-5.4799599864053400e-04
-4.1370087526249510e-04
-3.1064890909351104e-04
-2.3194028556595462e-04
-1.7211760684409158e-04
-1.2688212183244087e-04
-9.2861946646201739e-05
-6.7423597390898923e-05
-4.8519341713046545e-05
-3.4564168837527140e-05
-2.4336965613485389e-05
-1.6901553956877988e-05
-1.1543848199749486e-05
-7.7220475348212228e-06
-5.0273619234117304e-06
-3.1531857939757114e-06
-1.8710111167387693e-06
-1.0116662099271975e-06
-4.5084551532566477e-07
-9.7943551010487637e-08
1.1249587886598600e-07
2.2728602074084761e-07
2.7951393780641738e-07
2.9226191228960422e-07
2.8136161826187127e-07
2.5745870136026644e-07
2.2754016784535543e-07
1.9601566298463103e-07
1.6554011959829182e-07
1.3758438635520530e-07
1.1284291219132649e-07
9.1506109243585418e-08
7.3478007909318010e-08
5.8488919471957341e-08
4.6195621994351088e-08
3.6228033989224380e-08
2.8228149144850940e-08
2.1862937208589554e-08
1.6835143030217895e-08
1.2899705900856753e-08
9.8342057612381577e-09
7.4588861364361621e-09
5.6320472492169534e-09
4.2354510930942622e-09
3.1694743601710554e-09
2.3645964656580707e-09
1.7549897963302631e-09
1.2982307483285608e-09
9.5882690683176712e-10
7.0262727173728652e-10
5.1360518058144591e-10
3.7588534328335510e-10
2.7462132403747174e-10
1.9863961343338213e-10
1.4276225901054373e-10
1.0441558966943878e-10
7.4734269087108373e-11
5.3804089367201506e-11
3.6900211175319989e-11
2.5371845708755860e-11
1.7884785803249874e-11
1.3100684896527278e-11
1.0041567772922112e-11
6.6385242044885182e-12
5.2794337034343113e-12
3.3682047235128206e-12
1.5288276894503402e-12
1.6601142234165078e-12
2.2279861180188815e-12
1.5989959327045067e-12
2.2607673302168899e-12
5.4303369697371457e-13
-4.0186635098543908e-13
1.1618044269421854e-12
1.5126038616008188e-12
-6.9985363595373465e-13
1.0056053499878018e-12
1.0340494730579353e-12
9.1102556377464884e-13
-1.7761168582323859e-12
8.5318053559576925e-13
1.0721405981995730e-12
7.3114585444550731e-13
4.6766344449529763e-13
-2.0609732217989933e-12
9.1781297069869677e-13
1.2127165438277957e-12
-1.1404732554017079e-12
-3.4417226530124637e-13
1.9442540109244873e-12
-4.7972034395663430e-13
-1.8472190826575229e-12
-1.0830069220350907e-12
4.3689709089435429e-13
-5.0447885864225816e-13
2.5241599657388507e-12
-6.7730874997050840e-14
2.1961664077683907e-13
6.1875279166980723e-13
1.4283577954772154e-12
-3.1824466019898416e-12
3.5538755438126679e-13
-8.7087814538447795e-13
1.0041929922972771e-12
-1.9649551344614150e-13
1.5490249010618440e-12
-3.0852172344095531e-12
8.8669633815068747e-13
2.0897484900315749e-12
6.9731177839962427e-13
-8.9225173910434674e-13
1.2717563188929358e-12
-1.2037746577795877e-12
-9.3671283442447884e-13
8.0341660135022915e-13
-2.5235146958246567e-13
-5.2121588018817284e-13
-5.8309487594427158e-13
-7.6880267813741381e-13
-6.0727703636817359e-13
5.0492875084077268e-13
9.4743544875902617e-13
-1.4430533119762488e-12
1.1933110468972093e-12
1.7033943586861979e-12
-9.2128215177272168e-13
-5.9965747071401581e-13
-2.4247989076458464e-13
-1.2779281075007911e-12
1.4838647557876044e-12
6.8129967754533274e-13
6.4195871942310630e-13
8.8027366213982862e-13
1.5766773503070767e-12
7.1722202373188770e-13
-2.1585005758742496e-12
1.3889890257319739e-13
-4.0151109296574533e-13
-1.0327995685455991e-12
9.3402574568127990e-13
4.0999449191023447e-13
-3.9721595600584978e-13
6.5784243521016974e-13
-5.4539127098973512e-14
-1.9361195094831440e-12
1.9745296503265880e-12
4.9880486885664399e-14
-2.6611529998632328e-12
7.0977491425184971e-13
1.6415963759105967e-12
-2.5544777169118714e-13
-7.4588831807850125e-15
-3.1866554224761791e-13
1.8119889710654565e-12
8.1645640417314626e-13
2.8770790654170047e-12
-1.3014031109884543e-12
8.1639805663158191e-13
-2.4043083681726504e-13
1.1943156354040544e-12
-1.2986368683276322e-12
1.6625296198769065e-12
1.1251752670315991e-12
-7.6025874617902760e-13
3.9344747339260072e-13
-2.0199082406089946e-13
-1.9907766696076409e-12
2.9459996294390024e-13
1.2686085794817506e-13
-1.5425629719132345e-12
1.0743551434668384e-12
2.3384314055280147e-13
-1.2866576073288965e-13
-1.1045630658765915e-12
2.7761528059437306e-12
-3.4571874219649382e-13
7.4876963536146058e-13
1.3875510450228382e-13
5.5056137463199461e-13
-1.9421827493370863e-12
1.4357516300346374e-12
-5.6427490077938001e-13
1.3018558188990148e-12
-4.7466735197659252e-13
1.5358418237564982e-12
-1.5282591153300352e-12
8.6648769639903459e-14
9.4597056662048489e-13
-1.6878551343966448e-12
-2.2051978481717030e-12
1.6241610817615941e-12
-1.9766873747733794e-13
-2.1867096948160237e-13
1.7601448966403547e-12
2.9491281384550677e-13
4.5184878278663968e-14
1.6427656327537475e-12
3.4037938700832964e-13
4.9269765437868970e-14
5.0951351405218445e-13
-3.1712290470679665e-13
-3.0064094248755972e-13
-5.5029227460801905e-13
7.3008026472416872e-13
-1.3649487954366195e-13
1.0484098842899447e-13
