6.7590455616306259e-14
-9.6004028102379476e-13
1.2813612277860445e-12
1.5020608181245212e-12
-3.3853541710693241e-13
-2.7759853491093853e-13
1.9507604770772298e-12
-1.6757883515384541e-12
-1.0212669733975549e-12
3.6306072468299737e-12
-3.8630785889199142e-13
1.4570179681416196e-12
-4.5276373822601181e-13
-3.8164390376121216e-13
7.5710128904161214e-13
2.2388939429895375e-12
3.3319634315631554e-13
8.3130186473552837e-13
-7.7591441795858929e-13
1.8232288905950124e-12
-5.5585504841273531e-13
7.5664212348156833e-13
3.3094226908732314e-12
4.7466134894715457e-13
-5.0056826178879912e-13
-1.7351401009878150e-13
-1.8945386937715980e-12
1.6730762255798027e-12
1.4456232524884090e-12
-4.5747145703601162e-13
1.9206202905976550e-12
2.4291962827790133e-12
1.2334401816039166e-13
-8.0788177622591327e-13
1.4471587747246247e-13
9.1429194130665513e-13
2.1425829981920956e-13
6.0308912424295062e-13
1.2670203202942331e-12
7.2273064420856851e-13
-1.1227952349791813e-12
-1.5271791964976685e-12
9.5380030422475673e-13
1.3218420679607971e-12
1.9464837478364983e-12
-2.1944288664804142e-12
-1.8768261258740039e-12
-7.2658093920507325e-13
-2.6721052115568308e-12
-3.7720393064137555e-12
-5.0542685765178134e-12
-8.1230950116580460e-12
-1.2789701636014965e-11
-1.4620903522173563e-11
-2.4524253297898427e-11
-3.2103897058855773e-11
-4.3252022313586791e-11
-5.7872017790727581e-11
-8.0872502494786159e-11
-1.0772563823182225e-10
-1.4449170714262294e-10
-1.8906644085141572e-10
-2.4576721146426933e-10
-3.1714487083272296e-10
-4.0197541058977767e-10
-4.9730482010816637e-10
-6.0631120188887698e-10
-7.1591558066535317e-10
-8.1063716536066976e-10
-8.5976857859699001e-10
-8.2758512216151508e-10
-6.3255784748421358e-10
-1.6416126085029445e-10
7.4853409145030427e-10
2.3574125549513919e-09
5.0401406098789239e-09
9.3300337177023457e-09
1.6003248779043671e-08
2.6134254094102663e-08
4.1254788539431993e-08
6.3469072815791613e-08
9.5673036021698546e-08
1.4181559597118931e-07
2.0723198678130111e-07
2.9908170218839726e-07
4.2689732120786005e-07
6.0326700305695826e-07
8.4471252203715366e-07
1.1727264556839369e-06
1.6150764178627343e-06
2.2073594598432169e-06
2.9948366878572421e-06
4.0346000679103679e-06
5.3980447940109211e-06
7.1736456116654348e-06
9.4699932337758130e-06
1.2418977511336617e-05
1.6178959848685979e-05
2.0937683916386922e-05
2.6914482123071921e-05
3.4361270316498445e-05
4.3561520540744344e-05
5.4826130023355892e-05
6.8484756101970046e-05
8.4870756096018022e-05
1.0429727127120519e-04
1.2702133813298079e-04
1.5319210630850632e-04
1.8277826302203886e-04
2.1546863561683222e-04
2.5053861965455398e-04
2.8667362728796342e-04
3.2173905520407816e-04
3.5248440227056969e-04
3.7416731157523324e-04
3.8008113750058594e-04
3.6096759839417483e-04
3.0429409811124275e-04
1.9337349303708264e-04
6.3025076447586556e-06
-2.8530557286832750e-04
-7.1781871077626397e-04
-1.3373377710257036e-03
-2.2017229809424745e-03
-3.3829115762160681e-03
-4.9695361121811447e-03
-7.0698431570230744e-03
-9.8148988952751603e-03
-1.3362050838828363e-02
-1.7898593101447535e-02
-2.3645555526057172e-02
-3.0861504420554332e-02
-3.9846203746814204e-02
-5.0943940530619694e-02
-6.4546266618306841e-02
-8.1093851084603139e-02
-1.0107707395342636e-01
-1.2503492333917229e-01
-1.5355168607807887e-01
-1.8725084813277629e-01
-2.2678554814319579e-01
-2.7282485824521496e-01
-3.2603510496871885e-01
-3.8705539339751943e-01
-4.5646646556254356e-01
-5.3475201459092458e-01
-6.2225159558928922e-01
-7.1910432955938963e-01
-8.2518269411574052e-01
-9.4001584145065886e-01
-1.0627020858715712e+00
-1.1918104663584088e+00
-1.3252716178140322e+00
-1.4602585814704219e+00
-1.5930586509432036e+00
-1.7189378838453158e+00
-1.8320005054916126e+00
-1.9250460825816003e+00
-1.9894280392943169e+00
-2.0149178096969069e+00
-1.9895796489819069e+00
-1.8996618365203524e+00
-1.7295106684073431e+00
-1.4615142224632363e+00
-1.0760833499498867e+00
-5.5167766695087639e-01
1.3511555443979315e-01
1.0094417982265436e+00
2.0979715943015287e+00
3.4286179331011608e+00
5.0301730550873689e+00
6.9318602189819982e+00
9.1627977685309041e+00
1.1751374895897616e+01
1.4724540926844744e+01
1.8107012700373073e+01
2.1920407639655011e+01
2.6182313350743222e+01
3.0905307963825628e+01
3.6095948854954962e+01
4.1753750746739591e+01
4.7870177363797900e+01
5.4427673683464342e+01
6.1398768238923424e+01
6.8745276763873292e+01
7.6417639582847528e+01
8.4354425425884173e+01
9.2482033672791729e+01
1.0071462532348518e+02
1.0895431018733544e+02
1.1709161385746100e+02
1.2500624299405145e+02
1.3256816133210506e+02
1.3963898174370459e+02
1.4607367175618933e+02
1.5172256133011899e+02
1.5643363264920930e+02
1.6005506241690279e+02
1.6243797796913097e+02
1.6343937969715216e+02
1.6292517413840318e+02
1.6077325494615471e+02
1.5687656309021801e+02
1.5114605334709697e+02
1.4351349165197348e+02
1.3393400740252375e+02
1.2238832646835958e+02
1.0888461454572494e+02
9.3459866611939134e+01
7.6180786508823431e+01
5.7144110973470937e+01
3.6476344518055051e+01
1.4332885146050177e+01
-9.1034643740349814e+00
-3.3624589483201795e+01
-5.8999735096401537e+01
-8.4978713619043432e+01
-1.1129559326714586e+02
-1.3767279647954223e+02
-1.6382552604738757e+02
-1.8946642643538647e+02
-2.1431037998511590e+02
-2.3807933255708051e+02
-2.6050704088602231e+02
-2.8134363460305661e+02
-3.0035988953277035e+02
-3.1735111541863063e+02
-3.3214057048664881e+02
-3.4458232695530273e+02
-3.5456352538845482e+02
-3.6200597124903112e+02
-3.6686704367140794e+02
-3.6913990382121381e+02
-3.6885300772444958e+02
-3.6606894559608503e+02
-3.6088264597289879e+02
-3.5341899788359291e+02
-3.4382995745073254e+02
-3.3229121636002907e+02
-3.1899851827457752e+02
-3.0416371532300508e+02
-2.8801066014706879e+02
-2.7077102964282449e+02
-2.5268017454487551e+02
-2.3397308454179006e+02
-2.1488055190343368e+02
-1.9562560794121043e+02
-1.7642029635355306e+02
-1.5746283601123019e+02
-1.3893521341144404e+02
-1.2100123228294741e+02
-1.0380503505666157e+02
-8.7470098504442305e+01
-7.2098694138480170e+01
-5.7771793255801683e+01
-4.4549387057990259e+01
-3.2471184269263127e+01
-2.1557642251752462e+01
-1.1811282850445119e+01
-3.2182411084100324e+00
4.2500064617783631e+00
1.0634787269112122e+01
1.5988303399929643e+01
2.0371676667286184e+01
2.3853013042046062e+01
2.6505526853418004e+01
2.8405759802491925e+01
2.9631924061497248e+01
3.0262392743572924e+01
3.0374355019929414e+01
3.0042647310981717e+01
2.9338766440266472e+01
2.8330065543968690e+01
2.7079128975800611e+01
2.5643318510085390e+01
2.4074479871002985e+01
2.2418796022352169e+01
2.0716771735613040e+01
1.9003332689769675e+01
1.7308021700567600e+01
1.5655274574045931e+01
1.4064758460715675e+01
1.2551756379695737e+01
1.1127582708367612e+01
9.8000158149916228e+00
8.5737355738803842e+00
7.4507551739369955e+00
6.4308383474633528e+00
5.5118948498846008e+00
4.6903486645064607e+00
3.9614749498190247e+00
3.3197031602165779e+00
2.7588850324156047e+00
2.2725272256644637e+00
1.8539893284039115e+00
1.4966486967120383e+00
1.1940341772158152e+00
9.3993119866479258e-01
7.2846100518884660e-01
5.5413696689078940e-01
4.1190095570927937e-01
2.9714273516784756e-01
2.0570519849747793e-01
1.3387811763840426e-01
7.8382851836750825e-02
3.6350222465111125e-02
5.2935034376068871e-03
-1.6921785519732089e-02
-3.2109853715647875e-02
-4.1797200346785544e-02
-4.7254809966215033e-02
-4.9529241938803446e-02
-4.9472061238747436e-02
-4.7767222617766968e-02
-4.4956161014947572e-02
-4.1460458702912130e-02
-3.7602055670744386e-02
-3.3621045352086251e-02
-2.9691155658582109e-02
-2.5933056770041558e-02
-2.2425665473212425e-02
-1.9215631996524690e-02
-1.6325202844034978e-02
-1.3758652284591949e-02
-1.1507469540006728e-02
-9.5544780033511040e-03
-7.8770499694427471e-03
-6.4495652001541936e-03
-5.2452459749512837e-03
-4.2374853632567953e-03
-3.4007698675899535e-03
-2.7112829151072215e-03
-2.1472621670001494e-03
-1.6891711015853308e-03
-1.3197345240858820e-03
-1.0238778635446066e-03
-7.8860191628525426e-04
-6.0281760547103947e-04
-4.5715939184129856e-04
-3.4379118701172840e-04
-2.5621463716612449e-04
-1.8908646861899250e-04
-1.3804931466006754e-04
-9.9578305249863852e-05
-7.0844572079375626e-05
-4.9595652823094602e-05
-3.4052148125865122e-05
-2.2819532542913992e-05
-1.4813743023272179e-05
-9.1990510933815325e-06
-5.3367169132321183e-06
-2.7429766789067421e-06
-1.0549101960751420e-06
-3.0728078022116965e-09
6.1037605573919493e-07
9.2888928243131753e-07
1.0550441667745383e-06
1.0610021907212695e-06
9.9656463586010590e-07
8.9527872828154131e-07
7.7907025100132652e-07
6.6166089861407696e-07
5.5111839961562634e-07
4.5169313216548766e-07
3.6512815283412793e-07
2.9160834936758244e-07
2.3039033707731221e-07
1.8025290287309822e-07
1.3975528187422473e-07
1.0744726982747981e-07
8.1955205889050146e-08
6.2043285808756531e-08
4.6628156975266174e-08
3.4796545979857720e-08
2.5790234161713264e-08
1.8987626747945691e-08
1.3886875880450705e-08
1.0089178838222705e-08
7.2795547897134946e-09
5.2182264590326735e-09
3.7194514306785209e-09
2.6273723629987754e-09
1.8460234068835246e-09
1.2889447202865275e-09
8.9011225742916347e-10
6.1284143472470231e-10
4.1564759286553136e-10
2.8018753920024047e-10
1.8440339791875221e-10
1.2295967670392238e-10
7.9646459652562846e-11
5.2493365187793995e-11
3.1393343886620388e-11
2.0474586984245854e-11
1.0175432485616283e-11
6.4386348154141629e-12
4.7323124727793713e-12
2.1620158740209370e-12
-2.3707008977968237e-13
8.1903234341375879e-13
1.5290586205963914e-15
-5.1604094438675825e-13
-1.2850863335891121e-12
-8.0613041488013704e-13
1.5019034440832163e-12
4.8761591266039040e-13
4.6284274710049769e-14
-1.1133208515373185e-13
-6.1951959915321264e-14
-3.1101351136429673e-13
6.1163420095084037e-13
-3.4462533747396976e-13
1.5628955299469484e-12
-1.3811699912608732e-13
-1.2141665039241542e-13
8.5406367210017016e-14
2.7361080630600553e-13
1.2314804898876904e-12
-2.5247522951658836e-12
7.2721633637647871e-13
-8.1113061942360709e-13
1.4918783948100364e-13
1.5038683319009704e-13
8.3404832336308076e-13
4.2967036373304224e-13
3.8574554051310282e-13
3.2414891733189631e-12
1.1549280627071840e-12
8.8669956968404736e-14
1.7085413867965004e-12
-2.1448755830590337e-13
4.0238579046775531e-12
5.4323415322221793e-13
2.6596035572629529e-12
3.3711737237816783e-13
1.3386046513725738e-12
-1.4780247928373085e-12
-1.9528300579977491e-12
-7.4432254379763898e-13
2.2847370524941696e-13
-2.0682940509109583e-12
-8.5313897015228606e-13
-1.9291550312591628e-12
2.0477453730025965e-12
-4.6334533370839388e-13
1.3617919822546695e-12
-2.9440966171859989e-13
9.5343923407872483e-13
2.2878613460390069e-13
3.5909001484975637e-13
4.8406284435295340e-14
1.9986912553949416e-12
3.6143667127386383e-14
-1.5526980116921484e-12
-8.6732786788065356e-13
1.5884215140684117e-12
3.1428543189977764e-13
6.6141824551830749e-13
5.7685404567820902e-13
8.5221344757717711e-13
3.0351163339823538e-13
-2.6721310643514907e-13
-1.1764934910371260e-12
3.5296114618345196e-13
7.9155593652452685e-13
5.5960919796467628e-13
1.4004718604586471e-12
-4.8333413917768867e-13
2.1176278224704628e-12
7.6985839140066599e-13
1.8133333855680555e-12
-2.5564759256697910e-13
6.2610135999234584e-13
1.2765462984804083e-13
9.7266117915785252e-13
-1.2198009863778799e-12
2.9830200089979539e-12
1.3645449761649211e-12
-9.2486676907752902e-13
3.5742592405409569e-13
1.4182258360195369e-12
2.8875749900247541e-13
-1.0443525590987550e-12
-2.7196610277683691e-13
-8.6618255018891192e-13
-1.8152440105697574e-12
3.9211128038529278e-12
-1.1860192975109607e-12
2.5768873062710792e-12
-1.6806836905497654e-12
1.0606651546683337e-13
-1.4631793493411414e-12
1.9144990299940087e-12
-2.4408471014639336e-12
3.9407250318765615e-12
-1.7134393981117873e-12
1.3198946691982540e-12
-1.0546669970495688e-12
-1.9440386611924305e-12
7.7487201455175341e-14
1.5228894600361632e-13
-1.5070786068147025e-12
8.7014889572805809e-13
-3.4191833273212466e-13
-9.1984105781480383e-13
8.5092582911106452e-13
-5.9050940715119625e-13
-3.2939599439197174e-12
-9.2860680187767272e-13
-2.2619037994740441e-12
-4.0827988150226498e-13
-6.6056118907747952e-13
