2.0792751127648078e-13
-1.1264827980031338e-12
-1.6101456753045922e-12
1.2801317528197144e-12
-9.5365246400419229e-13
6.3997070012553157e-13
2.3467582728969099e-14
-9.8316332570591982e-13
1.9786225207141690e-12
1.6942587986925633e-12
-8.0524142651843130e-13
-2.4305191074453205e-13
1.0035385972857993e-12
-5.8373060136691548e-13
-2.0814229839550185e-12
1.3938513629810309e-12
1.0199722406470935e-12
1.3537757288788512e-13
5.0113824614558626e-13
-1.7075221311298326e-13
-1.8697886594757934e-13
-2.5875146502380077e-13
-1.4598569332089181e-13
-6.7416322769522047e-13
2.0346667086286780e-12
8.8886474452525839e-13
-3.4037720423914757e-13
-1.2765497412267943e-12
9.5840968926165921e-13
-9.7255572087644828e-14
1.3686137863343673e-13
9.3088749800880143e-13
-2.4059558349782220e-13
1.6612971435903939e-12
1.3007711699272289e-13
-2.4014368908493966e-12
-5.5770176792968942e-13
5.5923981309397055e-13
-1.4086616777892544e-12
-1.5626843044181621e-12
2.2341414229260304e-12
-1.8989718519189954e-13
-6.6455394080782528e-13
-1.3072619663944893e-13
-1.4707895776638919e-12
-3.0432894384838055e-12
6.3875013249494929e-14
7.9829539002126832e-13
-1.2843650269889464e-12
-1.3938415626575831e-12
9.3167067061168042e-13
-2.3229719615624902e-12
-1.6059778175622249e-12
-4.7068520365403257e-12
-7.4351045708975278e-12
-5.6082095551405415e-12
-9.5775209667781385e-12
-1.4432455073606786e-11
-2.2236743116988354e-11
-2.8748984636462951e-11
-4.1545605468453200e-11
-5.5461915227935513e-11
-7.3866996564932121e-11
-9.5451986637805974e-11
-1.2580519955112540e-10
-1.5917508091905762e-10
-2.0189341645570478e-10
-2.5237555927026936e-10
-3.0032833044225293e-10
-3.5039729301642983e-10
-3.8875740036520097e-10
-3.9488398447708651e-10
-3.4428951033201328e-10
-1.9869821502329812e-10
1.2168320536140953e-10
7.0670746161058764e-10
1.7139867380763935e-09
3.3681861207257970e-09
5.9868812436662353e-09
1.0030061177465053e-08
1.6143505144671437e-08
2.5243188864552365e-08
3.8586988635133246e-08
5.7921179394330260e-08
8.5623722892212716e-08
1.2491028843111763e-07
1.8012188409193529e-07
2.5705104050476229e-07
3.6335596861820263e-07
5.0913587676527281e-07
7.0756882154352727e-07
9.7572516502523581e-07
1.3355744692898208e-06
1.8151398355012256e-06
2.4499085250417765e-06
3.2844088033574340e-06
4.3740416540715274e-06
5.7870539967909166e-06
7.6066870014735220e-06
9.9332934265957851e-06
1.2886347404575693e-05
1.6606054904545950e-05
2.1254212046842843e-05
2.7013787853457851e-05
3.4086528803295110e-05
4.2687697239214728e-05
5.3036538789886003e-05
6.5340996505337701e-05
7.9774447497747827e-05
9.6441776339360521e-05
1.1533141006323181e-04
1.3624912781842551e-04
1.5872837028813125e-04
1.8191089646583873e-04
2.0439013676725173e-04
2.2400833639643378e-04
2.3759700781623251e-04
2.4064852501388018e-04
2.2690497753444612e-04
1.8784872646766508e-04
1.1207737606375164e-04
-1.5455593170049507e-05
-2.1435436563286601e-04
-5.0986906351673086e-04
-9.3417916556124195e-04
-1.5278914096783793e-03
-2.3417690581291986e-03
-3.4387054417879086e-03
-4.8959483506409423e-03
-6.8075732809793638e-03
-9.2871917014459172e-03
-1.2470865275996015e-02
-1.6520177608888794e-02
-2.1625391156452570e-02
-2.8008588166429472e-02
-3.5926659897323028e-02
-4.5673968781942006e-02
-5.7584462064063507e-02
-7.2032964376494896e-02
-8.9435319917343145e-02
-1.1024699399226251e-01
-1.3495967906419412e-01
-1.6409538451565400e-01
-1.9819742352607236e-01
-2.3781764782157769e-01
-2.8349922500518238e-01
-3.3575420723272742e-01
-3.9503510910873896e-01
-4.6169970165763069e-01
-5.3596824383669806e-01
-6.1787241902117407e-01
-7.0719532770794402e-01
-8.0340201514178866e-01
-9.0556018978310460e-01
-1.0122510207648348e+00
-1.1214701940159164e+00
-1.2305197607190543e+00
-1.3358917292745913e+00
-1.4331448324514053e+00
-1.5167764406539572e+00
-1.5800921844432714e+00
-1.6150764836969740e+00
-1.6122678440550500e+00
-1.5606434550429904e+00
-1.4475182876772830e+00
-1.2584645158811043e+00
-9.7725764719020125e-01
-5.8585621116046982e-01
-6.4422183973000507e-02
6.0861051121544973e-01
1.4564121331918625e+00
2.5035708717325336e+00
3.7758377667063447e+00
5.2997972085677656e+00
7.1024586162103862e+00
9.2107664101512317e+00
1.1651027261253326e+01
1.4448255789357630e+01
1.7625442390077843e+01
2.1202749644956949e+01
2.5196646768133622e+01
2.9618994693822842e+01
3.4476097630117494e+01
3.9767740098940962e+01
4.5486231539183137e+01
5.1615483350950868e+01
5.8130145676844293e+01
6.4994833122624627e+01
7.2163469887114601e+01
7.9578785280172255e+01
8.7171990250028998e+01
9.4862664227875143e+01
1.0255887926168673e+02
1.1015758501547396e+02
1.1754527374919019e+02
1.2459893890057938e+02
1.3118733443451438e+02
1.3717253481904365e+02
1.4241178748286353e+02
1.4675964109634137e+02
1.5007032422278672e+02
1.5220034006324278e+02
1.5301123444411257e+02
1.5237248616441752e+02
1.5016446162474483e+02
1.4628136959389383e+02
1.4063414730542280e+02
1.3315320606046203e+02
1.2379096335126978e+02
1.1252408936954495e+02
9.9355398722555037e+01
8.4315323282940753e+01
6.7462909306932261e+01
4.8886291160957960e+01
2.8702605015799026e+01
7.0573184471170993e+00
-1.5877034294576434e+01
-3.9902706885647781e+01
-6.4799165792878767e+01
-9.0326050631072775e+01
-1.1622662054635235e+02
-1.4223162337840608e+02
-1.6806351194681710e+02
-1.9344092118424200e+02
-2.1808331136950676e+02
-2.4171567670079048e+02
-2.6407321512196313e+02
-2.8490585481885608e+02
-3.0398253519014935e+02
-3.2109514532996980e+02
-3.3606203100136241e+02
-3.4873099150903209e+02
-3.5898170048889978e+02
-3.6672749904446715e+02
-3.7191652543835920e+02
-3.7453216221315654e+02
-3.7459279866238279e+02
-3.7215092348724039e+02
-3.6729157875305657e+02
-3.6013022142517303e+02
-3.5081005238439167e+02
-3.3949888452215163e+02
-3.2638563099028033e+02
-3.1167650170405432e+02
-2.9559100062861836e+02
-2.7835781816466209e+02
-2.6021071212264758e+02
-2.4138446745191368e+02
-2.2211101926381480e+02
-2.0261581601539828e+02
-1.8311449031529489e+02
-1.6380989403245093e+02
-1.4488954261351319e+02
-1.2652350114340486e+02
-1.0886273211019216e+02
-9.2037912441559627e+01
-7.6158715518982959e+01
-6.1313542863779595e+01
-4.7569680296573814e+01
-3.4973844815882536e+01
-2.3553081382991941e+01
-1.3315963341627681e+01
-4.2540463862544096e+00
3.6564761889878152e+00
1.0452969839571425e+01
1.6184458744018887e+01
2.0909679255455266e+01
2.4695133368947150e+01
2.7613184477691281e+01
2.9740232687434141e+01
3.1155001429086393e+01
3.1936961265376762e+01
3.2164910828972211e+01
3.1915728942195617e+01
3.1263306316196356e+01
3.0277659951053174e+01
2.9024228571344306e+01
2.7563343220926736e+01
2.5949863564549826e+01
2.4232967535416552e+01
2.2456079733776125e+01
2.0656922408184652e+01
1.8867671904556811e+01
1.7115203098646521e+01
1.5421404474458303e+01
1.3803547103708048e+01
1.2274691744749610e+01
1.0844119536220157e+01
9.5177732349980833e+00
8.2986975665989178e+00
7.1874689519823267e+00
6.1826065869549804e+00
5.2809585266099308e+00
4.4780580237260228e+00
3.7684468519592884e+00
3.1459636855151483e+00
2.6039967895558047e+00
2.1357012895782175e+00
1.7341821302710019e+00
1.3926445077706655e+00
1.1045140717026927e+00
8.6352955602095471e-01
6.6381072530682306e-01
4.9990463188359568e-01
3.6681318626926757e-01
2.6000496655573324e-01
1.7541404875845726e-01
1.0942844594311023e-01
5.8870514246146304e-02
2.0971432116931182e-02
-6.6584030644551298e-03
-2.6061479844877704e-02
-3.8966453163679950e-02
-4.6821516499080430e-02
-5.0827005282110933e-02
-5.1966573427757450e-02
-5.1036463845224686e-02
-4.8672548972046197e-02
-4.5374948918193499e-02
-4.1530143535843347e-02
-3.7430582337057879e-02
-3.3291864274231801e-02
-2.9267610351389861e-02
-2.5462187734835967e-02
-2.1941467137877958e-02
-1.8741807447278148e-02
-1.5877465267872305e-02
-1.3346623994454630e-02
-1.1136228713152551e-02
-9.2258014689297896e-03
-7.5903971893471513e-03
-6.2028447744995408e-03
-5.0354019015500301e-03
-4.0609358377812523e-03
-3.2537272086882946e-03
-2.5899791193581298e-03
-2.0481007333081687e-03
-1.6088223752631805e-03
-1.2551886609184120e-03
-9.7246683756757374e-04
-7.4799969993986763e-04
-5.7102554466425637e-04
-4.3248232035714206e-04
-3.2480830775624404e-04
-2.4174817955740935e-04
-1.7817025181514256e-04
-1.2989859775376595e-04
-9.3561855585410687e-05
-6.6459442204420252e-05
-4.6444873123524637e-05
-3.1825361242875783e-05
-2.1276420938219669e-05
-1.3770069160699174e-05
-8.5150310449167719e-06
-4.9074514772443725e-06
-2.4906639044209492e-06
-9.2259962768869643e-07
5.0341730921853123e-08
6.1406180515050560e-07
9.0315135048954080e-07
1.0136843735366859e-06
1.0131196181811165e-06
9.4791001608096722e-07
8.4927937675379072e-07
7.3756056868015247e-07
6.2542568146871030e-07
5.2028013697709461e-07
4.2597444724087926e-07
3.4403610841970532e-07
2.7455938513483259e-07
2.1678816998727169e-07
1.6951686318720987e-07
1.3137683590824993e-07
1.0097197816983217e-07
7.6993730244308622e-08
5.8270798257781178e-08
4.3788341177108436e-08
3.2674093446987709e-08
2.4215345550339060e-08
1.7829968174535673e-08
1.3041988479717351e-08
9.4745256609525982e-09
6.8415528297867191e-09
4.9055741522835133e-09
3.4952746778427500e-09
2.4730364861594048e-09
1.7397317745425920e-09
1.2125072372496010e-09
8.4214730044861541e-10
5.7836591735477211e-10
3.9354083433692402e-10
2.6682440178312421e-10
1.8012677226854406e-10
1.1783115853068636e-10
7.6632711300609512e-11
5.1335861415706172e-11
3.2218148261650595e-11
1.8656662214695680e-11
1.3197782249835786e-11
5.7895585761669650e-12
3.5246929189016235e-12
2.3017987902132811e-12
1.3735099430324784e-12
-1.0366765644693876e-12
2.1045032827357107e-12
-8.3979768026282334e-13
-1.2933262102578269e-12
1.1616094973660732e-12
1.7299029421907464e-12
2.7637336856067064e-13
1.4287245377798104e-12
1.2862134680067504e-12
3.9908261667677231e-13
3.4843155495040116e-13
3.5599389976134144e-13
2.2053854546434268e-13
1.3728880997042106e-12
1.1736963664303423e-12
1.4998414873219074e-12
-8.2115323857030450e-13
2.7285632732004493e-12
1.9260635249994392e-13
-2.1569156072970281e-13
8.4133230290046876e-13
-4.7464046254558051e-13
1.3973780031869424e-13
1.4051545826540191e-12
-6.1040770719408178e-13
6.8810011699235109e-13
6.6902441889982272e-13
1.1242052992243523e-13
1.1281029936626649e-12
7.5827210623570212e-13
-1.8153851440534483e-13
3.2865604403793471e-13
-4.2511027731592295e-13
1.2707389306632166e-12
-8.4108029119395269e-13
1.5923498735715004e-12
1.2696360779536533e-12
-1.0630389459998899e-12
-1.0775006194837463e-12
2.3700131723677814e-12
1.0682663826216114e-12
1.7995164904853970e-12
4.1502904632767574e-13
2.6141885476270887e-13
1.5965344893341783e-12
8.9168472116848789e-13
-2.0659177726574310e-12
1.2317337500259469e-12
-5.9031987055318626e-13
9.9946553569919997e-13
-6.8649595865715621e-13
9.9024239449364950e-13
5.9469541247669693e-13
-5.8848584926184690e-13
-1.0989797246471019e-12
1.0818904778225697e-12
-2.0726961098364090e-13
1.0617427636954291e-12
5.1181517754987004e-14
-1.0348707174436524e-13
3.3326910976034989e-13
8.8487316092069406e-13
-3.5390288589331681e-13
1.2351516766009786e-12
-2.5447333780517450e-13
-9.6206371383338280e-13
6.6760145743990965e-13
1.4665806745443610e-12
-7.8772343665737385e-15
3.8141014435578779e-13
2.5987739281800127e-12
3.1116569671528852e-13
4.2441102667177932e-13
8.0524809196831984e-13
9.0527112449834352e-13
-1.8183997007589112e-12
2.6128657756172437e-13
-8.5583125223425181e-13
-3.4827323069577383e-13
-6.8252180206503432e-13
1.0565888295323746e-12
-1.2252628234979896e-12
1.3245522097947237e-13
-4.6711062751985001e-13
-7.1205159774927856e-14
3.7890685277280311e-13
1.4956231770135800e-12
-6.6459934028179561e-13
-1.9307309124088832e-12
1.6593131529526274e-13
2.3432022038192343e-12
-1.6893276656361102e-12
-1.6940376143784657e-12
1.3078518897494531e-12
6.4737753775801876e-13
1.2798752070086614e-15
6.9807832437067220e-13
7.1476669359570143e-13
1.6365231185429352e-12
-3.0353409791845842e-13
-2.2586534709045357e-12
-1.7769886738018710e-12
1.8530885110338931e-12
-1.6699527261255631e-12
-6.7727887343918902e-13
-2.8296457110783764e-13
1.1220715310006044e-12
-1.0747528174298178e-12
7.5082029096211991e-13
