8.5444953755526791e-15
2.5671258389067205e-14
2.5708916934322601e-14
2.5746461099038641e-14
4.2973150368535184e-14
3.4428271519715367e-14
3.4477867594108573e-14
3.4527307640535679e-14
1.7288295391674730e-14
4.3282145185941613e-14
2.6006012148620126e-14
2.6042617546163775e-14
3.9118653979691670e-14
2.6115466819908908e-14
3.4868945864517331e-14
5.4557978629060602e-14
5.2447654410997251e-14
5.2519402290969010e-14
5.6973476993149602e-14
4.3885126480631382e-14
5.7127580059468019e-14
6.0504466123222205e-14
4.1858892998409014e-14
6.8386813622583465e-14
5.8536968166938681e-14
4.9766567089898120e-14
4.5402208687692423e-14
6.8191984914709583e-14
5.6067581810814009e-14
5.1137282916556654e-14
6.1220802106062738e-14
6.5756999027066316e-14
8.1742588947239337e-14
8.7432527010349343e-14
8.8940768343458046e-14
1.0305374484949910e-13
1.2168723701469283e-13
1.5159523153580772e-13
1.6021392325231878e-13
2.0656285009824626e-13
2.1808460771323318e-13
2.9790171751222196e-13
3.7508469012531868e-13
5.2314527112821539e-13
7.4176838343954451e-13
1.0544440904276287e-12
1.5165537099376022e-12
2.1865744705201277e-12
3.1539691278297433e-12
4.5484734873728326e-12
6.5483039500481988e-12
9.4215267108218528e-12
1.3524268586189371e-11
1.9354976697855321e-11
2.7675478771469163e-11
3.9505534402500847e-11
5.6245912859284195e-11
7.9919497658798830e-11
1.1334259217547165e-10
1.6040325309840784e-10
2.2651893445452233e-10
3.1920317532668410e-10
4.4889924637195217e-10
6.2994382557625794e-10
8.8216007349929802e-10
1.2327819788903112e-09
1.7191413640347868e-09
2.3923656456757425e-09
3.3222437216070377e-09
4.6038609594007701e-09
6.3665731788657186e-09
8.7857345321870235e-09
1.2098686938852783e-08
1.6626048355227084e-08
2.2799641158043927e-08
3.1200090772554674e-08
4.2606214371086921e-08
5.8060221085157833e-08
7.8953832387720259e-08
1.0714122313719097e-07
1.4508708566332079e-07
1.9606034865561368e-07
2.6438666776448475e-07
3.5577720468890094e-07
4.7775522664021006e-07
6.4020871210865270e-07
8.5610388572462584e-07
1.1424051825936545e-06
1.5212570936503983e-06
2.0215005565056566e-06
2.6806115633344373e-06
3.5471756043944231e-06
4.6840364408217706e-06
6.1722942258503202e-06
8.1163684015524806e-06
1.0650393698385893e-05
1.3946278965455675e-05
1.8223836534210505e-05
2.3763480605356943e-05
3.0922106278554303e-05
4.0152894881871877e-05
5.2029952800822418e-05
6.7278883971537979e-05
8.6814626758724401e-05
1.1178815867495341e-04
1.4364399654218245e-04
1.8419079978851272e-04
2.3568783340092422e-04
3.0095057078908426e-04
3.8347932584381828e-04
4.8761551523080653e-04
6.1873096761480464e-04
7.8345664255373556e-04
9.8995820100363343e-04
1.2482671028556148e-03
1.5706773073310117e-03
1.9722192343373411e-03
2.4712244232183577e-03
3.0899963158254099e-03
3.8556048017491288e-03
4.8008246096291549e-03
5.9652403143378380e-03
7.3965436608650764e-03
9.1520520795913326e-03
1.1300480679631041e-02
1.3924003639393214e-02
1.7120644749575496e-02
2.1007040862420438e-02
2.5721626126474911e-02
3.1428289074007701e-02
3.8320558809938517e-02
4.6626380634316483e-02
5.6613545312258630e-02
6.8595839753956292e-02
8.2939989942907494e-02
1.0007346937777656e-01
1.2049324789040454e-01
1.4477555625349331e-01
1.7358674126962043e-01
2.0769528378579105e-01
2.4798504804237451e-01
2.9546982465934740e-01
3.5130922110244078e-01
4.1682594236268489e-01
4.9352449054175818e-01
5.8311129478292978e-01
6.8751626227308149e-01
8.0891571663547834e-01
9.4975666176092821e-01
1.1127822768531868e+00
1.3010585121408031e+00
1.5180016143483035e+00
1.7674063667494826e+00
2.0534747806668259e+00
2.3808449239888558e+00
2.7546195181306459e+00
3.1803938785003267e+00
3.6642827157273312e+00
4.2129452566147387e+00
4.8336080860835420e+00
5.5340850555626702e+00
6.3227935507435502e+00
7.2087663639327433e+00
8.2016583750702203e+00
9.3117472126250327e+00
1.0549927042880110e+01
1.1927694625470616e+01
1.3457126776325005e+01
1.5150848398212874e+01
1.7021990275655092e+01
1.9084135886571818e+01
2.1351256559081971e+01
2.3837634399393497e+01
2.6557772536463620e+01
2.9526292371388720e+01
3.2757817684165254e+01
3.6266845636903760e+01
4.0067604919567557e+01
4.4173901510060524e+01
4.8598952762587935e+01
5.3355210793635756e+01
5.8454176400007022e+01
6.3906205013873901e+01
6.9720306470960438e+01
7.5903940634468867e+01
8.2462811173502502e+01
8.9400660034497207e+01
9.6719065361328035e+01
1.0441724580801377e+02
1.1249187434107665e+02
1.2093690474063548e+02
1.2974341407461537e+02
1.3889946443400584e+02
1.4838998717456721e+02
1.5819669280834285e+02
1.6829800952437537e+02
1.7866905309091254e+02
1.8928163060116506e+02
2.0010428017275652e+02
2.1110234830021039e+02
2.2223810609444666e+02
2.3347090512902295e+02
2.4475737305687312e+02
2.5605164857198548e+02
2.6730565467741650e+02
2.7846940859486853e+02
2.8949136602318845e+02
3.0031879683559077e+02
3.1089818871051807e+02
3.2117567463121986e+02
3.3109747967654135e+02
3.4061038207170844e+02
3.4966218308390222e+02
3.5820218004285965e+02
3.6618163654998057e+02
3.7355424381721679e+02
3.8027656705430013e+02
3.8630847090261699e+02
3.9161351809710578e+02
3.9615933582266257e+02
3.9991794461520959e+02
4.0286604513419041e+02
4.0498525869514765e+02
4.0626231808864503e+02
4.0668920591385967e+02
4.0626323840894884e+02
4.0498709355189862e+02
4.0286878302021495e+02
3.9992156842021018e+02
3.9616382301130841e+02
3.9161884094242635e+02
3.8631459677131795e+02
3.8028345873989440e+02
3.7356185991621516e+02
3.6618993187582072e+02
3.5821110607179190e+02
3.4967168842668502e+02
3.4062041296471250e+02
3.3110798048572411e+02
3.2118658836239479e+02
3.1090945751942832e+02
3.0033036253147736e+02
2.8950317055982629e+02
2.7848139454341731e+02
2.6731776567588770e+02
2.5606382974665104e+02
2.4476957141151885e+02
2.3348306989858094e+02
2.2225018906019267e+02
2.1111430406438959e+02
2.0011606639117920e+02
1.8929320817298435e+02
1.7868038630544834e+02
1.6830906616546761e+02
1.5820744421729617e+02
1.4840040827328059e+02
1.3890953371035297e+02
1.2975311353255495e+02
1.2094621981787749e+02
1.1250079379741017e+02
1.0442576158761199e+02
9.6727172432491841e+01
8.9408356210372844e+01
8.2470096917327083e+01
7.5910818852851747e+01
6.9726782298613344e+01
6.3912285593057291e+01
5.8459870657775944e+01
5.3360529219747619e+01
4.8603907190687231e+01
4.4178504904486914e+01
4.0071871169849665e+01
3.6270789361711408e+01
3.2761454046197450e+01
2.9529636904386685e+01
2.6560840985255396e+01
2.3840442573607238e+01
2.1353820200913223e+01
1.9086470552754513e+01
1.7024111233574594e+01
1.5152770535908941e+01
1.3458864525967066e+01
1.1929261899746320e+01
1.0551337183620438e+01
9.3130129508965904e+00
8.2027918018936727e+00
7.2097789107372048e+00
6.3236959786369704e+00
5.5348874524865019e+00
4.8343198709242188e+00
4.2135751893629489e+00
3.6648389128062875e+00
3.1808838324244393e+00
2.7550501207048574e+00
2.3812224923119203e+00
2.0538050852626846e+00
1.7676946612099551e+00
1.5182526659354640e+00
1.3012766328583838e+00
1.1129713545592967e+00
9.4992019095402624e-01
8.0905682860181360e-01
6.8763775433827568e-01
5.8321565846025525e-01
4.9361393841436396e-01
4.1690243357980838e-01
3.5137448540555882e-01
2.9552538488769903e-01
2.4803224109490146e-01
2.0773528004177211e-01
1.7362056248980329e-01
1.4480409200119662e-01
1.2051727052505566e-01
1.0009364768394065e-01
8.2956901466011104e-02
6.8609981918794555e-02
5.6625345404325240e-02
4.6636204724988875e-02
3.8328719706712713e-02
3.1435053376691287e-02
2.5727220466144313e-02
2.1011657399005373e-02
1.7124445998807754e-02
1.3927126696739902e-02
1.1303040904064232e-02
9.1541462955711476e-03
7.3982529324908564e-03
5.9666323416066635e-03
4.8019557909605133e-03
3.8565220044684996e-03
3.0907383908348697e-03
2.4718234971004985e-03
1.9727018082306394e-03
1.5710651886357678e-03
1.2485781928271531e-03
9.9020715902897196e-04
7.8365544411343826e-04
6.1888937212670290e-04
4.8774145707148345e-04
3.8357924021342732e-04
3.0102966443165821e-04
2.3575030926317286e-04
1.8424004218580160e-04
1.4368272450289375e-04
1.1181855128392639e-04
8.6838426309602729e-05
6.7297480414411150e-05
5.2044452200280590e-05
4.0164175392990547e-05
3.0930863615820455e-05
2.3770264428654477e-05
1.8229080240810034e-05
1.3950323423412164e-05
1.0653506469775791e-05
8.1187589445234386e-06
6.1741261584306486e-06
4.6854372335441957e-06
3.5482444306972290e-06
2.6814253638290755e-06
2.0221188207933499e-06
1.5217257836337738e-06
1.1427596557577152e-06
8.5637145617438023e-07
6.4041017779284879e-07
4.7790661120040520e-07
3.5589073691208880e-07
2.6447162392705654e-07
1.9612374537872650e-07
1.4513434639725924e-07
1.0717634684753617e-07
7.8979872666045864e-08
5.8079490965766344e-08
4.2620414821757213e-08
3.1210608227903275e-08
2.2807340872510533e-08
1.6631685104012584e-08
1.2102822905646213e-08
8.7887164629309985e-09
6.3687299983932990e-09
4.6054089615111110e-09
3.3233132270949631e-09
2.3931387559734503e-09
1.7197046074859463e-09
1.2331547718655173e-09
8.8242357845488283e-10
6.3011736063316480e-10
4.4899169997955865e-10
3.1927244133748905e-10
2.2653969188635580e-10
1.6040786086460862e-10
1.1334029080304169e-10
7.9919497658798830e-11
5.6234431289744852e-11
3.9459659079499620e-11
2.7636528267361621e-11
1.9309204020315167e-11
1.3437398706832509e-11
9.3553065764026007e-12
6.5004062200060493e-12
4.4721529955987341e-12
3.0959415572960791e-12
2.1229319703386689e-12
1.4359584154723556e-12
9.6940827668346524e-13
6.4777330584338849e-13
4.3095859091859470e-13
2.6888601280068030e-13
1.5572135233593423e-13
8.9037126663283834e-14
3.3770493204072956e-15
-5.5372180492468073e-14
-8.2535181613939769e-14
-1.0598565804505504e-13
-1.0109348339855754e-13
-1.0180641407867526e-13
-1.1536624171014145e-13
-9.9597625440834285e-14
-9.6406447726122664e-14
-1.0630157456598167e-13
-9.7827845579499671e-14
-9.3816052732946206e-14
-7.8725706161697237e-14
-6.4227514728930739e-14
-6.1931727934095429e-14
-3.7552017314639909e-14
-3.5296419934236623e-14
-2.2030996314952116e-14
-3.3002436067212112e-14
-3.0761004647405860e-14
-2.4136819564347255e-14
-8.7651503066383994e-15
-2.1883084287903756e-14
-1.7482551470332418e-14
-6.5469574354872729e-15
-8.7172364661293328e-15
-1.7410311213272606e-14
-2.6079102653127780e-14
-8.6808725153879244e-15
-2.6006012148620126e-14
-3.4625716148753293e-14
-1.7288295391674730e-14
-3.4527307640535679e-14
-3.8787601043372148e-14
-3.4428271519715367e-14
-5.1567780442242217e-14
-4.2910768498397736e-14
-5.1417833868645201e-14
-5.1342516778134410e-14
-5.1266972253316074e-14
-5.9723068560756271e-14
-5.9634407257276574e-14
-7.6558481067982852e-14
-5.9456304173720301e-14
-5.0885884727512841e-14
-6.7745338131726817e-14
-8.4553173987048330e-14
-6.7539451271802062e-14
-6.7436076175911009e-14
-8.4165519628231863e-14
-6.7228471655319589e-14
-8.3905307300536982e-14
-6.7019740067002094e-14
-6.6914956146842008e-14
-1.0021484384163108e-13
-6.6704561126824008e-14
-8.3248692079625191e-14
-6.6493075327208053e-14
-8.2983659927456453e-14
-8.2850641668744501e-14
-8.2717291669597722e-14
-9.9100334663541634e-14
-9.8939526733465050e-14
-9.8778328967484404e-14
-9.8616744123017033e-14
-9.8454774960622832e-14
-9.8292424243926491e-14
-9.8129694739539692e-14
-9.7966589216983285e-14
-1.3040414726481275e-13
-1.3018568161269949e-13
-9.7475044277510526e-14
-1.2974728324393055e-13
-1.2952735794498437e-13
-1.6163369190037732e-13
-1.6135759210853831e-13
-9.6648541623427182e-14
-9.6482177007349169e-14
-1.2842061894831057e-13
-6.4098937354319244e-14
-6.3987336844311239e-14
-6.3875509810985913e-14
-6.3763458122414722e-14
-6.3651183647834582e-14
-6.3538688257596656e-14
-6.3425973823115051e-14
-4.7484781662611802e-14
-4.7399921484064104e-14
-7.8858168729025837e-14
-6.2972963105376569e-14
-7.8573976943145201e-14
-6.2745192207359478e-14
-6.2630996941332728e-14
-7.8145747043147008e-14
-7.8002495207000895e-14
-7.7858993017278598e-14
-4.6629145694196563e-14
-1.5514249395279087e-14
-4.6456204695740047e-14
-2.3184758317310142e-14
-3.8568904511183585e-14
-3.8496427036059822e-14
-1.5369533045152767e-14
