-1.1688894176612840e-15
1.2023561572653860e-14
-1.3055720075005757e-15
2.2478458829229520e-14
2.1209040880941958e-14
1.2804532186382686e-14
2.3660294585175418e-14
4.0497245473610645e-14
1.7820560479530852e-14
2.9125074386762562e-14
3.2171008983603644e-14
3.3165179432912308e-14
3.9685199236512306e-14
3.4436994958486019e-14
2.8855713567554256e-14
3.1134117692270093e-14
1.0678857050754240e-14
2.7685091162030108e-14
1.3025530546320528e-14
2.5658269166063223e-14
4.3795670067478452e-14
4.8725251917716053e-14
4.8742661425378472e-14
6.8302272048983975e-14
5.6014487263345139e-14
7.5938151242453459e-14
7.2248654634954948e-14
8.2204777232404277e-14
6.7863297705767227e-14
7.1857948229924933e-14
6.5368963377820154e-14
9.2200563059203778e-14
6.0950114768457933e-14
5.8520267213484954e-14
5.1388306808001370e-14
5.8121872193464010e-14
4.4266757220842987e-14
5.8039139569592998e-14
5.0382836878715169e-14
5.7370951926311258e-14
3.2261133860288358e-14
2.2497710427204992e-14
2.6685524727136842e-14
1.5764510049280954e-14
2.9298735145167142e-14
9.8649114121250565e-15
1.0343552562243438e-14
5.2250833539149420e-16
6.6942686974373278e-15
-5.5344404713259547e-16
2.0901051545081051e-14
-4.6507403654354452e-15
7.5198977733730795e-15
3.8065973043099057e-15
-3.1212987801592985e-15
-8.8180147893579128e-15
-8.8404890405333761e-15
9.5213330125966239e-15
1.3597542673825910e-15
2.4507682761037127e-15
1.7182653194386035e-14
-1.5499565630214511e-15
4.9471244177071062e-15
1.2392047113512825e-15
2.4704597858746724e-14
2.3761501697903084e-14
5.9594220563148879e-14
4.0704357018696986e-14
5.4820313392937348e-14
4.9275925086831057e-14
5.5986339102848844e-14
5.7877897186774023e-14
5.2851354927459929e-14
6.7574611441813458e-14
8.2004842518863280e-14
6.4287661848704999e-14
7.7328691427049219e-14
6.8192216409716118e-14
6.5287140063784998e-14
7.2597393476168165e-14
6.2790665179065105e-14
4.5214103503948243e-14
6.8317343590999152e-14
3.8417616365673407e-14
5.0437487546722558e-14
4.5759128690265275e-14
5.4076225332042062e-14
4.2656892551131931e-14
3.4875393932837551e-14
5.6274017742479922e-14
5.2785795436357117e-14
5.0780312457500734e-14
3.5393312183415580e-14
3.3363363765940302e-14
3.6006561831083060e-14
2.8865183920499643e-14
-6.2670862429008616e-16
5.3477135085150637e-15
1.7599061850249039e-14
-2.0219355295728697e-14
-8.1507184116943615e-15
-1.5152408781860051e-14
3.8481316971635156e-16
7.1515584783047092e-16
1.6568568936695838e-14
4.3760658178383541e-14
2.5379242859306619e-14
2.9168977521090639e-14
4.4499756362218194e-14
4.0597382240362645e-14
6.5464711794444409e-14
4.1291896764092521e-14
5.9270236876158106e-15
-1.0680434732585110e-14
-2.7392484711287796e-14
-6.3334723422653127e-14
-7.0274112315954271e-14
-7.5769134958658804e-14
-6.7530097660029587e-14
-7.6058671893593398e-14
-8.2121508215035040e-14
-6.4419521152460392e-14
-6.9407309018439948e-14
-7.6155840510487434e-14
-6.3986632775786199e-14
-8.0054373182889435e-14
-8.1681195904459400e-14
-1.0697843476455945e-13
-8.4457306522012478e-14
-9.8777861307669545e-14
-9.4506347444366560e-14
-1.3109232844320178e-13
-1.4000968117219382e-13
-1.4235047665067233e-13
-1.4481735573299707e-13
-1.7243342559908789e-13
-1.7626842225170132e-13
-2.0534503210766312e-13
-2.1926793027493776e-13
-2.5522724050353767e-13
-2.9727827736549107e-13
-3.0590884012834251e-13
-3.6173863471692428e-13
-4.2105740431310065e-13
-4.7156767158819436e-13
-5.0695831607315330e-13
-5.5342804192434552e-13
-6.1364201362299325e-13
-6.7764686104660666e-13
-6.8735013356952033e-13
-7.4219105758364244e-13
-7.9495405925078153e-13
-8.4389946282670854e-13
-9.1128131515263603e-13
-9.6058139475739262e-13
-1.0442604527604359e-12
-1.1204478899735175e-12
-1.2109389118134725e-12
-1.3082424521651974e-12
-1.4678615341994603e-12
-1.5730439029414597e-12
-1.7307058259707585e-12
-1.8787788417040836e-12
-2.0513624856698359e-12
-2.2270246365663439e-12
-2.4070035541007691e-12
-2.6457859317072249e-12
-2.8734806178287815e-12
-3.1169083184511208e-12
-3.3983520667017572e-12
-3.7394185779412848e-12
-4.0923954855441525e-12
-4.5334884630459786e-12
-4.9962226269628949e-12
-5.4972470903673785e-12
-6.0648998198441841e-12
-6.6903062628553018e-12
-7.3608369038191407e-12
-8.1003250342721995e-12
-8.8642568145942648e-12
-9.7174088059229557e-12
-1.0593414193986003e-11
-1.1556031145529064e-11
-1.2580395124717141e-11
-1.3679238319335207e-11
-1.4856307899740823e-11
-1.6095438622092409e-11
-1.7410284322193437e-11
-1.8836282554641460e-11
-2.0329363727469195e-11
-2.1916054112030237e-11
-2.3574664440049898e-11
-2.5355514134161023e-11
-2.7160344022004143e-11
-2.9074423983717206e-11
-3.0988234924200662e-11
-3.2991333733311188e-11
-3.5008631784617655e-11
-3.7120905919191100e-11
-3.9229438165693268e-11
-4.1397505894006797e-11
-4.3569645673189697e-11
-4.5783757412362421e-11
-4.8000424382445633e-11
-5.0256758679119605e-11
-5.2476578326473458e-11
-5.4695930570105168e-11
-5.6871317938354085e-11
-5.9052556652374751e-11
-6.1161629948518472e-11
-6.3253602079728062e-11
-6.5204052518893880e-11
-6.7108074157231009e-11
-6.8892982698493885e-11
-7.0553924284341560e-11
-7.2136979676090804e-11
-7.3587723973898981e-11
-7.4926294872900449e-11
-7.6113745398398223e-11
-7.7162655922022876e-11
-7.8046639327965723e-11
-7.8756611147596302e-11
-7.9311693496256407e-11
-7.9728350715116920e-11
-7.9961706323061441e-11
-8.0041927625685784e-11
-7.9936254517622014e-11
-7.9677837081344853e-11
-7.9191356110808566e-11
-7.8595825035731455e-11
-7.7791441924535281e-11
-7.6890636666072116e-11
-7.5844420731339188e-11
-7.4612314070798071e-11
-7.3264657745378609e-11
-7.1836019535165335e-11
-7.0237803980507948e-11
-6.8529021715738503e-11
-6.6724320404491232e-11
-6.4837035763110918e-11
-6.2817772565637040e-11
-6.0818669809334052e-11
-5.8712676084219553e-11
-5.6595857506460862e-11
-5.4430761009096472e-11
-5.2233022758011010e-11
-5.0037333047284624e-11
-4.7883034559227241e-11
-4.5698767177724233e-11
-4.3576988060233159e-11
-4.1443265518596412e-11
-3.9339388005093544e-11
-3.7261631712015268e-11
-3.5231248025081235e-11
-3.3191060203759370e-11
-3.1266177081858914e-11
-2.9346467502357271e-11
-2.7526804036163038e-11
-2.5748914189828268e-11
-2.4058703064660201e-11
-2.2433581358428445e-11
-2.0897674203343072e-11
-1.9405141324181075e-11
-1.8026670487458015e-11
-1.6704706429019102e-11
-1.5454170818248321e-11
-1.4263901112163907e-11
-1.3156724404214801e-11
-1.2083787581059251e-11
-1.1105054525522733e-11
-1.0127192874111027e-11
-9.2709203024019358e-12
-8.4411403982435736e-12
-7.6789723948313774e-12
-6.9634131552292189e-12
-6.3370863141453966e-12
-5.7348913150399970e-12
-5.2180255713771961e-12
-4.6970814662272537e-12
-4.2940967750722121e-12
-3.8775094816032897e-12
-3.5245860423384603e-12
-3.2085033108845250e-12
-2.8972297703496876e-12
-2.6333799084265311e-12
-2.3690636982620735e-12
-2.1166727368091261e-12
-1.8969180708570866e-12
-1.7222203811623767e-12
-1.5453407933636358e-12
-1.3936884442121728e-12
-1.2466346677227933e-12
-1.1225014766421445e-12
-1.0175320667633470e-12
-8.8672494894862659e-13
-7.8946005024503194e-13
-6.6811917416359581e-13
-5.8941229584392494e-13
-4.9546954080714720e-13
-4.2804244848298959e-13
-3.6362418420480230e-13
-2.9569111590551214e-13
-2.3575094852160446e-13
-1.8705891031111184e-13
-1.8026943747943767e-13
-1.4856917381339706e-13
-1.3516284283450607e-13
-1.1833867079030199e-13
-1.1008401816081554e-13
-1.0910293890341909e-13
-9.1888597056548270e-14
-9.3021107009190457e-14
-8.8067911216936636e-14
-9.7857672106941003e-14
-9.6698123555592840e-14
-1.1509867383243699e-13
-1.2878713955067120e-13
-9.9614746886970484e-14
-9.2671106971796664e-14
-7.6969286303295108e-14
-7.7643899462333311e-14
-8.5527079286038520e-14
-7.5429167234945224e-14
-7.4577592530368946e-14
-8.7361837079653037e-14
-5.1811954280691443e-14
-5.8593757559323503e-14
-5.6640030243807087e-14
-4.8139737387401822e-14
-5.3476570780075433e-14
-6.6008379789998212e-14
-6.3809884398635425e-14
-5.7200445029456622e-14
-3.9254312603988837e-14
-1.1930414413824942e-15
6.2663342984178797e-15
3.7151142767385234e-14
4.6372550074520910e-14
4.2633391044608158e-14
5.2917103792684294e-14
5.1468699336038263e-14
7.3869984336374955e-14
6.8612451929671092e-14
9.7732645930870914e-14
1.1691986209081065e-13
1.1127965298978734e-13
1.0761652153935537e-13
9.1897886186886683e-14
1.1694178294063946e-13
1.1477482383059096e-13
1.1730330071938099e-13
1.2353927094624937e-13
1.6145199550000557e-13
1.5378512147206854e-13
1.3889237945636786e-13
1.5501911429205161e-13
1.2650774556829765e-13
1.4635828748523418e-13
1.2131212144906939e-13
1.0810593933759341e-13
6.9998183497265171e-14
1.6299702533212026e-14
-1.5211396852716627e-14
-2.4873257951994244e-14
-6.3305634619770464e-14
-4.0394240624447827e-14
-6.9457151788165070e-14
-6.6354856603217207e-14
-3.4173714185300090e-14
-1.0378528192143451e-14
4.3805466524271811e-18
1.8319183806729734e-14
1.1635848242128687e-14
2.6244128234751808e-14
1.4352589506198763e-14
1.9403709502447942e-14
1.3612292188427872e-14
2.4024429719375174e-14
1.2676256082028390e-14
1.9430398582985453e-14
4.7512181187125722e-15
1.5773907174633899e-14
-1.2000527155498110e-14
-9.7133468922469430e-15
1.2630038182398976e-14
-8.7831892825985058e-16
-6.0311976164697775e-15
5.7186899426223052e-15
-2.6042882291797727e-15
-4.7213342773626421e-15
-2.5361275887159922e-14
-2.8123026207690989e-14
5.6558391503480651e-16
-1.2711502023915620e-14
-3.0141445839786670e-14
-1.3086507650447876e-14
-1.5406397558728804e-14
-1.8670141197249208e-14
-3.3663523441417982e-14
-3.8122590881708231e-14
-7.0847442711669139e-15
-1.2157158262173641e-14
-9.2077603419504210e-15
8.3751846568962951e-15
-4.6830866814412149e-15
-1.3242742295938555e-14
-1.7794868757537539e-14
-2.0397969311590184e-14
-1.0463419198075178e-14
-8.2569879023513755e-15
-7.5964916552524546e-15
-2.0912795267952794e-15
1.2610458271577344e-15
7.1583654043531992e-16
-1.4849577524237847e-14
-4.1647716201954853e-14
-1.5425129590112606e-15
9.3332873889165590e-15
1.9961997607906577e-14
2.6555376779035638e-14
3.0498068780303162e-14
1.2957093728989503e-14
1.4187967788723672e-14
-9.9915173537683680e-15
5.1074571779784462e-15
3.0815355291827983e-14
3.0425081467193088e-14
5.4934776558705635e-14
5.4789210380187774e-14
4.4653848719646514e-14
2.7513914327157161e-14
3.1139369626584133e-14
4.5764449712329980e-14
3.8751598440521950e-14
5.0480937822771775e-14
5.8679900213814603e-14
5.0614046243411857e-14
2.3141604073333814e-14
1.2217851933726340e-14
2.1977939578092253e-14
1.9773788536747659e-14
1.9727570112461627e-14
4.0060793155241532e-14
4.7476060278147950e-14
3.7494178408932069e-14
3.0742763300586617e-14
1.3155189649087248e-14
2.0399175701394448e-14
5.1706122505411675e-15
3.2250919690951939e-14
3.0422887270493509e-14
2.9239197548156929e-14
4.4895218776324983e-14
1.1341149562622576e-14
1.4888963654663423e-14
1.8080560175125323e-14
1.5407040709285250e-14
2.1631628053471266e-14
3.0848263838967778e-14
4.2571258245045462e-14
4.7120260497805344e-14
3.6177997910682137e-14
7.9316999430668174e-15
2.8200521075002210e-14
2.4836839362329657e-14
2.3726437239367019e-14
3.9465926059613868e-14
4.7186013770456184e-14
5.5943985706255684e-14
4.3166963499604915e-14
-7.7040705661044057e-16
1.8581201803952379e-14
2.9455750081464862e-15
3.9779973823823821e-15
1.5262732591557118e-14
2.4520113406383593e-14
3.3456699975947698e-14
1.9457424218188643e-14
7.8586002632695337e-15
5.4723648014851208e-14
2.6098778466525665e-14
4.1918752863556431e-14
3.4755181727621120e-14
5.0335554978778167e-14
3.7227295183483080e-14
3.5801193249606738e-14
1.9436152909768296e-14
4.5842942742291332e-14
4.0412061816203092e-14
2.9344771347751135e-15
1.9787227696447593e-14
2.4435285859512305e-14
3.2810014932891077e-14
2.2614402419436495e-14
2.2110588633147189e-14
3.4600042182964414e-14
2.3101567089116041e-15
2.1858640097876967e-14
5.5145484513099571e-15
2.0890028591628372e-14
3.4423766317143677e-14
9.9927058812756344e-15
1.5064210146101101e-14
2.9213561913769891e-14
2.0598698000582157e-14
1.4739920469023610e-14
5.8611842274693929e-15
2.3092463191596151e-15
1.5677542532635826e-14
9.9291402729480633e-15
6.3195745590930792e-15
1.9858045246389728e-14
