-2.5633486126608509e-14
-3.4228344518690142e-14
-8.5696389780909759e-15
-8.5821536996629656e-15
8.5946300736904323e-15
0.0000000000000000e+00
-1.7238933797020981e-14
-4.3159134550586208e-15
-3.4576590783282653e-14
-1.7312858074343196e-14
-1.3003006074284941e-14
-8.6808725153711533e-15
-1.7386068435384927e-14
-4.3525778033097423e-15
-4.3586182330562453e-15
4.3646382903164154e-15
1.7482551470298639e-14
1.7506467430289180e-14
3.5060601226485857e-14
4.6079382804573918e-14
3.5155433882681629e-14
1.9801461640289010e-14
2.0929446499164070e-14
2.9781354319454616e-14
2.3193893047232778e-14
3.6495482532521439e-14
2.6576902646402756e-14
3.3264382885159922e-14
2.2760107467712206e-14
1.0560960602311946e-14
1.7253135138947984e-14
3.3435762217087762e-14
3.5431088041909006e-14
4.0783223461617702e-14
6.4328228675961725e-14
7.0289374883625802e-14
7.6264812138093307e-14
7.8604934870266954e-14
9.7252662184552976e-14
1.3958470524323187e-13
1.6004141754635285e-13
2.3527465189840260e-13
3.4684036104894686e-13
4.9995721046102577e-13
7.1345661307787808e-13
1.0260988191775916e-12
1.4745533452134274e-12
2.1661179526004738e-12
3.1198352628039128e-12
4.5177174682909602e-12
6.5232146628706588e-12
9.4078259933376240e-12
1.3501408091595689e-11
1.9341244894555904e-11
2.7650275504052035e-11
3.9471127910173664e-11
5.6209171836649722e-11
7.9896509165142730e-11
1.1333108531310289e-10
1.6039173368259597e-10
2.2653046636065885e-10
3.1923780833146973e-10
4.4894778451507818e-10
6.3002249480083839e-10
8.8230506071275532e-10
1.2329658285593713e-09
1.7194277362051098e-09
2.3927522047908261e-09
3.3227958011477814e-09
4.6046462759369804e-09
6.3676382362096336e-09
8.7872187163295675e-09
1.2100754759018081e-08
1.6628852163170728e-08
2.2803474427550830e-08
3.1205354993003843e-08
4.2613333136150497e-08
5.8069856310332778e-08
7.8966861490529797e-08
1.0715881073700715e-07
1.4511073282418544e-07
1.9609208916506468e-07
2.6442916861996929e-07
3.5583401880174426e-07
4.7783097477746171e-07
6.4030946310601481e-07
8.5623770857201982e-07
1.1425824085818606e-06
1.5214914401028574e-06
2.0218096703515085e-06
2.6810184238594986e-06
3.5477099553065939e-06
4.6847367708456959e-06
6.1732101065913582e-06
8.1175636176504184e-06
1.0651949954996783e-05
1.3948301040439023e-05
1.8226458171486961e-05
2.3766872252859177e-05
3.0926484579131909e-05
4.0158534750954059e-05
5.2037201988965196e-05
6.7288181536295433e-05
8.6826525753596554e-05
1.1180335396787103e-04
1.4366335925296788e-04
1.8421541939906718e-04
2.3571906935772557e-04
3.0099011512739753e-04
3.8352927992029860e-04
4.8767848227012159e-04
6.1881016501267965e-04
7.8355603731193135e-04
9.9008267253271635e-04
1.2484226385896784e-03
1.5708712365398135e-03
1.9724605072043901e-03
2.4715239428356062e-03
3.0903673320422939e-03
3.8560633770812068e-03
4.8013901684864704e-03
5.9659362892357072e-03
7.3973982496295474e-03
9.1530991305329816e-03
1.1301760722847521e-02
1.3925565084797658e-02
1.7122545273950903e-02
2.1009349010345148e-02
2.5724423152057526e-02
3.1431671052916270e-02
3.8324639052711114e-02
4.6631292435055059e-02
5.6619445068004377e-02
6.8602910492677471e-02
8.2948445298483345e-02
1.0008355805249153e-01
1.2050525864540686e-01
1.4478982346794217e-01
1.7360365110834294e-01
2.0771528101361592e-01
2.4800864352072824e-01
2.9549760355656357e-01
3.5134185184424233e-01
4.1686418634216682e-01
4.9356921260021869e-01
5.8316347446236672e-01
6.8757700582910042e-01
8.0898626978518884e-01
9.4983842312394728e-01
1.1128768120255164e+00
1.3011675683205401e+00
1.5181271354091967e+00
1.7675505086339074e+00
2.0536399269421337e+00
2.3810337013830614e+00
2.7548348118337871e+00
3.1806388469858158e+00
3.6645608048180818e+00
4.2132602124850198e+00
4.8339639668591090e+00
5.5344862411505691e+00
6.3232447504969915e+00
7.2092726217313636e+00
8.2022250713768550e+00
9.3123800630639728e+00
1.0550632092873370e+01
1.1928478240466477e+01
1.3457995627158526e+01
1.5151809441153564e+01
1.7023050726721127e+01
1.9085303189725977e+01
2.1352538347971027e+01
2.3839038452351552e+01
2.6559306724570565e+01
2.9527964599457640e+01
3.2759635824627985e+01
3.6268817456669431e+01
4.0069738000046627e+01
4.4176203160673104e+01
4.8601429928209328e+01
5.3357869956573907e+01
5.8457023477250623e+01
6.3909245250497399e+01
6.9723544330716877e+01
7.5907379688744200e+01
8.2466453989938287e+01
8.9404508066713461e+01
9.6723118841287217e+01
1.0442150364266013e+02
1.1249633401495721e+02
1.2094156222625654e+02
1.2974826375231137e+02
1.3890449902308879e+02
1.4839519767748669e+02
1.5820206846951496e+02
1.6830353780523353e+02
1.7867471966259248e+02
1.8928741935606462e+02
2.0011017325600224e+02
2.1110832616182864e+02
2.2224414756276988e+02
2.3347698750557240e+02
2.4476347223265137e+02
2.5605773916478336e+02
2.6731171018940682e+02
2.7847540158941678e+02
2.8949726831947510e+02
3.0032457971931183e+02
3.1090382315861484e+02
3.2118113154830132e+02
3.3110273014040035e+02
3.4061539758510446e+02
3.4966693582959766e+02
3.5820664313875494e+02
3.6618578430110256e+02
3.7355805196127312e+02
3.8028001299753004e+02
3.8631153394273792e+02
3.9161617963028249e+02
3.9616157953160837e+02
3.9991975663575744e+02
4.0286741419795817e+02
4.0498617624624143e+02
4.0626277837271277e+02
4.0668920603819544e+02
4.0626277837277058e+02
4.0498617624635676e+02
4.0286741419813029e+02
3.9991975663598538e+02
3.9616157953189077e+02
3.9161617963061764e+02
3.8631153394312355e+02
3.8028001299796404e+02
3.7355805196175288e+02
3.6618578430162523e+02
3.5820664313931724e+02
3.4966693583019639e+02
3.4061539758573622e+02
3.3110273014106161e+02
3.2118113154898839e+02
3.1090382315932419e+02
3.0032457972003982e+02
2.8949726832021793e+02
2.7847540159017092e+02
2.6731171019016870e+02
2.5605773916554966e+02
2.4476347223341867e+02
2.3347698750633751e+02
2.2224414756352974e+02
2.1110832616258062e+02
2.0011017325674342e+02
1.8928741935679264e+02
1.7867471966330513e+02
1.6830353780592878e+02
1.5820206847019094e+02
1.4839519767814178e+02
1.3890449902372171e+02
1.2974826375292099e+02
1.2094156222684192e+02
1.1249633401551768e+02
1.0442150364319517e+02
9.6723118841796449e+01
8.9404508067196844e+01
8.2466453990395848e+01
7.5907379689176111e+01
6.9723544331123492e+01
6.3909245250879124e+01
5.8457023477608075e+01
5.3357869956907678e+01
4.8601429928520183e+01
4.4176203160961883e+01
4.0069738000314189e+01
3.6268817456916679e+01
3.2759635824855941e+01
2.9527964599667225e+01
2.6559306724762749e+01
2.3839038452527319e+01
2.1352538348131386e+01
1.9085303189871919e+01
1.7023050726853583e+01
1.5151809441273466e+01
1.3457995627266722e+01
1.1928478240563907e+01
1.0550632092960925e+01
9.3123800631424398e+00
8.2022250714470157e+00
7.2092726217938932e+00
6.3232447505526004e+00
5.5344862411999323e+00
4.8339639669028385e+00
4.2132602125236449e+00
3.6645608048520955e+00
3.1806388470157039e+00
2.7548348118599555e+00
2.3810337014059471e+00
2.0536399269620378e+00
1.7675505086511880e+00
1.5181271354241574e+00
1.3011675683334571e+00
1.1128768120366730e+00
9.4983842313352984e-01
8.0898626979340726e-01
6.8757700583611037e-01
5.8316347446833872e-01
4.9356921260531900e-01
4.1686418634653688e-01
3.5134185184792971e-01
2.9549760355966753e-01
2.4800864352330856e-01
2.0771528101577649e-01
1.7360365111015796e-01
1.4478982346943176e-01
1.2050525864663270e-01
1.0008355805349815e-01
8.2948445299295501e-02
6.8602910493322414e-02
5.6619445068511687e-02
4.6631292435464079e-02
3.8324639053019527e-02
3.1431671053156002e-02
2.5724423152238846e-02
2.1009349010438334e-02
1.7122545274005207e-02
1.3925565084816583e-02
1.1301760722820771e-02
9.1530991305214596e-03
7.3973982495624422e-03
5.9659362891680574e-03
4.8013901684285949e-03
3.8560633769873357e-03
3.0903673319416184e-03
2.4715239427052925e-03
1.9724605070598608e-03
1.5708712364450304e-03
1.2484226384921271e-03
9.9008267245742957e-04
7.8355603722136166e-04
6.1881016496484031e-04
4.8767848220583132e-04
3.8352927984240903e-04
3.0099011505521590e-04
2.3571906929922633e-04
1.8421541935024149e-04
1.4366335920534750e-04
1.1180335392028812e-04
8.6826525707216730e-05
6.7288181541917739e-05
5.2037201949441141e-05
4.0158534725013634e-05
3.0926484630970224e-05
2.3766872285521502e-05
1.8226458210881033e-05
1.3948301080958697e-05
1.0651949956154484e-05
8.1175636120653187e-06
6.1732100819587270e-06
4.6847367831513448e-06
3.5477099541528855e-06
2.6810183914201933e-06
2.0218096624873840e-06
1.5214913931576497e-06
1.1425823616788513e-06
8.5623762269386721e-07
6.4030938676481251e-07
4.7783088514216518e-07
3.5583396148362389e-07
2.6442912469469369e-07
1.9609204252088672e-07
1.4511070115371322e-07
1.0715873757797284e-07
7.8966823236053393e-08
5.8069802067039746e-08
4.2613287186206675e-08
3.1205341645275721e-08
2.2803452300452960e-08
1.6628836670176104e-08
1.2100717862598233e-08
8.7871911887820223e-09
6.3676299474292242e-09
4.6045980149304494e-09
3.3227423732888499e-09
2.3927144646709720e-09
1.7193958028579330e-09
1.2329429711815223e-09
8.8227302228853682e-10
6.2999935679325086e-10
4.4890618039165549e-10
3.1918932212390635e-10
2.2650048340356611e-10
1.6038021426709406e-10
1.1331497570609321e-10
7.9896509165142730e-11
5.6211468150557592e-11
3.9457365313273327e-11
2.7618198618316478e-11
1.9300049484769841e-11
1.3437398706806546e-11
9.3530231234735220e-12
6.4958445314180553e-12
4.4812658901302667e-12
3.0948037617894400e-12
2.0956566131139942e-12
1.4246069655449203e-12
9.4106300543359227e-13
6.2399141873954105e-13
4.3208971582830737e-13
2.6775623963713487e-13
1.6813392389861861e-13
8.9037126663111812e-14
1.6885246602003854e-14
-3.1480630533728126e-14
-5.6146382050190676e-14
-9.0284079075242814e-14
-8.6811578541529880e-14
-7.9990753918804578e-14
-1.0084071006605474e-13
-9.3459956645980444e-14
-8.5261193653573798e-14
-9.9622941608764166e-14
-9.6716165515909396e-14
-8.4378935002250133e-14
-5.5440638141933199e-14
-4.6509579631204815e-14
-3.5389558819414736e-14
-2.4298364144720051e-14
-8.8241049835421068e-15
-2.9741845025127893e-14
-2.4201786449242121e-14
-5.0535936206354847e-14
-3.0719588536382608e-14
-3.0678026073175126e-14
-2.4071392716647622e-14
-6.5559568013619904e-15
-1.5276234016107456e-14
-1.0896545582640611e-14
-2.6115466819858449e-14
-3.9118653979616091e-14
-1.7361745030742307e-14
-1.3003006074284941e-14
-2.1641072592928994e-14
-2.1610369239551658e-14
-3.4527307640468966e-14
-6.0336268289573434e-14
-5.1642407279473271e-14
-4.2973150368452158e-14
-3.4328614798651863e-14
-5.1417833868545862e-14
-5.9899602907707759e-14
-5.9811467628753185e-14
-7.6786802435109714e-14
-5.9634407257161349e-14
-7.6558481067834938e-14
-7.6443819651778426e-14
-5.0885884727414530e-14
-8.4681672664494901e-14
-8.4553173986884966e-14
-8.4424314089589470e-14
-6.7436076175780715e-14
-1.0099862355368309e-13
-8.4035589568987126e-14
-1.0068636876044985e-13
-1.0052961010030890e-13
-1.0037243422006910e-13
-8.3512369867864553e-14
-1.0005684169004268e-13
-9.9898430495357217e-14
-9.9739612990619371e-14
-9.9580391912755350e-14
-1.1599089833601821e-13
-1.1580420833721307e-13
-1.3213377955113357e-13
-1.6489921122212312e-13
-1.9755665793458713e-13
-1.3148899216376867e-13
-1.6409129160072102e-13
-1.6382070707289431e-13
-1.6354949123225018e-13
-1.6327764869465668e-13
-1.6300518408070104e-13
-1.6273210201555994e-13
-1.2996672570309628e-13
-1.6218410405459984e-13
-1.6190919743091763e-13
-1.6163369190006504e-13
-1.6135759210822655e-13
-1.6108090270540077e-13
-1.6080362834527125e-13
-1.2842061894806245e-13
-1.2819787470839080e-13
-9.5981005266281413e-14
-9.5813264716293745e-14
-9.5645187183437288e-14
-7.9563979559639510e-14
-9.5308032386210851e-14
-7.9282467278740626e-14
-6.3313042216693406e-14
-7.8999869139954195e-14
-9.4629802474648185e-14
-6.2972963105254895e-14
-7.8573976942993387e-14
-6.2745192207238246e-14
-7.8288746176514644e-14
-9.3774896451595229e-14
-6.2401996165480146e-14
-7.7858993017128171e-14
-7.7715242823510788e-14
-7.7571246976245569e-14
-9.2912409391300587e-14
-6.1826022179374269e-14
-5.3996466315552695e-14
-6.9293568664773806e-14
-3.8423832612807687e-14
