1.2657533000519062e-12
2.2899490637076415e-12
-2.3680380332323666e-12
-9.0920157136769332e-13
1.9277137297223073e-12
4.4885596615961880e-13
-1.6649631205279552e-12
2.8181684910409613e-12
4.9721681865359161e-13
-4.0183757556655101e-13
-9.1583634824284480e-13
2.0484071647411991e-12
-1.0576708051984944e-12
2.8772003842060924e-13
1.7224300853936755e-12
6.5495831844151950e-13
4.7260055717203376e-14
1.9340038030336677e-12
-1.3485140415344117e-13
-1.0161383893993293e-13
1.7855284716894795e-12
-8.5864760959261122e-13
-2.9714578782442948e-12
2.5663127975821670e-12
9.4168789392133180e-13
1.8015192926770653e-12
1.1681260113284232e-12
2.0013352049898096e-12
-2.4847481272111696e-14
1.5099859768927062e-12
1.7301294177252843e-12
2.9960906163321646e-12
4.9678530020178237e-12
7.7110149643926707e-12
7.5901508063761533e-12
1.3982323500790612e-11
1.8401456105816982e-11
2.4136707787070297e-11
3.4926150884764044e-11
5.0667899508632687e-11
6.7635259293320360e-11
9.2094805852771658e-11
1.2785970830100200e-10
1.7179115220769717e-10
2.3291154322292770e-10
3.1134591201351642e-10
4.1265349873083150e-10
5.4319656147436820e-10
7.0796742295735533e-10
9.1144142945238500e-10
1.1562008066377715e-09
1.4516527558204281e-09
1.7843163483142214e-09
2.1451365497212364e-09
2.5109957488661252e-09
2.8226569918987735e-09
2.9901636341335239e-09
2.8737258042121208e-09
2.2400157338837595e-09
7.3047728233649709e-10
-2.1711684849922454e-09
-7.2602820531063328e-09
-1.5669256449615440e-08
-2.9030755885618053e-08
-4.9664710166949607e-08
-8.0834393572033885e-08
-1.2708571961701831e-07
-1.9470381013136991e-07
-2.9230174976969326e-07
-4.3159841898386991e-07
-6.2844029444852125e-07
-9.0408156003659550e-07
-1.2868551744801132e-06
-1.8142967958498642e-06
-2.5358018952697678e-06
-3.5159807676410681e-06
-4.8388156614614120e-06
-6.6128205325131181e-06
-8.9773232155637161e-06
-1.2110108712027847e-05
-1.6236652990025033e-05
-2.1641063845715137e-05
-2.8679029315580316e-05
-3.7792892216742321e-05
-4.9528959327347762e-05
-6.4557111323623224e-05
-8.3692592663478120e-05
-1.0791963164454360e-04
-1.3841639930845263e-04
-1.7658028721181802e-04
-2.2405207398891821e-04
-2.8273687164424459e-04
-3.5481895819407147e-04
-4.4276645523106539e-04
-5.4932053769935255e-04
-6.7746234935340231e-04
-8.3034858498734466e-04
-1.0112045201004641e-03
-1.2231604443521476e-03
-1.4690139981298667e-03
-1.7508971799037876e-03
-2.0698224421729474e-03
-2.4250771349201019e-03
-2.8134302210247979e-03
-3.2281090019644566e-03
-3.6574970599941793e-03
-4.0834977973669383e-03
-4.4795008054860025e-03
-4.8078812610121624e-03
-5.0169558407456476e-03
-5.0373125211163675e-03
-4.7774268628554429e-03
-4.1184740236179483e-03
-2.9082450210911269e-03
-9.5407805968675708e-04
1.9852782500315584e-03
6.2089415602442502e-03
1.2084367274637173e-02
2.0059045771808504e-02
3.0673424095950978e-02
4.4575009701699947e-02
6.2533562356994407e-02
8.5457217774011010e-02
1.1440931227011134e-01
1.5062559114691462e-01
1.9553138453063088e-01
2.5075822351950328e-01
3.1815924737925466e-01
3.9982262088588127e-01
4.9808204182745908e-01
6.1552327540808960e-01
7.5498550859139235e-01
9.1955617814368618e-01
1.1125577974991925e+00
1.3375251956500949e+00
1.5981714943183696e+00
1.8983410958158082e+00
2.2419479421716852e+00
2.6328973460228720e+00
3.0749897945067084e+00
3.5718052987158000e+00
4.1265671113024576e+00
4.7419839716251486e+00
5.4200704669099125e+00
6.1619456233307561e+00
6.9676104637548120e+00
7.8357059873793666e+00
8.7632538340245194e+00
9.7453827838553089e+00
1.0775045195857878e+01
1.1842728487384031e+01
1.2936167777854939e+01
1.4040066833594263e+01
1.5135835424193399e+01
1.6201352096873528e+01
1.7210762152800154e+01
1.8134321225977391e+01
1.8938295276753852e+01
1.9584927975469878e+01
2.0032486324748746e+01
2.0235394915492890e+01
2.0144468398365049e+01
1.9707250556937836e+01
1.8868466775012866e+01
1.7570594697035222e+01
1.5754555495947068e+01
1.3360525412246520e+01
1.0328864150062230e+01
6.6011533660692097e+00
2.1213349346045316e+00
-3.1630649970854132e+00
-9.2996438387208151e+00
-1.6329783546151717e+01
-2.4287289435420377e+01
-3.3197034547943588e+01
-4.3073639898419337e+01
-5.3920222965378862e+01
-6.5727248121554155e+01
-7.8471513243997649e+01
-9.2115306407798698e+01
-1.0660576528570809e+02
-1.2187446961115454e+02
-1.3783729380086439e+02
-1.5439454259686624e+02
-1.7143138742758637e+02
-1.8881861519010553e+02
-2.0641369443884921e+02
-2.2406215667917891e+02
-2.4159928278427154e+02
-2.5885207668043626e+02
-2.7564150059754712e+02
-2.9178493858673352e+02
-3.0709884790029156e+02
-3.2140155143891093e+02
-3.3451611901669247e+02
-3.4627328087406295e+02
-3.5651431385408466e+02
-3.6509383908623255e+02
-3.7188246999116194e+02
-3.7676925098318321e+02
-3.7966383040887388e+02
-3.8049831597558233e+02
-3.7922876709884224e+02
-3.7583628609012703e+02
-3.7032767873104962e+02
-3.6273566431214198e+02
-3.5311862539746483e+02
-3.4155989813099234e+02
-3.2816661453184076e+02
-3.1306811863352016e+02
-2.9641398821288192e+02
-2.7837170294640288e+02
-2.5912400787000422e+02
-2.3886602777895004e+02
-2.1780219350368759e+02
-1.9614304469743027e+02
-1.7410197578364350e+02
-1.5189199200134163e+02
-1.2972254107001751e+02
-1.0779648294296408e+02
-8.6307255545895302e+01
-6.5436288466980329e+01
-4.5350709474228111e+01
-2.6201380714336036e+01
-8.1212927446067589e+00
8.7756645712774919e+00
2.4395544543755250e+01
3.8664798914106868e+01
5.1530354086282003e+01
6.2959324743027878e+01
7.2938388676385486e+01
8.1472853126166939e+01
8.8585448294914485e+01
9.4314887902022704e+01
9.8714239601397423e+01
1.0184914980406921e+02
1.0379596794524748e+02
1.0463981457532142e+02
1.0447263592792585e+02
1.0339128494244486e+02
1.0149566523209776e+02
9.8886970344148523e+01
9.5666046017505138e+01
9.1931898169630884e+01
8.7780364200943652e+01
8.3302960044905063e+01
7.8585910358603584e+01
7.3709364468005560e+01
6.8746796263072781e+01
6.3764582268969228e+01
5.8821748667279287e+01
5.3969875151209386e+01
4.9253141195963813e+01
4.4708498614198000e+01
4.0365953133828320e+01
3.6248937152318298e+01
3.2374755745783574e+01
2.8755088390036843e+01
2.5396529623246234e+01
2.2301152981462984e+01
1.9467083900082851e+01
1.6889068829554741e+01
1.4559029496487888e+01
1.2466592990038949e+01
1.0599590112891491e+01
8.9445161566372295e+00
7.4869499008260476e+00
6.2119281599218255e+00
5.1042745861686667e+00
4.1488826604974101e+00
3.3309538567371422e+00
2.6361928419975840e+00
2.0509622789797994e+00
1.5624003304198739e+00
1.1585043422783905e+00
8.2818441368586981e-01
5.6129066389468218e-01
3.4861799693571344e-01
1.8189206057762228e-01
5.3739915942263586e-02
-4.2351305463070102e-02
-1.1208476276682566e-01
-1.6041060090088177e-01
-1.9158662107584254e-01
-2.0924089627302855e-01
-2.1643462367459917e-01
-2.1572381406816671e-01
-2.0921870620197769e-01
-1.9864005761753034e-01
-1.8537169980356269e-01
-1.7050895270941774e-01
-1.5490267209128883e-01
-1.3919885264133505e-01
-1.2387383197762560e-01
-1.0926523763100796e-01
-9.5598892634526630e-02
-8.3011948405235250e-02
-7.1572548750188286e-02
-6.1296348541132091e-02
-5.2160217699152640e-02
-4.4113457949811190e-02
-3.7086848679204309e-02
-3.0999820908357203e-02
-2.5766037183804311e-02
-2.1297631086625184e-02
-1.7508334538739689e-02
-1.4315695401183885e-02
-1.1642562546856153e-02
-9.4179912404892610e-03
-7.5776991130822383e-03
-6.0641821796533360e-03
-4.8265814953027918e-03
-3.8203743895280748e-03
-3.0069496068607154e-03
-2.3531130406782017e-03
-1.8305600299000060e-03
-1.4153412787278052e-03
-1.0873419482022382e-03
-8.2978750752066353e-04
-6.2878521483950977e-04
-4.7290619012799943e-04
-3.5281033887796926e-04
-2.6091421657017477e-04
-1.9110037480796560e-04
-1.3846573498592203e-04
-9.9105945838142272e-05
-6.9932231093700458e-05
-4.8517220830060580e-05
-3.2966225474434129e-05
-2.1810646742756117e-05
-1.3920340118868413e-05
-8.4321626207384559e-06
-4.6920956963215811e-06
-2.2087680652913760e-06
-6.1629916579392840e-07
3.5502585712255368e-07
9.0192587916830837e-07
1.1660999459473359e-06
1.2482123791173737e-06
1.2185975874665975e-06
1.1254458218335604e-06
1.0009424966100213e-06
8.6588476321016374e-07
7.3311536940554802e-07
6.0999102974496839e-07
5.0020911297083805e-07
4.0508644221945384e-07
3.2447728177977460e-07
2.5737218022495956e-07
2.0233919143967757e-07
1.5778471069558178e-07
1.2210739446716702e-07
9.3829640617267854e-08
7.1613167337676650e-08
5.4310989165834382e-08
4.0932759656235043e-08
3.0668222713617090e-08
2.2844615449962172e-08
1.6919555378167646e-08
1.2466555445220294e-08
9.1318621016431060e-09
6.6529897076567842e-09
4.8236091559050581e-09
3.4782165534271285e-09
2.4938079817949499e-09
1.7771044357281791e-09
1.2621346580900668e-09
8.8897925018535136e-10
6.2614054210160754e-10
4.3449023156105748e-10
2.9868503337829399e-10
2.0847213590972732e-10
1.4300146846143207e-10
9.5591159884624099e-11
6.3973035344658387e-11
4.4862099409124685e-11
2.9096756260496297e-11
1.7048987776782616e-11
9.7928985966643267e-12
7.7355380661626100e-12
4.0757640562933576e-12
4.6477212985624694e-12
1.2543045487164419e-12
1.4999329993782659e-13
1.2642898205895634e-12
5.1678812227275290e-13
1.4274088007119632e-14
1.0889172416688804e-12
2.0862774848748071e-12
-6.6363485991113650e-14
-2.2187797601839661e-13
-6.0092455977558900e-13
3.8128210633035690e-13
-1.0510853980597593e-12
-7.9234954731670520e-14
-2.5298861581672858e-12
2.1700899338664796e-12
-7.5965138300281964e-13
-1.3743716916322447e-12
3.4163065846926887e-14
8.1878257275326421e-13
-4.4064107789832090e-13
-7.3111597406038050e-13
-1.0232834076066045e-12
-7.5196292508698062e-13
6.4059611334580214e-14
1.7522577791104152e-13
-4.3862981751846475e-13
7.1217032211361209e-14
1.3877204572766080e-12
-1.4056292921254140e-12
-2.2469628431148822e-12
1.9580582074560974e-12
-1.8842410090759461e-13
-3.2973984555887913e-12
4.3652132218781528e-13
1.1128510944549282e-12
-6.5577578900126380e-13
-1.5317981539305998e-13
-2.2921045052457206e-12
-1.2243241437591854e-12
8.7878509945120518e-13
8.7222675953338889e-13
-3.8307153528961980e-13
7.3825943992334239e-14
2.0698334687278399e-12
-1.6940408461452335e-12
1.0507445699858442e-12
1.6929752036830554e-12
1.2626429157987341e-12
-9.4439568048159341e-14
3.6411875438928209e-12
-1.5847028472105635e-12
1.0393663407455408e-13
4.8230170942472055e-13
-5.3499231301656758e-13
-1.4966543231302489e-12
1.9424306511378059e-13
7.8602209022076532e-14
-7.0956703299076735e-13
2.2322836440255566e-13
8.3607403540881754e-13
-2.5195431189610930e-12
-4.4416977828540401e-13
1.3660225554260662e-13
5.7074807956571676e-13
-2.3897838051070572e-12
1.5126710752508097e-12
-1.7546364578537130e-12
5.1218328032205382e-13
-7.7894448907508091e-13
-2.2362607822381555e-12
2.3577129583916238e-13
1.5760253567867133e-13
-1.2502093962634937e-12
-7.0623723813446060e-13
7.2596954249854947e-13
2.0897232981387658e-13
3.8384719829109621e-15
5.0926739727478655e-13
1.2637982251629177e-12
-1.5741643857761457e-14
3.3487575377774714e-14
-7.0323520083388408e-13
3.0702356285770631e-13
2.3676566682538430e-12
1.5284293213541691e-13
-1.4872693196200044e-12
-3.3151290189732809e-14
1.5998619991036801e-12
1.0665362911951980e-12
6.3126519819282024e-13
1.0809636711417776e-12
1.8022827456434365e-13
-4.4053818022796152e-13
2.9753692779786643e-13
-1.0661030705191620e-13
-1.3242915971322706e-12
-4.3544466722271611e-14
-6.2736438183643962e-13
-1.9051739270897158e-12
6.5498137938803685e-14
5.6545785827332515e-13
-1.3263080130182116e-12
1.3293732351903767e-12
-8.3676997195698636e-13
-2.6760381093403067e-12
-2.1158169365939093e-12
2.5939995308063437e-13
-9.9702728610165850e-15
-2.1184800482266157e-12
2.1519059952472730e-12
-1.1968022021090694e-12
2.5752543727295195e-13
-5.3103122076841117e-13
-9.3885198455730953e-13
1.0710581717860917e-13
-7.2021696303902255e-14
-1.2735937205123745e-12
-6.9617110608525119e-13
1.6430479080971512e-12
-1.6369094107838986e-13
1.0007155429910145e-13
1.2372289535716429e-15
1.3932824284862499e-12
1.8190930284282802e-13
-1.7522208643243665e-12
2.4279499266574518e-12
-8.8173204085251131e-13
2.0481301295011490e-13
-7.2295923265498257e-13
-3.7896342962128047e-14
