1.6335551104959483e-12
2.5729836848117087e-14
-9.0274031501089880e-13
1.8288971152619940e-12
-1.2300798802961813e-12
-2.5474908471829649e-13
-6.3940964738822316e-13
-1.0263741791464292e-12
-1.0308098576404711e-12
1.9207737341846482e-12
-5.4250180884078339e-13
-3.1336812705594735e-13
2.0785459111993856e-12
-1.6370595094406982e-12
-1.5378036075088593e-12
-1.0239759859959986e-12
-3.6609808710743775e-13
4.5286601928654335e-13
-5.2693092924733343e-13
3.1241749671706471e-13
-6.2298969999710142e-13
5.7585386402799638e-13
-9.9771881105503405e-13
-7.3322312275519294e-13
-1.2655787353906528e-13
-2.3559834577008772e-13
-1.3857038624072322e-12
1.0669607946185309e-12
9.4294983628868067e-13
-4.5250482392598266e-13
1.1002369607550203e-12
1.2938345791753007e-12
-1.3617435208804415e-12
-1.0047375847362840e-12
-9.5170397224525586e-13
-1.3617387419910207e-12
-1.6313157098113343e-12
5.9285763542534117e-13
1.0821647398732311e-12
2.0322784743116135e-13
8.9565340964513331e-13
2.6877102764569272e-13
1.0057320911268410e-12
1.5819996280770122e-12
-2.1528246711853411e-12
-1.3288897512390982e-12
1.8960703133403499e-12
5.3520084676374225e-13
-4.8818817716025398e-13
-9.7142834852624919e-13
1.1709863576686807e-12
-1.6590417212376534e-12
9.6955578257222561e-14
-1.3586117021162782e-12
3.2951505676588342e-14
3.6405190577966597e-13
1.5399215351554218e-13
-1.0989206195302592e-12
4.3168640388517443e-13
6.0448408466699496e-13
-1.7027922893139424e-12
4.3158180751798063e-14
6.4468756360165550e-13
1.2256829254558510e-12
1.6888733998800923e-12
2.6137207736283963e-12
1.4874164180704963e-12
2.1533418141360922e-12
4.5764624394005951e-12
5.1792282420616661e-12
4.6181486201507886e-12
8.9664734356731145e-12
9.6694436627055081e-12
1.3665537198694902e-11
1.5475786988235310e-11
2.0154867211597820e-11
2.3141966850441524e-11
2.9178044365211063e-11
2.5627368399701629e-11
2.8115701661974355e-11
1.8533933560414208e-11
-2.0666523645098199e-12
-4.3243238012132399e-11
-1.1432272196991608e-10
-2.3636376622280354e-10
-4.3550689161995085e-10
-7.5184838214588794e-10
-1.2436454023532973e-09
-1.9933786912239723e-09
-3.1190319629595999e-09
-4.7915071837024385e-09
-7.2494044426693335e-09
-1.0822848796744164e-08
-1.5980235361747341e-08
-2.3357055790823559e-08
-3.3827088960032983e-08
-4.8586903106249380e-08
-6.9255217698164789e-08
-9.8012182318667707e-08
-1.3778012497855060e-07
-1.9244415140334596e-07
-2.6716192231972905e-07
-3.6871692661090870e-07
-5.0598939116209665e-07
-6.9054422112176077e-07
-9.3733767659865281e-07
-1.2656228346428057e-06
-1.6999978092948386e-06
-2.2717134978517432e-06
-3.0202193607311366e-06
-3.9949518462446281e-06
-5.2574323257050780e-06
-6.8836502056312805e-06
-8.9666946149448240e-06
-1.1619607978992588e-05
-1.4978377402628332e-05
-1.9204827250079976e-05
-2.4489305454151199e-05
-3.1052636204949102e-05
-3.9146933894768295e-05
-4.9054499361262594e-05
-6.1083875767329476e-05
-7.5561642072543371e-05
-9.2818338808072247e-05
-1.1316620354927420e-04
-1.3686589498373365e-04
-1.6407846075039323e-04
-1.9479813664413396e-04
-2.2876010780051837e-04
-2.6531637375879538e-04
-3.0327113159752729e-04
-3.4066542494534278e-04
-3.7449871529795972e-04
-4.0037291761101047e-04
-4.1204169645524101e-04
-4.0084533946726109e-04
-3.5500836045626914e-04
-2.5877407093194264e-04
-9.1346975511387627e-05
1.7438894083314973e-04
5.7341121904067732e-04
1.1503968395522072e-03
1.9618965607375812e-03
3.0788864427124950e-03
4.5897371555850960e-03
6.6036399097993406e-03
9.2545242609335041e-03
1.2705496671281921e-02
1.7153819438845450e-02
2.2836436556709895e-02
3.0036035918025231e-02
3.9087614841902180e-02
5.0385488427587395e-02
6.4390646261076337e-02
8.1638322563714311e-02
1.0274559733891353e-01
1.2841879155270114e-01
1.5946035715027490e-01
1.9677489396255129e-01
2.4137384998227263e-01
2.9437838079474404e-01
3.5701975896522559e-01
4.3063663726403062e-01
5.1666838304744744e-01
6.1664361797357725e-01
7.3216302120769583e-01
8.6487538981704015e-01
1.0164459015509615e+00
1.1885154989084352e+00
1.3826503139563504e+00
1.6002800881003503e+00
1.8426246152951780e+00
2.1106073579027180e+00
2.4047555565191980e+00
2.7250863852543299e+00
3.0709789949802921e+00
3.4410326429976412e+00
3.8329115296770762e+00
4.2431774497089156e+00
4.6671119153865117e+00
5.0985300155106401e+00
5.5295889275271781e+00
5.9505946902345848e+00
6.3498115544975020e+00
6.7132789410988307e+00
7.0246417255030247e+00
7.2650002146597936e+00
7.4127867519380493e+00
7.4436763539889386e+00
7.3305391155764736e+00
7.0434422844964688e+00
6.5497098762302972e+00
5.8140474395063046e+00
4.7987390720810899e+00
3.4639230004300670e+00
1.7679509621263716e+00
-3.3216474207780894e-01
-2.8802143275793455e+00
-5.9201634905885507e+00
-9.4954382289114054e+00
-1.3648125936467553e+01
-1.8418099822135162e+01
-2.3842076465577790e+01
-2.9952619147273829e+01
-3.6777102399363933e+01
-4.4336655933286387e+01
-5.2645108617217211e+01
-6.1707955406499238e+01
-7.1521371976240545e+01
-8.2071303174574737e+01
-9.3332652218778804e+01
-1.0526859771708961e+02
-1.1783006505107215e+02
-1.3095537734859957e+02
-1.4457010918697978e+02
-1.5858716328361314e+02
-1.7290708677569441e+02
-1.8741863930568775e+02
-2.0199962008598143e+02
-2.1651795551133250e+02
-2.3083304284294945e+02
-2.4479733914694665e+02
-2.5825817819566316e+02
-2.7105979160977853e+02
-2.8304550431979203e+02
-2.9406006864796655e+02
-3.0395209614448555e+02
-3.1257654193454584e+02
-3.1979719291026049e+02
-3.2548910877554192e+02
-3.2954096383911485e+02
-3.3185723763304247e+02
-3.3236020395837915e+02
-3.3099167083232322e+02
-3.2771442799839787e+02
-3.2251336408652901e+02
-3.1539622205763220e+02
-3.0639396908342462e+02
-2.9556076530960121e+02
-2.8297352481376407e+02
-2.6873107126182026e+02
-2.5295290003665545e+02
-2.3577756770340042e+02
-2.1736073833167580e+02
-1.9787292417199120e+02
-1.7749696525525829e+02
-1.5642529845179004e+02
-1.3485707122194486e+02
-1.1299515858680532e+02
-9.1043143657530479e+01
-6.9202322345943145e+01
-4.7668791641241036e+01
-2.6630678130060708e+01
-6.2655593533943934e+00
1.3261874731395825e+01
3.1801879312960519e+01
4.9221397714693289e+01
6.5405464139103970e+01
8.0258248845858361e+01
9.3703736971234505e+01
1.0568604066926898e+02
1.1616935244096128e+02
1.2513755520452425e+02
1.3259351165684481e+02
1.3855806162135980e+02
1.4306876124001181e+02
1.4617840195121252e+02
1.4795335014232106e+02
1.4847175015084980e+02
1.4782163392648661e+02
1.4609898020101255e+02
1.4340576452153863e+02
1.3984803908527934e+02
1.3553407809413707e+02
1.3057262046303964e+02
1.2507123731643915e+02
1.1913484694681614e+02
1.1286439494111816e+02
1.0635571215544454e+02
9.9698558273844981e+01
9.2975853951029464e+01
8.6263100121198178e+01
7.9627979048492321e+01
7.3130128171031714e+01
6.6821074802596371e+01
6.0744317335305510e+01
5.4935536745953449e+01
4.9422920942077958e+01
4.4227583770017908e+01
3.9364060309722404e+01
3.4840860353477652e+01
3.0661062651164130e+01
2.6822933541311880e+01
2.3320554909069472e+01
2.0144447952271911e+01
1.7282180929053251e+01
1.4718950842240332e+01
1.2438130828792136e+01
1.0421776814417919e+01
8.6510887190887669e+00
7.1068231205302705e+00
5.7696557694857962e+00
4.6204936807362351e+00
3.6407376820308430e+00
2.8124972815068756e+00
2.1187605111930172e+00
1.5435220233123994e+00
1.0718731659508920e+00
6.9005805745782711e-01
3.8549982937832916e-01
1.4680123308551196e-01
-3.6276276593539152e-02
-1.7285103800878621e-01
-2.7097355756591746e-01
-3.3768935478742301e-01
-3.7910919960814710e-01
-4.0048401621456364e-01
-4.0628208844025676e-01
-4.0026656017644080e-01
-3.8557157089131522e-01
-3.6477569399666931e-01
-3.3997164866997315e-01
-3.1283153030375022e-01
-2.8466704823314154e-01
-2.5648447100469257e-01
-2.2903415919247314e-01
-2.0285471456891105e-01
-1.7831189419178614e-01
-1.5563253057856491e-01
-1.3493376771943447e-01
-1.1624796957677065e-01
-9.9543686235143466e-02
-8.4743075593226316e-02
-7.1736178565051184e-02
-6.0392435379806750e-02
-5.0569812555524604e-02
-4.2121886265944854e-02
-3.4903200136982608e-02
-2.8773185750997802e-02
-2.3598903075072848e-02
-1.9256827627389502e-02
-1.5633881194800147e-02
-1.2627875029465958e-02
-1.0147508227257898e-02
-8.1120402458408191e-03
-6.4507352193345358e-03
-5.1021568933363763e-03
-4.0133765366634020e-03
-3.1391423210516984e-03
-2.4410466030634665e-03
-1.8867177402775144e-03
-1.4490550901912339e-03
-1.1055191345701011e-03
-8.3748374965257198e-04
-6.2965356140719415e-04
-4.6954642710635391e-04
-3.4703891135939933e-04
-2.5397121921936594e-04
-1.8380699849629314e-04
-1.3134302381064363e-04
-9.2463501800734753e-05
-6.3933821302963165e-05
-4.3228706827793073e-05
-2.8390117871514769e-05
-1.7910628566516138e-05
-1.0638326220824305e-05
-5.6998876121070868e-06
-2.4387505101645439e-06
-3.6576573234344703e-07
8.7991597884191070e-07
1.5615474537932121e-06
1.8688554297783733e-06
1.9366108458040508e-06
1.8589540524530797e-06
1.7002994152701799e-06
1.5035876418546228e-06
1.2964693142661319e-06
1.0958676810911165e-06
9.1136331029419971e-07
7.4760249744058684e-07
6.0604264997331446e-07
4.8618393734965591e-07
3.8640046272378208e-07
3.0448913023562399e-07
2.3806693773513671e-07
1.8478228336201263e-07
1.4244353315619232e-07
1.0909540836292753e-07
8.3037886881718724e-08
6.2831897982331002e-08
4.7266702546151737e-08
3.5365650959781782e-08
2.6313489966646142e-08
1.9475025113114731e-08
1.4339178457411949e-08
1.0503514107220603e-08
7.6540629797871722e-09
5.5496840817365563e-09
4.0040291625611231e-09
2.8729670755090608e-09
2.0532087063477193e-09
1.4575797751321528e-09
1.0300967914454288e-09
7.2417637101713503e-10
5.0713262688423099e-10
3.5170046976812841e-10
2.4229348404555399e-10
1.6927329714637063e-10
1.1415639712199528e-10
7.7295209988761544e-11
5.3908848189744083e-11
3.2981563060260240e-11
2.2413898012973573e-11
1.3238561875988295e-11
8.6881313651265146e-12
6.0804404506684392e-12
5.4579667066876209e-12
2.2127533544186786e-12
2.3216098130608015e-12
5.9458444640689011e-13
4.9705486029181315e-13
-2.0291690439783588e-12
1.1631198800164313e-12
3.7595199024539778e-13
1.8653759561260493e-13
-1.4451846392980826e-12
1.1273493340053094e-12
-2.8012359956045916e-12
4.0516936553366906e-13
-1.6000809062151759e-12
3.7027551460415734e-13
-2.3968992105610747e-13
1.4975702508058696e-12
-4.8011226366869196e-13
8.3840274659725999e-13
1.2566415926829660e-12
1.2140187177082380e-13
6.7668850810385005e-13
8.4426309254550169e-13
-1.9867218234291074e-12
4.0724096440720151e-14
4.7954393996303584e-13
2.6644794063698784e-12
1.1477321122886933e-13
7.1800125814704997e-13
1.4082620345362798e-12
7.5076816659533533e-14
4.4562445125860444e-14
9.6561810945189296e-13
1.1779735158235542e-12
8.9055340293201299e-13
2.0743019464668298e-12
-7.9202738095868501e-13
5.8986879223908494e-13
5.7283046654991807e-14
-1.2881485066104751e-12
-4.4283188795076872e-13
1.9541954473204567e-12
1.5261866049121438e-12
-2.2928647851191435e-13
9.6948044967324617e-13
-8.1488838434199169e-13
-2.1166099282514452e-13
5.7534446004851414e-13
-9.0088511970692248e-13
1.7912941301755983e-13
3.9048839607451370e-13
3.0292724510259163e-14
-1.6586165499490659e-12
-1.8856443648596669e-12
1.8518140517051725e-12
-8.2071802289152018e-13
1.4831020371490125e-12
1.4923117256852968e-12
-4.1937270244276750e-13
-4.5222904767050318e-13
1.2297383149450124e-12
5.9738944433752818e-13
-2.2541949550090460e-13
3.2898406067029905e-13
1.0225978085633148e-12
-7.8291699185578951e-14
1.3142061897185361e-12
-1.0129460713114698e-12
-7.9033550874291171e-13
7.8940135330360995e-13
2.0085216086826198e-12
-1.8845632400528062e-12
-3.8814337340982598e-13
1.9217104656234923e-12
-5.0161535373524844e-13
-1.9353795824749488e-12
-1.7692198226740421e-13
1.3015017958748883e-12
-2.6412790146515331e-13
-1.8508450932557747e-12
-5.6360031814799106e-13
9.2200374042701479e-13
9.9001051234378669e-13
1.1757741350379265e-12
-1.7485887766244226e-12
2.6861284572856205e-12
1.1371713746920411e-12
-6.4271356212846316e-13
-7.0382733021895742e-14
1.6317026771021320e-12
9.7261610104711828e-13
9.0378929631397099e-14
6.7700416493234804e-13
6.0280165582334622e-13
1.0260407484341578e-12
9.9921089640001875e-13
