-3.4886685594746709e-03
-4.2043090398609980e-03
-5.0719050787268981e-03
-6.1098955557651585e-03
-7.3432747901989847e-03
-8.8031373672249561e-03
-1.0526095915740812e-02
-1.2555639527005648e-02
-1.4941538276934039e-02
-1.7741478418625761e-02
-2.1021026334090604e-02
-2.4855294106895260e-02
-2.9329528606648080e-02
-3.4540721390291608e-02
-4.0598814009857889e-02
-4.7628291391316906e-02
-5.5769825161988369e-02
-6.5182446036900307e-02
-7.6043954841264375e-02
-8.8557990693592353e-02
-1.0296093440160689e-01
-1.1952494482540339e-01
-1.3854722195454755e-01
-1.6035128010807573e-01
-1.8530034743446100e-01
-2.1380066025290745e-01
-2.4630527163028898e-01
-2.8331942015433370e-01
-3.2540449872806365e-01
-3.7318365623921201e-01
-4.2734634510475078e-01
-4.8865408787485554e-01
-5.5794568632394437e-01
-6.3614305549907335e-01
-7.2425713262335212e-01
-8.2339361169685277e-01
-9.3475947365586143e-01
-1.0596688026444085e+00
-1.1995479292548570e+00
-1.3559471226868760e+00
-1.5305583432522554e+00
-1.7252086463727445e+00
-1.9418499936629952e+00
-2.1825779763113773e+00
-2.4496434423618405e+00
-2.7454544210138132e+00
-3.0725830783770283e+00
-3.4337684396510584e+00
-3.8319207075040085e+00
-4.2701228061142036e+00
-4.7516323360324648e+00
-5.2798812737991208e+00
-5.8584752367462585e+00
-6.4911909031973494e+00
-7.1819719914838664e+00
-7.9349241570754785e+00
-8.7543067107577155e+00
-9.6445251417375957e+00
-1.0610118324383460e+01
-1.1655738234834313e+01
-1.2786128872698862e+01
-1.4006123844256532e+01
-1.5320634098657706e+01
-1.6734612772225606e+01
-1.8253027145907090e+01
-1.9880832716546337e+01
-2.1622940664806784e+01
-2.3484186363499958e+01
-2.5469292958450801e+01
-2.7582835056945509e+01
-2.9829198474579854e+01
-3.2212539717477547e+01
-3.4736742422459422e+01
-3.7405373439816394e+01
-4.0221636764651151e+01
-4.3188327416146059e+01
-4.6307783525223520e+01
-4.9581840863691390e+01
-5.3011779029771382e+01
-5.6598282527349262e+01
-6.0341391123096813e+01
-6.4240451990701061e+01
-6.8294090917025855e+01
-7.2500170632580563e+01
-7.6855750052565185e+01
-8.1357054595399035e+01
-8.5999445277094210e+01
-9.0777396603549860e+01
-9.5684476652708184e+01
-1.0071333522055558e+02
-1.0585569619968523e+02
-1.1110235785352066e+02
-1.1644319879877177e+02
-1.2186719178269288e+02
-1.2736242425065704e+02
-1.3291612665418887e+02
-1.3851470765696826e+02
-1.4414379917784095e+02
-1.4978830249325708e+02
-1.5543243356568956e+02
-1.6105980335631875e+02
-1.6665350685868265e+02
-1.7219618366133952e+02
-1.7767009711012378e+02
-1.8305722768702796e+02
-1.8833936620332219e+02
-1.9349821418150771e+02
-1.9851548640026897e+02
-2.0337301698776591e+02
-2.0805286726391796e+02
-2.1253743448264765e+02
-2.1680956114350244e+02
-2.2085264287041670e+02
-2.2465073526379453e+02
-2.2818865734819957e+02
-2.3145209177991620e+02
-2.3442768118252459e+02
-2.3710311473124122e+02
-2.3946722004740244e+02
-2.4151004893216268e+02
-2.4322291975122423e+02
-2.4459848346482940e+02
-2.4563079296720008e+02
-2.4631533975343623e+02
-2.4664908555122082e+02
-2.4663048509314089e+02
-2.4625949575034289e+02
-2.4553757981264877e+02
-2.4446769307771160e+02
-2.4305426609835183e+02
-2.4130317220895549e+02
-2.3922168832327878e+02
-2.3681844347262847e+02
-2.3410336060263126e+02
-2.3108758740127803e+02
-2.2778342126985595e+02
-2.2420422537788275e+02
-2.2036433604698840e+02
-2.1627898080573542e+02
-2.1196417344534967e+02
-2.0743658619160027e+02
-2.0271346075870451e+02
-1.9781250803178315e+02
-1.9275179093914801e+02
-1.8754961595286881e+02
-1.8222442234076473e+02
-1.7679467447522379e+02
-1.7127875708744276e+02
-1.6569487335911245e+02
-1.6006094868398790e+02
-1.5439453781514251e+02
-1.4871273957699046e+02
-1.4303211554889123e+02
-1.3736861766657341e+02
-1.3173752039039937e+02
-1.2615336210614191e+02
-1.2062989353322374e+02
-1.1518003082092289e+02
-1.0981580676973201e+02
-1.0454835803138090e+02
-9.9387918534720967e+01
-9.4343786821926685e+01
-8.9424312206959897e+01
-8.4636900260664021e+01
-7.9988017096785370e+01
-7.5483204517132265e+01
-7.1127097614199130e+01
-6.6923449965940804e+01
-6.2875161667985338e+01
-5.8984313096223929e+01
-5.5252201014920878e+01
-5.1679379179168016e+01
-4.8265700142785342e+01
-4.5010361103570204e+01
-4.1911948699075239e+01
-3.8968489341856269e+01
-3.6177493075144682e+01
-3.3536004254068779e+01
-3.1040654538496121e+01
-2.8687701677587636e+01
-2.6473086588421122e+01
-2.4392483179402568e+01
-2.2441333873515791e+01
-2.0614894118726436e+01
-1.8908272250240493e+01
-1.7316467983379734e+01
-1.5834409359278785e+01
-1.4456986289799882e+01
-1.3179083027353364e+01
-1.1995606505385540e+01
-1.0901513713380968e+01
-9.8918347479060884e+00
-8.9616948156913114e+00
-8.1063323492264132e+00
-7.3211152290798118e+00
-6.6015554051400906e+00
-5.9433183812318129e+00
-5.3422261681711962e+00
-4.7942667159898011e+00
-4.2956158274836413e+00
-3.8426392863909205e+00
-3.4318801511650436e+00
-3.0600610800322259e+00
-2.7240845431345919e+00
-2.4210307026859486e+00
-2.1481556848064520e+00
-1.9028875219275179e+00
-1.6828226080878608e+00
-1.4857200148992584e+00
-1.3094966060936022e+00
-1.1522201067197577e+00
-1.0121033666242838e+00
-8.8749663387622313e-01
-7.7688128061455364e-01
-6.7886214616561968e-01
-5.9215959647292604e-01
-5.1560534231251487e-01
-4.4814452690557277e-01
-3.8881842574173686e-01
-3.3674044112323753e-01
-2.9110333948273870e-01
-2.5118224336226941e-01
-2.1632426843934968e-01
-1.8594366844429935e-01
-1.5951553512519570e-01
-1.3657021994058216e-01
-1.1668844981220157e-01
-9.9496134996694130e-02
-8.4660436193837035e-02
-7.1885273599121904e-02
-6.0907987066681220e-02
-5.1495777276444291e-02
-4.3442503723775491e-02
-3.6566425848925672e-02
-3.0706578585005667e-02
-2.5721282450139698e-02
-2.1490804306263319e-02
-1.7917295679584704e-02
-1.4916356363080547e-02
-1.2404101671721632e-02
-1.0304416407023538e-02
-8.5540018565825413e-03
-7.0985360546606440e-03
-5.8929722324265309e-03
-4.8997888407054258e-03
-4.0885881936401245e-03
-3.4347907673748504e-03
-2.9194170931051569e-03
-2.5279520834150756e-03
-2.2505878928251919e-03
-2.0811125519964897e-03
-2.0177664587255778e-03
-2.0619893971881094e-03
-2.2199996089191762e-03
-2.5014544110351041e-03
-2.9210879998579470e-03
