-1.4524066002519631e-12
1.2546265594342450e-12
-1.3830948239536210e-12
5.2289846915112802e-13
-6.0052317627714007e-13
7.2370878907974123e-14
-1.6499469664332962e-12
-3.2603380163411519e-13
1.2017135227555237e-12
2.8012141315331736e-13
-8.2713687353938610e-13
-5.6005479606664801e-13
-1.8985864566178680e-12
-9.2241727894213486e-13
1.0504290576094066e-12
-8.0386493155430936e-13
-2.1838447111049248e-12
4.0476142549176786e-14
-2.1800175907423304e-12
-4.2122087935764527e-13
7.9595381260892969e-13
-8.8660033637203177e-14
-1.1843148111423446e-12
-2.8164648820262966e-13
1.6388146428706065e-12
-1.0934186533459777e-12
1.3868130103865371e-12
1.1932315538384790e-12
9.3642473088543980e-13
2.7377363057096557e-12
5.0110521180194096e-12
3.5181322217169457e-12
7.0717222494753189e-12
7.7478451511633140e-12
9.8853061487272346e-12
1.6812010549863642e-11
2.6328028538217541e-11
3.2851903390526780e-11
4.5622882388495362e-11
6.0620842034823749e-11
7.9956476065561659e-11
1.0287670793040523e-10
1.3516170132042422e-10
1.6715471921861789e-10
2.0632312188322797e-10
2.5325176767478419e-10
2.9935953345740270e-10
3.3808949672796364e-10
3.6550339598704134e-10
3.5030662044083711e-10
2.7012125666335764e-10
7.4767796813548571e-11
-3.1385895911986929e-10
-1.0014462432679140e-09
-2.1539076539634464e-09
-4.0181311808524567e-09
-6.9366655974236248e-09
-1.1419649523407115e-08
-1.8164695485044811e-08
-2.8183095858132568e-08
-4.2855950995650464e-08
-6.4121366750305199e-08
-9.4632457096718457e-08
-1.3801082303829102e-07
-1.9918282874914191e-07
-2.8479454954154616e-07
-4.0373952793342837e-07
-5.6789234372280568e-07
-7.9297696514256036e-07
-1.0996998866374785e-06
-1.5151915291566263e-06
-2.0747736546824565e-06
-2.8241683396543935e-06
-3.8222177127670793e-06
-5.1442261065524233e-06
-6.8859379584343588e-06
-9.1683875290641087e-06
-1.2143593631747947e-05
-1.6001262135798221e-05
-2.0976522317604658e-05
-2.7358760465804848e-05
-3.5501482490470508e-05
-4.5833109758281240e-05
-5.8868464088388568e-05
-7.5220487277294078e-05
-9.5611545844665518e-05
-1.2088338947590291e-04
-1.5200424741082240e-04
-1.9007127705597781e-04
-2.3630567164231075e-04
-2.9203699753904255e-04
-3.5867226005430631e-04
-4.3764400513237358e-04
-5.3032997606900726e-04
-6.3793533451989915e-04
-7.6132594271402954e-04
-9.0079886862309193e-04
-1.0557731419761855e-03
-1.2243805634707275e-03
-1.4029323611304584e-03
-1.5852333843089561e-03
-1.7617107803483867e-03
-1.9183190949480550e-03
-2.0351784006059971e-03
-2.0848967444302936e-03
-2.0305224997801273e-03
-1.8230672762144700e-03
-1.3985351171612204e-03
-6.7438996287573591e-04
4.5460925919053619e-04
2.1212773379553273e-03
4.4916451555711010e-03
7.7714410962771412e-03
1.2213468458317240e-02
1.8125923033891551e-02
2.5881676817696559e-02
3.5928529180442821e-02
4.8800395175300791e-02
6.5129361018842924e-02
8.5658488071084643e-02
1.1125518882430876e-01
1.4292493037130466e-01
1.8182494274793709e-01
2.2927752140228763e-01
2.8678241532317533e-01
3.5602768606322288e-01
4.3889830949888703e-01
5.3748167412841452e-01
6.5406900924777378e-01
7.9115165797404852e-01
9.5141099734069889e-01
1.1377007063647213e+00
1.3530199985777727e+00
1.6004763751366051e+00
1.8832364249824329e+00
2.2044632077171049e+00
2.5672388108779112e+00
2.9744707833844100e+00
3.4287813200437114e+00
3.9323783136620092e+00
4.4869077087394604e+00
5.0932869877083533e+00
5.7515201000959930e+00
6.4604947072341989e+00
7.2177632572257178e+00
8.0193101216501912e+00
8.8593078070179345e+00
9.7298660874180225e+00
1.0620778772627625e+01
1.1519273707090274e+01
1.2409772463573759e+01
1.3273667022812168e+01
1.4089121483530123e+01
1.4830907491651097e+01
1.5470282575917325e+01
1.5974920892398620e+01
1.6308905974923519e+01
1.6432794927892640e+01
1.6303763050056492e+01
1.5875837116560600e+01
1.5100224451760834e+01
1.3925743485980581e+01
1.2299359703320722e+01
1.0166828765027041e+01
7.4734461550811284e+00
4.1648999764177717e+00
1.8822057558066810e-01
-4.5071824481138005e+00
-9.9684085124619379e+00
-1.6237895496927713e+01
-2.3352209407683429e+01
-3.1340816275515788e+01
-4.0224860975148289e+01
-5.0015979933028298e+01
-6.0715176465729179e+01
-7.2311788663768354e+01
-8.4782580216731702e+01
-9.8090984289909542e+01
-1.1218652945378007e+02
-1.2700447469886964e+02
-1.4246567772959037e+02
-1.5847671703584132e+02
-1.7493028373445483e+02
-1.9170585392563217e+02
-2.0867064642295611e+02
-2.2568086431592911e+02
-2.4258321206328995e+02
-2.5921667286461604e+02
-2.7541452410560106e+02
-2.9100656191672857e+02
-3.0582149952957371e+02
-3.1968949835996528e+02
-3.3244478578535120e+02
-3.4392830959092032e+02
-3.5399037618951195e+02
-3.6249321809946474e+02
-3.6931343588476432e+02
-3.7434426087607466e+02
-3.7749758751354085e+02
-3.7870572805176175e+02
-3.7792284757180602e+02
-3.7512604363940693e+02
-3.7031604237988608e+02
-3.6351749101955215e+02
-3.5477883585430465e+02
-3.4417178390815656e+02
-3.3179035598358121e+02
-3.1774954812027460e+02
-3.0218362741010600e+02
-2.8524409641434420e+02
-2.6709736786435462e+02
-2.4792219769450881e+02
-2.2790692958420752e+02
-2.0724660794080881e+02
-1.8614001854641569e+02
-1.6478671687159036e+02
-1.4338410332814087e+02
-1.2212460253586475e+02
-1.0119300010223404e+02
-8.0763985586871016e+01
-6.0999944406180560e+01
-4.2049034617953744e+01
-2.4043577023052062e+01
-7.0987790577405692e+00
8.6881952416657207e+00
2.3238805108974240e+01
3.6493366623033857e+01
4.8410951386868192e+01
5.8968968620604592e+01
6.8162455109445190e+01
7.6003102671488449e+01
8.2518057030501126e+01
8.7748525133629940e+01
9.1748230017435574e+01
9.4581753304130217e+01
9.6322805342207957e+01
9.7052461958504736e+01
9.6857404854124738e+01
9.5828199965771574e+01
9.4057644754033404e+01
9.1639211508152400e+01
8.8665609514996461e+01
8.5227484470484484e+01
8.1412268953391489e+01
7.7303193263137473e+01
7.2978461564117623e+01
6.8510594181438762e+01
6.3965933145109588e+01
5.9404304749209324e+01
5.4878830031477754e+01
5.0435871717958314e+01
4.6115104332507237e+01
4.1949692838985783e+01
3.7966564349611055e+01
3.4186757065052547e+01
3.0625830672004000e+01
2.7294322862992903e+01
2.4198237407500976e+01
2.1339550235681774e+01
1.8716721237355351e+01
1.6325200871587189e+01
1.4157922170388062e+01
1.2205770252638260e+01
1.0458022994299130e+01
8.9027579877392586e+00
7.5272223328031034e+00
6.3181631065129729e+00
5.2621175373863913e+00
4.3456629486803928e+00
3.5556274249597792e+00
2.8792628945456449e+00
2.3043829093591452e+00
1.8194678485418254e+00
1.4137405829857597e+00
1.0772158260931424e+00
8.0072647521874374e-01
5.7593023333822135e-01
3.9529970642993495e-01
2.5209901422546738e-01
1.4034974476128578e-01
5.4788840303503235e-02
-9.1792636828503648e-03
-5.5534203080464771e-02
-8.7693190137785315e-02
-1.0856497098205951e-01
-1.2060301074550057e-01
-1.2585692719983302e-01
-1.2602141925064489e-01
-1.2248213889548884e-01
-1.1635813334155140e-01
-1.0854063723700491e-01
-9.9728124526475850e-02
-9.0457635476293763e-02
-8.1132479311415553e-02
-7.2046477986236132e-02
-6.3404964340853076e-02
-5.5342780247284735e-02
-4.7939539650716498e-02
-4.1232429756530450e-02
-3.5226823219163830e-02
-2.9904966549017014e-02
-2.5232997359778138e-02
-2.1166526299591152e-02
-1.7655000595627822e-02
-1.4645045621988437e-02
-1.2082959776163658e-02
-9.9165172764039775e-03
-8.0962133993676324e-03
-6.5760676121374984e-03
-5.3140827129017371e-03
-4.2724420746225083e-03
-3.4175128103543866e-03
-2.7197101716959437e-03
-2.1532675005516387e-03
-1.6959466790735516e-03
-1.3287160831877206e-03
-1.0354164057824933e-03
-8.0242928609668758e-04
-6.1835920716364645e-04
-4.7373569607594024e-04
-3.6074001957712071e-04
-2.7295848491508753e-04
-2.0516297573616472e-04
-1.5311810136749547e-04
-1.1341361766810752e-04
-8.3320302275465612e-05
-6.0667180167629798e-05
-4.3737803588634970e-05
-3.1183382209481041e-05
-2.1950616031022507e-05
-1.5222113881945635e-05
-1.0367676107618375e-05
-6.9046534043798461e-06
-4.4659508246038113e-06
-2.7743620851941688e-06
-1.6221628903347427e-06
-8.5494608496396865e-07
-3.5892449545443078e-07
-5.1041527419683967e-08
1.2870802545433323e-07
2.2316931734853499e-07
2.6252706272264853e-07
2.6772558291872925e-07
2.5302297321625557e-07
2.2790575852943800e-07
1.9849155120522797e-07
1.6857444082027040e-07
1.4035744627423411e-07
1.1497999625736215e-07
9.2907000718364910e-08
7.4193741989057790e-08
5.8632178391967238e-08
4.5904889195677827e-08
3.5637001484562066e-08
2.7445555447155314e-08
2.0982851618526611e-08
1.5937658501591690e-08
1.2024704859468619e-08
9.0155153599931951e-09
6.7223863210947960e-09
4.9814525922288793e-09
3.6677414541214825e-09
2.6902137548803312e-09
1.9590854800935556e-09
1.4216661971341436e-09
1.0258803897621035e-09
7.3769027482288352e-10
5.2468854980867801e-10
3.7505826374530197e-10
2.6425919880558395e-10
1.8260728071120323e-10
1.2919134906705963e-10
8.9836910191693223e-11
6.2644636609836170e-11
4.3241490966262836e-11
3.0619452161940193e-11
2.0147242963018174e-11
1.5336518448210156e-11
1.0221608288261510e-11
5.3328032883329013e-12
3.4463967597795872e-12
4.5716807120245470e-12
8.6999744744105364e-13
-2.3600670163766104e-13
2.4808993517650436e-12
7.8082512581904081e-13
2.7187553941182361e-13
9.8442648928831124e-13
-3.1467315455764509e-12
7.8450587546520599e-13
-1.0650267658696001e-12
1.3654111768638241e-12
-1.2991067138090095e-12
-2.8092148171987673e-13
-1.0765317350739581e-12
5.7180781043212532e-13
2.9319954264416298e-15
2.1875880245918068e-13
1.8850193923245423e-13
2.6756490728120561e-12
3.0378379387909360e-13
-6.1615304847279729e-13
-6.9980133137453387e-13
2.3307599399805818e-12
-1.4011978756847235e-12
1.3584133831417713e-12
-5.9667052215444550e-13
1.4120668124088234e-12
-7.0767394144843771e-13
2.6145514093417016e-13
-5.3034019305787798e-13
-5.5691888495036952e-13
8.8732069168280860e-13
-1.6430760053026272e-13
-6.7126667395229389e-13
2.6593472921229751e-12
1.6170332547209482e-12
4.5552643121397850e-13
-2.4022213466118478e-13
8.3042504837984156e-13
-4.3725826823960079e-13
2.0791432041807415e-12
-7.4359109153658645e-13
-4.4237892753002855e-13
-8.7012944285385586e-13
1.5827311683093149e-13
-2.2755611820088668e-12
-1.3385779480421743e-12
1.7219229550540524e-12
-2.7096853678238811e-12
-1.4200337241290003e-12
1.7605937033020674e-12
-1.1692107711519621e-12
1.0393663407455408e-13
-1.7434026786380047e-12
3.4817324483697770e-13
-2.2030780019759564e-12
2.0237611944989797e-12
-2.2267414848830115e-13
7.3026893683398740e-13
1.2282364354724458e-12
2.4461238102374921e-12
6.3698170163912672e-14
9.5598208815480910e-13
-1.1628136627531111e-12
-1.2816329741051904e-13
8.6640579321265040e-13
2.3257879516766353e-12
-7.2592151276644674e-13
2.0324038154012595e-12
-2.7045500177173030e-14
-8.2806329015500004e-13
-1.4465516717127641e-12
2.2706183056385854e-12
6.6879825104273249e-13
-1.6780402080594502e-12
-1.1898461858993934e-12
-2.3571636069466801e-13
9.1860267389457537e-13
6.2522590808465662e-13
-2.2791054049854371e-12
-1.9686575475256096e-12
6.7790638123282633e-13
-5.7355306569316775e-13
-3.1235949769042466e-12
3.9044131133574746e-12
1.4149242700266196e-12
-1.7889481817373965e-12
-1.9363397551428461e-12
1.0798255996677589e-12
-4.7557909413373008e-13
-1.7613971667750327e-12
5.9073878199469678e-13
-8.8781114164336988e-13
3.4778248203721056e-13
1.3427412116465983e-12
-6.0541856333499545e-13
-1.1041099973826711e-12
1.2421494223759523e-12
-1.3916158775000112e-12
-3.0093610083489050e-12
-1.3109540930498180e-12
3.1417771371662014e-13
-4.6355031455431824e-12
9.0479835003948374e-13
-2.9622307722343537e-13
7.2708377961150569e-13
-8.2126456633068421e-13
3.3348961007653767e-13
-5.3160473812464272e-13
-1.8922530574025983e-12
1.3336698041009308e-12
-1.6868068893412214e-12
-1.3657429535665480e-12
1.4156515393693868e-12
3.3980784736534313e-13
-1.0375790232123685e-12
8.0481764311853702e-13
1.1743776042950220e-12
-1.3153674634027392e-12
-7.5088517699958280e-13
1.3160381854018887e-13
-5.6877191177115786e-13
6.6817721380541338e-13
4.8234130059249102e-13
-4.4194098069711185e-13
-8.7148936868281479e-13
2.0316809858402151e-12
-3.4035317559898713e-13
-1.6235098112769853e-12
-3.4954043014736021e-13
3.0512742453887959e-13
