8.1617833867596771e-13
-1.6666108676118132e-13
-1.2163048522730365e-12
-1.5825254246797407e-13
2.0337402397052630e-12
-5.2750169326576097e-13
-7.6381501920217378e-13
6.5480622958016555e-13
-1.6939730440196494e-13
-1.0534119751076154e-13
3.4682261082182641e-13
-5.1416762579104393e-13
6.6798155627454411e-14
3.3368214970447849e-13
-1.4015265581359197e-12
-1.7086803360185569e-13
1.9278081210144194e-12
6.3505572287783803e-13
4.7257429132957091e-13
1.4084515841785720e-12
1.2309054980512262e-12
-1.0336427249697449e-12
1.2435564805471257e-12
-3.3574394867535335e-13
1.1965753863190373e-13
1.8757281816836878e-13
-2.1878053500364592e-12
-1.7746526446703217e-12
-6.8839312868710742e-14
9.3941086990723197e-13
-8.2023093366033318e-13
-6.8498576009920427e-13
-1.3646942880514899e-12
-1.0539302285490264e-12
-5.6408497526324993e-13
-6.5120624741191127e-13
9.5955988469873000e-14
1.6053717704376124e-13
1.0957098632663638e-12
-8.0802128454262412e-14
1.9299113319153941e-12
-9.3989088605632957e-13
7.9302276245630843e-13
-2.6296548110353941e-13
-9.2358719488189236e-13
4.5221286828805178e-13
3.3909097643244663e-13
8.3258085362551360e-13
-2.2441917339695686e-13
-3.1503110276083323e-13
-1.2891347994084545e-12
7.4019128617785724e-13
-1.8789313207777098e-12
7.4896349522792373e-13
4.9094506003702320e-13
1.1014350995732982e-12
1.1403625917253150e-12
3.4821447598997580e-13
-3.2136362302698646e-13
-8.3970888440496392e-13
1.0809880099120165e-12
6.7479140602672040e-13
-1.3787239258728874e-12
7.8972938950774007e-13
1.1799252000377997e-12
1.4734645835127569e-12
2.9129603600960074e-13
-2.7632579133514889e-14
1.1763012997941323e-12
1.6149639309413545e-12
1.1823606595530641e-12
4.7763595357294997e-13
2.1067445318162431e-12
4.0036891789506318e-12
4.3759079693360707e-12
6.3194728150865465e-12
1.1062310557730936e-11
1.3946375127143373e-11
1.9488390522493271e-11
2.9806097861430149e-11
4.0606806349067246e-11
6.1190198990047249e-11
8.5055722485105706e-11
1.2088072755962172e-10
1.6984887409317571e-10
2.3723357125210629e-10
3.3223077053253135e-10
4.6213031886954216e-10
6.4148121191211789e-10
8.8359777698110309e-10
1.2116318011396117e-09
1.6572611430480783e-09
2.2548617738431147e-09
3.0528757232047325e-09
4.1187320814666480e-09
5.5317001613589946e-09
7.3895633691537907e-09
9.8243580804486060e-09
1.2991390315018090e-08
1.7086072998677482e-08
2.2346098653939434e-08
2.9041948623783199e-08
3.7502252689629147e-08
4.8087707131377016e-08
6.1192492739710003e-08
7.7219632197687327e-08
9.6538952567036823e-08
1.1942021541701505e-07
1.4594584544938157e-07
1.7583128882053299e-07
2.0821946111218260e-07
2.4132151895532256e-07
2.7196452792617972e-07
2.9489654587366217e-07
3.0187007773960858e-07
2.8032879044140097e-07
2.1168132289503955e-07
6.8883711219260481e-08
-1.8670921490239697e-07
-6.0963937887946972e-07
-1.2759182229540619e-06
-2.2904379565408913e-06
-3.7965876281733150e-06
-5.9887524481548906e-06
-9.1284129080288080e-06
-1.3564805160658911e-05
-1.9761236547432486e-05
-2.8328466490254642e-05
-4.0066765551492959e-05
-5.6018691537943870e-05
-7.7534882495857688e-05
-1.0635570481671592e-04
-1.4471197578463588e-04
-1.9544860495950787e-04
-2.6217550620853192e-04
-3.4945082177527300e-04
-4.6300209443341292e-04
-6.0999182993476137e-04
-7.9933441325198706e-04
-1.0420721594733759e-03
-1.3518187827316691e-03
-1.7452790684180394e-03
-2.2428538543745867e-03
-2.8693394945599120e-03
-3.6547306608346718e-03
-4.6351347265084645e-03
-5.8538045677883482e-03
-7.3622948170225400e-03
-9.2217435412565631e-03
-1.1504277743285272e-02
-1.4294535664641804e-02
-1.7691292595773712e-02
-2.1809168527889836e-02
-2.6780386051931154e-02
-3.2756534647356290e-02
-3.9910283133116016e-02
-4.8436965110768081e-02
-5.8555942673986637e-02
-7.0511631416096607e-02
-8.4574044744755869e-02
-1.0103868787717771e-01
-1.2022560168999542e-01
-1.4247732419058567e-01
-1.6815550334474627e-01
-1.9763585967588421e-01
-2.3130116167944559e-01
-2.6953184224276228e-01
-3.1269385169047803e-01
-3.6112331393728153e-01
-4.1510752835849379e-01
-4.7486184360931089e-01
-5.4050192245000717e-01
-6.1201092164884452e-01
-6.8920113016984608e-01
-7.7166964527136195e-01
-8.5874772199271876e-01
-9.4944350971743952e-01
-1.0423779921883212e+00
-1.1357140767384704e+00
-1.2270789361163139e+00
-1.3134798932483469e+00
-1.3912143559464463e+00
-1.4557745542301295e+00
-1.5017481063070055e+00
-1.5227157371876625e+00
-1.5111477928204737e+00
-1.4583015266664821e+00
-1.3541214782802879e+00
-1.1871456060591143e+00
-9.4442016931047501e-01
-6.1142666689910941e-01
-1.7202441855448156e-01
3.9158739288789424e-01
1.0988842284998346e+00
1.9710031635096572e+00
3.0306982279843528e+00
4.3022601219962837e+00
5.8113965221414610e+00
7.5850695366474259e+00
9.6512873423864285e+00
1.2038847655636568e+01
1.4777031450927341e+01
1.7895246247880031e+01
2.1422619328170171e+01
2.5387542412464128e+01
2.9817170604562325e+01
3.4736879775033891e+01
4.0169687983238141e+01
4.6135647992375247e+01
5.2651219381552814e+01
5.9728630160985894e+01
6.7375239108673142e+01
7.5592911223798055e+01
8.4377419687779252e+01
9.3717888493373778e+01
1.0359629040201477e+02
1.1398701508089472e+02
1.2485652211970685e+02
1.3616309310587098e+02
1.4785669602760356e+02
1.5987897396775193e+02
1.7216336834954805e+02
1.8463538491244049e+02
1.9721300815712729e+02
2.0980726724243178e+02
2.2232295329232488e+02
2.3465948484052285e+02
2.4671191477423338e+02
2.5837206871724823e+02
2.6952980140253845e+02
2.8007435431626226e+02
2.8989579484115927e+02
2.9888651437916411e+02
3.0694276057792950e+02
3.1396617690460681e+02
3.1986532147328785e+02
3.2455713629860958e+02
3.2796833806115330e+02
3.3003670205722375e+02
3.3071221227610926e+02
3.2995805249154063e+02
3.2775141584208342e+02
3.2408411355871817e+02
3.1896296721136724e+02
3.1240997300556347e+02
3.0446223116961897e+02
2.9517163822162007e+02
2.8460434477698772e+02
2.7283998642829926e+02
2.5997069997516400e+02
2.4609994178062590e+02
2.3134112916626179e+02
2.1581612942338876e+02
1.9965362411924818e+02
1.8298737883596829e+02
1.6595445023658718e+02
1.4869336336546169e+02
1.3134229234083887e+02
1.1403727708631313e+02
9.6910507498499001e+01
8.0088704502751980e+01
6.3691624868958137e+01
4.7830713522462631e+01
3.2607923482698979e+01
1.8114719595972176e+01
4.4312780086098336e+00
-8.3741110345868979e+00
-2.0245433869720170e+01
-3.1139138678808031e+01
-4.1024120564294265e+01
-4.9881515489105894e+01
-5.7704315602472967e+01
-6.4496821497339951e+01
-7.0273949476828378e+01
-7.5060413905563948e+01
-7.8889806163600170e+01
-8.1803592599979368e+01
-8.3850054207844991e+01
-8.5083190538204576e+01
-8.5561609670286828e+01
-8.5347424911741442e+01
-8.4505177368052969e+01
-8.3100801661358162e+01
-8.1200649962706166e+01
-7.8870587199313732e+01
-7.6175167879797399e+01
-7.3176902514557199e+01
-6.9935619159599909e+01
-6.6507923239663882e+01
-6.2946756562280967e+01
-5.9301054363393661e+01
-5.5615497362989252e+01
-5.1930354183491453e+01
-4.8281408112769078e+01
-4.4699961087630392e+01
-4.1212906934404309e+01
-3.7842865325305539e+01
-3.4608367580995498e+01
-3.1524085353378613e+01
-2.8601093336589912e+01
-2.5847157453298937e+01
-2.3267040419947467e+01
-2.0862817180292449e+01
-1.8634193382091560e+01
-1.6578820829177960e+01
-1.4692604643014924e+01
-1.2969997689581474e+01
-1.1404278646107445e+01
-9.9878108785118602e+00
-8.7122800573695418e+00
-7.5689091445189680e+00
-6.5486500236121508e+00
-5.6423516186635698e+00
-4.8409048405510173e+00
-4.1353651204384070e+00
-3.5170536318678085e+00
-2.9776385720205178e+00
-2.5091980715227495e+00
-2.1042664364240369e+00
-1.7558655019970297e+00
-1.4575229023663083e+00
-1.2032790405150195e+00
-9.8768448646794393e-01
-8.0578944523593188e-01
-6.5312682693813351e-01
-5.2569032584618802e-01
-4.1990877856974407e-01
-3.3261792971667664e-01
-2.6103059001133772e-01
-2.0270603124833220e-01
-1.5551932732534554e-01
-1.1763122349773797e-01
-8.7458998309822317e-02
-6.3648676179438771e-02
-4.5048853314492245e-02
-3.0686316257063584e-02
-1.9743560573518115e-02
-1.1538256752799172e-02
-5.5046603370229336e-03
-1.1769232898793829e-03
1.8257676081333725e-03
3.8123228133985967e-03
5.0312663533332372e-03
5.6807605747500305e-03
5.9172688209867914e-03
5.8629868784944306e-03
5.6121718304995138e-03
5.2364925245525686e-03
4.7895192374241401e-03
4.3104624109317332e-03
3.8272615907078153e-03
3.3591166570747415e-03
2.9185442248436805e-03
2.5130329702166411e-03
2.1463630682781150e-03
1.8196465150471686e-03
1.5321376049098009e-03
1.2818558192397543e-03
1.0660569915228533e-03
8.8158305737461311e-04
7.2511566017382611e-04
5.9335454116112474e-04
4.8313787096625844e-04
3.9151848496732816e-04
3.1580719103720790e-04
2.5359206019765840e-04
2.0274070286199544e-04
1.6139091840318328e-04
1.2793387175754985e-04
1.0099285209379229e-04
7.9399947647103343e-05
6.2172163360782679e-05
4.8488182704087008e-05
3.7666434052654701e-05
2.9144936267330647e-05
2.2463107903361896e-05
1.7245670820674459e-05
1.3188524252539504e-05
1.0046569565692761e-05
7.6232742204358429e-06
5.7618421597700332e-06
4.3377875000077810e-06
3.2527464616260997e-06
2.4293534482390015e-06
1.8070564957894526e-06
1.3386599645360912e-06
9.8755120800864430e-07
7.2544843265310709e-07
5.3060991916987535e-07
3.8638632715617183e-07
2.8009137249741487e-07
2.0209023806678899e-07
1.4510967144796301e-07
1.0367364583840334e-07
7.3686859360263939e-08
5.2085765002735534e-08
3.6607335658102145e-08
2.5572386630787824e-08
1.7748230704591002e-08
1.2230827798516134e-08
8.3651878959749866e-09
5.6727364373444751e-09
3.8133285813507768e-09
2.5333671410523309e-09
1.6655620197464546e-09
1.0797730434278755e-09
6.8513190899925220e-10
4.2828419259800111e-10
2.5987534955582733e-10
1.5234736608349278e-10
8.3061900705332288e-11
4.1414263992931879e-11
1.6629075157673738e-11
3.6892340574588422e-12
-4.8843582412782454e-12
-8.5422020900694060e-12
-6.2442823233580370e-12
-8.6979813962811002e-12
-7.8938265227906774e-12
-6.3669640132787514e-12
-5.2502170893183911e-12
-4.0966350296464457e-12
-4.2785339685871472e-12
-2.6296694911242476e-12
-3.6662578096379724e-13
-2.2738775047277457e-12
-7.0459820585076744e-13
-9.8250412932202381e-13
-2.3450051377761579e-12
-9.8216215173193077e-13
-1.7271922181712578e-12
1.5965388450631889e-13
2.5588592575799749e-13
-4.2874203710900132e-13
6.0654173853401782e-13
-1.4879469148815055e-12
-7.7412344243316795e-13
-1.0763009044871906e-12
5.2685247960191268e-14
-1.1686835778723213e-12
4.8786745618665088e-13
-1.3582504030272985e-12
9.6219103243205942e-13
-6.2704018634278508e-14
-1.0881414693735190e-12
-4.5881771838793860e-13
-2.1568027933731450e-13
-9.9249716842317060e-13
1.6669980516589480e-12
1.1283007501577021e-12
-1.6129237848654848e-12
2.6673171246650054e-13
4.3243211053153548e-13
-2.6531332993211227e-13
-1.6031549714447346e-12
8.2355544002724767e-13
2.0358018983244991e-13
-4.9426489308706447e-13
-3.5274127815167683e-13
3.0046476061840685e-12
7.5335648542628620e-13
1.6453146461401091e-12
-3.0759077173209970e-13
-7.1471802019644624e-13
1.2047739651136962e-13
-5.7298434090493312e-13
-1.9403498131604102e-12
1.8760666171715351e-13
1.0286419473670925e-12
-9.9947333967671093e-13
-7.9053866058126926e-13
4.3944903730010543e-13
-1.4771605044900887e-12
-7.9421417398571470e-13
-1.8551139638150190e-13
6.2621157431888241e-13
-8.0234713184093812e-13
8.4779773271195619e-13
-2.8140514103220518e-13
2.0651354503515801e-13
1.5918089718288336e-12
-9.2594357631773699e-14
-1.6229408766099645e-12
-6.1860089090843711e-13
1.3690429072458845e-12
-7.6234917417439075e-13
-6.1045975015471081e-13
1.9072662234442252e-12
6.2777449812719739e-13
-7.5398917982135027e-13
2.6493789124792811e-13
8.7374469866182256e-13
-1.0021107912260188e-12
6.4700823631925176e-13
-2.0531973594573723e-12
-3.4804783849112058e-13
2.6472165130349437e-13
1.3162106366019008e-12
5.3151348118004847e-14
1.2789876612338499e-12
-3.3780131445953401e-13
9.1674836075841562e-13
-8.9582084990584560e-13
-1.9084152309997193e-13
-2.3427514767774447e-13
-9.0838539202889846e-15
1.7134209722713282e-12
6.2353351657539314e-13
7.7370647371564178e-13
8.4876828085893850e-13
1.0287459429989995e-12
9.1055447181161779e-14
