-1.6793041185600801e-03
-1.2757830570129124e-03
-7.9169022617723434e-04
-2.0063669379377048e-04
5.3056902027678486e-04
1.4387711242959786e-03
2.5685014583974050e-03
3.9814266815984918e-03
5.7464586656517129e-03
7.9389740935946612e-03
1.0648771458284714e-02
1.3981125380317651e-02
1.8059458941005267e-02
2.3016788810363318e-02
2.9007213847858045e-02
3.6217119068361774e-02
4.4860820476808047e-02
5.5183049921217385e-02
6.7463014339270044e-02
8.2029233291456713e-02
9.9259468216523372e-02
1.1957305549227834e-01
1.4344140686370122e-01
1.7139910742462885e-01
2.0404868545806390e-01
2.4205814219343003e-01
2.8616969252320901e-01
3.3721854323835121e-01
3.9614058182311979e-01
4.6397276198931026e-01
5.4186113739901054e-01
6.3107724219048733e-01
7.3302242462619926e-01
8.4923303803841366e-01
9.8138653863544179e-01
1.1313139125454925e+00
1.3010112523146506e+00
1.4926426611522614e+00
1.7085576342114022e+00
1.9512954414866228e+00
2.2235876301607398e+00
2.5283693963419163e+00
2.8687830156047252e+00
3.2481830506438758e+00
3.6701284389710129e+00
4.1383884287480903e+00
4.6569550732736280e+00
5.2300355963392331e+00
5.8620423997525437e+00
6.5575908198766522e+00
7.3214959816523777e+00
8.1587561571150964e+00
9.0745331654151702e+00
1.0074133076046497e+01
1.1162992308733692e+01
1.2346651346720822e+01
1.3630728071728177e+01
1.5020896546577648e+01
1.6522842230782260e+01
1.8142223097534007e+01
1.9884634471327907e+01
2.1755563782458587e+01
2.3760337466549995e+01
2.5904065941535645e+01
2.8191599729080785e+01
3.0627479686645110e+01
3.3215873153981867e+01
3.5960509911239043e+01
3.8864627320871961e+01
4.1930898481338069e+01
4.5161371089942335e+01
4.8557414031655476e+01
5.2119650860843855e+01
5.5847897745477624e+01
5.9741110643757700e+01
6.3797335983747985e+01
6.8013656283030699e+01
7.2386135733445983e+01
7.6909779887402976e+01
8.1578507284646008e+01
8.6385118723876019e+01
9.1321281075822270e+01
9.6377522745541697e+01
1.0154321573393271e+02
1.0680657989623653e+02
1.1215470759921620e+02
1.1757358681920765e+02
1.2304813231666493e+02
1.2856224016236933e+02
1.3409884399455996e+02
1.3963998227311578e+02
1.4516687917882422e+02
1.5066003263286592e+02
1.5609930854807388e+02
1.6146404533536187e+02
1.6673317733136210e+02
1.7188536725518071e+02
1.7689913284493429e+02
1.8175298043246289e+02
1.8642554937353205e+02
1.9089574829320688e+02
1.9514290454678894e+02
1.9914692731384233e+02
2.0288845180465063e+02
2.0634897668013738e+02
2.0951101381479057e+02
2.1235821943878346e+02
2.1487552004358744e+02
2.1704924720542482e+02
2.1886725389124248e+02
2.2031900721609327e+02
2.2139568824417412e+02
2.2209027031693500e+02
2.2239757818255742e+02
2.2231434281220191e+02
2.2183924416078648e+02
2.2097292255851312e+02
2.1971798925734589e+02
2.1807901790196914e+02
2.1606251329943376e+02
2.1367686557133396e+02
2.1093229852005553e+02
2.0784079079950820e+02
2.0441599204279999e+02
2.0067312687841772e+02
1.9662888122102143e+02
1.9230127305566313e+02
1.8770952377674337e+02
1.8287391389181590e+02
1.7781563566268585e+02
1.7255664418256106e+02
1.6711950013693013e+02
1.6152720323750259e+02
1.5580303454990906e+02
1.4997039591108944e+02
1.4405265133719507e+02
1.3807297845508933e+02
1.3205422174294122e+02
1.2601874301551675e+02
1.1998829031770195e+02
1.1398387415510489e+02
1.0802564790394437e+02
1.0213280699748137e+02
9.6323498444889665e+01
9.0614729219391748e+01
8.5022299889563158e+01
7.9560753181515878e+01
7.4243322283280861e+01
6.9081899668032662e+01
6.4087022324047012e+01
5.9267852365123844e+01
5.4632182612507300e+01
5.0186462740980637e+01
4.5935816695785917e+01
4.1884073004719070e+01
3.8033813988846148e+01
3.4386416806349700e+01
3.0942111418865160e+01
2.7700059762424608e+01
2.4658421650189336e+01
2.1814420222283061e+01
1.9164421978199268e+01
1.6704010038464254e+01
1.4428065035059150e+01
1.2330856700188976e+01
1.0406125387224963e+01
8.6471564321732721e+00
7.0468559477100703e+00
5.5978239483066430e+00
4.2924334593092111e+00
3.1229006749501078e+00
2.0813474252199926e+00
1.1598666651806546e+00
3.5057575930244689e-01
-3.5433430747670114e-01
-9.6253979851684890e-01
-1.4815466129307477e+00
-1.9186647892632516e+00
-2.2809669671520796e+00
-2.5752577143219058e+00
-2.8080526104770680e+00
-2.9855522054219974e+00
-3.1136329402639711e+00
-3.1978445613508706e+00
-3.2434010210313065e+00
-3.2551733120124924e+00
-3.2376853025361649e+00
-3.1951196537251585e+00
-3.1313311775654178e+00
-3.0498452809556755e+00
-2.9538667482076542e+00
-2.8462989610085168e+00
-2.7297510198646311e+00
-2.6065570851263051e+00
-2.4787959121962291e+00
-2.3482953124251882e+00
-2.2166446815258536e+00
-2.0852174090411824e+00
-1.9551907332654983e+00
-1.8275637002621474e+00
-1.7031641985726176e+00
-1.5826655286404039e+00
-1.4666113946272357e+00
-1.3554217163782569e+00
-1.2494062914055677e+00
-1.1487786915082034e+00
-1.0536609111084647e+00
-9.6410093767711313e-01
-8.8008773581790978e-01
-8.0155963203002789e-01
-7.2840898173911739e-01
-6.6048543148815408e-01
-5.9761060938093746e-01
-5.3959001673391793e-01
-4.8620421277752041e-01
-4.3721401872215337e-01
-3.9237371373793312e-01
-3.5143486623410186e-01
-3.1415222232125661e-01
-2.8027914050068026e-01
-2.4957325197772939e-01
-2.2180370038989106e-01
-1.9674540850480982e-01
-1.7418553181395205e-01
-1.5392009661475961e-01
-1.3575144656081881e-01
-1.1949558480079468e-01
-1.0498295132345242e-01
-9.2058415967232590e-02
-8.0575365009575267e-02
-7.0394336852388231e-02
-6.1392837048436552e-02
-5.3460915311691816e-02
-4.6489990716122268e-02
-4.0375100321498429e-02
-3.5020903321390441e-02
-3.0344303534577646e-02
-2.6267124898631471e-02
-2.2710373298796663e-02
-1.9608278013824147e-02
-1.6908774309687586e-02
-1.4565223908460830e-02
-1.2534217589067923e-02
-1.0776017947962886e-02
-9.2637620737889229e-03
-7.9736406309146180e-03
-6.8767838077027641e-03
-5.9477814547792144e-03
-5.1637372456672884e-03
-4.5066620329874633e-03
-3.9541399661672857e-03
-3.4808929243900786e-03
-3.0693710151437144e-03
-2.7029792068414974e-03
-2.3633415634263777e-03
-2.0311895116075919e-03
