-9.7644727462930877e-13
9.1303891218812433e-13
-7.3072012055643130e-13
-1.1968925346448827e-12
1.5642482175929406e-12
-1.7399878828113739e-13
-1.3822744366071738e-13
1.1776579177847659e-12
-1.2018271446548562e-13
5.3615135428458171e-14
-1.3123451856530786e-12
-3.7308342479369197e-13
3.7325580819390889e-13
-9.1180962655085592e-13
5.5710591817624099e-13
-1.5971186949422460e-12
-4.3796928323210037e-14
1.8959394839756861e-12
-8.1891991187261562e-14
-1.5334109599912147e-12
-1.2579229603471203e-13
5.8229531215512614e-13
-1.0125722294981751e-12
8.5686252770289463e-13
-4.2168365714610627e-13
-3.4153411617672615e-13
-1.0302645343030872e-12
6.9230962306840937e-13
-1.4565171505058269e-12
1.6750654299002723e-12
-1.0286385260977205e-12
-1.8034956645117936e-12
-1.1447785456945545e-12
-2.4197325791522254e-12
-3.6545189539226038e-12
-3.9728027085036705e-12
-4.1828683221898608e-12
-8.1255286126297288e-12
-1.0516207985966323e-11
-1.5833406668104039e-11
-2.5007954200108559e-11
-3.5139761775760828e-11
-5.1162530804761078e-11
-7.3871449332866812e-11
-1.0559413344623845e-10
-1.4731398523114402e-10
-2.0978374946659127e-10
-2.9433064623253585e-10
-4.0849353576307415e-10
-5.6674244603185661e-10
-7.8174202728638414e-10
-1.0680187751703343e-09
-1.4542927111861898e-09
-1.9651853360859474e-09
-2.6371755218968861e-09
-3.5136200280258351e-09
-4.6484485050419317e-09
-6.0989970785435160e-09
-7.9301241318730726e-09
-1.0215042587035871e-08
-1.3018455559608585e-08
-1.6395644730330646e-08
-2.0368204647647492e-08
-2.4891701859328771e-08
-2.9828521495574822e-08
-3.4874306817604942e-08
-3.9448599995418084e-08
-4.2595515930310455e-08
-4.2775356706076393e-08
-3.7594610140848624e-08
-2.3459155977160218e-08
4.9235335184543235e-09
5.5225934925568518e-08
1.3839432941815284e-07
2.6984498417949588e-07
4.7106014058060516e-07
7.7164559000787576e-07
1.2120363822254315e-06
1.8469816249112216e-06
2.7499940956514774e-06
4.0190069264049791e-06
5.7835292503718600e-06
8.2135985703216456e-06
1.1530871389686515e-05
1.6022342558974154e-05
2.2057067625521403e-05
3.0106450563687796e-05
4.0768567854431893e-05
5.4797122801064724e-05
7.3135426659017385e-05
9.6955953796455373e-05
1.2770565599878379e-04
1.6715715844554103e-04
2.1746556955756270e-04
2.8123019977405135e-04
3.6155975058905647e-04
4.6213882830330936e-04
5.8729236913477364e-04
7.4204313490117536e-04
9.3215566420015077e-04
1.1641576800678365e-03
1.4453272187982642e-03
1.7836302775207308e-03
2.1875897738953625e-03
2.6660617673239361e-03
3.2278893160882921e-03
3.8813980287023121e-03
4.6336899903652706e-03
5.4896848242639608e-03
6.4508477570867726e-03
7.5135351165983889e-03
8.6668776623158167e-03
9.8901121359043047e-03
1.1149261173471058e-02
1.2393052359350367e-02
1.3547958831064215e-02
1.4512237250858019e-02
1.5148835167019781e-02
1.5277039468385226e-02
1.4662742107349592e-02
1.3007209626762592e-02
9.9342608033906894e-03
4.9757829307716566e-03
-2.4444460000615877e-03
-1.3028613850923498e-02
-2.7624332917773282e-02
-4.7245548310100936e-02
-7.3094652778011193e-02
-1.0658545776318060e-01
-1.4936654690139098e-01
-2.0334439886972291e-01
-2.7070551203617682e-01
-3.5393659569823327e-01
-4.5584171470167179e-01
-5.7955508963330959e-01
-7.2854806865866650e-01
-9.0662860556121572e-01
-1.1179314092960235e+00
-1.3668967817721851e+00
-1.6582360428447458e+00
-1.9968813650874542e+00
-2.3879178179147473e+00
-2.8364954625463663e+00
-3.3477194590725592e+00
-3.9265163559088436e+00
-4.5774750413320744e+00
-5.3046612563596796e+00
-6.1114051050497942e+00
-7.0000616571521936e+00
-7.9717455198928686e+00
-9.0260411573328270e+00
-1.0160691749167501e+01
-1.1371270492396834e+01
-1.2650839439841022e+01
-1.3989602213197294e+01
-1.5374558193686712e+01
-1.6789167042576494e+01
-1.8213033593517562e+01
-1.9621624240493666e+01
-2.0986026867627842e+01
-2.2272767075144660e+01
-2.3443693894990165e+01
-2.4455948305486867e+01
-2.5262027596921026e+01
-2.5809957963884372e+01
-2.6043586569525282e+01
-2.5903002715163211e+01
-2.5325095643587897e+01
-2.4244253908025339e+01
-2.2593208170638977e+01
-2.0304015792381058e+01
-1.7309181697561819e+01
-1.3542905817802231e+01
-8.9424430373410608e+00
-3.4495570878303745e+00
2.9879545952627073e+00
1.0414692299730820e+01
1.8866072920737299e+01
2.8366770921454012e+01
3.8929218800357283e+01
5.0552206524192130e+01
6.3219620499190995e+01
7.6899362735892140e+01
9.1542489823471627e+01
1.0708260910613683e+02
1.2343556601859297e+02
1.4049945189985681e+02
1.5815495581432967e+02
1.7626607705761936e+02
1.9468120724420550e+02
2.1323458233618558e+02
2.3174809588467150e+02
2.5003345535558827e+02
2.6789465396188979e+02
2.8513072120372237e+02
3.0153870661248129e+02
3.1691684328872060e+02
3.3106783098983669e+02
3.4380217301137947e+02
3.5494149713471745e+02
3.6432178866152344e+02
3.7179646315204349e+02
3.7723920800446842e+02
3.8054652547351282e+02
3.8163991508227986e+02
3.8046764052588503e+02
3.7700603493240737e+02
3.7126030851475423e+02
3.6326483394620959e+02
3.5308289691195949e+02
3.4080591188827361e+02
3.2655211591941634e+02
3.1046476563313286e+02
2.9270987459610285e+02
2.7347353901693441e+02
2.5295890944084940e+02
2.3138287417223199e+02
2.0897252648270637e+02
1.8596149204451552e+02
1.6258619536437283e+02
1.3908214423964714e+02
1.1568030944031860e+02
9.2603673024152300e+01
7.0064013066174624e+01
4.8258985328338319e+01
2.7369553758109749e+01
7.5578119692391592e+00
-1.1034772666167006e+01
-2.8288671673365144e+01
-4.4107155361821562e+01
-5.8416701365915380e+01
-7.1166963714034765e+01
-8.2330323989141576e+01
-9.1901054828908826e+01
-9.9894133496388207e+01
-1.0634374938079711e+02
-1.1130155395931043e+02
-1.1483470491215486e+02
-1.1702375773058766e+02
-1.1796045833442645e+02
-1.1774548900679920e+02
-1.1648621748246528e+02
-1.1429449544463765e+02
-1.1128454817099957e+02
-1.0757099181570739e+02
-1.0326700902213447e+02
-9.8482707434399529e+01
-9.3323679412524939e+01
-8.7889775042471442e+01
-8.2274094538823448e+01
-7.6562200512975906e+01
-7.0831545449168246e+01
-6.5151105192788677e+01
-5.9581205382919322e+01
-5.4173524598758952e+01
-4.8971255557045730e+01
-4.4009403989943124e+01
-3.9315203824234928e+01
-3.4908626927962651e+01
-3.0802965930346232e+01
-2.7005469383406123e+01
-2.3518009739348866e+01
-2.0337766182991253e+01
-1.7457906197263149e+01
-1.4868251768869492e+01
-1.2555918280523755e+01
-1.0505916312744244e+01
-8.7017087262592216e+00
-7.1257174595072046e+00
-5.7597764075216755e+00
-4.5855285124986098e+00
-3.5847667653733710e+00
-2.7397201749522031e+00
-2.0332868979165206e+00
-1.4492176387733158e+00
-9.7225312973181710e-01
-5.8821999846837347e-01
-2.8408964272265685e-01
-4.8004874500543443e-02
1.3072090530178013e-01
2.6162736600253411e-01
3.5314932901696994e-01
4.1267316418344213e-01
4.4660375132213348e-01
4.6043865393527500e-01
4.5884656779360394e-01
4.4574752751118213e-01
4.2439276656658043e-01
3.9744252005753133e-01
3.6704042719630203e-01
3.3488352607833355e-01
3.0228713321080997e-01
2.7024416226781423e-01
2.3947866068975393e-01
2.1049352912939459e-01
1.8361253993418045e-01
1.5901688872281142e-01
1.3677660119414481e-01
1.1687717879825654e-01
9.9241905450524498e-02
8.3750256405648052e-02
7.0252853582246269e-02
5.8583401957726121e-02
4.8568022070215024e-02
4.0032367132854532e-02
3.2806881829988907e-02
2.6730525548809347e-02
2.1653247379042888e-02
1.7437464761558455e-02
1.3958763566891658e-02
1.1106004878841478e-02
8.7809940526342965e-03
6.8978403311648166e-03
5.3821111196260549e-03
4.1698638381360642e-03
3.2066198534046134e-03
2.4463293629255257e-03
1.8503631270529862e-03
1.3865561886033796e-03
1.0283199976378471e-03
7.5383253074390072e-04
5.4531080212923979e-04
3.8836594702561445e-04
2.7143844178558065e-04
1.8530885976339348e-04
1.2267834941443701e-04
7.7812331368421438e-05
4.6240664527645081e-05
2.4507469300616483e-05
9.9641730710847445e-06
5.9974020021621647e-07
-5.0974850070082088e-06
-8.2512982995258304e-06
-9.6868839711891348e-06
-1.0001702762584354e-05
-9.6212912783209463e-06
-8.8427967497429057e-06
-7.8686567419394902e-06
-6.8324156361982112e-06
-5.8182685876940591e-06
-4.8757361741379545e-06
-4.0305449463397491e-06
-3.2925673769134465e-06
-2.6615387995076235e-06
-2.1311068343834881e-06
-1.6916132605531937e-06
-1.3319803220486088e-06
-1.0409217272151974e-06
-8.0768512612474990e-07
-6.2246510129768603e-07
-4.7659878642808374e-07
-3.6262174045709568e-07
-2.7421374005165184e-07
-2.0611883059633659e-07
-1.5402515396569388e-07
-1.1442774148158264e-07
-8.4518520216552321e-08
-6.2067639377567197e-08
-4.5317854930553396e-08
-3.2897138164899320e-08
-2.3738918866548704e-08
-1.7029440279718765e-08
-1.2139854876755986e-08
-8.6020233084398403e-09
-6.0542245657001813e-09
-4.2319782757553139e-09
-2.9368059782279415e-09
-2.0270984319333080e-09
-1.3821530059022465e-09
-9.3652447222099550e-10
-6.2944845389294684e-10
-4.1721115062703191e-10
-2.7305849099576088e-10
-1.7713640921252197e-10
-1.1316793006309538e-10
-7.0106749407678687e-11
-4.3948811305574399e-11
-2.6156009401687613e-11
-1.3030492864990208e-11
-8.0876372656855441e-12
-3.5675306243866599e-12
4.3790998801780450e-13
-1.1300678019204375e-12
-1.1946045815478852e-12
1.8896289400819789e-12
7.8317225664594009e-13
1.8466078387835738e-12
2.5995210912168279e-12
1.7533090678396239e-12
-7.9993448025234926e-13
-1.2169452290182694e-12
-4.0889780005622702e-13
-5.5242938760754322e-13
1.3769345575890035e-12
1.1947000815910720e-12
-9.8747378099320989e-13
9.3049292724942122e-13
1.7556283093776328e-12
1.9346180282915997e-13
1.1431949249692307e-12
1.8738086137360414e-12
-1.3132596081955011e-12
1.2797299588116259e-12
1.0665320879755213e-12
-2.9329961029051880e-13
-5.2655456199666324e-13
2.2244770766356036e-12
8.0682799259683102e-13
-1.1165458118223777e-12
-7.4275977168552781e-13
2.8879804088011925e-13
-1.9402740877880076e-13
1.1973450958142673e-12
-3.7677761921291138e-13
-2.4652281701808849e-14
7.2040319653708346e-13
8.8279320675206223e-13
-1.2447480742419465e-12
1.1459824304414329e-12
4.4052053904946103e-13
-1.3341081257553116e-12
-4.5041973954920355e-14
2.0077480759747232e-12
9.1400837422593134e-13
2.1806348489354377e-12
2.0705146378800374e-13
1.7372604246041830e-13
-4.5305211054618857e-13
6.4874561077646451e-13
-1.1939034035754201e-12
4.0298032364386041e-13
5.3998014571751227e-13
7.1873371756464285e-13
-7.6500389749911868e-13
9.6959576457734577e-13
-7.2070229273812351e-14
-3.8216924865378874e-13
-4.4819539753364808e-13
-1.3444102814049400e-13
-2.1644590969611078e-12
7.6797308440928364e-13
-5.4584233533180800e-14
4.0224386134220601e-13
2.1358545278108609e-12
8.1667724058998057e-13
-7.0970560213588252e-13
1.3487268205418833e-12
-6.0058809728631665e-13
5.8472857752029600e-13
-1.1278699018746529e-12
6.1400246248375458e-13
3.0164336029142780e-13
9.8104344773802978e-13
-1.2954280911925382e-13
-1.4425593605179655e-12
-1.2004295351418552e-12
-3.1504086724076392e-13
-1.5280344006892513e-12
-1.0166153490269039e-12
3.4429804496191859e-13
1.5816033426188392e-12
-8.5719425707756930e-13
-7.6428962823102069e-14
-3.0634251274226256e-13
-8.8762167605395539e-13
5.2818971332374187e-13
-3.1017884359564083e-13
-1.0666451081784808e-12
1.5360904335639786e-12
2.3551062560271172e-14
-7.4000961963073548e-13
1.2771300921552165e-12
7.0945743011919666e-13
-5.6325383057864826e-13
-8.8677346914242637e-13
-5.6934384394778532e-14
-1.1796561088944165e-12
5.8373502569745841e-13
7.1879955715875299e-13
1.0060611316991543e-12
-1.2348362978286829e-12
1.3730688132206803e-12
-8.3830641992221755e-15
-9.8328420203659019e-13
3.8025319002337584e-13
1.7473409907949569e-12
-1.1684669321001105e-12
8.8985961037167073e-13
2.7791375197011291e-13
4.1867671368069175e-14
-8.7515678746090596e-13
8.1639646783652393e-13
-7.9496104377512276e-13
-7.1071416355458327e-13
4.5831509230955100e-13
5.2302220094107747e-13
5.3781069932005613e-13
1.4868426875466970e-12
-4.6650233904539989e-13
-2.4751902786015411e-13
-7.9701661220531856e-13
5.1020999434490381e-13
-5.2806297517325584e-13
-3.3116635964351196e-13
-2.0823500337079449e-13
-1.1791452281652308e-12
-2.0524654633193536e-13
1.0854815635012636e-12
-1.4317243156808732e-13
3.0631664038944293e-13
1.5976363041528974e-12
4.3072271510915167e-13
