-8.5444953755366021e-15
0.0000000000000000e+00
0.0000000000000000e+00
8.5821536996634011e-15
8.5946300736908678e-15
0.0000000000000000e+00
4.3097334492554637e-15
8.6318269101176786e-15
-4.3220738479105510e-15
4.3282145185860183e-15
-4.3343353580952001e-15
1.7361745030743184e-14
-1.7386068435385807e-14
-8.7051556066199247e-15
4.3586182330564662e-15
1.0911595725791592e-14
2.1853189337874407e-15
1.3129850572717550e-14
2.1912875766554773e-14
3.5108101184439052e-14
4.8338721588689687e-14
2.0901542842528344e-14
2.6437195577892800e-14
4.0811485548884321e-14
8.8357687798986486e-15
3.3177711393202990e-14
2.9899015477204616e-14
5.3223012616258568e-14
7.2166194409822859e-15
1.5563520887618392e-14
2.0035898871037381e-14
2.2290508144726304e-14
2.9572404192460979e-14
2.8771726140731755e-14
4.1673504663994701e-14
8.1210831538854650e-14
9.1966391107705412e-14
7.4113224306255455e-14
1.1636590215146524e-13
1.5309290252484272e-13
1.5666026083763504e-13
2.3019678171355661e-13
3.3215330992962712e-13
5.0900620974541404e-13
7.0439684656263926e-13
1.0158945215283632e-12
1.5074725499950200e-12
2.1774826847758225e-12
3.1289376268093344e-12
4.5336650337364922e-12
6.5346188843095757e-12
9.4009756346050885e-12
1.3519696487250415e-11
1.9341244894556886e-11
2.7673187565293125e-11
3.9494065571676236e-11
5.6239023917454784e-11
7.9928693056049155e-11
1.1336790727198789e-10
1.6043781134461182e-10
2.2654891741118895e-10
3.1924704379959330e-10
4.4895009585529110e-10
6.3002249480087034e-10
8.8229935830758576e-10
1.2329448132219909e-09
1.7193912932474145e-09
2.3927083915353173e-09
3.3227347595579099e-09
4.6045422705179771e-09
6.3675143562983867e-09
8.7870043575646578e-09
1.2100431158387570e-08
1.6628411182697139e-08
2.2802874030318990e-08
3.1204490455119031e-08
4.2612201944455592e-08
5.8068309048116107e-08
7.8964780249307990e-08
1.0715597558646027e-07
1.4510694518954055e-07
1.9608697023979188e-07
2.6442231369615230e-07
3.5582483261304361e-07
4.7781875741706131e-07
6.4029317905786639e-07
8.5621606270395276e-07
1.1425537532417664e-06
1.5214535058883836e-06
2.0217596339426234e-06
2.6809526073125297e-06
3.5476234981583198e-06
4.6846234868195305e-06
6.1730619331321965e-06
8.1173702030485485e-06
1.0651698110688481e-05
1.3947973778840344e-05
1.8226033897765513e-05
2.3766323353719213e-05
3.0925776011704215e-05
4.0157621991371076e-05
5.2036028759811991e-05
6.7286676793400381e-05
8.6824599962607868e-05
1.1180089470387812e-04
1.4366022556196168e-04
1.8421143489528262e-04
2.3571401405558446e-04
3.0098371520714075e-04
3.8352119529307956e-04
4.8766829162189218e-04
6.1879734767380558e-04
7.8353995120771555e-04
9.9006252802426699e-04
1.2483974666548062e-03
1.5708398510204734e-03
1.9724214596051732e-03
2.4714754685907256e-03
3.0903072868778479e-03
3.8559891613854482e-03
4.8012986386866442e-03
5.9658236530070047e-03
7.3972599434420847e-03
9.1529296765235826e-03
1.1301553561637432e-02
1.3925312381822468e-02
1.7122237694886164e-02
2.1008975462053152e-02
2.5723970484560866e-02
3.1431123717525454e-02
3.8323978711460815e-02
4.6630497515931076e-02
5.6618490260090762e-02
6.8601766175157494e-02
8.2947076897393696e-02
1.0008192531849468e-01
1.2050331484619753e-01
1.4478751448854346e-01
1.7360091445293027e-01
2.0771204470283341e-01
2.4800482487831060e-01
2.9549310788079586e-01
3.5133657095927551e-01
4.1685799702678328e-01
4.9356197489149556e-01
5.8315502983482082e-01
6.8756717525043431e-01
8.0897485165333338e-01
9.4982519109181096e-01
1.1128615127234094e+00
1.3011499189891491e+00
1.5181068214603892e+00
1.7675271811594497e+00
2.0536132001962333e+00
2.3810031502682079e+00
2.7547999694246088e+00
3.1805992021303577e+00
3.6645157998616384e+00
4.2132092411659494e+00
4.8339063724317688e+00
5.5344213147944590e+00
6.3231717300765098e+00
7.2091906909737302e+00
8.2021333595394399e+00
9.3122776451643556e+00
1.0550517990557754e+01
1.1928351423590939e+01
1.3457855016158549e+01
1.5151653910273049e+01
1.7022879108169430e+01
1.9085114278824967e+01
2.1352330909347227e+01
2.3838811227218265e+01
2.6559058439133889e+01
2.9527693974466782e+01
3.2759341586075124e+01
3.6268498347626405e+01
4.0069392793607989e+01
4.4175830673953335e+01
4.8601029037321396e+01
5.3357439612492577e+01
5.8456562722441241e+01
6.3908753236166305e+01
6.9723020334517244e+01
7.5906823132746638e+01
8.2465864458655403e+01
8.9403885324945975e+01
9.6722462851542815e+01
1.0442081458188046e+02
1.1249561229027651e+02
1.2094080848950848e+02
1.2974747891299657e+02
1.3890368425951650e+02
1.4839435444581105e+02
1.5820119851039712e+02
1.6830264314787868e+02
1.7867380262593292e+02
1.8928648254688829e+02
2.0010921956385991e+02
2.1110735875058998e+02
2.2224316985874296e+02
2.3347600318214845e+02
2.4476248519148382e+02
2.5605675351356626e+02
2.6731073021637081e+02
2.7847443173471470e+02
2.8949631314368497e+02
3.0032364386933864e+02
3.1090291133132132e+02
3.2118024845224727e+02
3.3110188045610965e+02
3.4061458592431859e+02
3.4966616669400253e+02
3.5820592087869198e+02
3.6618511307478934e+02
3.7355743569506495e+02
3.8027945534775210e+02
3.8631103825960605e+02
3.9161574892440984e+02
3.9616121644356497e+02
3.9991946340911477e+02
4.0286719265620206e+02
4.0498602777388726e+02
4.0626270390089434e+02
4.0668920603493905e+02
4.0626285283809682e+02
4.0498632471227978e+02
4.0286763573355654e+02
3.9992004985643877e+02
3.9616194261392275e+02
3.9161661033069277e+02
3.8631202962070500e+02
3.8028057064247002e+02
3.7355866822299572e+02
3.6618645552330469e+02
3.5820736539510028e+02
3.4966770496188400e+02
3.4061620924300195e+02
3.3110357982223081e+02
3.2118201464232754e+02
3.1090473498431339e+02
3.0032551556812030e+02
2.8949822349452398e+02
2.7847637144379161e+02
2.6731269016251690e+02
2.5605872481646060e+02
2.4476445927464729e+02
2.3347797183017266e+02
2.2224512526829909e+02
2.1110929357487214e+02
2.0011112695022658e+02
1.8928835616757434e+02
1.7867563670181030e+02
1.6830443246534435e+02
1.5820293843155940e+02
1.4839604091223268e+02
1.3890531378984875e+02
1.2974904859490547e+02
1.2094231596635071e+02
1.1249705574302713e+02
1.0442219270684959e+02
9.6723774834440889e+01
8.9405130811870237e+01
8.2467043524572460e+01
7.5907936248038681e+01
6.9724068330144490e+01
6.3909737267974485e+01
5.8457484235112830e+01
5.3358300303605191e+01
4.8601830821936417e+01
4.4176575650114799e+01
4.0070083209084984e+01
3.6269136568186347e+01
3.2759930065526731e+01
2.9528235226665252e+01
2.6559555012094897e+01
2.3839265679444370e+01
2.1352745788428170e+01
1.9085492102336833e+01
1.7023222346862543e+01
1.5151964973507470e+01
1.3458136239519929e+01
1.1928605058596267e+01
1.0550746196341201e+01
9.3124824820189254e+00
8.2023167841781852e+00
7.2093545533668495e+00
6.3233177717147457e+00
5.5345511682287984e+00
4.8340215619386955e+00
4.2133111843915776e+00
3.6646058103022798e+00
3.1806784923140219e+00
2.7548696546653462e+00
2.3810642528742725e+00
2.0536666540225230e+00
1.7675738364048847e+00
1.5181474496201410e+00
1.3011852178830596e+00
1.1128921115309960e+00
9.4985165533450178e-01
8.0899768807320782e-01
6.8758683654405306e-01
5.8317191920857148e-01
4.9357645041199893e-01
4.1687037574687036e-01
3.5134713280637470e-01
2.9550209929883636e-01
2.4801246222024864e-01
2.0771851737339883e-01
1.7360638780560753e-01
1.4479213248307521e-01
1.2050720247499169e-01
1.0008519081225790e-01
8.2949813721362842e-02
6.8604054828561842e-02
5.6620399891380666e-02
4.6632087367145275e-02
3.8325299404818644e-02
3.1432218397363779e-02
2.5724875827083098e-02
2.1009722564806748e-02
1.7122852858123195e-02
1.3925817791947575e-02
1.1301967887464754e-02
9.1532685873264175e-03
7.3975365579876991e-03
5.9660489272329083e-03
4.8014816997430741e-03
3.8561375938767025e-03
3.0904273780911371e-03
2.4715724176676891e-03
1.9724995552606083e-03
1.5709026224358898e-03
1.2484478107909083e-03
9.9010281724404466e-04
7.8357212354714394e-04
6.1882298245344205e-04
4.8768867297068976e-04
3.8353736452425831e-04
3.0099651500443270e-04
2.3572412461102702e-04
1.8421940382797999e-04
1.4366649292241266e-04
1.1180581316623227e-04
8.6828451460957285e-05
6.7289686252050370e-05
5.2038375165037110e-05
4.0159447483438141e-05
3.0927193204009673e-05
2.3767421158766137e-05
1.8226882458728159e-05
1.3948628266154154e-05
1.0652201788126433e-05
8.1177570143410990e-06
6.1733582879428798e-06
4.6848501064043692e-06
3.5477964247501369e-06
2.6810842024017258e-06
2.0218596218021220e-06
1.5215292693154380e-06
1.1426110292703119e-06
8.5625925632183649e-07
6.4032568027165058e-07
4.7784313085242153e-07
3.5584309426488863e-07
2.6443596008340719e-07
1.9609714744958647e-07
1.4511451797855248e-07
1.0716160350466548e-07
7.8968965026122327e-08
5.8071380989792952e-08
4.2614455972703046e-08
3.1206169728528703e-08
2.2804114697436586e-08
1.6629308035663566e-08
1.2101082001255900e-08
8.7874562179657833e-09
6.3678315576312710e-09
4.6047512471222749e-09
3.3228411110250847e-09
2.3928172269388232e-09
1.7194485830957410e-09
1.2329772838543505e-09
8.8231471476494385e-10
6.3002018100011155e-10
4.4895009585529115e-10
3.1921471966121765e-10
2.2651893445409613e-10
1.6039173368260414e-10
1.1331957845095887e-10
7.9910302261247799e-11
5.6206875522744709e-11
3.9461952845575443e-11
2.7654857916301373e-11
1.9313781288032843e-11
1.3460259201374781e-11
9.3690072938510264e-12
6.4844403099797991e-12
4.4949352319407533e-12
3.1107328987988078e-12
2.1320237560748655e-12
1.4677424752587056e-12
9.7847876348100145e-13
6.5343565991421676e-13
4.4000759020214676e-13
2.9374102238674510e-13
1.7941807986497796e-13
9.0727705017479288e-14
2.8704919223408006e-14
5.6215411667374512e-15
-3.1722705858359344e-14
-5.6637838426086870e-14
-6.4968665231083720e-14
-6.0412597365254070e-14
-9.3857281391124943e-14
-7.4209995426364351e-14
-7.3558676877596804e-14
-8.5709122948326589e-14
-9.8383685611016271e-14
-6.8835446975523330e-14
-6.8746391296000665e-14
-6.6442256616010238e-14
-6.1931727933978917e-14
-1.6567066462309965e-14
-2.6472314950627666e-14
-1.5421697420437464e-14
-2.2001624044766679e-15
-1.9774931559009420e-14
-1.3165537944164644e-14
-8.7651503066219091e-15
0.0000000000000000e+00
6.5559568013623225e-15
0.0000000000000000e+00
0.0000000000000000e+00
-1.3057733409929887e-14
0.0000000000000000e+00
-8.6808725153715919e-15
0.0000000000000000e+00
-1.2984643555758054e-14
0.0000000000000000e+00
-8.6318269101176786e-15
-2.5858400695532782e-14
-3.4428271519650592e-14
-3.4378520294763471e-14
-2.5746461098990202e-14
-2.5708916934274231e-14
-3.4228344518691877e-14
-3.4177981502146408e-14
-4.2659334686174223e-14
-4.2596005183688839e-14
-5.9545485274985736e-14
-5.0962546434521526e-14
-3.3923923151611407e-14
-5.0809003598699518e-14
-5.0731904392133548e-14
-1.6884862817918750e-14
-3.3718038087892068e-14
-5.0499311776844102e-14
-5.0421353741394826e-14
-6.7124245840303302e-14
-6.7019740066876003e-14
-3.3457478073358059e-14
-6.6809895894295025e-14
-6.6704561126698510e-14
-3.3299476831787428e-14
-6.6493075327082959e-14
-4.9790195956380199e-14
-4.9710385001153179e-14
-8.2717291669442096e-14
-6.6066889775570127e-14
-9.8939526733278904e-14
-9.8778328967298561e-14
-1.3148899216377531e-13
-9.8454774960437595e-14
-1.3105656565832210e-13
-9.8129694739355073e-14
-6.5311059477865980e-14
-1.3040414726456741e-13
-1.3018568161245455e-13
-1.2996672570310284e-13
-1.2974728324368645e-13
-1.2952735794474067e-13
-9.6980215140043939e-14
-9.6814555264940841e-14
-6.4432361082163568e-14
-9.6482177007167643e-14
-6.4210309474034482e-14
-6.4098937354198655e-14
0.0000000000000000e+00
-6.3875509810865728e-14
-3.1881729061147382e-14
-4.7738387735786129e-14
-4.7654016193107836e-14
-1.5856493455748931e-14
-3.1656521108348312e-14
-4.7399921483974925e-14
-3.1543267491550996e-14
-4.7229722328943566e-14
-3.1429590777198950e-14
-3.1372596103620713e-14
-6.2630996941214891e-14
-3.1258298817199990e-14
-3.1200998082741650e-14
-1.5571798603426425e-14
-3.1086097129405897e-14
-4.6542748185749701e-14
-4.6456204695652648e-14
-4.6369516634533050e-14
-3.0855123608888823e-14
-2.3097856221592437e-14
-3.0739066090247702e-14
