3.5373952264508268e-01
4.1400968488967338e-01
4.8027260548085315e-01
5.5366741218535287e-01
6.3492966777350412e-01
7.2506266011637444e-01
8.2500758192573864e-01
9.3586009715919105e-01
1.0587242989252101e+00
1.1948321002062627e+00
1.3454494972963662e+00
1.5119573284579002e+00
1.6958014103882231e+00
1.8985330462895953e+00
2.1217763539911929e+00
2.3672587884207368e+00
2.6367820060364338e+00
2.9322506871826350e+00
3.2556532277007242e+00
3.6090712522991084e+00
3.9946592467206399e+00
4.4146588152064501e+00
4.8713753939565194e+00
5.3671922162302907e+00
5.9045523226136813e+00
6.4859529110124798e+00
7.1139243306681665e+00
7.7910192010534329e+00
8.5197941330946598e+00
9.3028071915339403e+00
1.0142591100259356e+01
1.1041647274114224e+01
1.2002415407388030e+01
1.3027251068767320e+01
1.4118404060881504e+01
1.5278005160164586e+01
1.6508031250589642e+01
1.7810281102344920e+01
1.9186349486834121e+01
2.0637596178326362e+01
2.2165121716305574e+01
2.3769747940603139e+01
2.5451975033268440e+01
2.7211962605961183e+01
2.9049492032535714e+01
3.0963942401623559e+01
3.2954274483496846e+01
3.5019004714693075e+01
3.7156170441087490e+01
3.9363317258508467e+01
4.1637488040324584e+01
4.3975209961320878e+01
4.6372468566045157e+01
4.8824707678305572e+01
5.1326833565818049e+01
5.3873210042613259e+01
5.6457659476816183e+01
5.9073472930576386e+01
6.1713413234665332e+01
6.4369746584988135e+01
6.7034261548788081e+01
6.9698303784011358e+01
7.2352811418411534e+01
7.4988344014785710e+01
7.7595123190549273e+01
8.0163095615843432e+01
8.2681983036801867e+01
8.5141328287721038e+01
8.7530554003640603e+01
8.9839038461152740e+01
9.2056180675475261e+01
9.4171467012141164e+01
9.6174545002682322e+01
9.8055293938887488e+01
9.9803890529030667e+01
1.0141088914615399e+02
1.0286728741322055e+02
1.0416459632549966e+02
1.0529491670578450e+02
1.0625101009145732e+02
1.0702634955350189e+02
1.0761517344688596e+02
1.0801254703694525e+02
1.0821441548128148e+02
1.0821763245285767e+02
1.0801999358109190e+02
1.0762027213781815e+02
1.0701824500545571e+02
1.0621470076122782e+02
1.0521144899980399e+02
1.0401131522126623e+02
1.0261812518185033e+02
1.0103668229654446e+02
9.9272745487841277e+01
9.7332993858853882e+01
9.5224988131883705e+01
9.2957125596096830e+01
9.0538580101284154e+01
8.7979231982417133e+01
8.5289610155885896e+01
8.2480821259427984e+01
7.9564472099018843e+01
7.6552587945579333e+01
7.3457534308743988e+01
7.0291921124889967e+01
6.7068526430499759e+01
6.3800210618199635e+01
6.0499822920735021e+01
5.7180123938778607e+01
5.3853706561068812e+01
5.0532913084189374e+01
4.7229763106355698e+01
4.3955878209967423e+01
4.0722411660141262e+01
3.7539988124873773e+01
3.4418656477173215e+01
3.1367832721343781e+01
2.8396259165318003e+01
2.5511964838428096e+01
2.2722232267492647e+01
2.0033576963214731e+01
1.7451738659063885e+01
1.4981672186491974e+01
1.2627546617654348e+01
1.0392743048794491e+01
8.2798661382059322e+00
6.2907509897681111e+00
4.4264858213346647e+00
2.6874492053179448e+00
1.0733414407077786e+00
-4.1679524220037678e-01
-1.7845336810084917e+00
-3.0320096523355926e+00
-4.1618801284290914e+00
-5.1772862656062157e+00
-6.0818026177267415e+00
-6.8793927509263382e+00
-7.5743568836687141e+00
-8.1712804442937497e+00
-8.6749799336095688e+00
-9.0904553748378838e+00
-9.4228499089781028e+00
-9.6774081680824899e+00
-9.8594324186502380e+00
-9.9742473156108389e+00
-1.0027153318589850e+01
-1.0023392695539622e+01
-9.9681225817779939e+00
-9.8663870741267701e+00
-9.7230874669856622e+00
-9.5429624246953786e+00
-9.3305645542523425e+00
-9.0902376426140883e+00
-8.8261130846251081e+00
-8.5420945402964339e+00
-8.2418440837603519e+00
-7.9287866048317079e+00
-7.6061023350647332e+00
-7.2767271629149821e+00
-6.9433545158436134e+00
-6.6084347206969918e+00
-6.2741741514299028e+00
-5.9425508935064348e+00
-5.6153255801325574e+00
-5.2940435659418075e+00
-4.9800438553718234e+00
-4.6744705716099508e+00
-4.3782815257763508e+00
-4.0922640648794433e+00
-3.8170524987882399e+00
-3.5531384511523525e+00
-3.3008801579388556e+00
-3.0605165695993906e+00
-2.8321736236109465e+00
-2.6158693464867242e+00
-2.4115304564787690e+00
-2.2190140064026056e+00
-2.0381106122630821e+00
-1.8685457783513482e+00
-1.7099957780809751e+00
-1.5621045916720946e+00
-1.4244847462945240e+00
-1.2967161654215309e+00
-1.1783570778694754e+00
-1.0689545822434963e+00
-9.6804357106440442e-01
-8.7515919447081714e-01
-7.8984115360788043e-01
-7.1163417707213006e-01
-6.4009389091604696e-01
-5.7478833508681570e-01
-5.1529007801637217e-01
-4.6118217115462584e-01
-4.1207061120370281e-01
-3.6758439016646255e-01
-3.2736215799239077e-01
-2.9105808987427773e-01
-2.5835148608625136e-01
-2.2894230661136580e-01
-2.0254600387186247e-01
-1.7889781794423268e-01
-1.5774143102754115e-01
-1.3884054420424236e-01
-1.2197703951620850e-01
-1.0695305112331274e-01
-9.3593148770046194e-02
-8.1733792221179019e-02
-7.1217377295977366e-02
-6.1905945615522248e-02
-5.3677264591540021e-02
-4.6417433861367943e-02
-4.0014516984467306e-02
-3.4371352299824479e-02
-2.9404997374353693e-02
-2.5036234014333147e-02
-2.1188740755163998e-02
-1.7798199400767812e-02
-1.4802425089262116e-02
-1.2154562542722637e-02
-9.8116976398343204e-03
-7.7314251540090461e-03
-5.8749047941867695e-03
-4.2056847143156981e-03
-2.6886604714923641e-03
-1.2980518833435564e-03
-5.6200655187092650e-06
1.2193541615282094e-03
2.4081283735569821e-03
3.5840014160374396e-03
4.7755999939430175e-03
6.0072213538033270e-03
7.3116334402960415e-03
8.7257962716480938e-03
1.0292215541115413e-02
1.2050182375636652e-02
1.4041598412913201e-02
1.6303275169434792e-02
1.8889035515781392e-02
2.1853774098410023e-02
2.5273439820941282e-02
2.9229138455157420e-02
3.3821940106742408e-02
3.9159056641833549e-02
4.5386308249445187e-02
5.2662020495272084e-02
6.1192609219548666e-02
7.1204808734445041e-02
8.2991986275865279e-02
9.6870675088673100e-02
1.1327028995789118e-01
1.3264714183990201e-01
1.5562088408875252e-01
1.8283883284299468e-01
2.1522446637030021e-01
2.5365316025750034e-01
2.9971440682182343e-01
