-2.5633529827071859e-14
-1.7114201435917225e-14
-1.7139307175554783e-14
-1.7164336661369442e-14
8.5946447259821511e-15
-1.7214165106816289e-14
0.0000000000000000e+00
-1.7263683251645698e-14
-2.5932487297592952e-14
-3.0297553281867846e-14
-2.1671713736769004e-14
-2.1702218286726642e-14
-1.3039573556618210e-14
-2.6115511342011813e-14
-4.3586256637129801e-15
-1.7458582924945046e-14
-1.0926613296806752e-14
1.0941560797283584e-14
0.0000000000000000e+00
-8.7770402593519439e-15
1.3183310181129687e-14
-6.6004984660680405e-15
2.4234137261156383e-14
1.3236180040570645e-14
1.5462621725753746e-14
1.7694809576109830e-14
2.2147456629350705e-14
-6.6528879189847552e-15
8.3268827815551198e-15
-3.0015412882603620e-14
5.5655369523957239e-15
3.9008455755526155e-15
1.0043475149909412e-14
3.7710579134262190e-14
2.5451646910005995e-14
4.5086090235077095e-14
6.9816068370586432e-14
6.4006984657377808e-14
1.0540407657092562e-13
1.2213682530869696e-13
1.0932425329325192e-13
2.0198673614798004e-13
2.8978731035031363e-13
4.0041890097376848e-13
5.6680260890628208e-13
8.3448620818692917e-13
1.2236883880425205e-12
1.7751741921184325e-12
2.5839379871340397e-12
3.7590754063551183e-12
5.4295590833119979e-12
7.8231230100894612e-12
1.1247382501957871e-11
1.6125741788795988e-11
2.3113726783256043e-11
3.2998176090547438e-11
4.7023996372483736e-11
6.6919618669102416e-11
9.4977802103936306e-11
1.3457925685881461e-10
1.9023526792549423e-10
2.6834852767812736e-10
3.7778457545376437e-10
5.3071507100682652e-10
7.4400834289183732e-10
1.0408216668447507e-09
1.4529887980859824e-09
2.0241368750604039e-09
2.8138942545873933e-09
3.9035658243811389e-09
5.4038637323126686e-09
7.4651522037109819e-09
1.0291057374014129e-08
1.4157066561812044e-08
1.9434505252125878e-08
2.6623379852746285e-08
3.6394961328923533e-08
4.9648783895514417e-08
6.7587252433465401e-08
9.1814164706487474e-08
1.2446393004642099e-07
1.6837052691831598e-07
2.2728847882060261e-07
3.0618053135023852e-07
4.1159157952322999e-07
5.5213358653782669e-07
7.3911267524911797e-07
9.8733812169593875e-07
1.3161638352237836e-06
1.7508252044205730e-06
2.3241512522603626e-06
3.0787524748931054e-06
4.0698081011137413e-06
5.3686101771890227e-06
7.0670568605197456e-06
9.2833362251159141e-06
1.2169096908866136e-05
1.5918472691406513e-05
2.0779410460348424e-05
2.7067853885916368e-05
3.5185457420682111e-05
4.5641652021738202e-05
5.9081061129500949e-05
7.6317475428794201e-05
9.8375846065873427e-05
1.2654405364668752e-04
1.6243655894316995e-04
2.0807245722529217e-04
2.6597093979221343e-04
3.3926773265103433e-04
4.3185673966242272e-04
5.4856187850426416e-04
6.9534497793822527e-04
8.7955661200225376e-04
1.1102379028674941e-03
1.3984826365873789e-03
1.7578705244361936e-03
2.2049841206610351e-03
2.7600237874214799e-03
3.4475371966360686e-03
4.2972821840044206e-03
5.3452443336782281e-03
6.6348334793210860e-03
8.2182863582879167e-03
1.0158305948076039e-02
1.2529971538007606e-02
1.5422957324549739e-02
1.8944101240236242e-02
2.3220369793857859e-02
2.8402268863387786e-02
3.4667754578595500e-02
4.2226702575110187e-02
5.1325997900427793e-02
6.2255311586901611e-02
7.5353633241264595e-02
9.1016631778248633e-02
1.0970491846896442e-01
1.3195328758233441e-01
1.5838100985163803e-01
1.8970325255529941e-01
2.2674369690567855e-01
2.7044841841812806e-01
3.2190108870117767e-01
3.8233954737711751e-01
4.5317378032289235e-01
5.3600532482733043e-01
6.3264810333137744e-01
7.4515066490694803e-01
8.7581978733653498e-01
1.0272453624216455e+00
1.2023264528796580e+00
1.4042983708651047e+00
1.6367605858414487e+00
1.9037052234024234e+00
2.2095458669877410e+00
2.5591463216667578e+00
2.9578489438364652e+00
3.4115020834962939e+00
3.9264861275887242e+00
4.5097375747470529e+00
5.1687705148594425e+00
5.9116948324745167e+00
6.7472304027311623e+00
7.6847165038074037e+00
8.7341156325924043e+00
9.9060108822045603e+00
1.1211596022990014e+01
1.2662657424629399e+01
1.4271546967823024e+01
1.6051145121506007e+01
1.8014813407320815e+01
2.0176335538618510e+01
2.2549846607785746e+01
2.5149749804115352e+01
2.7990620275287743e+01
3.1087095898911457e+01
3.4453754906105118e+01
3.8104980495869619e+01
4.2054812795509399e+01
4.6316788756520559e+01
5.0903770824454199e+01
5.5827765481951239e+01
6.1099733032481083e+01
6.6729390263783444e+01
7.2725007899557511e+01
7.9093205010066399e+01
8.5838742801148356e+01
9.2964320430517660e+01
1.0047037570391758e+02
1.0835489367538196e+02
1.1661322630943587e+02
1.2523792645270609e+02
1.3421859940276565e+02
1.4354177534840215e+02
1.5319080588397065e+02
1.6314578766812775e+02
1.7338351610219826e+02
1.8387747164508397e+02
1.9459784106069142e+02
2.0551157551243844e+02
2.1658248698104791e+02
2.2777138399154924e+02
2.3903624709959817e+02
2.5033244401367028e+02
2.6161298362739342e+02
2.7282880761538149e+02
2.8392911761745404e+02
2.9486173541181751e+02
3.0557349286985965e+02
3.1601064790607506e+02
3.2611932209862522e+02
3.3584595517108846e+02
3.4513777110536199e+02
3.5394325030974255e+02
3.6221260200403333e+02
3.6989823081268514e+02
3.7695519148337320e+02
3.8334162567600629e+02
3.8901917489792777e+02
3.9395336389478337e+02
3.9811394914084275e+02
4.0147522750292353e+02
4.0401630067183999e+02
4.0572129155585594e+02
4.0657950950153929e+02
4.0658556193666857e+02
4.0573941080408531e+02
4.0404637296024839e+02
4.0151706453265200e+02
3.9816729005078014e+02
3.9401787797046495e+02
3.8909446498629063e+02
3.8342723225668016e+02
3.7705059733812516e+02
3.7000286622666187e+02
3.6232585042567490e+02
3.5406445439079260e+02
3.4526623903835122e+02
3.3598096723907167e+02
3.2626013735081483e+02
3.1615651087334288e+02
3.0572364023581218e+02
2.9501540255822897e+02
2.8408554496716755e+02
2.7298724670124346e+02
2.6177270282222958e+02
2.5049273386359059e+02
2.3919642521087056e+02
2.2793079942972898e+02
2.1674052414982000e+02
2.0566765748854741e+02
1.9475143237022320e+02
1.8402808047507150e+02
1.7353069594988963e+02
1.6328913843815030e+02
1.5332997445092556e+02
1.4367645560903202e+02
1.3434853184766911e+02
1.2536289729256890e+02
1.1673306619486803e+02
1.0846947605267346e+02
1.0057961485135147e+02
9.3068169221325547e+01
8.5937190239797133e+01
7.9186273588368152e+01
7.2812750818167544e+01
6.6811888563057266e+01
6.1177092674485792e+01
5.5900114422751940e+01
5.0971256112711089e+01
4.6379573691026266e+01
4.2113074170659324e+01
3.8158905960271831e+01
3.4503540455686839e+01
3.1132943522036562e+01
2.8032735763636673e+01
2.5188340739451476e+01
2.2585120531295402e+01
2.0208498306307007e+01
1.8044067732007754e+01
1.6077689299318255e+01
1.4295573784744684e+01
1.2684353236650374e+01
1.1231140001694905e+01
9.9235744162601112e+00
8.7498618745135630e+00
7.6988000505934790e+00
6.7597970984453966e+00
5.9228816805709439e+00
5.1787056880154214e+00
4.5185405101122642e+00
3.9342676956835940e+00
3.4183648194613645e+00
2.9638873303181277e+00
2.5644471133030877e+00
2.2141884472042905e+00
1.9077619850209546e+00
1.6402973278229949e+00
1.4073747043380105e+00
1.2049962104227665e+00
1.0295570053740200e+00
8.7781680667300988e-01
7.4687197194761201e-01
6.3412840723327379e-01
5.3727549443555800e-01
4.5426118853049419e-01
3.8326839665908441e-01
3.2269271694553725e-01
2.7112158457822949e-01
2.2731484634430563e-01
1.9018676224464856e-01
1.5878941383809106e-01
1.3229748332412147e-01
1.0999435481215135e-01
9.1259479456416395e-02
7.5556938870868506e-02
6.2425136187257778e-02
5.1467540998943719e-02
4.2344412968708466e-02
3.4765428814282524e-02
2.8483138477972667e-02
2.3287178318363699e-02
1.8999171931087515e-02
1.5468252532516024e-02
1.2567144571537049e-02
1.0188746229037591e-02
8.2431586089200103e-03
6.6551116200948644e-03
5.3617407124520828e-03
4.3106727008177413e-03
3.4583828335983820e-03
2.7687890017686740e-03
2.2120525106636250e-03
1.7635581325250917e-03
1.4030492127419811e-03
1.1138964133381531e-03
8.8248124318565018e-04
6.9767785443125997e-04
5.5041868589034127e-04
4.3333141705574531e-04
3.4043637827888310e-04
2.6689505233183701e-04
2.0880161860392223e-04
1.6301064869814354e-04
1.2699507153448266e-04
9.8729408524353095e-05
7.6594040514531446e-05
5.9296928999391604e-05
4.5809779343740294e-05
3.5316119320086593e-05
2.7169179739994258e-05
2.0857817176291018e-05
1.5979013418449630e-05
1.2215741739766541e-05
9.3191972051003704e-06
7.0945677160507525e-06
5.3896697039539363e-06
4.0858943970389466e-06
3.0910134786873360e-06
2.3334765868843000e-06
1.7579024157858311e-06
1.3215234072773280e-06
9.9138817125219191e-07
7.4216654291249095e-07
5.5443137987139176e-07
4.1331676781252739e-07
3.0747300812862401e-07
2.2825473233198417e-07
1.6909134399072750e-07
1.2500047941964202e-07
9.2212688059359976e-08
6.7882641419485081e-08
4.9867227528843871e-08
3.6556213680745337e-08
2.6742090182739266e-08
1.9521734143540710e-08
1.4221003340208925e-08
1.0337884758841482e-08
7.4993165575668421e-09
5.4287539364136109e-09
3.9216232635815920e-09
2.8269879317777448e-09
2.0336197022298322e-09
1.4598397979976262e-09
1.0457486886653319e-09
7.4754170975944663e-10
5.3324095898778927e-10
3.7958069519304632e-10
2.6962796727564682e-10
1.9113046785029724e-10
1.3518744975016784e-10
9.5420801501789882e-11
6.7204037398042240e-11
4.7219550465731247e-11
3.3114858564472602e-11
2.3154148407216717e-11
1.6146394839700902e-11
1.1257442043123481e-11
7.8050624587665018e-12
5.4210423814678810e-12
3.7570071481799211e-12
2.5752527012422333e-12
1.7583425909813213e-12
1.1837005453086333e-12
7.7914124860643772e-13
5.2258059957593516e-13
3.3215387619100278e-13
2.1214249383139804e-13
1.0143487418961517e-13
3.5459078315428144e-14
5.6215507504493662e-16
-6.0638195991200027e-14
-8.9162689726291119e-14
-9.5492899193548381e-14
-9.5094065378044381e-14
-9.3019428531180065e-14
-8.5648524195060810e-14
-8.2475020740255303e-14
-8.2926500590696287e-14
-8.0041101020276328e-14
-9.1040585078335981e-14
-5.8767176617698677e-14
-4.6509658921636476e-14
-3.5389619152219661e-14
-2.3193932588630620e-14
-2.5369345077760406e-14
8.8124135495114128e-15
-2.4201827708916147e-14
-2.6366620362259375e-14
-4.3885201296759720e-15
-6.5738739372145343e-15
6.5649364783701506e-15
1.3111935956168104e-14
1.3093937193708784e-14
1.0896564159282450e-14
8.7051704473372727e-15
-8.6930490377454723e-15
1.7361774629381314e-14
1.7337370989415202e-14
1.2984665692229079e-14
4.3220812162654922e-15
-8.6318416258228489e-15
8.6194815931445091e-15
-4.3035412767040727e-14
-2.5783934177946453e-14
-8.5821683306847209e-15
-1.7139307175554783e-14
-2.5671302153875841e-14
-3.4178039769429146e-14
-4.2659407412631611e-14
-4.2596077802180868e-14
-3.4026049593873529e-14
-3.3975088877636407e-14
-3.3923980985770557e-14
-3.3872726812579876e-14
-6.7642654507818168e-14
-6.7539566414235491e-14
-6.7436191142108772e-14
-6.7332530492061065e-14
-6.7228586267589542e-14
-5.0343270206260174e-14
-6.7019854323422800e-14
-8.3643837780781588e-14
-6.6810009793095435e-14
-8.3380843557402691e-14
-6.6599067202756879e-14
-8.3116485857201931e-14
-9.9580561679335113e-14
-9.9420939496754556e-14
-9.9260919224973528e-14
-1.1561725421343884e-13
-1.3191959387639235e-13
-1.3170466315533450e-13
-9.8616912246560850e-14
-9.8454942808038801e-14
-1.3105678908608552e-13
-1.3083981604367097e-13
-9.7966756232131688e-14
-1.3040436958007537e-13
-9.7639427666638517e-14
-6.4983473636443036e-14
-9.7310628329519940e-14
-9.7145684074110935e-14
-1.2930717396504945e-13
-9.6814720316263830e-14
-1.2886494185539344e-13
-1.2864312198912768e-13
-1.2842083788201954e-13
-1.2819809326260920e-13
-9.5981168896557145e-14
-9.5813428060602136e-14
-1.1158624194807114e-13
-1.1138976128259281e-13
-7.9423495724324484e-14
-9.5139122929230669e-14
-1.1079801276948838e-13
-7.9000003820460348e-14
-9.4629963801367238e-14
-7.8716338078476748e-14
-9.4288933076916328e-14
-6.2745299176456501e-14
-1.0960443150255843e-13
-7.8145880267378280e-14
-9.3603153824416728e-14
-9.3430950903175956e-14
-7.7715375313961127e-14
-6.2057103376967193e-14
-6.1941711860116452e-14
-3.0913063790786838e-14
-6.1710352422598526e-14
-6.1594388264703108e-14
-5.3793457365901834e-14
