-7.8329432979556825e-13
-1.2283117572574703e-12
-5.0935513811169873e-13
-3.7272216415921898e-13
-1.9077507564158527e-13
-5.8002083201231374e-13
9.2959506669723820e-13
5.5264827355018360e-13
-2.1895918267677379e-12
1.9538623433029039e-12
-1.1804137611918780e-12
-7.7423182821024188e-13
-1.5257344344060502e-12
-4.7032624132589402e-16
-2.6127711695527239e-12
-9.6513199081728111e-13
-2.8885463167554234e-13
2.8498023341122281e-13
-1.8087339510702237e-12
-1.6120132867094621e-12
-1.4170807206289439e-12
-3.3466018008380116e-13
-3.8290297480362000e-13
-8.3811052387892930e-13
-8.2395194387827777e-13
-1.4393722309591481e-12
1.3378493269489662e-12
-1.8357066607862201e-12
-6.7826343970035056e-13
-4.4264460050302748e-12
-2.1913734010308707e-12
-1.6492094623061347e-12
-1.8462458821212776e-12
-4.8660061175830002e-13
-6.2529950111819792e-13
9.5958519093031497e-13
-8.3370282329548801e-13
-1.6989729479931151e-12
-1.4519358126098810e-13
8.9528407611740623e-13
5.0258548214125732e-13
3.7770915240448059e-14
9.5597075289302748e-13
7.5324767123165989e-13
1.4503110117936296e-12
3.4627255483087097e-12
5.9387615388777498e-12
9.5314246792460627e-12
1.4524098297553228e-11
2.4919429364334024e-11
3.8905131854563087e-11
6.0576173180072043e-11
9.3199613063659343e-11
1.4175857565034839e-10
2.1086990864099388e-10
3.1259437197727142e-10
4.5723360077593475e-10
6.6197839508711784e-10
9.5522509775769648e-10
1.3646373610832062e-09
1.9403612258690815e-09
2.7388256976267779e-09
3.8407442762645485e-09
5.3494140280826396e-09
7.4037572273144510e-09
1.0184244112200888e-08
1.3918346489509003e-08
1.8891027618001094e-08
2.5482208469511398e-08
3.4137571874303275e-08
4.5410507879201347e-08
5.9979674833662208e-08
7.8627839493630333e-08
1.0226156574830565e-07
1.3188760613240014e-07
1.6855861955562581e-07
2.1330787173004714e-07
2.6701680818926849e-07
3.3017671074513794e-07
4.0257712517872914e-07
4.8279151758941655e-07
5.6750264526999210e-07
6.5043237390910602e-07
7.2098057627530848e-07
7.6222669318579184e-07
7.4829356486060606e-07
6.4074702021116770e-07
3.8384874176703129e-07
-1.0176249171729473e-07
-9.2725772367526817e-07
-2.2462740542181357e-06
-4.2685281793500200e-06
-7.2771811182189850e-06
-1.1650693660840067e-05
-1.7890172298521784e-05
-2.6653246015022468e-05
-3.8795684745866911e-05
-5.5422045173983300e-05
-7.7946761098365256e-05
-1.0816703917858485e-04
-1.4834900684892506e-04
-2.0132826130795007e-04
-2.7062585308521828e-04
-3.6058016851008050e-04
-4.7649452471180113e-04
-6.2479917831327256e-04
-8.1322534677457335e-04
-1.0509865278807574e-03
-1.3489605449641220e-03
-1.7198621363615188e-03
-2.1783924294992299e-03
-2.7413467322000406e-03
-3.4276563383390185e-03
-4.2583330837011671e-03
-5.2562775296145035e-03
-6.4459019817082359e-03
-7.8525090841609288e-03
-9.5013546288899003e-03
-1.1416309966638876e-02
-1.3618025238595774e-02
-1.6121479322957471e-02
-1.8932787032078131e-02
-2.2045118531862407e-02
-2.5433571252855783e-02
-2.9048821552653949e-02
-3.2809372894586318e-02
-3.6592210937029183e-02
-4.0221674788791247e-02
-4.3456359671052970e-02
-4.5973881152598234e-02
-4.7353356794405776e-02
-4.7055499987787179e-02
-4.4400274509054691e-02
-3.8542129641413625e-02
-2.8442926095297295e-02
-1.2842774351693904e-02
9.7708594017769049e-03
4.1195267881549605e-02
8.3545146580915497e-02
1.3928487393574920e-01
2.1125931336697493e-01
3.0272178452057191e-01
4.1735760110230152e-01
5.5930131729096755e-01
7.3314557213347042e-01
9.4393918128521070e-01
1.1971719099195499e+00
1.4987431823584518e+00
1.8549118585666389e+00
2.2722241499686091e+00
2.7574167749521474e+00
3.3172925838304406e+00
3.9585661311513531e+00
4.6876770553520304e+00
5.5105696547825298e+00
6.4324377363389527e+00
7.4574346639750253e+00
8.5883495517098840e+00
9.8262517242693157e+00
1.1170106898086079e+01
1.2616369996343616e+01
1.4158561078402784e+01
1.5786832500048233e+01
1.7487537083467622e+01
1.9242808711969584e+01
2.1030168315106874e+01
2.2822169608747242e+01
2.4586100130351671e+01
2.6283753989660799e+01
2.7871293263220632e+01
2.9299215027493592e+01
3.0512440581938886e+01
3.1450542403737149e+01
3.2048122753943041e+01
3.2235355591131857e+01
3.1938700532469547e+01
3.1081794043963722e+01
2.9586518876755733e+01
2.7374248054992414e+01
2.4367254550313586e+01
2.0490272261615107e+01
1.5672188195168179e+01
9.8478399707902380e+00
2.9598871444689494e+00
-5.0392804674610403e+00
-1.4185639050384845e+01
-2.4501677261401994e+01
-3.5994641624481616e+01
-4.8654931538133035e+01
-6.2454695262658269e+01
-7.7346677507916553e+01
-9.3263366972120977e+01
-1.1011648833277694e+02
-1.2779687775802502e+02
-1.4617477403786376e+02
-1.6510054903510337e+02
-1.8440589148479575e+02
-2.0390544744319195e+02
-2.2339890916640357e+02
-2.4267353219340634e+02
-2.6150704825960617e+02
-2.7967092974426504e+02
-2.9693395003711862e+02
-3.1306597387735172e+02
-3.2784190273732054e+02
-3.4104569303324797e+02
-3.5247435964194580e+02
-3.6194187413159182e+02
-3.6928286645370110e+02
-3.7435604069976597e+02
-3.7704721992576640e+02
-3.7727194193393575e+02
-3.7497753713409725e+02
-3.7014463096486764e+02
-3.6278802654224182e+02
-3.5295693785697284e+02
-3.4073455954578679e+02
-3.2623697555694082e+02
-3.0961142543476166e+02
-2.9103396296898330e+02
-2.7070655710976314e+02
-2.4885369888078594e+02
-2.2571859011559201e+02
-2.0155899983653271e+02
-1.7664288170180058e+02
-1.5124385095212591e+02
-1.2563662156930179e+02
-1.0009250387724798e+02
-7.4875059626027920e+01
-5.0236005839776574e+01
-2.6411450600603423e+01
-3.6185337734060861e+00
1.7947466198529863e+01
3.8115511483931236e+01
5.6740636166978696e+01
7.3705210302758701e+01
8.8919631873811582e+01
1.0232245587905041e+02
1.1387998304309386e+02
1.2358534271072952e+02
1.3145711508547876e+02
1.3753754684209690e+02
1.4189042111486026e+02
1.4459864783105755e+02
1.4576164328535208e+02
1.4549256876577709e+02
1.4391549703791350e+02
1.4116257271801356e+02
1.3737122821270717e+02
1.3268151120399980e+02
1.2723357287236509e+02
1.2116535845313408e+02
1.1461053359282718e+02
1.0769667158935769e+02
1.0054371822746511e+02
9.3262742799874019e+01
8.5954976251509891e+01
7.8711130379735664e+01
7.1610985814817212e+01
6.4723231199404523e+01
5.8105531653568185e+01
5.1804801285785139e+01
4.5857652188078610e+01
4.0290991002026452e+01
3.5122733701123181e+01
3.0362609621119795e+01
2.6013026883515280e+01
2.2069973086140177e+01
1.8523927359588360e+01
1.5360762487959230e+01
1.2562618647623678e+01
1.0108733315427891e+01
7.9762149334946013e+00
6.1407508990701904e+00
4.5772432949153687e+00
3.2603684232263310e+00
2.1650586038206301e+00
1.2669068082444990e+00
5.4249650422873674e-01
-3.0339431124100313e-02
-4.7232570341134078e-01
-8.0261161038018392e-01
-1.0386916045991275e+00
-1.1963726300086082e+00
-1.2897813679623624e+00
-1.3314046415549825e+00
-1.3321565041157284e+00
-1.3014659449008801e+00
-1.2473796497371588e+00
-1.1766748256717849e+00
-1.0949777096542275e+00
-1.0068840063700337e+00
-9.1607811985291765e-01
-8.2544863933703283e-01
-7.3719809914037904e-01
-6.5294554479975098e-01
-5.7382089660657010e-01
-5.0055050333921436e-01
-4.3353362154569303e-01
-3.7290984082438527e-01
-3.1861770461914751e-01
-2.7044495356117032e-01
-2.2807094895613669e-01
-1.9110192262743661e-01
-1.5909975190811301e-01
-1.3160498073236138e-01
-1.0815480491934090e-01
-8.8296717161016516e-02
-7.1598469724671418e-02
-5.7654964776259240e-02
-4.6092626937220542e-02
-3.6571754139379298e-02
-2.8787282514354039e-02
-2.2468342332238527e-02
-1.7376925345750690e-02
-1.3305931254364264e-02
-1.0076812788909227e-02
-7.5369956401411487e-03
-5.5572114572378425e-03
-4.0288491524215009e-03
-2.8614017930230790e-03
-1.9800631530308282e-03
-1.3235087130379108e-03
-8.4188080512547880e-04
-4.9498573863786591e-04
-2.5070153123694239e-04
-8.3588475176960198e-05
2.6309740237031649e-05
9.4489749102802354e-05
1.3285370662652994e-04
1.5043348352141838e-04
1.5399098086398883e-04
1.4851105629478352e-04
1.3760239733995560e-04
1.2382040298156895e-04
1.0892470329335453e-04
9.4082375300008693e-05
8.0026636170735607e-05
6.7179296038601431e-05
5.5744104754351047e-05
4.5776879112376554e-05
3.7237399184164703e-05
3.0027081477595252e-05
2.4015754818413604e-05
1.9060151544868441e-05
1.5016223055763313e-05
1.1746910006571612e-05
9.1266682912445787e-06
7.0436993984017093e-06
5.4006054711731654e-06
4.1140760065608651e-06
3.1139307647999986e-06
2.3418217715145747e-06
1.7498148153112027e-06
1.2989531161733033e-06
9.5786676462287002e-07
7.0155659911868360e-07
5.1023413882452957e-07
3.6839047094126975e-07
2.6395871525802560e-07
1.8760715548982261e-07
1.3219668271845495e-07
9.2292603495806455e-08
6.3775259889546259e-08
4.3575104671857903e-08
2.9394627837471672e-08
1.9534806037572059e-08
1.2762082329650964e-08
8.1533724662745477e-09
5.0727261888760674e-09
3.0355285250889018e-09
1.7234498964710707e-09
8.9156463194433602e-10
3.8781419662536710e-10
9.3635214984869222e-11
-6.7852073127708070e-11
-1.4553947498551075e-10
-1.7389893901416757e-10
-1.7076971079638103e-10
-1.5737636000177608e-10
-1.3765678330052302e-10
-1.1300363486244135e-10
-9.0241614056654393e-11
-7.4728321658230255e-11
-5.7597735324830593e-11
-4.3301075737470395e-11
-3.4595947808952403e-11
-2.7552305660220391e-11
-2.0813390300242874e-11
-1.4595549039014900e-11
-1.1550494830214217e-11
-7.2078054105365127e-12
-5.3654208893982196e-12
-3.2113118240058103e-12
-2.9127906303819227e-12
-2.6358599857627935e-12
-2.8956390201948886e-12
-2.7136467926997664e-13
-1.8697223691264906e-12
-3.5669412473360843e-12
2.6110364262738942e-12
1.8756639296510112e-12
1.1685449528821673e-12
-6.0927511493818918e-13
2.0330707474735400e-12
2.9826601529756795e-12
9.6440651677401752e-13
-2.9575079244101842e-13
2.7879438989107834e-12
-5.1603704538530423e-14
1.0898731232685175e-13
-8.0198966148495024e-13
-1.1421050296618404e-13
2.9920530513789389e-12
-1.9345621903162449e-12
-4.3779261815350952e-13
-1.2904002469186627e-12
1.7749298033407210e-12
-7.9583037384126483e-13
-7.1751004590164527e-13
1.0988970135144092e-12
1.3695478362242612e-12
-2.5709916872622287e-14
-1.9475685528859224e-12
-1.0975951412688499e-12
-3.8664687982130680e-13
-2.6271720534754042e-13
6.8702488891062419e-13
9.7716202853061709e-13
-2.0683952235862623e-12
-1.0635587836108166e-12
-1.3286031415578516e-12
-1.0678858927402825e-12
-1.2501475305195146e-12
-2.0451957849200784e-12
-1.3481435967752527e-14
-6.5357924293876190e-13
5.4387652609669328e-13
2.2565745447924323e-13
1.4306805451230249e-12
-7.3481243200543962e-13
-1.9444023985263982e-12
-1.9049375735391881e-12
-1.5461096567846414e-12
1.1397655540621836e-12
-7.2305370774092283e-13
-1.3743769524802925e-12
1.1659996862656938e-12
1.8499788168970763e-12
-1.7298939304556334e-12
3.5746822485403093e-12
5.6541904438977986e-13
7.8092787591630048e-14
-6.2677593544487154e-13
-1.6555736889879516e-12
1.4255318755575045e-12
1.9435491480465880e-12
1.8494276052913839e-12
-1.8046989143152516e-12
-1.0820784214618105e-12
-8.5987366735670357e-13
-6.5902240767547759e-13
1.8978773138043599e-13
-5.7651923125135347e-13
1.1204638261891895e-12
-1.7907405168861989e-12
5.0292953186961784e-13
1.1086935865786772e-12
2.1786262955290264e-12
-3.5674300357947160e-13
1.7020894207654251e-12
1.0327407991850368e-12
1.8539989475863095e-13
-6.4828244030336683e-13
-5.9414043722023623e-13
1.1426167671862687e-14
9.9068548479657341e-14
-4.3186112996386858e-13
-9.9518987361193383e-13
6.1463748191528056e-13
-1.0802104148898639e-12
1.3605384695807231e-12
-1.1863695581430057e-12
7.0329439830776009e-14
-1.2791986095129145e-12
3.1646864559883403e-13
5.2560443471903316e-13
6.0219918112121350e-13
-1.9215461866866991e-12
-6.6235880555416979e-13
-2.4840841105100074e-13
4.6835887729176547e-13
8.8893246483934671e-14
-1.1244583472061190e-12
-7.0394017465020714e-13
4.2771724583025457e-12
-1.6559947571000519e-12
3.1138067563205551e-12
-1.8405319846685656e-12
2.0664858448734981e-12
-3.2710783109160514e-12
6.4960840229508852e-13
-1.2255681898227354e-12
6.3302514446357818e-13
-1.2908459771369959e-12
2.1038308565201110e-12
-3.0012098689722273e-12
-2.7256471862313779e-13
-3.5700227576477522e-13
8.7349799263956942e-14
7.5766360519512993e-13
-3.1812204873666456e-13
