0.0000000000000000e+00
-1.7114172259345074e-14
8.5696389780909775e-15
1.7164307399325934e-14
1.7189260147380865e-14
8.6070678799122124e-15
8.6194668985104904e-15
1.2947740365175865e-14
1.2966221543730996e-14
8.6564290371715995e-15
0.0000000000000000e+00
1.7361745030742307e-14
4.3465171088462326e-15
0.0000000000000000e+00
1.5255163815696858e-14
8.7292765806328324e-15
1.0926594668936652e-14
1.3129850572716886e-14
3.0678026073175132e-14
3.5108101184437272e-14
3.5155433882681635e-14
3.5202598471624907e-14
4.7366642077055539e-14
5.7356682393023717e-14
4.4178843899491012e-14
2.9859940253881184e-14
2.8791644533602988e-14
4.0471665843611241e-14
4.4965090363041188e-14
1.8342721046120753e-14
3.7845586756402034e-14
5.1825431436486042e-14
5.2170184754621930e-14
3.6872503403654365e-14
7.5515746706563754e-14
1.1481531355492660e-13
1.0093872194747644e-13
1.0022129195959037e-13
1.2395498272655452e-13
1.5928415961223641e-13
1.8370951450743323e-13
2.3471044410008513e-13
3.3893194890776567e-13
5.1353070938756951e-13
7.0213190493378495e-13
1.0192959540780717e-12
1.4756884902058939e-12
2.1479343811200923e-12
3.0925281707881245e-12
4.4949352319405263e-12
6.5118104414320747e-12
9.3895583700495911e-12
1.3478547597028142e-11
1.9322935823539879e-11
2.7650275504052038e-11
3.9480302974773902e-11
5.6225246034004760e-11
7.9905704562543408e-11
1.1333338668553286e-10
1.6041016474739908e-10
2.2652124083539956e-10
3.1923088173038929e-10
4.4893160513374718e-10
6.3001555339856222e-10
8.8227530686976128e-10
1.2329652262449917e-09
1.7194172844260190e-09
2.3927622555866114e-09
3.3227861272573307e-09
4.6046300057102495e-09
6.3676438916080353e-09
8.7872078799457816e-09
1.2100731834346634e-08
1.6628837999117310e-08
2.2803488329719955e-08
3.1205343545415547e-08
4.2613340434185451e-08
5.8069827675820389e-08
7.8966843364992633e-08
1.0715879534893969e-07
1.4511070686461359e-07
1.9609206984443390e-07
2.6442917090865941e-07
3.5583399553424524e-07
4.7783097038828690e-07
6.4030947485967607e-07
8.5623769078605757e-07
1.1425824097314766e-06
1.5214914211341275e-06
2.0218096268193979e-06
2.6810184060096908e-06
3.5477099497359894e-06
4.6847367596947646e-06
6.1732100886947455e-06
8.1175635739278838e-06
1.0651949930321923e-05
1.3948301029249824e-05
1.8226458171486961e-05
2.3766872226961436e-05
3.0926484611821255e-05
4.0158534719400422e-05
5.2037201969784914e-05
6.7288181530673126e-05
8.6826525716339627e-05
1.1180335392941824e-04
1.4366335925413510e-04
1.8421541938661885e-04
2.3571906934526760e-04
3.0099011512856749e-04
3.8352927988286761e-04
4.8767848224797752e-04
6.1881016499735304e-04
7.8355603726640343e-04
9.9008267250934854e-04
1.2484226385828293e-03
1.5708712365095575e-03
1.9724605071644121e-03
2.4715239427864819e-03
3.0903673320216880e-03
3.8560633770245508e-03
4.8013901684589577e-03
5.9659362891996233e-03
7.3973982495802544e-03
9.1530991305060049e-03
1.1301760722823139e-02
1.3925565084794209e-02
1.7122545273952926e-02
2.1009349010331919e-02
2.5724423152113759e-02
3.1431671053006781e-02
3.8324639052811478e-02
4.6631292435167733e-02
5.6619445068171036e-02
6.8602910492893285e-02
8.2948445298765522e-02
1.0008355805285001e-01
1.2050525864584660e-01
1.4478982346848790e-01
1.7360365110902179e-01
2.0771528101442799e-01
2.4800864352171809e-01
2.9549760355773624e-01
3.5134185184564976e-01
4.1686418634382782e-01
4.9356921260216557e-01
5.8316347446465289e-01
6.8757700583176939e-01
8.0898626978830523e-01
9.4983842312757849e-01
1.1128768120297103e+00
1.3011675683253765e+00
1.5181271354147770e+00
1.7675505086403256e+00
2.0536399269495420e+00
2.3810337013915004e+00
2.7548348118434149e+00
3.1806388469968407e+00
3.6645608048305975e+00
4.2132602124992014e+00
4.8339639668751095e+00
5.5344862411686471e+00
6.3232447505173033e+00
7.2092726217541596e+00
8.2022250714023937e+00
9.3123800630924851e+00
1.0550632092905142e+01
1.1928478240501748e+01
1.3457995627197649e+01
1.5151809441196832e+01
1.7023050726768904e+01
1.9085303189778557e+01
2.1352538348028762e+01
2.3839038452414819e+01
2.6559306724639718e+01
2.9527964599533046e+01
3.2759635824709989e+01
3.6268817456758356e+01
4.0069738000142856e+01
4.4176203160776922e+01
4.8601429928321068e+01
5.3357869956693875e+01
5.8457023477379082e+01
6.3909245250634534e+01
6.9723544330862936e+01
7.5907379688899368e+01
8.2466453990102650e+01
8.9404508066887090e+01
9.6723118841470111e+01
1.0442150364285226e+02
1.1249633401515847e+02
1.2094156222646670e+02
1.2974826375253022e+02
1.3890449902331599e+02
1.4839519767772182e+02
1.5820206846975759e+02
1.6830353780548305e+02
1.7867471966284825e+02
1.8928741935632584e+02
2.0011017325626827e+02
2.1110832616209854e+02
2.2224414756304256e+02
2.3347698750584689e+02
2.4476347223292663e+02
2.5605773916505831e+02
2.6731171018968013e+02
2.7847540158968724e+02
2.8949726831974152e+02
3.0032457971957285e+02
3.1090382315886910e+02
3.2118113154854763e+02
3.3110273014063733e+02
3.4061539758533081e+02
3.4966693582981219e+02
3.5820664313895639e+02
3.6618578430128980e+02
3.7355805196144502e+02
3.8028001299768556e+02
3.8631153394287622e+02
3.9161617963040283e+02
3.9616157953170966e+02
3.9991975663583924e+02
4.0286741419802001e+02
4.0498617624628275e+02
4.0626277837273358e+02
4.0668920603819549e+02
4.0626277837274978e+02
4.0498617624631532e+02
4.0286741419806850e+02
3.9991975663590352e+02
3.9616157953178936e+02
3.9161617963049736e+02
3.8631153394298525e+02
3.8028001299780846e+02
3.7355805196158099e+02
3.6618578430143788e+02
3.5820664313911573e+02
3.4966693582998187e+02
3.4061539758550987e+02
3.3110273014082463e+02
3.2118113154874220e+02
3.1090382315906993e+02
3.0032457971977885e+02
2.8949726831995162e+02
2.7847540158990040e+02
2.6731171018989539e+02
2.5605773916527482e+02
2.4476347223314346e+02
2.3347698750606313e+02
2.2224414756325723e+02
2.1110832616231087e+02
2.0011017325647762e+02
1.8928741935653153e+02
1.7867471966304953e+02
1.6830353780567938e+02
1.5820206846994844e+02
1.4839519767790676e+02
1.3890449902349459e+02
1.2974826375270220e+02
1.2094156222663177e+02
1.1249633401531646e+02
1.0442150364300304e+02
9.6723118841613541e+01
8.9404508067023201e+01
8.2466453990231457e+01
7.5907379689020871e+01
6.9723544330977333e+01
6.3909245250741861e+01
5.8457023477479524e+01
5.3357869956787617e+01
4.8601429928408336e+01
4.4176203160857952e+01
4.0069738000217860e+01
3.6268817456827648e+01
3.2759635824773795e+01
2.9527964599591648e+01
2.6559306724693410e+01
2.3839038452463864e+01
2.1352538348073438e+01
1.9085303189819118e+01
1.7023050726805600e+01
1.5151809441229943e+01
1.3457995627227366e+01
1.1928478240528372e+01
1.0550632092928925e+01
9.3123800631136753e+00
8.2022250714212355e+00
7.2092726217708645e+00
6.3232447505320568e+00
5.5344862411816624e+00
4.8339639668865511e+00
4.2132602125092298e+00
3.6645608048393319e+00
3.1806388470044040e+00
2.7548348118500163e+00
2.3810337013971692e+00
2.0536399269543462e+00
1.7675505086444363e+00
1.5181271354182735e+00
1.3011675683283106e+00
1.1128768120321759e+00
9.4983842312961086e-01
8.0898626979000920e-01
6.8757700583314763e-01
5.8316347446580086e-01
4.9356921260310810e-01
4.1686418634457878e-01
3.5134185184624139e-01
2.9549760355820920e-01
2.4800864352204305e-01
2.0771528101468392e-01
1.7360365110917916e-01
1.4478982346858130e-01
1.2050525864589327e-01
1.0008355805283528e-01
8.2948445298713994e-02
6.8602910492812350e-02
5.6619445068041153e-02
4.6631292435050167e-02
3.8324639052654819e-02
3.1431671052820867e-02
2.5724423151937771e-02
2.1009349010175114e-02
1.7122545273752513e-02
1.3925565084571793e-02
1.1301760722596829e-02
9.1530991303045584e-03
7.3973982493617235e-03
5.9659362889846815e-03
4.8013901682190099e-03
3.8560633768076470e-03
3.0903673317911966e-03
2.4715239425424245e-03
1.9724605069165097e-03
1.5708712363195049e-03
1.2484226383364578e-03
9.9008267231839712e-04
7.8355603711262106e-04
6.1881016484934622e-04
4.8767848212622589e-04
3.8352927975038650e-04
3.0099011498254974e-04
2.3571906922943811e-04
1.8421541929130369e-04
1.4366335916569725e-04
1.1180335390106174e-04
8.6826525635998986e-05
6.7288181483166003e-05
5.2037201916698344e-05
4.0158534659581295e-05
3.0926484572361724e-05
2.3766872214592881e-05
1.8226458159128706e-05
1.3948301015743265e-05
1.0651949956154484e-05
8.1175635997384109e-06
6.1732100875390275e-06
4.6847367383495005e-06
3.5477099351336640e-06
2.6810183589808978e-06
2.0218095853930324e-06
1.5214913552201901e-06
1.1425823226258867e-06
8.5623759706497766e-07
6.4030936115929789e-07
4.7783084619594888e-07
3.5583388480865302e-07
2.6442908972778995e-07
1.9609200092337212e-07
1.4511067015231879e-07
1.0715874147394773e-07
7.8966829880508904e-08
5.8069812593572449e-08
4.2613288324029256e-08
3.1205314105757663e-08
2.2803472156369042e-08
1.6628835065858420e-08
1.2100744284055356e-08
8.7871697911247432e-09
6.3676025450068320e-09
4.6046051652355208e-09
3.3227191141580172e-09
2.3927177502680591e-09
1.7193845962659085e-09
1.2329369763419708e-09
8.8226607354247673e-10
6.3001555339856222e-10
4.4891311441222595e-10
3.1920317532606738e-10
2.2650048340356614e-10
1.6038942979949563e-10
1.1332648256824299e-10
7.9901106863843075e-11
5.6218357092281176e-11
3.9452777780973215e-11
2.7613616206068539e-11
1.9295472217015840e-11
1.3441970805720059e-11
9.3438893118295064e-12
6.5026870642812074e-12
4.4846832255828320e-12
3.0879769887854926e-12
2.1274778632046627e-12
1.4257421105373865e-12
9.6147160073215244e-13
6.3418365606922511e-13
4.2134402917812699e-13
2.8131351759344555e-13
1.6249184591544353e-13
9.5235913962442380e-14
1.9136612815604371e-14
-1.5740315266864066e-14
-5.4461990588684974e-14
-6.7853251975803620e-14
-8.5691429140994019e-14
-7.8032938263449235e-14
-8.7711864157177801e-14
-7.8952739494962608e-14
-7.2444151470356821e-14
-7.0682198795044972e-14
-6.5033283708973565e-14
-7.3276443554585645e-14
-6.3202327481803856e-14
-4.6509579631204821e-14
-4.6448795950481847e-14
-7.7312976824109266e-15
-1.7648209967084217e-14
-8.8123985259638212e-15
-1.9801461640289014e-14
0.0000000000000000e+00
-4.3885126480546591e-15
4.3825751533107329e-15
-6.5649252863584430e-15
-2.1853189337873303e-15
-1.5276234016107456e-14
-1.5255163815696858e-14
-2.1762889016548712e-14
-2.6079102653077394e-14
-1.7361745030742307e-14
0.0000000000000000e+00
-8.6564290371715995e-15
-1.2966221543730996e-14
-1.7263653820234486e-14
-2.5858400695531476e-14
-3.4428271519648850e-14
-2.5783890221071297e-14
-3.4328614798651869e-14
-3.4278555912363910e-14
-5.9899602907707759e-14
-5.1266972253217025e-14
-4.2659334686172065e-14
-3.4076804146949350e-14
-5.1038987378556629e-14
-5.9456304173605430e-14
-5.0885884727414536e-14
-5.0809003598696950e-14
-5.0731904392130986e-14
-6.7539451271671578e-14
-5.0577057131835542e-14
-5.0499311776841553e-14
-5.0421353741392277e-14
-5.0343184380224934e-14
-6.7019740066872607e-14
-6.6914956146712736e-14
-8.3512369867864566e-14
-1.0005684169004268e-13
-8.3248692079464351e-14
-6.6493075327079602e-14
-9.9580391912755362e-14
-9.9420770002301335e-14
-9.9260750003325499e-14
-6.6066889775566783e-14
-1.3191936897769852e-13
-1.3170443862305810e-13
-1.3148899216376867e-13
-1.3127303328057683e-13
-1.3105656565831546e-13
-1.3083959298580014e-13
-9.7966589216794022e-14
-1.6300518408070104e-13
-1.9527852241867194e-13
-1.6245840712887035e-13
-1.6218410405459984e-13
-1.2952735794473413e-13
-1.2930695352005204e-13
-1.6135759210822658e-13
-1.2886472216432062e-13
-9.6482177007162771e-14
-9.6315464211046832e-14
-9.6148406031293111e-14
-9.5981005266281425e-14
-9.5813264716293758e-14
-7.9704322652864411e-14
-7.9563979559639510e-14
-1.1119270445057932e-13
-7.9282467278740639e-14
-7.9141302770866783e-14
-7.8999869139954208e-14
-6.3086534983098799e-14
-7.8716203881568634e-14
-7.8573976942993399e-14
-7.8431490259047807e-14
-7.8288746176514657e-14
-7.8145747042996027e-14
-6.2401996165480146e-14
-6.2287194413702545e-14
-6.2172194258808638e-14
-4.6542748185747354e-14
-6.1941606260867062e-14
-5.4097769406952486e-14
-4.6282685413330893e-14
-3.8496427035985449e-14
-3.0739066090246149e-14
