-8.5444954064780618e-15
-1.7114172321320044e-14
1.7139278018247840e-14
-8.5821537307412281e-15
3.4378520419255497e-14
0.0000000000000000e+00
4.3097334648619368e-15
8.6318269413753847e-15
-8.6441477271234229e-15
-4.3282145342594160e-15
0.0000000000000000e+00
-8.6808725468069022e-15
1.7386068498344509e-14
-1.3057733457214754e-14
6.5379273732599422e-15
4.3646383061219331e-15
8.7412757668038069e-15
-8.7532337468423797e-15
2.6295451015087221e-14
1.5359794323813208e-14
3.5155434009988816e-14
4.4003248248878607e-15
3.4148044411768962e-14
8.8241050154965412e-15
7.7312977104080119e-15
3.4283635230458193e-14
1.9932677056983596e-14
1.7186597886236540e-14
3.4972848186789136e-14
5.5584003371347354e-15
3.0053848415387537e-14
2.2290508225445039e-14
2.7898494622216067e-14
3.7710514981206316e-14
4.7546951802238834e-14
7.2529673947346794e-14
9.4209474158802260e-14
8.8149820138013338e-14
1.2198744375994551e-13
1.3958470574870524e-13
1.9779766817673523e-13
2.4937984775941118e-13
3.5361900130765066e-13
5.1239958633255945e-13
7.3384109039468003e-13
1.0136269034990845e-12
1.4813642205326383e-12
2.1649814872229240e-12
3.1175596830921105e-12
4.4903788009312957e-12
6.4890020220533079e-12
9.3507397044240342e-12
1.3414538260816608e-11
1.9192483762051777e-11
2.7469270319732066e-11
3.9195876114105580e-11
5.5784353965705221e-11
7.9291912073185254e-11
1.1244966007964050e-10
1.5914302961848663e-10
2.2475916632478710e-10
3.1673037988729901e-10
4.4543223769888159e-10
6.2510567045215643e-10
8.7543249616561483e-10
1.2234188500434271e-09
1.7061848736008661e-09
2.3744420539223479e-09
3.2975133070924285e-09
4.5698104825243261e-09
6.3197641554080347e-09
8.7215724777456284e-09
1.2010910206222513e-08
1.6506191506645164e-08
2.2636381685227374e-08
3.0978194351355358e-08
4.2305191862990358e-08
5.7652775248488230e-08
7.8403505583196858e-08
1.0639952213059648e-07
1.4408961110545675e-07
1.9472175677793978e-07
2.6259417497990608e-07
3.5338201340152162e-07
4.7456161310805743e-07
6.3595956971790808e-07
8.5046258792221259e-07
1.1349316675460323e-06
1.5113775834474229e-06
2.0084684829634616e-06
2.6634579449626550e-06
3.5246455552958977e-06
4.6545085414971919e-06
6.1336782637988188e-06
8.0659760403716652e-06
1.0584775261325777e-05
1.3861018104426056e-05
1.8113292448130021e-05
2.3620465005696967e-05
3.0737480363317551e-05
3.9915066967755275e-05
5.1724254144464440e-05
6.6886795281351715e-05
8.6312822044687837e-05
1.1114732655756174e-04
1.4282739083874827e-04
1.8315246192568538e-04
2.3437041866685094e-04
2.9928269598839219e-04
3.8137234370293747e-04
4.8495959995894166e-04
6.1539037944201899e-04
7.7926401357648976e-04
9.8470765959789933e-04
1.2417060236541418e-03
1.5624964397903103e-03
1.9620409243303401e-03
2.4585886001218236e-03
3.0743438685514354e-03
3.8362579148393918e-03
4.7769635717939338e-03
5.9358762479501644e-03
7.3604865510162529e-03
9.1078734062887794e-03
1.1246469876121372e-02
1.3858117514953382e-02
1.7040448924483930e-02
2.0909642170782297e-02
2.5603594847081856e-02
3.1285569753887556e-02
3.8148368349765545e-02
4.6419092214421441e-02
5.6364556651632744e-02
6.8297424119172390e-02
8.2583128259217417e-02
9.9647661748784325e-02
1.1998630280623682e-01
1.4417335576856807e-01
1.7287298046344587e-01
2.0685118289051954e-01
2.4698903573485065e-01
2.9429719118037201e-01
3.4993174008670536e-01
4.1521146054927288e-01
4.9163648488944151e-01
5.8090839694666085e-01
6.8495175091132365e-01
8.0593697861770708e-01
9.4630462403421423e-01
1.1087908115091671e+00
1.2964538180982972e+00
1.5127015800331998e+00
1.7613199192060256e+00
2.0465012276684096e+00
2.3728732969211808e+00
2.7455279246845308e+00
3.1700488755159202e+00
3.6525387138632652e+00
4.1996439698414525e+00
4.8185780403042031e+00
5.5171411719062604e+00
6.3037368202276474e+00
7.1873836312156110e+00
8.1777222498657007e+00
9.2850161279980927e+00
1.0520145480031950e+01
1.1894593524716566e+01
1.3420424153725239e+01
1.5110250186690847e+01
1.6977191408398102e+01
1.9034821639014517e+01
2.1297104163801567e+01
2.3778314945772703e+01
2.6492953163993171e+01
2.9455638761980691e+01
3.2680996854843265e+01
3.6183529029743490e+01
3.9977471780818796e+01
4.4076642545034652e+01
4.8494274047205927e+01
5.3242837917577617e+01
5.8333858810272687e+01
6.3777720521364039e+01
6.9583465876524812e+01
7.5758592424878813e+01
8.2308846232115854e+01
8.9238016306137595e+01
9.6547732406241494e+01
1.0423726917583564e+02
1.1230335969268189e+02
1.2074002164368869e+02
1.2953839939770577e+02
1.3868662526455270e+02
1.4816970318730569e+02
1.5796941801421377e+02
1.6806427333408740e+02
1.7842946063333710e+02
1.8903686224404782e+02
1.9985509020193325e+02
2.1084956272352159e+02
2.2198261954774213e+02
2.3321367687388008e+02
2.4449942207275592e+02
2.5579404775932690e+02
2.6704952420229330e+02
2.7821590842029730e+02
2.8924168768633700e+02
3.0007415454409630e+02
3.1065980984433702e+02
3.2094478974873817e+02
3.3087531213476200e+02
3.4039813737995297e+02
3.4946103811837912e+02
3.5801327225545458e+02
3.6600605330854239e+02
3.7339301201630479e+02
3.8013064313474484e+02
3.8617873141527099e+02
3.9150075094083269e+02
3.9606423227899091e+02
3.9984109229225027e+02
4.0280792192055554e+02
4.0494622781089259e+02
4.0624262430493576e+02
4.0668897299640815e+02
4.0628246782257429e+02
4.0502566444518470e+02
4.0292645349048706e+02
3.9999797804030885e+02
3.9625849658123462e+02
3.9173119341122663e+02
3.8644393925789166e+02
3.8042900556605110e+02
3.7372273655154999e+02
3.6636518368206964e+02
3.5839970772445133e+02
3.4987255388400172e+02
3.4083240584876847e+02
3.3132992473730798e+02
3.2141727903067994e+02
3.1114767154911897e+02
3.0057486941394785e+02
2.8975274272073437e+02
2.7873481734714454e+02
2.6757384693674180e+02
2.5632140864782212e+02
2.4502752674505723e+02
2.3374032755287971e+02
2.2250572869534500e+02
2.1136716493004599e+02
2.0036535225589608e+02
1.8953809134824354e+02
1.7892011076130066e+02
1.6854294974787049e+02
1.5843487998947526e+02
1.4862086501466561e+02
1.3912255561667504e+02
1.2995831916943024e+02
1.2114330038755809e+02
1.1268951078430902e+02
1.0460594385268995e+02
9.6898712829640530e+01
8.9571207799585011e+01
8.2624268849776698e+01
7.6056372002103600e+01
6.9863824710149970e+01
6.4040967821274890e+01
5.8580381055688470e+01
5.3473089241996590e+01
4.8708766765219934e+01
4.4275937922586543e+01
4.0162171138215292e+01
3.6354265254127824e+01
3.2838426386132937e+01
2.9600434103722215e+01
2.6625795958390171e+01
2.3899889640488759e+01
2.1408092287184420e+01
1.9135896690256885e+01
1.7069014359943974e+01
1.5193465587981674e+01
1.3495656818203443e+01
1.1962445775879624e+01
1.0581194927257002e+01
9.3398139388064472e+00
8.2267918822289019e+00
7.2312199873619214e+00
6.3428057821198580e+00
5.5518794780540928e+00
4.8493934637603209e+00
4.2269157580237895e+00
3.6766182521598627e+00
3.1912605383718189e+00
2.7641700799601860e+00
2.3892194316669033e+00
2.0608011660030732e+00
1.7738011056514744e+00
1.5235704043754266e+00
1.3058969605683488e+00
1.1169765897516741e+00
9.5338432591927214e-01
8.1204616742090485e-01
6.9021153170959892e-01
5.8542663523523208e-01
4.9550897040467196e-01
4.1852301107492262e-01
3.5275724162411648e-01
2.9670257227783747e-01
2.4903217500081892e-01
2.0858274976863003e-01
1.7433721023322907e-01
1.4540876046441156e-01
1.2102632033323078e-01
1.0052124592931955e-01
8.3315282881980299e-02
6.8909684297765381e-02
5.6875420943967470e-02
4.6844409022079321e-02
3.8501680118386575e-02
3.1578418443966132e-02
2.5845792048651912e-02
2.1109507105667488e-02
1.7205017423925415e-02
1.3993324885350726e-02
1.1357310378897359e-02
9.1985388838528737e-03
7.4344865341653982e-03
5.9961416863826391e-03
4.8259361375901271e-03
3.8759666467912414e-03
3.1064707493696233e-03
2.4845244944820977e-03
1.9829331513751243e-03
1.5792891111077421e-03
1.2551741462382164e-03
9.9548588388959883e-04
7.8787079752942973e-04
6.2224824143601793e-04
4.9041204556021605e-04
3.8569797304287864e-04
3.0270692810705955e-04
2.3707520889620199e-04
1.8528433350045899e-04
1.4450405499298274e-04
1.1246312457987851e-04
8.7343186736789979e-05
6.7691898985182723e-05
5.2351983304367632e-05
4.0403441299665890e-05
3.1116615411715774e-05
2.3914159595001428e-05
1.8340309998277723e-05
1.4036117536945829e-05
1.0719538750324524e-05
8.1694717602281072e-06
6.2129896515543427e-06
4.7151559386737963e-06
3.5709212495879890e-06
2.6986915859643249e-06
2.0352371539745571e-06
1.5316712141915559e-06
1.1502834530455236e-06
8.6205094355044595e-07
6.4468834641798484e-07
4.8112224269737222e-07
3.5830255302270093e-07
2.6627663965565259e-07
1.9747181134824482e-07
1.4613892494472824e-07
1.0792336143728492e-07
7.9534175722983982e-08
5.8489918025386084e-08
4.2923688750106650e-08
3.1434167495052508e-08
2.2971834123455640e-08
1.6752452765529374e-08
1.2191288119132976e-08
8.8533885853460353e-09
6.4159137803387192e-09
4.6397819800941646e-09
3.3482760207456897e-09
2.4112509919027292e-09
1.7327809907541132e-09
1.2426247536422444e-09
8.8924725030464758e-10
6.3501105153625977e-10
4.5250725004656564e-10
3.2180296076361035e-10
2.2835020204497148e-10
1.6171646705093571e-10
1.1425853881613509e-10
8.0572371165866584e-11
5.6691397962595416e-11
3.9792255315279938e-11
2.7872522599010807e-11
1.9490006167139626e-11
1.3569989624438887e-11
9.4626288974684228e-12
6.5551465066366284e-12
4.5473343920136317e-12
3.1437289797020078e-12
2.1467979156766952e-12
1.4518504506216430e-12
9.7734495617025824e-13
6.4437589573236558e-13
4.3491752967962277e-13
2.8583261128062506e-13
1.5854239190134513e-13
6.8750186659719934e-14
1.9136612884903138e-14
-4.2723713021916399e-14
-5.7830773721117025e-14
-9.8134868915419023e-14
-9.9973334359856403e-14
-9.7331407218700673e-14
-1.0754480198344024e-13
-1.0378239999464377e-13
-1.1813969359485872e-13
-1.0964089144132121e-13
-1.0783296654041386e-13
-9.7701925093252185e-14
-8.2606551130620785e-14
-6.2012773066171172e-14
-6.1931728158247049e-14
-3.5343075247579488e-14
-3.1987380681174964e-14
-3.6351144051237923e-14
-3.6302679805324847e-14
-4.3944292512486015e-14
-3.7302357643546366e-14
-2.1912875845906017e-14
-2.1883084367105949e-14
-1.7482551533607614e-14
-2.8370148989792564e-14
-1.9613782119779828e-14
-4.3525778190715847e-14
-3.4772136996689018e-14
-3.4723490187227609e-14
-1.3003006121372286e-14
-2.5969287205556494e-14
-2.5932443181370269e-14
-1.7263653882750769e-14
-3.4477867718895494e-14
-4.3035339555403483e-14
-3.4378520419255497e-14
-4.2910768653706140e-14
-3.4278556036495679e-14
-5.9899603124620161e-14
-5.1266972438868377e-14
-5.9723068776914004e-14
-5.9634407473113423e-14
-9.3571477199534368e-14
-5.9456304388912531e-14
-6.7847846548914477e-14
-5.0809003782689870e-14
-6.7642539434459609e-14
-6.7539451516249913e-14
-6.7436076419984700e-14
-6.7332415946283996e-14
-6.7228471898641892e-14
-6.7124246083374672e-14
-6.7019740309568921e-14
-8.3643695486287002e-14
-6.6809896136228063e-14
-8.3380701710312612e-14
-4.9949215428558015e-14
-4.9869806675901530e-14
-8.2983660227802053e-14
-8.2850641968608656e-14
-4.9630375181387541e-14
-6.6066890014812568e-14
-9.8939527091560254e-14
-9.8778329324996179e-14
-9.8616744479943978e-14
-9.8454775316963559e-14
-1.3105656613290617e-13
-6.5419796729802561e-14
-1.3062211942874280e-13
-1.3040414773678894e-13
-1.3018568208388498e-13
-9.7475044630305279e-14
-1.2974728371352933e-13
-9.7145518810340357e-14
-1.2930695398830692e-13
-9.6814555615527212e-14
-9.6648541973230549e-14
-9.6482177356550402e-14
-1.2842061941310769e-13
-6.4098937586314716e-14
-6.3987337075902789e-14
-6.3875510042172721e-14
-6.3763458353195980e-14
-1.5912795969552370e-14
-4.7654016365673305e-14
-3.1712987026337424e-14
-6.3313042445966791e-14
-6.3199895540827005e-14
-4.7314901408663943e-14
-6.2972963333296760e-14
-7.8573977227530681e-14
-3.1372596217227645e-14
-6.2630997168015228e-14
-3.1258298930393029e-14
-3.1200998195727194e-14
-4.6715395979445791e-14
-3.1086097241975351e-14
-1.5514249451430339e-14
-3.0970803242587054e-14
-1.5456505600815691e-14
-3.0855123720621870e-14
-2.3097856305234753e-14
-2.3054299651170367e-14
