-2.1432912369181052e-03
-1.1984011240923100e-03
-2.0227409090010134e-04
8.6195578983859023e-04
2.0126279423613412e-03
3.2692340444654784e-03
4.6554957415200935e-03
6.1959338886243423e-03
7.9198951420011484e-03
9.8586121599035046e-03
1.2045063789952772e-02
1.4521242357026013e-02
1.7330902419619675e-02
2.0518490042761291e-02
2.4134780099959442e-02
2.8237790632947745e-02
3.2891054504263155e-02
3.8164925245000161e-02
4.4136522538304371e-02
5.0882828624420846e-02
5.8484270609759498e-02
6.7031780929097673e-02
7.6632599160048290e-02
8.7406312236924702e-02
9.9478885349947352e-02
1.1298696402571812e-01
1.2807902065940643e-01
1.4490884330763276e-01
1.6364064589996183e-01
1.8445284430272763e-01
2.0753258354306042e-01
2.3308198710462869e-01
2.6131921356211546e-01
2.9246819345946723e-01
3.2676099477939208e-01
3.6444508144028154e-01
4.0577567013869065e-01
4.5101349529141394e-01
5.0043482767298453e-01
5.5432463889906536e-01
6.1297105321126233e-01
6.7665708644004885e-01
7.4566478097146249e-01
8.2028193970416940e-01
9.0078742990024951e-01
9.8744873921412568e-01
1.0805317662885292e+00
1.1802896432293970e+00
1.2869529477951820e+00
1.4007240810714638e+00
1.5217708804022174e+00
1.6502234804930560e+00
1.7861793524339742e+00
1.9296924981699408e+00
2.0807545404015935e+00
2.2392986034623346e+00
2.4051962616247224e+00
2.5782428838674201e+00
2.7581557423283773e+00
2.9445640261480395e+00
3.1370005295286885e+00
3.3348915745475027e+00
3.5375459493498282e+00
3.7441582349354645e+00
3.9538003305079177e+00
4.1654086264922983e+00
4.3777816653594712e+00
4.5895747525366710e+00
4.7993027342182861e+00
5.0053322629430328e+00
5.2058729022215982e+00
5.3989803461051409e+00
5.5825584393064211e+00
5.7543589220753013e+00
5.9119845140637075e+00
6.0528948400527174e+00
6.1744044712685868e+00
6.2736924766271303e+00
6.3478187461676425e+00
6.3937416713902131e+00
6.4083285073657681e+00
6.3883584924414807e+00
6.3305494504674344e+00
6.2315793126600241e+00
6.0880935107867140e+00
5.8967318828950237e+00
5.6541600316089360e+00
5.3570962133411602e+00
5.0023384895671699e+00
4.5867898206764091e+00
4.1074781120133901e+00
3.5615877551570039e+00
2.9465023736580616e+00
2.2598272110288549e+00
1.4994141408067898e+00
6.6339461517924458e-01
-2.4979390859886766e-01
-1.2413761658705291e+00
-2.3122054404970758e+00
-3.4627394713994839e+00
-4.6930209281371118e+00
-6.0026590712618031e+00
-7.3908083201920221e+00
-8.8561577739906294e+00
-1.0396918157283746e+01
-1.2010807264783143e+01
-1.3695046965874749e+01
-1.5446361030337055e+01
-1.7260973206248146e+01
-1.9134626938980013e+01
-2.1062596671188363e+01
-2.3039689710222973e+01
-2.5060271768013784e+01
-2.7118300070520633e+01
-2.9207341859847190e+01
-3.1320610340145297e+01
-3.3451000228248745e+01
-3.5591122702208054e+01
-3.7733346345724712e+01
-3.9869840158726625e+01
-4.1992626859752157e+01
-4.4093633063554165e+01
-4.6164736810790032e+01
-4.8197822605713938e+01
-5.0184829287324604e+01
-5.2117807395976925e+01
-5.3988969973890491e+01
-5.5790738614822551e+01
-5.7515804655320949e+01
-5.9157182266374171e+01
-6.0708241378425228e+01
-6.2162757803927590e+01
-6.3514963467809572e+01
-6.4759576482737288e+01
-6.5891837143740489e+01
-6.6907541819186534e+01
-6.7803063243691511e+01
-6.8575372252693299e+01
-6.9222050627769093e+01
-6.9741309689476054e+01
-7.0131997434937063e+01
-7.0393597828381559e+01
-7.0526229439640971e+01
-7.0530633301382423e+01
-7.0408161979286319e+01
-7.0160762510637596e+01
-6.9790948168297831e+01
-6.9301783912462952e+01
-6.8696861201110991e+01
-6.7980250892435905e+01
-6.7156471801811165e+01
-6.6230462996129134e+01
-6.5207536722991179e+01
-6.4093337367378865e+01
-6.2893799673991168e+01
-6.1615096699082507e+01
-6.0263595029107648e+01
-5.8845812321693145e+01
-5.7368375849204718e+01
-5.5837975265596114e+01
-5.4261323476363181e+01
-5.2645115491194211e+01
-5.0995981770692140e+01
-4.9320448440176605e+01
-4.7624903776583643e+01
-4.5915562923477609e+01
-4.4198447035222785e+01
-4.2479357686560874e+01
-4.0763839394768809e+01
-3.9057160261524757e+01
-3.7364301863754157e+01
-3.5689941661941418e+01
-3.4038441686975176e+01
-3.2413834550471812e+01
-3.0819809740622265e+01
-2.9259709000432188e+01
-2.7736538361328765e+01
-2.6252967552693402e+01
-2.4811323696721217e+01
-2.3413609980993296e+01
-2.2061513557078751e+01
-2.0756407919301854e+01
-1.9499360732457546e+01
-1.8291148193594349e+01
-1.7132277930796544e+01
-1.6023005374148759e+01
-1.4963345365508898e+01
-1.3953089594284915e+01
-1.2991824915428278e+01
-1.2078946362433738e+01
-1.1213679557658185e+01
-1.0395100203819739e+01
-9.6221423086373559e+00
-8.8936162487539310e+00
-8.2082254789045344e+00
-7.5645908403858986e+00
-6.9612620313301168e+00
-6.3967242680379277e+00
-5.8694190169018254e+00
-5.3777549578394499e+00
-4.9201215242258156e+00
-4.4949011356388757e+00
-4.1004773663905096e+00
-3.7352510242842962e+00
-3.3976416017709785e+00
-3.0860857184668955e+00
-2.7990577439342998e+00
-2.5350762430655407e+00
-2.2926981379980265e+00
-2.0705236405751388e+00
-1.8672000250682308e+00
-1.6814252734040522e+00
-1.5119580284964207e+00
-1.3576221369459935e+00
-1.2172956916022810e+00
-1.0899088525054950e+00
-9.7445739859124314e-01
-8.6999147957452760e-01
-7.7561195953718787e-01
-6.9047627176667847e-01
-6.1380050301705391e-01
-5.4485918921504062e-01
-4.8297306313957472e-01
-4.2750635609757259e-01
-3.7787425824992638e-01
-3.3353389368981956e-01
-2.9397831365327298e-01
-2.5874412313256789e-01
-2.2740766697702416e-01
-1.9957847609590046e-01
-1.7490453641877188e-01
-1.5306473234318299e-01
-1.3376227141365601e-01
-1.1672612694090687e-01
-1.0171308509534063e-01
-8.8500606768887755e-02
-7.6889050487961394e-02
-6.6705239659176560e-02
-5.7794525406228155e-02
-5.0013338936932078e-02
-4.3226131082100112e-02
-3.7309980979872405e-02
-3.2157966601274186e-02
-2.7675112592016854e-02
-2.3776417185597035e-02
-2.0388932074565613e-02
-1.7446285510764339e-02
-1.4888409904992080e-02
-1.2666776340958835e-02
-1.0735124012542662e-02
-9.0489570527328665e-03
-7.5692307072576714e-03
-6.2617131570414201e-03
-5.0959462857497325e-03
-4.0416105567375954e-03
-3.0719075263607215e-03
