-2.0488898745353046e-13
1.3603123214065757e-13
-1.9373826473985427e-13
4.8378479360176304e-13
1.4045365169659311e-13
-8.3799392263014647e-14
-5.0701993916164556e-13
-3.6736311529730571e-13
-1.3855307590623211e-12
-2.8035282362579368e-13
-1.7004445616812550e-13
-3.2758137783724696e-13
2.7500823617564648e-13
2.3832681562961562e-13
-1.4815717783999034e-13
4.3430288907063471e-13
6.3603645206952355e-13
-1.2153465712408110e-12
-8.8302390559631471e-13
7.6756378976684240e-13
-2.4799572804951170e-13
5.7918263199347640e-13
1.4417698654999857e-13
-6.2242250982440931e-13
-1.6532571312992226e-12
-1.5353560827614005e-12
-2.5880544095995976e-12
-3.5451170663986945e-12
-5.5530791455684662e-12
-9.4694433196271727e-12
-1.4468279415003924e-11
-2.1858416568133303e-11
-3.1696088137552770e-11
-4.7732176341859681e-11
-6.9089317246438395e-11
-1.0184536023262387e-10
-1.5013030498709502e-10
-2.1716262583162253e-10
-3.1419029065632995e-10
-4.5400086402633657e-10
-6.5068797576283519e-10
-9.2816445622068700e-10
-1.3192082890076131e-09
-1.8636403889323264e-09
-2.6247216210073068e-09
-3.6795107811889807e-09
-5.1360837879802318e-09
-7.1373331544556464e-09
-9.8797627802807606e-09
-1.3616638240726384e-08
-1.8687632536937679e-08
-2.5540145766418468e-08
-3.4759703055934135e-08
-4.7106696848010200e-08
-6.3566624369398588e-08
-8.5410456517332528e-08
-1.1425844644371389e-07
-1.5218319702143478e-07
-2.0178342438799054e-07
-2.6632667769605848e-07
-3.4987126027663976e-07
-4.5742133062929633e-07
-5.9507651853935180e-07
-7.7020114002174477e-07
-9.9157187729146373e-07
-1.2694953891524049e-06
-1.6158601254416186e-06
-2.0440878017100196e-06
-2.5688913848280270e-06
-3.2057910623274369e-06
-3.9702136798871203e-06
-4.8760476282041019e-06
-5.9334031898191836e-06
-7.1452754253692599e-06
-8.5027316010381424e-06
-9.9780908083372156e-06
-1.1515447683801005e-05
-1.3017691336332824e-05
-1.4328942404446695e-05
-1.5211087332345691e-05
-1.5312692502342625e-05
-1.4128258143524110e-05
-1.0945227550548783e-05
-4.7756312952976865e-06
5.7314134347131832e-06
2.2400913887419854e-05
4.7672377058800978e-05
8.4775798546784172e-05
1.3795086519094416e-04
2.1271826926561234e-04
3.1621333781397555e-04
4.5759383548582815e-04
6.4853523013618007e-04
9.0382855377878202e-04
1.2420975048274328e-03
1.6866532551734099e-03
2.2665068103387195e-03
3.0175601995780315e-03
3.9839986616685107e-03
5.2199065579561204e-03
6.7911294857152162e-03
8.7774040917587941e-03
1.1274774825536286e-02
1.4398313372655657e-02
1.8285151214825112e-02
2.3097828497253326e-02
2.9027952691245165e-02
3.6300148190955207e-02
4.5176262423739399e-02
5.5959775050858210e-02
6.9000334068404903e-02
8.4698315630693202e-02
1.0350927319245441e-01
1.2594810581676869e-01
1.5259273524242861e-01
1.8408703679331534e-01
2.2114272057391079e-01
2.6453980746756955e-01
3.1512528972299764e-01
3.7380950982910899e-01
4.4155973512016600e-01
5.1939035101698727e-01
6.0834904508931908e-01
7.0949830982245077e-01
8.2389155674652947e-01
9.5254311191344954e-01
1.0963913558113574e+00
1.2562542836146522e+00
1.4327767979204562e+00
1.6263691098265969e+00
1.8371357190726856e+00
2.0647945736730726e+00
2.3085861771362040e+00
2.5671726194382103e+00
2.8385267582363460e+00
3.1198120699362386e+00
3.4072540255752068e+00
3.6960042219256297e+00
3.9799989100537831e+00
4.2518140060500436e+00
4.5025191341865103e+00
4.7215337317481287e+00
4.8964887252016034e+00
5.0130977556622627e+00
5.0550423718238608e+00
5.0038760033836169e+00
4.8389518586102742e+00
4.5373801366188360e+00
4.0740200878863133e+00
3.4215124758001378e+00
2.5503578687999471e+00
1.4290459096933812e+00
2.4240251345916647e-02
-1.6989767949122780e+00
-3.7767966873438206e+00
-6.2463119775754183e+00
-9.1450775702193230e+00
-1.2510606360071829e+01
-1.6379801253986681e+01
-2.0788327289558648e+01
-2.5769929376392334e+01
-3.1355703069790454e+01
-3.7573327696481527e+01
-4.4446273037274452e+01
-5.1992992577168778e+01
-6.0226118000927777e+01
-6.9151671081169312e+01
-7.8768310316329291e+01
-8.9066630568882019e+01
-1.0002853447549712e+02
-1.1162669450220271e+02
-1.2382412415889814e+02
-1.3657387603909217e+02
-1.4981888299484683e+02
-1.6349195688965835e+02
-1.7751595700422990e+02
-1.9180413732870923e+02
-2.0626067870216963e+02
-2.2078140811474964e+02
-2.3525470354292779e+02
-2.4956257853126931e+02
-2.6358193646299577e+02
-2.7718598018530048e+02
-2.9024575848765971e+02
-3.0263182699005921e+02
-3.1421599740022128e+02
-3.2487314595757869e+02
-3.3448304930154882e+02
-3.4293221407643904e+02
-3.5011566539286389e+02
-3.5593865886615617e+02
-3.6031828138529846e+02
-3.6318490704779805e+02
-3.6448347681937452e+02
-3.6417457341037681e+02
-3.6223526654734633e+02
-3.5865970817881225e+02
-3.5345946208887034e+02
-3.4666355778169191e+02
-3.3831826421047970e+02
-3.2848658481090422e+02
-3.1724748120929843e+02
-3.0469483875608489e+02
-2.9093619253312318e+02
-2.7609123755597369e+02
-2.6029015140549831e+02
-2.4367176136143638e+02
-2.2638159117612864e+02
-2.0856982484460877e+02
-1.9038922604754910e+02
-1.7199305234155892e+02
-1.5353300264899195e+02
-1.3515723518473712e+02
-1.1700849070287164e+02
-9.9222352927029391e+01
-8.1925674339872998e+01
-6.5235191261088104e+01
-4.9256347464140902e+01
-3.4082340602929790e+01
-1.9793400577702688e+01
-6.4563038026621289e+00
5.8758777214038025e+00
1.7163798451905578e+01
2.7381642868337835e+01
3.6516724990379906e+01
4.4568901790740242e+01
5.1549821357187874e+01
5.7482028936622818e+01
6.2397955612761720e+01
6.6338815323999583e+01
6.9353436233146454e+01
7.1497052147949589e+01
7.2830078806843076e+01
7.3416898448322470e+01
7.3324674244030120e+01
7.2622213972863008e+01
7.1378899827812418e+01
6.9663698562994583e+01
6.7544263388113066e+01
6.5086136181856048e+01
6.2352055798404599e+01
5.9401375550181186e+01
5.6289590423875282e+01
5.3067972274793888e+01
4.9783309185859622e+01
4.6477743400566972e+01
4.3188700761987604e+01
3.9948903420749694e+01
3.6786456712591232e+01
3.3725000541451365e+01
3.0783915320122915e+01
2.7978572495111035e+01
2.5320619887845009e+01
2.2818292490479994e+01
2.0476739928058674e+01
1.8298362506658950e+01
1.6283148575149131e+01
1.4429006804828042e+01
1.2732087905571262e+01
1.1187091221765334e+01
9.7875525618552572e+00
8.5261104904396845e+00
7.3947491343133267e+00
6.3850163100031292e+00
5.4882164599729268e+00
4.6955784813622516e+00
3.9983990411460626e+00
3.3881623947774941e+00
2.8566380630701507e+00
2.3959579786154772e+00
1.9986748937980567e+00
1.6578039543176715e+00
1.3668493927137162e+00
1.1198182940116828e+00
9.1122333849407544e-01
7.3607634309486891e-01
5.8987431110526001e-01
4.6857956697351710e-01
3.6859540606030239e-01
2.8673853421772438e-01
2.2020941430978688e-01
1.6656148072483665e-01
1.2367003228655293e-01
8.9701471554996567e-02
6.3083426379570859e-02
4.2476169425503515e-02
2.6745643918477353e-02
1.4938309428801810e-02
6.2579402924459572e-03
4.4440518491216576e-05
-4.2453176125905002e-03
-7.0546697213077457e-03
-8.7424242029938651e-03
-9.5963163629677814e-03
-9.8447710251347419e-03
-9.6671047972417892e-03
-9.2023055010682937e-03
-8.5565279332107096e-03
-7.8094430530503559e-03
-7.0195728222033444e-03
-6.2287358654587992e-03
-5.4657206236024269e-03
-4.7492932191783186e-03
-4.0906373836944584e-03
-3.4953137012667971e-03
-2.9648156680318395e-03
-2.4977905635160768e-03
-2.0909842716822242e-03
-1.7399609427231017e-03
-1.4396409442364673e-03
-1.1846937139598829e-03
-9.6981621631520075e-04
-7.8992238951431000e-04
-6.4026439067505782e-04
-5.1650256340174004e-04
-4.1473763886787352e-04
-3.3151591378260454e-04
-2.6381579644280752e-04
-2.0902216813860875e-04
-1.6489345463492508e-04
-1.2952497518191317e-04
-1.0131125940123749e-04
-7.8909056864070635e-05
-6.1202300833267817e-05
-4.7269752155150864e-05
-3.6355709496898115e-05
-2.7843949954672055e-05
-2.1234850394577134e-05
-1.6125561454183166e-05
-1.2192998953242311e-05
-9.1794026938772975e-06
-6.8801778341377018e-06
-5.1337384567231216e-06
-3.8130983798294220e-06
-2.8189474576012933e-06
-2.0739906790347255e-06
-1.5183570189506815e-06
-1.1059001596787912e-06
-8.0120668489569811e-07
-5.7724197345985393e-07
-4.1346272017990420e-07
-2.9433051927306240e-07
-2.0815112883726622e-07
-1.4617272993543531e-07
-1.0186894140725984e-07
-7.0401080303509291e-08
-4.8205636738748531e-08
-3.2664938569010557e-08
-2.1872389196837878e-08
-1.4441332352244562e-08
-9.3777781214887164e-09
-5.9645160053604037e-09
-3.6939002062198443e-09
-2.2049949178037853e-09
-1.2477574735831280e-09
-6.4623120018013494e-10
-2.8218298044088994e-10
-6.8163026921870965e-11
4.8658276911941206e-11
1.0481738189156120e-10
1.2406775889688090e-10
1.2503416971520903e-10
1.1415206737543533e-10
9.8597429330384076e-11
8.3187078326725594e-11
6.7180649675372783e-11
5.3523689674290607e-11
4.2641600699588294e-11
3.2449330235844492e-11
2.4241757517778242e-11
1.9090980907883645e-11
1.4083389314672985e-11
1.0338330003964995e-11
8.3757672986131433e-12
5.5162655085182721e-12
3.9006797312584200e-12
3.2869276554392980e-12
2.7697118214978935e-12
1.0944786239608675e-12
1.8056717072410883e-12
1.3966633561023068e-12
5.4163587373620344e-14
1.1070474193732912e-13
4.5267997943465454e-13
-5.1654391850878585e-13
-2.6807697839806349e-13
2.4386954537374119e-13
-6.0331136163374344e-13
7.6860331635729554e-13
3.1333421916558298e-13
-3.6258092977468515e-13
-3.0034090710705093e-13
1.0435485178547677e-12
-3.6899677317342592e-13
-5.7497097161236822e-13
7.3415463573453849e-13
7.5730416838644210e-14
-4.7677160254143719e-14
2.6862685445677653e-13
3.7831340368583969e-13
-2.1742301175092812e-13
9.8213313159547114e-14
3.7137492671978551e-13
-3.9573705724296591e-13
-5.6647335201058870e-14
-4.0212600802968695e-13
-2.4866042174773835e-13
-2.1141514011604211e-13
1.1141859629070116e-12
-1.5250866519883693e-12
1.0272911511182460e-12
-2.6849685007668366e-13
3.7296174919483026e-13
-6.0842730957339655e-13
1.8761752827779198e-13
2.6745920379125420e-13
2.0454727088677172e-13
3.0668345421689571e-13
3.1625591444151474e-13
-6.8019988852075643e-13
5.9872794827840141e-14
5.9179418384356292e-14
-9.9522478031979244e-14
3.1352166213450801e-13
4.4994621547945943e-13
-4.3768336849905937e-13
1.1066453452941706e-12
2.8950449261812359e-13
1.3832894876060099e-13
8.6275528401605375e-13
-5.1188123467523803e-13
8.5509509672477542e-14
3.5254881901461537e-13
1.0253249678392588e-12
-4.1005773445300810e-13
-7.3798933531632597e-13
7.8559179870420210e-13
-7.2067044216016295e-13
-4.0766844443446508e-13
-2.3565828444109064e-13
2.4340715490542493e-13
-1.2022972603939518e-13
4.7765525489753586e-13
5.6915107828338819e-13
-8.0625595464059999e-13
-1.6902145773077415e-14
-2.1547163763694582e-13
8.0298037741164497e-14
2.4783283758318495e-13
-3.1296802396516868e-14
-1.2121955667951492e-12
5.2742251609889909e-13
3.3121901134162671e-13
-9.0818530957995521e-13
1.3574825244925554e-13
3.9425604911044811e-14
-4.4881194953587337e-13
-5.2157236141293838e-13
1.0961350291723232e-12
-3.6146563652995113e-13
-3.1374354924380129e-14
7.6534202936715417e-13
3.1226501462202997e-14
3.3089120463600099e-13
-3.9930490121880881e-13
-1.5277796614956425e-13
-7.6278216646472993e-13
9.6441927957561179e-13
1.3661448925526870e-13
-4.5892855899400671e-13
3.7288514280391517e-13
6.9306849764329603e-13
2.9002616528092249e-13
-4.7259260846250881e-13
8.0652295085441675e-13
2.5621174598952250e-14
-3.4011971644899524e-13
8.4578220880908337e-13
1.0321931870894158e-13
1.4215449053369590e-13
1.6320164092690405e-12
-2.9133008732202054e-13
-6.3813995333485398e-13
-9.7118568044278421e-14
-4.0859007790626255e-13
-1.3112555214294158e-12
1.6569615388649290e-13
-1.3228597652353614e-13
-5.1121248612182756e-13
2.0443554519518032e-13
-4.7200773863923939e-14
6.1671002971378961e-13
-3.6410491392122109e-13
9.4874780188387003e-13
-5.5153851951058403e-13
8.8439314441979388e-14
8.8618266726456951e-13
-2.6462734529571293e-13
-1.0120509275521333e-12
1.1252519901130031e-13
-7.1840749254560537e-13
-4.2791308607823526e-13
-1.9874648232807927e-13
-5.8055723249653808e-13
-2.1264048807683864e-14
1.6719234299275814e-13
-7.8194550360053466e-14
-4.9252467479433726e-14
-2.1904456464396092e-13
4.5643422853128131e-13
-4.8317073807516878e-13
9.3667689469964396e-13
