-1.6164370284824224e-02
-1.9432537307510440e-02
-2.3132122052280012e-02
-2.7351560571243001e-02
-3.2167622455687217e-02
-3.7676088365218012e-02
-4.3979028826999084e-02
-5.1196378938202385e-02
-5.9460366490754292e-02
-6.8920569791660724e-02
-7.9736329822134758e-02
-9.2078499098107960e-02
-1.0612941713426358e-01
-1.2209159741000027e-01
-1.4019816977729480e-01
-1.6070741499880659e-01
-1.8389410612669213e-01
-2.1005811700669327e-01
-2.3952943640793359e-01
-2.7266947278823322e-01
-3.0986696097603345e-01
-3.5154138916191119e-01
-3.9814531973470585e-01
-4.5015937668406580e-01
-5.0810408039170696e-01
-5.7253576220797198e-01
-6.4403475678783606e-01
-7.2321398832270190e-01
-8.1071706874922789e-01
-9.0722069852943910e-01
-1.0134324441891125e+00
-1.1300847396771261e+00
-1.2579317823544640e+00
-1.3977438732340499e+00
-1.5503031407960119e+00
-1.7163981811272229e+00
-1.8968170265157165e+00
-2.0923405167531506e+00
-2.3037325295459303e+00
-2.5317315812254786e+00
-2.7770389923112488e+00
-3.0403085486162333e+00
-3.3221329553152166e+00
-3.6230305772372433e+00
-3.9434286664161458e+00
-4.2836449586385390e+00
-4.6438658310502738e+00
-5.0241272325674533e+00
-5.4242951554332759e+00
-5.8440563917466433e+00
-6.2828989239137583e+00
-6.7400869541990271e+00
-7.2146324253139662e+00
-7.7052690643734669e+00
-8.2104458504890676e+00
-8.7283076594368740e+00
-9.2566540750453559e+00
-9.7929294566361058e+00
-1.0334219584324838e+01
-1.0877217856303268e+01
-1.1418209578808629e+01
-1.1953069606031194e+01
-1.2477249200212496e+01
-1.2985777125934638e+01
-1.3473249761301552e+01
-1.3933828684586832e+01
-1.4361249827668704e+01
-1.4748832872112200e+01
-1.5089500047197847e+01
-1.5375795633774361e+01
-1.5599911236166655e+01
-1.5753716698134124e+01
-1.5828795279866952e+01
-1.5816486821483318e+01
-1.5707934235496293e+01
-1.5494138157355609e+01
-1.5166014416857287e+01
-1.4714458796994741e+01
-1.4130414433736082e+01
-1.3404945182857908e+01
-1.2529312310378895e+01
-1.1495056606561157e+01
-1.0294084623185549e+01
-8.9187594230208820e+00
-7.3619882935641847e+00
-5.6173106811718760e+00
-3.6789743050000365e+00
-1.5420209865779286e+00
7.9762216472829528e-01
3.3430563546658232e+00
6.0963328211949195e+00
9.0583923900695567e+00
1.2229000253915101e+01
1.5606669037157662e+01
1.9188618172461055e+01
2.2970742259349851e+01
2.6947566950581958e+01
3.1112230056094145e+01
3.5456470996998647e+01
3.9970632500541790e+01
4.4643686316772659e+01
4.9463252069743874e+01
5.4415636161572834e+01
5.9485882802952844e+01
6.4657838803784259e+01
6.9914234481604041e+01
7.5236773073460071e+01
8.0606233079163701e+01
8.6002579375227299e+01
9.1405084390113799e+01
9.6792458186700898e+01
1.0214298571741435e+02
1.0743467128100568e+02
1.1264538735204012e+02
1.1775302799535304e+02
1.2273566407825891e+02
1.2757170065301524e+02
1.3224003298315850e+02
1.3672020216903857e+02
1.4099254284754753e+02
1.4503832581874889e+02
1.4883988741922505e+02
1.5238075395750226e+02
1.5564576557560125e+02
1.5862118952291360e+02
1.6129482363971101e+02
1.6365607036053751e+02
1.6569599413368260e+02
1.6740739464383159e+02
1.6878485181513645e+02
1.6982473167090146e+02
1.7052520315031822e+02
1.7088624998838395e+02
1.7090963369581129e+02
1.7059885729976054e+02
1.6995912713068120e+02
1.6899728840808402e+02
1.6772175725434101e+02
1.6614242926871671e+02
1.6427058000042024e+02
1.6211876251027988e+02
1.5970069296602645e+02
1.5703113474371165e+02
1.5412577177395005e+02
1.5100108028252217e+02
1.4767419513956975e+02
1.4416277644161110e+02
1.4048487476196360e+02
1.3665879901244605e+02
1.3270298543493394e+02
1.2863587186383793e+02
1.2447577513319786e+02
1.2024077635536730e+02
1.1594861158954807e+02
1.1161657156842871e+02
1.0726140794265231e+02
1.0289924646611357e+02
9.8545505470030790e+01
9.4214825123410677e+01
8.9921005593778148e+01
8.5676971756460631e+01
8.1494736383814995e+01
7.7385370088522293e+01
7.3358972486353451e+01
6.9424657551272020e+01
6.5590563187927273e+01
6.1863859166818337e+01
5.8250739422906754e+01
5.4756452496532667e+01
5.1385333182433506e+01
4.8140826184093065e+01
4.5025524366981180e+01
4.2041204168415810e+01
3.9188869930810128e+01
3.6468812363493356e+01
3.3880651595812843e+01
3.1423390779966631e+01
2.9095463435788165e+01
2.6894787013457513e+01
2.4818816169265627e+01
2.2864596253595934e+01
2.1028815620962181e+01
1.9307856310901609e+01
1.7697842203720239e+01
1.6194686010587134e+01
1.4794132543735925e+01
1.3491801500110082e+01
1.2283225440831854e+01
1.1163887661146306e+01
1.0129254268647376e+01
9.1748053973026273e+00
8.2960601921526589e+00
7.4885992472604164e+00
6.7480848195570280e+00
6.0702804438186453e+00
5.4510736185303319e+00
4.8864966106324399e+00
4.3727317432844739e+00
3.9061163279770552e+00
3.4831406218577192e+00
3.1004617562741905e+00
2.7549184073802637e+00
2.4435152580734161e+00
2.1634168485606633e+00
1.9119676653641533e+00
1.6866820647583163e+00
1.4852277836630927e+00
1.3054334745065721e+00
1.1452819867431179e+00
1.0029078944527725e+00
8.7659140501871879e-01
7.6474268072645890e-01
6.6589912953031360e-01
5.7871860164392019e-01
5.0197472063507653e-01
4.3455168030504632e-01
3.7543535640812142e-01
3.2370753407665687e-01
2.7853696460028554e-01
2.3917399732682457e-01
2.0494302956497126e-01
1.7523743191498989e-01
1.4951302835510497e-01
1.2728311529950517e-01
1.0811256250818457e-01
9.1613425996692283e-02
7.7439999330657983e-02
6.5286833141868741e-02
5.4885556082539179e-02
4.6004874854980296e-02
3.8445384955413942e-02
3.2032370047825241e-02
2.6608075171150578e-02
2.2024828367192766e-02
1.8154661294051112e-02
1.4893478918421986e-02
1.2149390966838871e-02
9.8382253021939339e-03
7.8856082301262901e-03
6.2292359277780884e-03
4.8154794174075756e-03
3.5953410805325101e-03
2.5293289576732952e-03
1.5757860160796201e-03
6.9701713633505379e-04
-1.3354375834628962e-04
-9.4299878903132011e-04
-1.7611570755907081e-03
-2.6202189343164633e-03
-3.5581046707499593e-03
-4.6111979879975814e-03
-5.8227926011631447e-03
-7.2364437360842911e-03
-8.9099855868206724e-03
-1.0901570005080007e-02
-1.3305363645304508e-02
