3.7559640810657970e-12
-1.6282779470276275e-12
2.6595047950988213e-12
-3.6819817096705057e-13
-2.0513620427182170e-12
8.9416043069375855e-13
1.8797494294131701e-12
-7.4858895844940615e-13
1.7336790420298653e-13
2.0391530392359407e-12
1.2599930864133425e-12
-6.9772719343589754e-13
7.1838310439055906e-13
1.9257364199791945e-13
6.1050677464221929e-13
4.3128039670530548e-13
8.1451343084936043e-13
-9.8956464014063873e-13
1.4223600812251031e-12
2.7001858555688513e-13
-1.3921176281397699e-13
5.9186302950008144e-13
-1.5103378493182998e-12
-8.7269310569501347e-13
-1.2120727213725849e-12
-7.5116587392405215e-13
-1.9453705536091148e-12
1.1816865547178248e-12
-7.0310945992540399e-13
-8.2900486598514717e-13
-2.0905172116834999e-12
2.0188812712375709e-12
-2.5053707384952056e-12
1.0167229052827388e-13
-1.0078116956544642e-13
1.5430701988150065e-12
1.0544085106128962e-12
4.2469222443088749e-12
2.1677473254120587e-12
8.4471206454974403e-12
1.2036959592192259e-11
1.5745537866350687e-11
1.9658462310011025e-11
3.6364681026127073e-11
5.3604932393455294e-11
7.3037355936017165e-11
1.0938182249065356e-10
1.5759896652347041e-10
2.2534941541889937e-10
3.2259042743865097e-10
4.5228492019937008e-10
6.3640109883826343e-10
8.8906702425371279e-10
1.2362616795685187e-09
1.7024289487185121e-09
2.3366593992143533e-09
3.1852988793834222e-09
4.3117311809575036e-09
5.7989252789721222e-09
7.7487107603991724e-09
1.0271413534875884e-08
1.3518228100400909e-08
1.7649234967040168e-08
2.2840804384791599e-08
2.9280175117962021e-08
3.7146282652484287e-08
4.6567832100964120e-08
5.7595378418225001e-08
7.0118074246366676e-08
8.3741300399091628e-08
9.7644092162793870e-08
1.1032842855873549e-07
1.1929129763123193e-07
1.2056540465744818e-07
1.0806922114019788e-07
7.2733075291738344e-08
1.3109705445476392e-09
-1.2520151148155547e-07
-3.3368870131849235e-07
-6.6169072702885606e-07
-1.1610123605529915e-06
-1.9024457561346161e-06
-2.9817901127538683e-06
-4.5275401700612541e-06
-6.7106393095322026e-06
-9.7566827200870522e-06
-1.3961121645289128e-05
-1.9708063661588559e-05
-2.7493270897268006e-05
-3.7952076436187951e-05
-5.1892989695431135e-05
-7.0337708693220740e-05
-9.4568250105487705e-05
-1.2618192338966855e-04
-1.6715451835810512e-04
-2.1991197087831569e-04
-2.8741026026170551e-04
-3.7322275470271751e-04
-4.8163331346114861e-04
-6.1773244280163430e-04
-7.8751230870523019e-04
-9.9795450202396158e-04
-1.2571021802936641e-03
-1.5741052721844051e-03
-1.9592237710532334e-03
-2.4237699562260286e-03
-2.9799652110270580e-03
-3.6406809752459485e-03
-4.4190266402577985e-03
-5.3277390318874690e-03
-6.3783193278726244e-03
-7.5798533669726338e-03
-8.9374406675680647e-03
-1.0450146085782224e-02
-1.2108376278775045e-02
-1.3890571463383010e-02
-1.5759091403320786e-02
-1.7655164354833146e-02
-1.9492759060121535e-02
-2.1151233928167090e-02
-2.2466615360052931e-02
-2.3221359883413527e-02
-2.3132463732311735e-02
-2.1837800319232419e-02
-1.8880592119511458e-02
-1.3691960804296129e-02
-5.5715491707476897e-03
6.3337270604901146e-03
2.3052659696390101e-02
4.5814225559383324e-02
7.6073210685491263e-02
1.1553649742674500e-01
1.6618937904148023e-01
2.3032109725708158e-01
3.1054861428633318e-01
4.0983743407155643e-01
5.3151808264141109e-01
6.7929664973177006e-01
8.5725758998530521e-01
1.0698567901562133e+00
1.3219027386770041e+00
1.6185234961819801e+00
1.9651170723401858e+00
2.3672827784722825e+00
2.8307311606182473e+00
3.3611702369947136e+00
3.9641659815034127e+00
4.6449753224322787e+00
5.4083503743233088e+00
6.2583131989410505e+00
7.1979011044115673e+00
8.2288833403713220e+00
9.3514510288622876e+00
1.0563883276644237e+01
1.1862193629562984e+01
1.3239762332768736e+01
1.4686961223427566e+01
1.6190779470069693e+01
1.7734459743250337e+01
1.9297155707623290e+01
2.0853622912675618e+01
2.2373956170487919e+01
2.3823387284248014e+01
2.5162157469516998e+01
2.6345478932311138e+01
2.7323599778331232e+01
2.8041985676990187e+01
2.8441630452563466e+01
2.8459505995290662e+01
2.8029159563906333e+01
2.7081463692586361e+01
2.5545520541707887e+01
2.3349718687451034e+01
2.0422936094233368e+01
1.6695878443404052e+01
1.2102537208195750e+01
6.5817469956488504e+00
7.8816864063377901e-02
-7.4527942737850674e+00
-1.6049792270648524e+01
-2.5737390167678527e+01
-3.6527719154500183e+01
-4.8418350880937574e+01
-6.1390974995263022e+01
-7.5410275702157406e+01
-9.0423049813820938e+01
-1.0635760614772093e+02
-1.2312348218046210e+02
-1.4061150861716271e+02
-1.5869424604245793e+02
-1.7722681019136175e+02
-1.9604809376914139e+02
-2.1498238335560029e+02
-2.3384135998476441e+02
-2.5242646176399285e+02
-2.7053157667820631e+02
-2.8794602382411625e+02
-3.0445777205014207e+02
-3.1985683664989739e+02
-3.3393878766440986e+02
-3.4650829775802328e+02
-3.5738265377451830e+02
-3.6639515413640743e+02
-3.7339831434917573e+02
-3.7826680507938295e+02
-3.8090005159148654e+02
-3.8122442968473649e+02
-3.7919500153410144e+02
-3.7479674480706393e+02
-3.6804523984382649e+02
-3.5898679224073697e+02
-3.4769798151483889e+02
-3.3428464026938912e+02
-3.1888028202750627e+02
-3.0164400925099494e+02
-2.8275794562177902e+02
-2.6242424806568386e+02
-2.4086176390946048e+02
-2.1830240669827620e+02
-1.9498733033394956e+02
-1.7116298516213607e+02
-1.4707714134632491e+02
-1.2297496429709047e+02
-9.9095224128838822e+01
-7.5666716212948884e+01
-5.2904963071619086e+01
-3.1009259350702607e+01
-1.0160111711189476e+01
9.4828854885149809e+00
2.7782709535902431e+01
4.4626086599313034e+01
5.9924181772299477e+01
7.3612808553676757e+01
8.5652175432524118e+01
9.6026197337230016e+01
1.0474140859877433e+02
1.1182552157380732e+02
1.1732568102828347e+02
1.2130646870889464e+02
1.2384771519311752e+02
1.2504217712921537e+02
1.2499313742427371e+02
1.2381198392533879e+02
1.2161581881733333e+02
1.1852514651453441e+02
1.1466168245423226e+02
1.1014631913077029e+02
1.0509727915991112e+02
9.9628478360099791e+01
9.3848114991440042e+01
8.7857494602954034e+01
8.1750093580168837e+01
7.5610858609944685e+01
6.9515734010717892e+01
6.3531404308545511e+01
5.7715235635290419e+01
5.2115396520237219e+01
4.6771136446108478e+01
4.1713199126591299e+01
3.6964346793722378e+01
3.2539971800533429e+01
2.8448772472496252e+01
2.4693471295765903e+01
2.1271555119293453e+01
1.8176018976386192e+01
1.5396097305371674e+01
1.2917968677733695e+01
1.0725422540752938e+01
8.8004788738143684e+00
7.1239539764967574e+00
5.6759677959318946e+00
4.4363902160169983e+00
3.3852255380951117e+00
2.5029359586705731e+00
1.7707061822025856e+00
1.1706523921956191e+00
6.8597964664200883e-01
3.0109237521561905e-01
1.6630527800547074e-03
-2.2533567273410723e-01
-3.9163008635668872e-01
-5.0767054519963006e-01
-5.8267767927236802e-01
-6.2470500560616560e-01
-6.4071369886251328e-01
-6.3665569992223581e-01
-6.1756180845418041e-01
-5.8763187835985620e-01
-5.5032470157503188e-01
-5.0844561344047434e-01
-4.6423027247959198e-01
-4.1942345152830596e-01
-3.7535202153335417e-01
-3.3299161097135604e-01
-2.9302668216874006e-01
-2.5590398133524800e-01
-2.2187949397704862e-01
-1.9105917397352137e-01
-1.6343381673847884e-01
-1.3890851835458981e-01
-1.1732720711166855e-01
-9.8492756068285309e-02
-8.2183188750231270e-02
-6.8164478708549359e-02
-5.6200420765572759e-02
-4.6060020897380503e-02
-3.7522814783681017e-02
-3.0382485129874667e-02
-2.4449106526344314e-02
-1.9550305310518861e-02
-1.5531582056161007e-02
-1.2256006811411098e-02
-9.6034623553507489e-03
-7.4695793962566894e-03
-5.7644796037042267e-03
-4.4114178626959164e-03
-3.3453940041010227e-03
-2.5117865348320829e-03
-1.8650458217359550e-03
-1.3674722165937798e-03
-9.8809470418549281e-04
-7.0165818297701328e-04
-4.8772146332880879e-04
-3.2986392854021456e-04
-2.1499569746963931e-04
-1.3276406232815111e-04
-7.5047822083542179e-05
-3.5530599988581469e-05
-9.3439743109946750e-06
7.2282931290528530e-06
1.6993320380050351e-05
2.2047161910319384e-05
2.3934780066515531e-05
2.3778149341636332e-05
2.2377994991531576e-05
2.0293797479015106e-05
1.7906156662501075e-05
1.5464930124457252e-05
1.3125977871152164e-05
1.0978938489043479e-05
9.0678960090029293e-06
7.4066298449332421e-06
5.9896099599389297e-06
4.7998219750231367e-06
3.8142058372219562e-06
3.0073086723395621e-06
2.3536385118616856e-06
1.8291366232354137e-06
1.4119666588848324e-06
1.0828585956860326e-06
8.2522131711202708e-07
6.2499861001835646e-07
4.7048489608466262e-07
3.5204486302869311e-07
2.6185142754863528e-07
1.9360530519236194e-07
1.4229147916996090e-07
1.0394713248560781e-07
7.5469606956232515e-08
5.4451910373697861e-08
3.9039228269147541e-08
2.7803719539447503e-08
1.9663977168494169e-08
1.3808644536939504e-08
9.6237773614803918e-09
6.6522627477636047e-09
4.5606318173848230e-09
3.0958331461544806e-09
2.0783921621666449e-09
1.3785071584836270e-09
9.0412504957722058e-10
5.8274945175125945e-10
3.6845836388153274e-10
2.2943212466574232e-10
1.3580483222652769e-10
7.7407890185539666e-11
4.3228388269172477e-11
1.9586071242878730e-11
7.7698086543450881e-12
-3.2129661495027085e-13
-3.1820872867272746e-12
-5.9849193096467761e-12
-2.6022433822649096e-12
-5.6204558143574438e-12
-5.8297456448008154e-12
-2.5383952076715911e-12
-3.2193251641894366e-12
-4.0267664303773773e-12
-5.0837257697324930e-13
3.3900587189387781e-13
-3.4498954607386428e-12
-1.5303559552864659e-12
-5.9794772454391987e-14
4.8365598609243585e-13
3.6441863339362179e-13
-4.8408733786388565e-13
2.8175757370731564e-13
-2.4947106501729544e-13
4.8335238608452345e-13
-2.9595748146379792e-12
-8.0232375483914111e-14
2.4130295251109117e-12
-9.7114696020803643e-13
-9.6922303741446549e-13
1.8877982193235525e-12
2.9132314899712102e-13
-1.3409472212065431e-12
2.1190294594863675e-13
8.1006294065059066e-13
-1.0216835316946178e-12
1.3086613548915368e-12
1.2510889209130176e-12
-1.3031084226465053e-12
1.1125589594678819e-12
1.0121209263142772e-12
-1.3496747925825767e-12
5.6200574352079980e-13
3.3103699180123180e-13
-3.0278489263168821e-12
2.1018060785439787e-13
1.4020087941719321e-12
1.0467518170189359e-12
1.0522879541111876e-12
3.7004058414319050e-13
2.9049991544604401e-13
2.0189039764165154e-13
2.5232136088204153e-12
6.1261791947313082e-13
-2.1100086373812462e-13
7.6354891259911535e-13
-1.0659675079340387e-12
-7.5794760517760623e-13
7.8741298138586702e-13
-8.3551009519250645e-13
-2.3402456203371107e-12
1.5279437393228775e-12
-1.0175935847879809e-12
-9.6602793374914920e-13
-1.3730142909788196e-12
1.2106199811647957e-12
-1.3711856964493237e-12
-2.9787723656855890e-13
9.7835890309448757e-13
-2.6873719678305469e-13
4.3922951027152702e-14
1.1076882758169979e-12
-1.8089382672601894e-13
-5.3158099698474341e-13
1.7511628589217162e-12
-7.8040019374565760e-13
-1.2809271541492519e-12
1.1336328794807676e-12
-2.1486549335192298e-12
5.7626212197145007e-13
5.5604009561990789e-13
1.8454349740078609e-12
-3.0819981431125523e-12
-2.5888416715938534e-13
4.4584150039313455e-13
3.8288637033406685e-13
7.2993840062619925e-13
2.0100077328538121e-13
8.6519878658343278e-13
7.5021344329471377e-13
1.0726364254437621e-12
-2.1579106427111833e-12
-6.0824221122460716e-13
9.9186099093876201e-13
-2.6161127583464565e-13
-1.2566976967585372e-12
1.1304132852584422e-12
8.9967196344115641e-13
-9.6296952185934563e-14
3.2819424451138352e-13
4.2734978579785715e-14
-5.2476211033218770e-13
-3.9509890935854467e-13
1.5863377671391536e-12
-1.2601768248198244e-12
1.1306512168692279e-12
1.0132201198514232e-12
7.8323213757093610e-13
-4.4552058312772285e-13
2.1011009630297689e-12
-1.8549700055137272e-12
-1.2054320267407723e-12
9.5685449741069454e-13
9.5589809021760346e-13
-3.1394403592251162e-13
7.8560382129688374e-13
1.8479141437384911e-12
-2.9376013386512184e-13
1.6301272778876656e-12
-4.8006720791632917e-14
-2.1231072164514869e-12
-4.6752341585725724e-14
3.8905870998188104e-13
-1.6056178901556086e-12
-1.4908974001548544e-12
8.6157357657516391e-13
-6.2811979982461372e-13
1.6879392495461809e-12
-6.2953631446050494e-13
-9.5681937000489640e-13
4.6973385802715056e-13
2.0279238128992792e-13
-4.4338651819382878e-13
-2.9689055687030165e-12
-4.7415782695389891e-14
5.3525845938103624e-13
1.3105928209740102e-12
-7.6671957580941667e-14
