-8.5444954841836930e-15
-8.5570862384801564e-15
1.7139278174116427e-14
0.0000000000000000e+00
3.4378520731901774e-14
1.7214135978710752e-14
3.0168134528389599e-14
3.4527308079500914e-14
2.5932443417205948e-14
1.7312858294484828e-14
2.1671677066041092e-14
-4.3404363128763895e-15
3.0425620148800557e-14
1.3057733575964823e-14
3.7048255452065131e-14
4.5828702631057194e-14
4.1521060269920271e-14
3.5012935305785303e-14
5.9164765322004405e-14
3.9496614334711094e-14
6.1522010076975902e-14
5.8304304459997071e-14
6.6092989785133983e-14
6.2871748807183180e-14
4.5283315572778228e-14
5.5296186358454117e-14
4.5402209264916450e-14
2.8274725811913182e-14
5.8288080841400608e-14
2.6680321860883785e-14
4.6193878540045396e-14
5.1825432095472264e-14
3.7383983133748176e-14
5.4750081507661381e-14
7.5515747666784155e-14
1.0025337262273196e-13
1.3290265225410085e-13
1.1790740380465190e-13
1.5431130698908047e-13
1.6547541880374028e-13
2.1075877085714227e-13
2.6969133102503060e-13
3.7395492171659153e-13
5.1409627837983279e-13
7.3044368458197395e-13
1.0340355082753089e-12
1.4915805390666093e-12
2.1706638730716439e-12
3.1061817562926693e-12
4.4824050589438048e-12
6.4547894163150178e-12
9.2753858424405351e-12
1.3325382452864432e-11
1.9071186339569149e-11
2.7265353221917898e-11
3.8916036996696803e-11
5.5412351615217254e-11
7.8742487792607641e-11
1.1166489309369077e-10
1.5803255939726469e-10
2.2319544181746534e-10
3.1452772359611656e-10
4.4235122523709318e-10
6.2083208608125038e-10
8.6943864508332863e-10
1.2151323375712637e-09
1.6946756849611263e-09
2.3585163290176604e-09
3.2755439974576290e-09
4.5395579126326495e-09
6.2781932450688550e-09
8.6645656174938863e-09
1.1932916344204972e-08
1.6399735557630773e-08
2.2491322790427164e-08
3.0781011754276596e-08
4.2037700435184497e-08
5.7290663999312208e-08
7.7914422980588114e-08
1.0574034968088943e-07
1.4320303573482613e-07
1.9353194585467292e-07
2.6100079807234879e-07
3.5125282433933003e-07
4.7172249440994678e-07
6.3218194968304918e-07
8.4544705246793879e-07
1.1282868197207329e-06
1.5025930993240423e-06
1.9968803572246493e-06
2.6482042791390149e-06
3.5046100032506627e-06
4.6282487240117714e-06
6.0993345698492756e-06
8.0211567952104009e-06
1.0526411151135338e-05
1.3785179629371015e-05
1.8014960221209790e-05
2.3493242511009294e-05
3.0573234892939382e-05
3.9703482447812815e-05
5.1452275360403900e-05
6.6537939329246713e-05
8.5866326737394499e-05
1.1057710093107011e-04
1.4210072417268356e-04
1.8222844088026786e-04
2.3319799087486871e-04
2.9779830807836040e-04
3.7949706752630900e-04
4.8259564595672084e-04
6.1241687775203714e-04
7.7553192331518211e-04
9.8003364286976626e-04
1.2358650945995453e-03
1.5552131681771583e-03
1.9529789395683400e-03
2.4473381030792824e-03
3.0604068153085406e-03
3.8190304902847453e-03
4.7557155177478348e-03
5.9097265536616614e-03
7.3283749518326087e-03
9.0685270688691793e-03
1.1198364577060638e-02
1.3799432543163050e-02
1.6969014857852967e-02
2.0822880594369438e-02
2.5498448995471868e-02
3.1158424973905995e-02
3.7994961195704412e-02
4.6234406905478823e-02
5.6142707544991080e-02
6.8031522783707776e-02
8.2265133677274352e-02
9.9268212131427697e-02
1.1953452748396219e-01
1.4363666561929325e-01
1.7223683536837114e-01
2.0609883477017613e-01
2.4610124581900661e-01
2.9325192031143282e-01
3.4870381105387532e-01
4.1377219170373886e-01
4.8995329460806925e-01
5.7894437889599248e-01
6.8266522052100165e-01
8.0328099170770539e-01
9.4322646915485175e-01
1.1052314782513220e+00
1.2923474444107423e+00
1.5079748824473638e+00
1.7558916108077542e+00
2.0402814296691836e+00
2.3657629507584250e+00
2.7374182127091977e+00
3.1608206594939636e+00
3.6420620017060452e+00
4.1877774221687272e+00
4.8051685296088387e+00
5.5020234082029127e+00
6.2867330581000616e+00
7.1683034740947402e+00
8.1563625681388388e+00
9.2611611081287233e+00
1.0493566822226903e+01
1.1865050806765931e+01
1.3387665378430508e+01
1.5074012529746236e+01
1.6937202182665974e+01
1.8990799489809756e+01
2.1248760508045503e+01
2.3725355665674410e+01
2.6435080563256655e+01
2.9392553789415636e+01
3.2612401596682957e+01
3.6109129467964763e+01
3.9896980810346051e+01
4.3989783237933644e+01
4.8400783146890504e+01
5.3142469540730659e+01
5.8226388328701475e+01
6.3662948590461525e+01
6.9461222571497117e+01
7.5628741440534967e+01
8.2171289096919594e+01
8.9092696556519627e+01
9.6394639662989064e+01
1.0407644306084599e+02
1.1213489352161102e+02
1.2056406582816608e+02
1.2935516448992988e+02
1.3849638457732652e+02
1.4797279492399821e+02
1.5776624684580065e+02
1.6785531136437396e+02
1.7821524769870766e+02
1.8881800550061001e+02
1.9963226296068461e+02
2.1062350250309552e+02
2.2175412532427922e+02
2.3298360551850055e+02
2.4426868397880980e+02
2.5556360167389627e+02
2.6682037128910383e+02
2.7798908559403912e+02
2.8901826027116351e+02
2.9985520832150559e+02
3.1044644256749910e+02
3.2073810221135454e+02
3.3067639889248841e+02
3.4020807723105440e+02
3.4928088445740030e+02
3.5784404341909891e+02
3.6584872303649519e+02
3.7324850015130136e+02
3.7999980668567230e+02
3.8606235610448329e+02
3.9139954335213451e+02
3.9597881271596850e+02
3.9977198844788643e+02
4.0275556344848343e+02
4.0491094187641619e+02
4.0622463218026246e+02
4.0668838774966702e+02
4.0629929313438322e+02
4.0505979457009875e+02
4.0297767436389091e+02
4.0006596951454492e+02
3.9634283575828653e+02
3.9183135902342275e+02
3.8655931703314724e+02
3.8055889450039751e+02
3.7386635599936687e+02
3.6652168116373912e+02
3.5856816734228289e+02
3.5005200523036234e+02
3.4102183328549222e+02
3.3152827692270222e+02
3.2162347856980057e+02
3.1136062464440619e+02
3.0079347539673518e+02
2.8997590334942606e+02
2.7896144576486711e+02
2.6780287618981293e+02
2.5655179967624821e+02
2.4525827576722506e+02
2.3397047277842168e+02
2.2273435631255970e+02
2.1159341432701279e+02
2.0058842044726401e+02
1.8975723659238085e+02
1.7913465536481644e+02
1.6875228206627085e+02
1.5863845564370010e+02
1.4881820735331132e+02
1.3931325546271086e+02
1.3014203389805735e+02
1.2131975238846803e+02
1.1285848536692768e+02
1.0476728665702863e+02
9.7052326808128512e+01
8.9717049836766222e+01
8.2762346087075187e+01
7.6186737934076547e+01
6.9986575116851853e+01
6.4156236598656221e+01
5.8688336002471893e+01
5.3573927857329871e+01
4.8802712106736074e+01
4.4363234569426652e+01
4.0243081298220574e+01
3.6429065048901329e+01
3.2907402342122516e+01
2.9663879871987834e+01
2.6684009280383165e+01
2.3953169572069260e+01
2.1456736688305512e+01
1.9180199983304593e+01
1.7109265555685102e+01
1.5229946574468174e+01
1.3528640904829787e+01
1.1992196482099622e+01
1.0607965003233035e+01
9.3638446034810983e+00
8.2483122629532755e+00
7.2504467442660685e+00
6.3599428998365397e+00
5.5671182071731922e+00
4.8629123944639554e+00
4.2388810086902167e+00
3.6871837562911463e+00
3.2005684139559807e+00
2.7723510662881248e+00
2.3963933796490315e+00
2.0670775691403089e+00
1.7792796599772984e+00
1.5283415868740258e+00
1.3100426167629180e+00
1.1205705223269258e+00
9.5649287737458344e-01
8.1472879083129268e-01
6.9252134468835547e-01
5.8741095313826397e-01
4.9720981568324302e-01
4.1997759647031252e-01
3.5399842560040895e-01
2.9775928571012866e-01
2.4992981867579153e-01
2.0934356271769006e-01
1.7498060930707512e-01
1.4595165187918338e-01
1.2148338417621075e-01
1.0090519481255283e-01
8.3637096082321921e-02
6.9178818824826391e-02
5.7100001043086136e-02
4.7031395648896399e-02
3.8657021924209896e-02
3.1707185788594348e-02
2.5952295516574905e-02
2.1197401944842112e-02
1.7277395258803580e-02
1.4052793979356848e-02
1.1406065640431265e-02
9.2384227246641634e-03
7.4670416039457890e-03
6.0226564213760048e-03
4.8474839786434203e-03
3.8934397012725850e-03
3.1206085957130670e-03
2.4959387550429952e-03
1.9921283925506809e-03
1.5866805669335741e-03
1.2611027038662262e-03
1.0002307172564100e-03
7.9165998760911266e-04
6.2526767827510783e-04
4.9281286918223001e-04
3.8760277526236387e-04
3.0421490765647821e-04
2.3826644404002995e-04
1.8622331401762054e-04
1.4524259354928848e-04
1.1304275064142554e-04
8.7797108731128810e-05
6.8046609177156017e-05
5.2628566390185483e-05
4.0618639011303158e-05
3.1283689912463454e-05
2.4043592250590506e-05
1.8440364943599974e-05
1.4113295868166210e-05
1.0778942573062981e-05
8.2150960789000495e-06
6.2479552387819391e-06
4.7418952075837153e-06
3.5913254874862635e-06
2.7142282156767354e-06
2.0470418671999891e-06
1.5406211740468518e-06
1.1570544123526403e-06
8.6716249038182861e-07
6.4853879982084686e-07
4.8401653471464666e-07
3.6047344331195598e-07
2.6790145373957712e-07
1.9868527856428868e-07
1.4704323882340157e-07
1.0859584651166916e-07
8.0033191467574671e-08
5.8859409279755659e-08
4.3196671101572899e-08
3.1635453520572083e-08
2.3119907521250650e-08
1.6861158980130052e-08
1.2270932113095706e-08
8.9115988866129853e-09
6.4583703762359948e-09
4.6706597218414576e-09
3.3707141826952711e-09
2.4275028104634768e-09
1.7445452683089237e-09
1.2511092439197638e-09
8.9534130876408957e-10
6.3940959260952240e-10
4.5565298820057203e-10
3.2404256473466279e-10
2.2994622001179348e-10
1.6285458678768482e-10
1.1507782845071026e-10
8.1135589996563624e-11
5.7100142358957030e-11
4.0090445280458959e-11
2.8083313818575438e-11
1.9636478914376974e-11
1.3666003826252115e-11
9.5334160246650017e-12
6.6098868298519155e-12
4.5860642356563545e-12
3.1653471230791965e-12
2.1729368195355928e-12
1.4824993790114094e-12
1.0158945344459175e-12
6.7835002645674790e-13
4.6941684384517184e-13
2.9826011883136001e-13
1.8393174459029287e-13
9.3545336797555121e-14
2.9830602709517808e-14
-1.1243082476435735e-15
-5.1093208315349163e-14
-6.3367087361659896e-14
-8.0650757864097244e-14
-8.6703265839641092e-14
-8.7711865272477919e-14
-8.6485334115387581e-14
-8.1360355762784419e-14
-8.8491887805629139e-14
-9.0601926319251195e-14
-9.1595555607915255e-14
-6.3202328285453000e-14
-4.9831693095639999e-14
-5.6402110085623206e-14
-1.2149182226842940e-14
-3.8605459793884406e-14
-1.6523247446283496e-14
-4.1803086216601668e-14
-3.0761005038487951e-14
-3.5108101630854302e-14
-1.9721588440668135e-14
-1.0941542283057908e-14
-1.0926594807873755e-14
-1.3093915037444911e-14
4.3586182884782511e-15
-4.3525778586549415e-15
-2.6079102984686198e-14
-4.3404363128763895e-15
0.0000000000000000e+00
-2.5969287441727240e-14
-1.2966221708602974e-14
-3.0211394569563304e-14
-2.1548667520278285e-14
-3.4428271957421504e-14
-3.4378520731901774e-14
-4.2910769043946669e-14
-3.4278556348232853e-14
-4.2785431192400791e-14
-3.4177981936734772e-14
-5.9723069320049509e-14
-5.1115206870379380e-14
-6.8051984036723766e-14
-5.0962547082533159e-14
-5.0885885374453952e-14
-3.3872669496505858e-14
-5.0731905037212462e-14
-6.7539452130469408e-14
-8.4295096291580109e-14
-6.7332416558620663e-14
-1.0084270876504991e-13
-6.7124246693818200e-14
-8.3774676148827555e-14
-8.3643696246962248e-14
-8.3512370929766020e-14
-6.6704561974876908e-14
-6.6598954510410424e-14
-6.6493076172572225e-14
-8.2983660982474787e-14
-4.9710385633243019e-14
-9.9260751265475457e-14
-9.9100335923460378e-14
-9.8939527991339357e-14
-6.5852220148872880e-14
-6.5744496917858411e-14
-6.5636517474889469e-14
-9.8292425493573824e-14
-9.8129695987118152e-14
-9.7966590462488089e-14
-9.7803111692035978e-14
-1.3018568326782388e-13
-9.7475045516766037e-14
-1.2974728489348134e-13
-1.2952735959173911e-13
-1.2930695516425448e-13
-9.6814556495981331e-14
-1.2886472380289986e-13
-9.6482178233981795e-14
-1.2842062058099473e-13
-6.4098938169245388e-14
-3.1993668828909266e-14
-6.3875510623071489e-14
-6.3763458933075729e-14
-4.7738388342801135e-14
-6.3538689065400030e-14
-4.7569480972114068e-14
-4.7484782266312759e-14
-6.3199896115581582e-14
-7.8858169731594462e-14
-6.2972963905987551e-14
-7.8573977942100730e-14
-4.7058894753806010e-14
-6.2630997737596102e-14
-6.2516598429326556e-14
-3.1200998479476334e-14
-1.5571798801428827e-14
-3.1086097524679560e-14
-4.6542748777561622e-14
-6.1941607048485505e-14
-3.0913011482761504e-14
-3.8568905001531938e-14
-2.3097856515292039e-14
0.0000000000000000e+00
