5.9453171372982188e-14
-8.2180330109335920e-14
3.1950883445796358e-14
-9.6583690131870945e-15
1.3061981535014733e-13
1.3647197867463534e-13
1.2929194321031873e-13
1.3972116597516100e-14
5.3565248929109093e-14
8.0982773049214960e-14
1.2902961914854713e-13
3.7404559004462886e-15
-1.0242577860017748e-14
1.0895194062736472e-13
1.5010821614976750e-13
8.8923870619506667e-14
3.1937013958773494e-14
3.0605929349472666e-14
2.0181166432305831e-13
2.6838104136917223e-14
4.6683407515591209e-14
4.7983881297788703e-14
1.6740686343884542e-13
1.3000413877814859e-14
9.7964594904527414e-14
1.0322672633741411e-13
2.1126865374344269e-13
1.8836650116008068e-13
9.0982381919147407e-14
9.9458002838661473e-14
3.1470716080182315e-13
1.5451519735968789e-13
2.1190094856021808e-13
1.1003849699220824e-13
2.0402301906758843e-13
1.2559949509717265e-13
1.1474715961034812e-13
1.5566961104691855e-13
2.2477710425396088e-13
1.2000539740027704e-13
1.0387617259963582e-13
8.7552250020038722e-14
1.9026474139010054e-13
1.7119585654404261e-13
4.3715898502320463e-15
1.5799425246701341e-13
2.1643939054977242e-13
1.0921023304655805e-13
8.0806391359117944e-14
6.5995766348847850e-14
1.2861330456165854e-13
4.9689891218931231e-14
-8.7736015820858872e-15
2.7457403172354207e-14
9.3181718470197722e-14
2.9205898320143859e-14
-3.3041635022525841e-14
9.7125968756821773e-14
-1.9145394051940632e-15
7.1366724592018753e-14
-5.0103094465271709e-14
2.8507429923344864e-14
8.9799248680713026e-14
-2.6493156264909974e-15
7.3734252037138464e-15
2.8357032011367075e-14
4.6850162187654756e-14
8.7720607397456929e-14
8.6704091618514926e-14
1.1961992749570431e-13
2.2436606733020260e-13
1.9389509541652617e-13
2.1942903456766008e-13
3.1819313191684325e-13
5.2289160436630459e-13
5.0621417218403567e-13
6.9488439601077779e-13
1.0645528548482697e-12
1.4576412077304198e-12
1.9417117478876837e-12
2.7380558048621916e-12
3.9136513059711724e-12
5.5768912782568213e-12
7.8776987192671229e-12
1.1305723645285047e-11
1.6220569284740740e-11
2.3288856516884983e-11
3.3256398132363469e-11
4.7337672949837450e-11
6.7557388508118143e-11
9.5846342065060255e-11
1.3576050703115500e-10
1.9220357349286291e-10
2.7167473077503409e-10
3.8288925867505474e-10
5.3872992050275905e-10
7.5626099819445502e-10
1.0594485675253421e-09
1.4812362518186676e-09
2.0664279140187105e-09
2.8767773764157561e-09
3.9966149905913241e-09
5.5406267217026144e-09
7.6643709456562545e-09
1.0580069512528964e-08
1.4573878758543231e-08
2.0032754730870057e-08
2.7477936744839420e-08
3.7610282315799116e-08
5.1369949795140000e-08
7.0014693264576227e-08
9.5224380352003277e-08
1.2923655750056422e-07
1.7502564839263549e-07
2.3653592948778404e-07
3.1898554578685984e-07
4.2926333316108654e-07
5.7644190315504871e-07
7.7244240965657262e-07
1.0328937900715247e-06
1.3782379536654811e-06
1.8351508598137172e-06
2.4383633842878823e-06
3.2329887944193758e-06
4.2774911071708865e-06
5.6474609081189554e-06
7.4404053796865923e-06
9.7818101308792001e-06
1.2832792648707016e-05
1.6799736438631691e-05
2.1946393301446156e-05
2.8609038963443905e-05
3.7215412827824350e-05
4.8308317125376210e-05
6.2574949647328250e-05
8.0883265167123859e-05
1.0432693308404642e-04
1.3428077523701818e-04
1.7246894461258035e-04
2.2104855013244695e-04
2.8271194994345202e-04
3.6081154403803890e-04
4.5951159571109461e-04
5.8397243823450271e-04
7.4057334870266918e-04
9.3718146537224718e-04
1.1834753472507592e-03
1.4913331838279165e-03
1.8752972496250257e-03
2.3531279863416017e-03
2.9464630950956998e-03
3.6815992597560446e-03
4.5904165845796138e-03
5.7114685500968213e-03
7.0912632640124243e-03
8.7857650009386997e-03
1.0862148499593704e-02
1.3400842184960160e-02
1.6497900397954443e-02
2.0267748807261444e-02
2.4846351410686651e-02
3.0394851830638399e-02
3.7103745928584897e-02
4.5197646977678203e-02
5.4940708677456762e-02
6.6642774988988032e-02
8.0666329020542993e-02
9.7434315785446382e-02
1.1743891541044921e-01
1.4125134409597459e-01
1.6953275953537841e-01
2.0304634539301417e-01
2.4267064548941020e-01
2.8941421230112796e-01
3.4443162592171500e-01
4.0904092847950602e-01
4.8474250483903292e-01
5.7323942295447405e-01
6.7645922623571730e-01
7.9657714546753977e-01
9.3604066903493466e-01
1.0975953772824880e+00
1.2843119097324629e+00
1.4996138925980178e+00
1.7473066087068905e+00
2.0316061427757424e+00
2.3571686823624431e+00
2.7291195992051143e+00
3.1530818777478022e+00
3.6352033981887217e+00
4.1821825214053110e+00
4.8012913636991099e+00
5.5003960918061194e+00
6.2879735144710436e+00
7.1731231977245429e+00
8.1655742885493936e+00
9.2756861977425444e+00
1.0514442269389997e+01
1.1893435553416086e+01
1.3424845801149033e+01
1.5121406823586607e+01
1.6996363389945966e+01
1.9063416901651383e+01
2.1336659155646000e+01
2.3830493611858767e+01
2.6559543703568487e+01
2.9538547876616700e+01
3.2782241213759583e+01
3.6305223693244152e+01
4.0121815344625730e+01
4.4245898798090202e+01
4.8690749973500260e+01
5.3468857918934518e+01
5.8591735081755317e+01
6.4069719573832586e+01
6.9911771271411311e+01
7.6125263863753929e+01
8.2715775227153344e+01
8.9686878745915564e+01
9.7039938423015315e+01
1.0477391081377834e+02
1.1288515696970703e+02
1.2136726769025134e+02
1.3021090544219112e+02
1.3940366631414173e+02
1.4892996532317983e+02
1.5877094827820861e+02
1.6890443322812590e+02
1.7930488428096626e+02
1.8994342027320198e+02
2.0078786039792263e+02
2.1180280846985451e+02
2.2294977701874151e+02
2.3418735186665378e+02
2.4547139726691182e+02
2.5675530107140770e+02
2.6799025875934581e+02
2.7912559451492695e+02
2.9010911689626107e+02
3.0088750600534559e+02
3.1140672846213130e+02
3.2161247591737606e+02
3.3145062232169255e+02
3.4086769471390943e+02
3.4981135191161383e+02
3.5823086519036997e+02
3.6607759483397740e+02
3.7330545633292218e+02
3.7987137000655031e+02
3.8573568792915427e+02
3.9086259225149826e+02
3.9522045932550770e+02
3.9878218445678669e+02
4.0152546262104289e+02
4.0343302107789680e+02
4.0449280048865450e+02
4.0469808188130531e+02
4.0404755759275002e+02
4.0254534514040876e+02
4.0020094381736766e+02
3.9702913465117393e+02
3.9304982520019604e+02
3.8828784146738383e+02
3.8277266997415700e+02
3.7653815374287086e+02
3.6962214657206164e+02
3.6206613054320979e+02
3.5391480216168668e+02
3.4521563290053149e+02
3.3601841017851132e+02
3.2637476496063232e+02
3.1633769221921273e+02
3.0596107043836116e+02
2.9529918618795870e+02
2.8440626954075179e+02
2.7333604576547782e+02
2.6214130830922375e+02
2.5087351759397049e+02
2.3958242960703444e+02
2.2831575767519163e+02
2.1711887019043311e+02
2.0603452641440182e+02
1.9510265184137441e+02
1.8436015395842836e+02
1.7384077861779670e+02
1.6357500664099098e+02
1.5358998971663300e+02
1.4390952414231910e+02
1.3455406050211977e+02
1.2554074697086612e+02
1.1688350359810612e+02
1.0859312465084577e+02
1.0067740588589405e+02
9.3141293479263751e+01
8.5987051259904845e+01
7.9214442875096168e+01
7.2820925551161480e+01
6.6801852200974096e+01
6.1150678763484528e+01
5.5859173834249702e+01
5.0917627853291897e+01
4.6315059351080066e+01
4.2039416008475769e+01
3.8077768555723289e+01
3.4416495812872888e+01
3.1041459453667105e+01
2.7938167351603909e+01
2.5091924635899442e+01
2.2487971842273346e+01
2.0111609785373389e+01
1.7948311003394949e+01
1.5983817828824542e+01
1.4204227320706398e+01
1.2596063452365133e+01
1.1146337083790435e+01
9.8425943599066041e+00
8.6729542653397314e+00
7.6261361339449003e+00
6.6914779585535236e+00
5.8589463746655479e+00
5.1191392028672515e+00
4.4632814304620885e+00
3.8832154950989328e+00
3.3713867040303498e+00
2.9208245839998694e+00
2.5251209105107848e+00
2.1784051131809892e+00
1.8753176977221473e+00
1.6109822663255653e+00
1.3809766582859271e+00
1.1813036727725177e+00
1.0083617768024407e+00
8.5891614459364796e-01
7.3007032027774288e-01
6.1923874501625120e-01
5.2412034230368898e-01
4.4267331194730958e-01
3.7309124406462563e-01
3.1378062947335039e-01
2.6333981207452506e-01
2.2053940210500461e-01
1.8430414631756953e-01
1.5369623201213753e-01
1.2789998612773160e-01
1.0620791805199582e-01
8.8008045088030937e-02
7.2772432376096166e-02
6.0046874152264569e-02
4.9441640288808139e-02
4.0623210784123877e-02
3.3306921010048521e-02
2.7250441824453880e-02
2.2248020892158101e-02
1.8125414523754220e-02
1.4735442862397547e-02
1.1954105150321264e-02
9.6771959680641596e-03
7.8173676316549041e-03
6.3015882562588279e-03
5.0689492823487031e-03
4.0687804239763967e-03
3.2590340159575023e-03
2.6049045440734147e-03
2.0776527326710746e-03
1.6536069071849699e-03
1.3133174434729442e-03
1.0408429582648402e-03
8.2314947975789174e-04
6.4960618940867207e-04
5.1156342722467299e-04
4.0200055346613589e-04
3.1523293227746826e-04
2.4666879956112832e-04
1.9260808075261131e-04
1.5007638834926780e-04
1.1668841838850302e-04
9.0535851771238516e-05
7.0095609635171201e-05
5.4154975476687663e-05
4.1750642487695606e-05
3.2119231652060932e-05
2.4657227757616753e-05
1.8888626939081663e-05
1.4438879818711439e-05
1.1013960433411169e-05
8.3835960868029043e-06
6.3678661896049676e-06
4.8265208377006195e-06
3.6504888949780039e-06
2.7551447100559930e-06
2.0749813369877553e-06
1.5594100920191580e-06
1.1694529929285960e-06
8.7514779457439310e-07
6.5351587778414760e-07
4.8697524436569286e-07
3.6210417662242549e-07
2.6868036214401697e-07
1.9893639942296772e-07
1.4698334589906782e-07
1.0836704283935508e-07
7.9726520159938405e-08
5.8530661911647060e-08
4.2878421840093915e-08
3.1345135007484185e-08
2.2865237997380643e-08
1.6643894753287545e-08
1.2089640194672008e-08
8.7628388545768395e-09
6.3378937091549780e-09
4.5743797502612017e-09
3.2944526776468017e-09
2.3676890290715557e-09
1.6978952622943545e-09
1.2149692687802457e-09
8.6756784508421893e-10
6.1823531218964057e-10
4.3954819894230462e-10
3.1189155699068764e-10
2.2087901373301676e-10
1.5600391815087591e-10
1.1007098304551453e-10
7.7349080311086752e-11
5.4416092876632860e-11
3.8066743876982241e-11
2.6642898064169674e-11
1.8651094025477163e-11
1.2918935751743450e-11
9.0233251195380530e-12
6.2423426820153811e-12
4.2324440473614522e-12
2.9499231194853939e-12
2.0913578507951137e-12
1.4019744705356247e-12
1.0007959437028083e-12
6.3620421843844348e-13
5.1809489376761511e-13
3.4325207495993795e-13
2.4635088719527458e-13
2.4049185839160714e-13
1.9232705977263514e-13
1.3668290841414148e-13
1.4751034183189152e-13
1.1228630842843007e-13
8.9427220541197582e-14
1.0134685372048703e-13
1.1824963282838391e-13
8.7915904233704813e-14
6.8156774370757075e-14
6.9819719309693683e-14
6.9852117558131110e-14
7.2055643499712226e-14
7.6731891797923704e-14
7.3576702740971370e-14
1.0879399820186934e-13
9.5365819820566175e-14
4.4715040241841341e-14
1.2086783462316603e-13
2.3006685882110993e-14
6.0336621944935957e-14
8.3629263719341957e-14
2.0601720411635601e-13
1.3107317566048308e-13
2.5204357273977764e-14
-9.8313872365700725e-15
6.7676353000011109e-14
2.1072658212444608e-13
4.8358757929530088e-14
4.2883262953793131e-14
2.9224337613705684e-14
1.3442529647033299e-13
1.7052212403940052e-13
1.0947423189726723e-13
1.0997252865180220e-13
1.9144899323996513e-13
1.3740281106436028e-13
2.2315353464109344e-14
1.5333909541848927e-13
1.3629630548412690e-13
7.7423644918945962e-14
1.0178029030685859e-13
1.3897346444188774e-13
1.4176440568024052e-13
-6.7779832985977664e-14
6.3449304874486161e-14
6.8241335902891457e-14
1.7243326215699216e-13
4.1940187064981187e-14
6.6613107454731354e-14
1.1607226338319625e-13
2.2752018066511700e-14
7.2373182720821936e-14
1.7697196676552166e-14
7.8663785683108884e-14
7.7681047063087312e-14
-3.1849547688228454e-14
5.7588654077288683e-15
4.6468619468792393e-14
8.2748165801812711e-14
1.3327395648549003e-13
9.1906206899145488e-14
3.7016602097288552e-14
3.7633525735362627e-14
-3.9835891922822511e-14
-2.7312667487568270e-14
-9.8436708495050880e-14
1.3011665814976854e-15
-9.9880652606258887e-14
-1.8006789914147163e-13
1.7932564344107695e-14
6.3486928000702629e-14
4.3858269502201256e-15
