5.3812012537880330e-02
6.3910873486073549e-02
7.5337623308038823e-02
8.8294007779076950e-02
1.0300740250473479e-01
1.1973165229645311e-01
1.3874638497477454e-01
1.6036300070884418e-01
1.8492587279474534e-01
2.1281740962243831e-01
2.4446053081271352e-01
2.8032354193114561e-01
3.2092346578798797e-01
3.6683103861734701e-01
4.1867471550553259e-01
4.7714591734702816e-01
5.4300360391778968e-01
6.1707981159614034e-01
7.0028470228934081e-01
7.9361237248564820e-01
8.9814627445734152e-01
1.0150652273847469e+00
1.1456490810295601e+00
1.2912848118503588e+00
1.4534722639020645e+00
1.6338301642644193e+00
1.8341017342555739e+00
2.0561604085722571e+00
2.3020150643582151e+00
2.5738151779494731e+00
2.8738553722892628e+00
3.2045796957425914e+00
3.5685851424739403e+00
3.9686246918364190e+00
4.4076094147054468e+00
4.8886098724612319e+00
5.4148563883836598e+00
5.9897383757178870e+00
6.6168023308921846e+00
7.2997486444005864e+00
8.0424268658034528e+00
8.8488295531223820e+00
9.7230843723071825e+00
1.0669444564357718e+01
1.1692277477908702e+01
1.2796051281814689e+01
1.3985319591879547e+01
1.5264704132906511e+01
1.6638875211662452e+01
1.8112530138107640e+01
1.9690369417514390e+01
2.1377070876092208e+01
2.3177261595327629e+01
2.5095487851190455e+01
2.7136182990995817e+01
2.9303633484597857e+01
3.1601943144167269e+01
3.4034995794985150e+01
3.6606416455170304e+01
3.9319531355520269e+01
4.2177326921043139e+01
4.5182408094408736e+01
4.8336956183889683e+01
5.1642686662305401e+01
5.5100807154852653e+01
5.8711976082548738e+01
6.2476262245583136e+01
6.6393105844044115e+01
7.0461281254585813e+01
7.4678862078469791e+01
7.9043188798614892e+01
8.3550839563293522e+01
8.8197604435324394e+01
9.2978463608385269e+01
9.7887569910638916e+01
1.0291823606135671e+02
1.0806292696101931e+02
1.1331325742395657e+02
1.1865999557307018e+02
1.2409307222872894e+02
1.2960159643020549e+02
1.3517387732595446e+02
1.4079745247187907e+02
1.4645912266203752e+02
1.5214499321706441e+02
1.5784052173078402e+02
1.6353057207628356e+02
1.6919947454079684e+02
1.7483109176198050e+02
1.8040889020246360e+02
1.8591601670803513e+02
1.9133537975888822e+02
1.9664973484005989e+02
2.0184177342458540e+02
2.0689421489080536e+02
2.1178990076937416e+02
2.1651189055738590e+02
2.2104355842092025e+02
2.2536868996545257e+02
2.2947157834974098e+02
2.3333711889495123e+02
2.3695090145102779e+02
2.4029929967746105e+02
2.4336955652089355e+02
2.4614986508628061e+02
2.4862944423871843e+02
2.5079860820568766e+02
2.5264882960408897e+02
2.5417279526577681e+02
2.5536445440239089e+02
2.5621905861380139e+02
2.5673319342147323e+02
2.5690480098253261e+02
2.5673319382397960e+02
2.5621905941815749e+02
2.5536445560723013e+02
2.5417279686915276e+02
2.5264883160331394e+02
2.5079861059759355e+02
2.4862944701938662e+02
2.4614986825143390e+02
2.4336956006551463e+02
2.4029930359631686e+02
2.3695090573817396e+02
2.3333712354439032e+02
2.2947158335480862e+02
2.2536869531961159e+02
2.2104356411702420e+02
2.1651189658861219e+02
2.1178990712835906e+02
2.0689422157071954e+02
2.0184178041813476e+02
1.9664974214070745e+02
1.9133538735971413e+02
1.8591602460311066e+02
1.8040889838556254e+02
1.7483110022811198e+02
1.6919948328476011e+02
1.6353058109436734e+02
1.5784053101915595e+02
1.5214500277364698e+02
1.4645913248472220e+02
1.4079746256059013e+02
1.3517388768067769e+02
1.2960160705325350e+02
1.2409308312257323e+02
1.1866000674282370e+02
1.1331326887499705e+02
1.0806293870170740e+02
1.0291824810043738e+02
9.7887582260217144e+01
9.2978476281091261e+01
8.8197617447571446e+01
8.3550852932192072e+01
7.9043202545541305e+01
7.4678876225712756e+01
7.0461295829260109e+01
6.6393120874450915e+01
6.2476277765508435e+01
5.8711992127318283e+01
5.5100823766060998e+01
5.1642703883544975e+01
4.8336974065964725e+01
4.5182426690716241e+01
4.2177346293335887e+01
3.9319551568916751e+01
3.6606437584543052e+01
3.4035017919576049e+01
3.1601966354692244e+01
2.9303657877443761e+01
2.7136208676151078e+01
2.5095514946001206e+01
2.3177290233387431e+01
2.1377101200536746e+01
1.9690401591033272e+01
1.8112564335761839e+01
1.6638911632218260e+01
1.5264742991167878e+01
1.3985361131592285e+01
1.2796095767517645e+01
1.1692325209718954e+01
1.0669495869362395e+01
9.7231396216210317e+00
8.8488891528692939e+00
8.0424912769429771e+00
7.2998183733870006e+00
6.6168779529055097e+00
5.9898205251447338e+00
5.4149457862724031e+00
4.8887073170474915e+00
4.4077158141574166e+00
3.9687410551603053e+00
3.5687126189448017e+00
3.2047195666819910e+00
2.8740090990245388e+00
2.5739843951752510e+00
2.3022016390756219e+00
2.0563664360498728e+00
1.8343296112383063e+00
1.6340825889683510e+00
1.4537523279430742e+00
1.2915960062809850e+00
1.1459954130625671e+00
1.0154512352550256e+00
8.9857717731385534e-01
7.9409409789237717e-01
7.0082408095304738e-01
6.1768462264917789e-01
5.4368283094799641e-01
4.7790981822391859e-01
4.1953516332120583e-01
3.6780162455128934e-01
3.2201995951687096e-01
2.8156403722381534e-01
2.4586607749254263e-01
2.1441221022394502e-01
1.8673816810203328e-01
1.6242531580573327e-01
1.4109680691311299e-01
1.2241408587235769e-01
1.0607350228420587e-01
9.1803273394527360e-02
7.9360535831373910e-02
6.8528745802013680e-02
5.9115139379740909e-02
5.0948540980247536e-02
4.3877197885428987e-02
3.7766964446904902e-02
3.2499474184604950e-02
2.7970667106377699e-02
2.4089262978881098e-02
2.0775601883805464e-02
1.7960384804922170e-02
1.5583802990695285e-02
1.3594516674724876e-02
1.1949057221188603e-02
1.0611021657697102e-02
9.5507436350520808e-03
8.7446908531900683e-03
8.1754179587014315e-03
7.8311665831655077e-03
7.7061379507778116e-03
7.8003121967345984e-03
8.1201151040156665e-03
8.6784959017026132e-03
9.4961192035741809e-03
1.0601769165274695e-02
1.2034289677745627e-02
1.3843413877574800e-02
1.6092835640460927e-02
1.8861575383168738e-02
2.2248875689527388e-02
2.6376117255017213e-02
3.1394886348896242e-02
3.7489607459967739e-02
4.4881775872190700e-02
