-3.4116164607953424e-15
5.6353110311934096e-15
1.8014183382938672e-14
1.3369017104760470e-14
6.6391067283943475e-15
1.0729277971877066e-14
-4.0342458517118372e-16
1.6455120039614993e-14
-8.9575320078621056e-16
2.5795581354274399e-15
1.1360440298143655e-15
-7.3933247703760799e-15
8.3390205987154460e-15
3.6312932449901291e-15
5.6303919040986807e-15
8.2145057060129994e-15
-2.5408256202293561e-15
8.1073413868624243e-15
9.3844428183621198e-15
3.8415626954704831e-14
2.4617574799011625e-14
3.8701682299218237e-14
2.3677466184758152e-14
2.7678396708582829e-14
4.8778053331633356e-14
4.0730829949899289e-14
5.1450261722395374e-14
6.3817790596472984e-14
4.6568539361704534e-14
3.9659977885521663e-14
3.5745710228777931e-14
4.6998839582820177e-14
5.6163791617783894e-14
4.5980980330509789e-14
6.6251529421188063e-14
7.4373542600275473e-14
7.6161275344849085e-14
5.9241935083731104e-14
5.4504225727327765e-14
4.9173396891909282e-14
2.5199536622001265e-14
1.0449195944170473e-14
1.1597844855861587e-14
-1.0397284326352647e-15
3.1125266707695357e-15
-7.2661541175587214e-16
4.3095871888567864e-16
2.4584844118274707e-14
7.1690294268896435e-15
-1.0780639637541543e-14
-6.3125759985144476e-15
1.0751257193035612e-15
4.2138563871031427e-15
1.1984372404165808e-15
-1.3773028765999002e-14
-6.1787530483044751e-15
-1.6831996481422104e-14
-1.7921696329100926e-14
9.9376961906232960e-15
4.0155816228060576e-14
3.7222241983248240e-14
2.7430624429352881e-14
3.0840567716521985e-14
3.4096398779874384e-14
3.2895112058084958e-14
3.0186867654955425e-14
3.0655596872889463e-14
4.7104191965070203e-14
5.8054927999367951e-14
4.8959173275372426e-14
5.7727474693000078e-14
6.1814568581170580e-14
4.2977042108174558e-14
6.1113060361619086e-14
7.2218287259341184e-14
9.1296788644108738e-14
7.6212602207770194e-14
7.7610955977239471e-14
6.8691003486565062e-14
1.0418047760069253e-13
6.9666517475445316e-14
5.0879160529487396e-14
6.6320539830672514e-14
5.3012253581186908e-14
4.6478848850266703e-14
4.1723446393979719e-14
4.9783280416988037e-14
5.3269680585120086e-14
4.4040102411790821e-14
5.4580342269499966e-14
7.8828654363849073e-14
8.9858674617395141e-14
6.6485865275423738e-14
5.3665403717959009e-14
7.1708852387705366e-14
5.4010364394531275e-14
3.3409601446003537e-14
2.0094192353731183e-14
7.7393770491199488e-15
5.8624418253302191e-15
8.0216515353710820e-15
-2.5406539937197648e-14
2.9868278179271409e-14
1.4148844563613350e-14
2.8749490116938419e-14
4.9624564512520494e-14
7.3407268441961896e-14
8.3721805267779370e-14
6.8813727544913285e-14
5.3872329820883192e-14
7.6019744142440394e-14
8.1486603011694466e-14
3.9344953220173632e-14
1.3164644763227562e-14
-6.4258680606544043e-15
-1.6555955051295248e-14
-1.7308026933420243e-14
-3.4788379910490639e-14
-4.8240265439893170e-14
-4.1160311952568071e-14
-3.6391229950289699e-14
-4.5209201571196924e-14
-4.8306814129053899e-14
-5.1333480962441258e-14
-6.8170578300050249e-14
-7.9187556010543902e-14
-8.1553565640167818e-14
-1.1079533209710009e-13
-1.0413685418622017e-13
-1.1586767767969566e-13
-1.1894040672572198e-13
-1.3414352355363450e-13
-1.3947283718377733e-13
-1.4226327984249261e-13
-1.5258858114696441e-13
-1.7769026422063443e-13
-1.9263119009327757e-13
-2.0354152041917535e-13
-2.2743439303628332e-13
-2.5938270072326387e-13
-3.2294270478973312e-13
-3.5309764891859674e-13
-3.9047180185540537e-13
-4.3462727290143822e-13
-4.8649421223351101e-13
-5.2410767369499803e-13
-5.8223278019594443e-13
-6.4375742127020082e-13
-6.6955757362391370e-13
-6.9367270789259133e-13
-7.4064973006146750e-13
-8.0093396447910339e-13
-8.4210577177601996e-13
-9.0612000970321954e-13
-1.0136243483967319e-12
-1.0896381222077142e-12
-1.1938891110310175e-12
-1.2866266701556010e-12
-1.4406637851341629e-12
-1.5977849283200525e-12
-1.7325248103719677e-12
-1.9237492762019663e-12
-2.1110833135061439e-12
-2.3220684990877793e-12
-2.5701460645998570e-12
-2.7943146929869369e-12
-3.0449668215688660e-12
-3.3812030637489958e-12
-3.6933880175398680e-12
-4.0553983333780792e-12
-4.4898964171790877e-12
-4.9398923577222517e-12
-5.4765244371162713e-12
-6.0672775267826519e-12
-6.6978650120886270e-12
-7.3985381477828985e-12
-8.1653713070942720e-12
-8.9907176437563553e-12
-9.9245078623440737e-12
-1.0873131550313006e-11
-1.1929583004256128e-11
-1.3035891223238546e-11
-1.4218442230122790e-11
-1.5512192685748533e-11
-1.6861572798065393e-11
-1.8313930453832181e-11
-1.9888354357953998e-11
-2.1553754638315454e-11
-2.3308659129113594e-11
-2.5184634801675814e-11
-2.7157407205667359e-11
-2.9203877894268000e-11
-3.1361520514614812e-11
-3.3608219623380687e-11
-3.5949216802834227e-11
-3.8342642808551801e-11
-4.0806962266185070e-11
-4.3319503420613538e-11
-4.5899099406355560e-11
-4.8526678370901519e-11
-5.1210768670918460e-11
-5.3896245925212016e-11
-5.6658961373357737e-11
-5.9391661939648222e-11
-6.2154644306112783e-11
-6.4920689578274028e-11
-6.7676001294790101e-11
-7.0374359493989626e-11
-7.3035748859104332e-11
-7.5619734386406057e-11
-7.8142888364524629e-11
-8.0583352788211815e-11
-8.2914049517166094e-11
-8.5084422557537748e-11
-8.7162553624659236e-11
-8.9112880708668015e-11
-9.0902344364428739e-11
-9.2469821731146454e-11
-9.3968941424067921e-11
-9.5230539345537961e-11
-9.6299912956939796e-11
-9.7147419154082860e-11
-9.7876168045210552e-11
-9.8378192332163025e-11
-9.8637769707488385e-11
-9.8712981928533175e-11
-9.8574053577492987e-11
-9.8245611326191543e-11
-9.7705556269682384e-11
-9.6911699553063707e-11
-9.5964330625263979e-11
-9.4824833920543939e-11
-9.3493503866902903e-11
-9.2023317651715576e-11
-9.0378394129948361e-11
-8.8587534730744342e-11
-8.6628741289740165e-11
-8.4523686194013834e-11
-8.2294596442209810e-11
-7.9938767440976166e-11
-7.7475437752998548e-11
-7.4956998076584663e-11
-7.2392971639364573e-11
-6.9764097236411431e-11
-6.7090797055861522e-11
-6.4416777195605186e-11
-6.1708449186768156e-11
-5.9027325823004542e-11
-5.6357618586563887e-11
-5.3691219417927263e-11
-5.1033910290718196e-11
-4.8448349450367759e-11
-4.5874497627090925e-11
-4.3310465490209856e-11
-4.0855509494135940e-11
-3.8434892710366564e-11
-3.6075068073688405e-11
-3.3821907820605627e-11
-3.1625880766096579e-11
-2.9535921352391833e-11
-2.7544502045150866e-11
-2.5621485078096537e-11
-2.3807258198136269e-11
-2.2081577119519842e-11
-2.0426456056847157e-11
-1.8893251929557104e-11
-1.7411546095885767e-11
-1.6033897748802848e-11
-1.4724094028741938e-11
-1.3483572447704951e-11
-1.2336081302458942e-11
-1.1278602708314393e-11
-1.0246981857289144e-11
-9.3314679929881023e-12
-8.4771919346521117e-12
-7.6817704488710848e-12
-6.9655796367093988e-12
-6.3379966467481223e-12
-5.7238616647333101e-12
-5.1883641974415501e-12
-4.7037612961747336e-12
-4.2623741282304801e-12
-3.8200853757748189e-12
-3.4560104026155756e-12
-3.1154850746682235e-12
-2.7934518727163856e-12
-2.5081048944030999e-12
-2.2358855339028411e-12
-2.0060150204436157e-12
-1.7978667604643457e-12
-1.6156648606902074e-12
-1.4371988372303726e-12
-1.2758389410097109e-12
-1.1352834673546226e-12
-1.0210431383313335e-12
-8.8771249840994893e-13
-7.5515639588135487e-13
-6.6206065694441205e-13
-5.6149581730778727e-13
-4.6620825048172364e-13
-3.7243027661726696e-13
-2.8746355116436087e-13
-2.3665553780107776e-13
-2.1029889601495884e-13
-1.7975464339606638e-13
-1.4484306443631939e-13
-1.2020464915997829e-13
-1.1708832573333083e-13
-1.0379613316258910e-13
-8.2377923994431973e-14
-7.8728287107199490e-14
-8.5276897080728681e-14
-8.6790850071749601e-14
-9.7704775848422537e-14
-1.1699678343429472e-13
-1.0439254077450287e-13
-1.1729613529793435e-13
-8.8466036548887961e-14
-7.5040456286746542e-14
-6.1801355903069942e-14
-6.2085680723734176e-14
-5.8025848491390088e-14
-6.4434442947477197e-14
-6.7857614344537917e-14
-7.0177497910884535e-14
-6.5927793101191962e-14
-6.3662154735133312e-14
-6.6300231239063586e-14
-5.8422034726500723e-14
-7.3940694829117562e-14
-7.6164717469254746e-14
-8.3874620958920221e-14
-5.8354777708807190e-14
-2.9528937685245985e-14
2.3157684186515445e-15
-1.5986173882370626e-14
3.0536636771187829e-14
3.8514393918889753e-14
4.0588865800706816e-14
4.0539584790921337e-14
6.1066578591962987e-14
9.7012745744393573e-14
7.7862947500887297e-14
8.1296094096879163e-14
1.1261394694990995e-13
8.2397203955399514e-14
5.2483487881341093e-14
6.3494626728563738e-14
6.6935917507238041e-14
9.4558736805103630e-14
9.9009505904477123e-14
9.4655260902579363e-14
1.2795551218516796e-13
1.2802136265723131e-13
1.1558227671525323e-13
1.1360911438295495e-13
1.1565064568777291e-13
1.3619026253819667e-13
8.3314740168040732e-14
8.1107271242674251e-14
2.8364189056126865e-14
-4.7264580044219624e-15
-3.4930233340250720e-14
-5.1582277802666911e-14
-6.6207271088552358e-14
-4.0759049234655905e-14
-5.9148438696704404e-14
-8.0471895668943827e-14
-4.1588434618934006e-14
-2.7112384815921760e-14
-1.9522589819468250e-14
-1.6033849467240708e-14
-1.6733907723498499e-14
6.1727996274744954e-15
6.4655737275723476e-15
-6.5342085720941484e-15
1.7895874535956554e-14
1.6046777567625844e-14
-8.9488751902178641e-17
-2.9503528114666614e-15
-5.8176163065628912e-15
1.0027239943966837e-14
1.2516194526673528e-15
-1.3336436110815499e-14
-6.0155436362591010e-15
-7.7877452100388574e-15
-1.0612808644170057e-14
-1.5628540999021657e-14
-2.9775645762569820e-14
-1.3854944962117334e-14
-3.2650066752510674e-14
-3.3045213714112995e-14
-1.4729709170359892e-14
-1.5616021125292516e-14
-1.9419789289858355e-14
-2.6105805043953717e-14
-2.0946831838412567e-14
-3.0402546955030842e-15
-1.9196572306459734e-14
-1.8763182144873020e-14
-1.1748147111752697e-14
-9.7626594825215829e-15
6.4161984128722298e-16
-1.0187616678157879e-14
-6.3327951194823234e-15
-1.9024672092775863e-14
1.6886548806935421e-15
1.2338579099259998e-15
-8.8313856199597272e-15
5.4367029200740382e-15
7.2648665187494013e-15
-1.6220616826068065e-14
6.6666935824990281e-15
-2.2766238911222893e-14
9.0769897234429709e-15
1.1362736534369103e-14
-1.0792595233067767e-14
1.4658089769410944e-14
8.0356741087493233e-15
7.1104079090203246e-15
1.7661491980551300e-14
5.2742683460154706e-15
4.9588181079622444e-15
2.6191769844975696e-14
4.2366186994925477e-14
4.1098334960207382e-14
5.5370106755845872e-14
6.4993679034833166e-14
6.0147034959156593e-14
3.4404994285039736e-14
5.3006863894361966e-14
2.8045991892045852e-14
4.1849738946980636e-14
3.9866524342100013e-14
5.7168402077397461e-14
5.3255602972519129e-14
6.0510672248379171e-14
2.5008828555878803e-14
2.8148784101594215e-14
3.5288549020346814e-14
2.5219286281044352e-14
3.4967655853806177e-14
4.8092662041641317e-14
4.8263324117429035e-14
6.2609315876583728e-14
2.9781266648008534e-14
5.2153009983207731e-14
3.3663790223900779e-14
1.6370381179573843e-14
3.3897071089804263e-14
3.0796196079106336e-14
3.7669686482409849e-14
5.7292442094701392e-14
1.1132824315037768e-14
3.1347353822114930e-14
2.3642514732296006e-14
3.0215747335185394e-14
2.9514188601742917e-14
3.5047214400261879e-14
3.8536714688093212e-14
4.4111096635831159e-14
1.0933770698169231e-14
2.2822077646253568e-14
2.7335722604425826e-14
1.9930223189124891e-14
2.5056311697181063e-14
2.5867382129885180e-14
4.1441520876936028e-14
4.2218341778337865e-14
1.4242421094406838e-14
5.0100306523589069e-15
2.9470577416422604e-14
6.5904075163000343e-15
-1.1501009950003362e-14
2.5182218956578484e-14
6.7827464275576155e-15
2.3843700348214972e-14
-1.7796228759253814e-15
2.1896809060826392e-14
4.7738425786980911e-14
1.6661734610175254e-14
3.0189481192576523e-14
4.1596375732848717e-14
4.5788806991740633e-14
4.9004104578573704e-14
3.4510687383338487e-14
2.5910518667265272e-14
3.1745886271459002e-14
1.1278682119603994e-14
2.3733533518719305e-14
2.3566952421523654e-14
1.3077055955302800e-14
2.7157827962151783e-14
2.4300403147346048e-14
-1.0877780608698703e-15
6.3497476157239904e-15
-1.7441932070342186e-14
-1.4768999897876708e-14
3.0098757134159668e-15
-2.1419963781756830e-15
-1.2454168642179091e-14
-9.4293922535389495e-15
-1.9936000393498290e-15
1.6012855067216190e-14
5.5982658701415785e-15
3.5740766972258717e-15
8.3855002368890626e-16
2.0427864056906987e-15
8.5605690229999406e-15
-4.0463158534822582e-15
-1.6428913200910704e-14
1.7380221789776921e-15
