-2.5633486126608516e-14
-8.5570861296725370e-15
-8.5696389780909775e-15
0.0000000000000000e+00
1.7189260147380868e-14
-1.7214135759824428e-14
8.6194668985104920e-15
-8.6318269101172431e-15
0.0000000000000000e+00
-1.2984643555757399e-14
0.0000000000000000e+00
-8.6808725153711548e-15
4.3465171088462326e-15
-1.3057733409929228e-14
-1.0896545582640614e-14
8.7292765806328340e-15
2.1853189337873306e-14
3.5012934860578367e-14
4.1634463956451968e-14
3.7302357508464608e-14
5.9324794677025257e-14
4.6203410494007702e-14
5.0671291524291979e-14
4.4120524917710548e-14
1.8776008657283683e-14
5.5296185655335526e-14
5.8690660010806102e-14
2.8829131833805271e-14
5.2736834376406338e-14
3.6129602060540880e-14
4.0071797742072743e-14
4.3466490882214109e-14
5.2170184754621936e-14
8.2125121217230181e-14
7.6075122608093868e-14
1.0781437980157747e-13
1.2280877836942971e-13
1.2745228725393289e-13
1.3604129623503947e-13
1.7673224776764040e-13
2.1639402935844898e-13
2.8266810695707369e-13
3.7451980354308112e-13
5.2371083358247734e-13
7.3157614610842763e-13
1.0340354951270317e-12
1.5006616800401475e-12
2.1956662562560941e-12
3.1630714918289130e-12
4.5518908228166107e-12
6.5642698600495673e-12
9.4329439753586739e-12
1.3542556981817286e-11
1.9382440304341973e-11
2.7700682038779350e-11
3.9517003233174807e-11
5.6250505486991257e-11
7.9949382700196651e-11
1.1338401687899186e-10
1.6043320357840297e-10
2.2656736846169606e-10
3.1927013246984544e-10
4.4897783193755032e-10
6.3007571221828993e-10
8.8233632328414218e-10
1.2330216705747085e-09
1.7194480912205592e-09
2.3928103199238319e-09
3.3228413835928569e-09
4.6046940685556139e-09
6.3676921044626326e-09
8.7872621746428515e-09
1.2100785616883052e-08
1.6628889096435840e-08
2.2803526808412663e-08
3.1205398056311156e-08
4.2613350283913842e-08
5.8069905526209831e-08
7.8966910753859997e-08
1.0715885064190234e-07
1.4511077162495112e-07
1.9609211972223947e-07
2.6442922750303116e-07
3.5583403606426969e-07
4.7783101763798413e-07
6.4030949654730374e-07
8.5623774204383677e-07
1.1425824866878088e-06
1.5214914791909672e-06
2.0218097094745284e-06
2.6810185144589947e-06
3.5477100582807285e-06
4.6847368750644747e-06
6.1732101716400869e-06
8.1175636502027586e-06
1.0651950020157032e-05
1.3948301067452143e-05
1.8226458242356503e-05
2.3766872297890067e-05
3.0926484676038373e-05
4.0158534757729808e-05
5.2037202008145498e-05
6.7288181574687005e-05
8.6826525728758607e-05
1.1180335397466861e-04
1.4366335926657375e-04
1.8421541941268367e-04
2.3571906940025986e-04
3.0099011514950831e-04
3.8352927996689539e-04
4.8767848228660856e-04
6.1881016504567810e-04
7.8355603732443654e-04
9.9008267255491019e-04
1.2484226385953531e-03
1.5708712365717328e-03
1.9724605071769542e-03
2.4715239428321741e-03
3.0903673320473949e-03
3.8560633771200902e-03
4.8013901685018973e-03
5.9659362892517335e-03
7.3973982496226623e-03
9.1530991305650809e-03
1.1301760722880232e-02
1.3925565084855381e-02
1.7122545274003777e-02
2.1009349010382809e-02
2.5724423152145542e-02
3.1431671053031254e-02
3.8324639052860432e-02
4.6631292435236310e-02
5.6619445068229871e-02
6.8602910492981561e-02
8.2948445298846499e-02
1.0008355805297031e-01
1.2050525864596454e-01
1.4478982346862557e-01
1.7360365110915707e-01
2.0771528101458059e-01
2.4800864352188062e-01
2.9549760355797278e-01
3.5134185184588151e-01
4.1686418634412137e-01
4.9356921260248887e-01
5.8316347446502825e-01
6.8757700583221149e-01
8.0898626978883170e-01
9.4983842312815958e-01
1.1128768120304195e+00
1.3011675683261550e+00
1.5181271354157231e+00
1.7675505086413990e+00
2.0536399269507686e+00
2.3810337013929197e+00
2.7548348118450305e+00
3.1806388469986646e+00
3.6645608048327092e+00
4.2132602125015843e+00
4.8339639668778585e+00
5.5344862411716944e+00
6.3232447505207201e+00
7.2092726217580179e+00
8.2022250714066818e+00
9.3123800630973079e+00
1.0550632092910536e+01
1.1928478240507754e+01
1.3457995627204349e+01
1.5151809441204243e+01
1.7023050726777079e+01
1.9085303189787574e+01
2.1352538348038642e+01
2.3839038452425651e+01
2.6559306724651574e+01
2.9527964599545950e+01
3.2759635824724022e+01
3.6268817456773590e+01
4.0069738000159319e+01
4.4176203160794707e+01
4.8601429928340167e+01
5.3357869956714410e+01
5.8457023477401059e+01
6.3909245250658046e+01
6.9723544330887975e+01
7.5907379688925928e+01
8.2466453990130816e+01
8.9404508066916861e+01
9.6723118841501474e+01
1.0442150364288523e+02
1.1249633401519300e+02
1.2094156222650277e+02
1.2974826375256779e+02
1.3890449902335496e+02
1.4839519767776216e+02
1.5820206846979920e+02
1.6830353780552576e+02
1.7867471966289207e+02
1.8928741935637049e+02
2.0011017325631374e+02
2.1110832616214464e+02
2.2224414756308914e+02
2.3347698750589396e+02
2.4476347223297378e+02
2.5605773916510526e+02
2.6731171018972685e+02
2.7847540158973356e+02
2.8949726831978717e+02
3.0032457971961753e+02
3.1090382315891259e+02
3.2118113154858969e+02
3.3110273014067792e+02
3.4061539758536952e+02
3.4966693582984885e+02
3.5820664313899084e+02
3.6618578430132175e+02
3.7355805196147446e+02
3.8028001299771205e+02
3.8631153394289981e+02
3.9161617963042323e+02
3.9616157953172694e+02
3.9991975663585316e+02
4.0286741419803042e+02
4.0498617624628980e+02
4.0626277837273693e+02
4.0668920603819538e+02
4.0626277837274620e+02
4.0498617624630816e+02
4.0286741419805793e+02
3.9991975663588966e+02
3.9616157953177213e+02
3.9161617963047695e+02
3.8631153394296177e+02
3.8028001299778202e+02
3.7355805196155177e+02
3.6618578430140610e+02
3.5820664313908151e+02
3.4966693582994543e+02
3.4061539758547138e+02
3.3110273014078439e+02
3.2118113154870031e+02
3.1090382315902662e+02
3.0032457971973429e+02
2.8949726831990614e+02
2.7847540158985419e+02
2.6731171018984878e+02
2.5605773916522782e+02
2.4476347223309639e+02
2.3347698750601614e+02
2.2224414756321053e+02
2.1110832616226472e+02
2.0011017325643212e+02
1.8928741935648679e+02
1.7867471966300567e+02
1.6830353780563664e+02
1.5820206846990686e+02
1.4839519767786643e+02
1.3890449902345563e+02
1.2974826375266468e+02
1.2094156222659581e+02
1.1249633401528200e+02
1.0442150364297012e+02
9.6723118841582234e+01
8.9404508066993472e+01
8.2466453990203334e+01
7.5907379688994340e+01
6.9723544330952365e+01
6.3909245250718406e+01
5.8457023477457589e+01
5.3357869956767125e+01
4.8601429928389265e+01
4.4176203160840267e+01
4.0069738000201482e+01
3.6268817456812492e+01
3.2759635824759854e+01
2.9527964599578851e+01
2.6559306724681672e+01
2.3839038452453124e+01
2.1352538348063632e+01
1.9085303189810190e+01
1.7023050726797500e+01
1.5151809441222623e+01
1.3457995627220782e+01
1.1928478240522423e+01
1.0550632092923593e+01
9.3123800631089058e+00
8.2022250714170042e+00
7.2092726217670862e+00
6.3232447505287253e+00
5.5344862411786995e+00
4.8339639668839762e+00
4.2132602125069250e+00
3.6645608048373184e+00
3.1806388470026321e+00
2.7548348118484887e+00
2.3810337013958729e+00
2.0536399269532555e+00
1.7675505086435110e+00
1.5181271354174743e+00
1.3011675683276369e+00
1.1128768120316133e+00
9.4983842312912892e-01
8.0898626978963006e-01
6.8757700583283887e-01
5.8316347446553674e-01
4.9356921260289843e-01
4.1686418634445305e-01
3.5134185184615019e-01
2.9549760355813781e-01
2.4800864352199384e-01
2.0771528101467901e-01
1.7360365110918410e-01
1.4478982346862063e-01
1.2050525864593015e-01
1.0008355805289665e-01
8.2948445298772877e-02
6.8602910492856495e-02
5.6619445068119577e-02
4.6631292435135890e-02
3.8324639052742943e-02
3.1431671052913834e-02
2.5724423152029840e-02
2.1009349010262229e-02
1.7122545273847069e-02
1.3925565084677479e-02
1.1301760722675452e-02
9.1530991304129596e-03
7.3973982494671998e-03
5.9659362891032620e-03
4.8013901683575536e-03
3.8560633769295014e-03
3.0903673319066858e-03
2.4715239426606767e-03
1.9724605070227251e-03
1.5708712364135989e-03
1.2484226384607178e-03
9.9008267241636389e-04
7.8355603722018823e-04
6.1881016491417045e-04
4.8767848218417260e-04
3.8352927980546295e-04
3.0099011503076546e-04
2.3571906926515886e-04
1.8421541931620041e-04
1.4366335920301310e-04
1.1180335391912187e-04
8.6826525706051430e-05
6.7288181565571412e-05
5.2037201999037285e-05
4.0158534735077524e-05
3.0926484642187447e-05
2.3766872291125476e-05
1.8226458222079639e-05
1.3948301053945583e-05
1.0651949999914340e-05
8.1175636434609489e-06
6.1732101379600054e-06
4.6847367764211641e-06
3.5477099731721086e-06
2.6810184294251971e-06
2.0218096110911497e-06
1.5214913864511931e-06
1.1425823482779945e-06
8.5623760930512626e-07
6.4030940176417517e-07
4.7783092017409358e-07
3.5583395366225517e-07
2.6442912745737111e-07
1.9609204804109269e-07
1.4511072664015409e-07
1.0715877244584297e-07
7.8966855318230568e-08
5.8069846255500825e-08
4.2613313712598915e-08
3.1205344957903814e-08
2.2803503545866717e-08
1.6628874073436098e-08
1.2100759097643648e-08
8.7872131526083160e-09
6.3676365394194123e-09
4.6046418529682430e-09
3.3227669952593811e-09
2.3927431433046619e-09
1.7194198106693064e-09
1.2329721539925303e-09
8.8230081727277846e-10
6.3003869140614985e-10
4.4894085049450787e-10
3.1922164626228206e-10
2.2651893445408470e-10
1.6040786086429874e-10
1.1335179766497251e-10
7.9917198809294271e-11
5.6232134975728363e-11
3.9480302974773902e-11
2.7647984297928080e-11
1.9327513091293890e-11
1.3473975498114631e-11
9.3986921816936100e-12
6.5254955071583780e-12
4.5279694746486561e-12
3.1221108538052291e-12
2.1456614346850450e-12
1.4688776202510975e-12
9.9095068283007241e-13
6.6815778050150513e-13
4.4566321475485116e-13
3.1407693932119630e-13
1.7603283307506386e-13
9.8053544553047196e-14
3.4333334757407844e-14
-3.2604938767075573e-14
-3.8460271704380626e-14
-8.0190206880495188e-14
-6.3288441130276627e-14
-8.0270441869569654e-14
-9.3019269950128059e-14
-8.3416498618352709e-14
-8.6375719060810082e-14
-1.0240570534085258e-13
-9.3381125325705656e-14
-7.2721318982202440e-14
-5.0450980709159230e-14
-5.4261176236405625e-14
-4.0919177384948295e-14
-1.3253653169847305e-14
-1.1030131229427637e-14
-1.3218597788945733e-14
-1.6501218033574180e-14
-2.4169360794343622e-14
-1.3165537944163980e-14
-1.5339013036587566e-14
-1.7506467430289183e-14
-4.3706378675746613e-15
0.0000000000000000e+00
-1.3075854699168737e-14
-8.7051556066194861e-15
-8.6930342176924651e-15
-8.6808725153711548e-15
0.0000000000000000e+00
-2.1641072592928997e-14
-2.1610369239551664e-14
-3.0211394185410352e-14
-5.1716801391062958e-14
-5.1642407279473284e-14
-3.4378520294761736e-14
-5.1492922197977803e-14
-4.2848194890454886e-14
-5.9899602907707772e-14
-4.2722476877680858e-14
-5.9723068560640896e-14
-6.8153608293898712e-14
-5.1038987378556636e-14
-5.0962546434518957e-14
-5.0885884727414542e-14
-5.0809003598696956e-14
-5.0731904392130992e-14
-5.0654588453753693e-14
-5.0577057131835549e-14
-6.7332415702455408e-14
-8.4035589568987139e-14
-5.0343184380224934e-14
-5.0264805050154462e-14
-6.6914956146712748e-14
-6.6809895894291655e-14
-6.6704561126695140e-14
-6.6598953663571499e-14
-8.3116344158849505e-14
-4.9790195956377687e-14
-4.9710385001150674e-14
-8.2717291669437918e-14
-6.6066889775566795e-14
-9.8939526733273906e-14
-9.8778328967293588e-14
-1.3148899216376869e-13
-1.3127303328057683e-13
-9.8292424243736609e-14
-1.6354949123225021e-13
-1.9593317843358807e-13
-1.3040414726456085e-13
-1.6273210201555996e-13
-1.6245840712887035e-13
-1.2974728324367988e-13
-1.2952735794473413e-13
-1.2930695352005206e-13
-1.2908607368658129e-13
-1.2886472216432062e-13
-1.6080362834527130e-13
-9.6315464211046845e-14
-9.6148406031293124e-14
-6.3987336844187621e-14
-6.3875509810862509e-14
-6.3763458122291546e-14
-4.7738387735783719e-14
-6.3538688257473909e-14
-7.9282467278740651e-14
-7.9141302770866783e-14
-6.3199895311963374e-14
-6.3086534983098811e-14
-6.2972963105254907e-14
-4.7144386165796040e-14
-6.2745192207238258e-14
-6.2630996941211735e-14
-6.2516597634396824e-14
-7.8002495206850204e-14
-6.2287194413702557e-14
-7.7715242823510813e-14
-7.7571246976245594e-14
-6.1941606260867075e-14
-4.6369516634530708e-14
-7.7137809022218157e-14
-5.3894997850379631e-14
-3.8423832612807693e-14
