-8.5444953755361714e-15
-1.7114172259345074e-14
1.7139277956181955e-14
8.5821536996629672e-15
8.5946300736904339e-15
0.0000000000000000e+00
8.6194668985104920e-15
0.0000000000000000e+00
-4.3220738479103324e-15
-4.3282145185857997e-15
1.7337341432379926e-14
1.7361745030742310e-14
4.3465171088462326e-15
1.3057733409929228e-14
2.1793091165281230e-15
6.5469574354746251e-15
1.9667870404085979e-14
1.0941542143930740e-14
3.7251888803141238e-14
3.9496613832491943e-14
5.2733150824022456e-14
3.4102517269386636e-14
2.9741845025127899e-14
4.4120524917710548e-14
2.4298364144720057e-14
2.8754016540774475e-14
5.5368547180005750e-14
4.8787761564901229e-14
3.7193346349676058e-14
4.2243842409247798e-14
2.7827637320883845e-14
2.4519558959197700e-14
5.3565109480681345e-14
4.7487314989554875e-14
6.7125108183612245e-14
6.9449262833223922e-14
9.3087932462672743e-14
1.0499373443385661e-13
1.4053852916842918e-13
1.7279235689383948e-13
1.8370951450743326e-13
2.6404924961259573e-13
3.7847400961367169e-13
5.3162870795629456e-13
7.2704626285079029e-13
1.0431059819263917e-12
1.4983913900552155e-12
2.1831650508633320e-12
3.1448667638183872e-12
4.5404997046413941e-12
6.5597081714741328e-12
9.4283770695366637e-12
1.3547129080730795e-11
1.9384728938218974e-11
2.7709846863275225e-11
3.9526178297775032e-11
5.6268875998254152e-11
7.9953980398896983e-11
1.1338401687899186e-10
1.6045163464320603e-10
2.2658351313089982e-10
3.1929322114011370e-10
4.4898938863850103e-10
6.3007802601904872e-10
8.8233755379125714e-10
1.2330146918795252e-09
1.7194608607060308e-09
2.3927862032327831e-09
3.3228364398918548e-09
4.6046939793118024e-09
6.3676959265082164e-09
8.7872608588979611e-09
1.2100788202554506e-08
1.6628902576185842e-08
2.2803509123416167e-08
3.1205401951090282e-08
4.2613372387380339e-08
5.8069903767466539e-08
7.8966910996963813e-08
1.0715884785346589e-07
1.4511077017194260e-07
1.9609210675397409e-07
2.6442920137950174e-07
3.5583403223497985e-07
4.7783104397303287e-07
6.4030951851335643e-07
8.5623773285525661e-07
1.1425824730897039e-06
1.5214914868506491e-06
2.0218097182927288e-06
2.6810184852800090e-06
3.5477100302297760e-06
4.6847368537192106e-06
6.1732101514320390e-06
8.1175636557878567e-06
1.0651949999914340e-05
1.3948301085394622e-05
1.8226458215320685e-05
2.3766872265227738e-05
3.0926484610659688e-05
4.0158534782507703e-05
5.2037201948277677e-05
6.7288181502361789e-05
8.6826525603203524e-05
1.1180335383541872e-04
1.4366335906832229e-04
1.8421541913608302e-04
2.3571906901394474e-04
3.0099011466412531e-04
3.8352927937147530e-04
4.8767848159064650e-04
6.1881016417336611e-04
7.8355603620947252e-04
9.9008267120945801e-04
1.2484226369101851e-03
1.5708712344556009e-03
1.9724605046001530e-03
2.4715239395774651e-03
3.0903673280440781e-03
3.8560633721164668e-03
4.8013901623700592e-03
5.9659362817065104e-03
7.3973982403736952e-03
9.1530991191970182e-03
1.1301760708985748e-02
1.3925565067900001e-02
1.7122545253383671e-02
2.1009348985351149e-02
2.5724423121799563e-02
3.1431671016345114e-02
3.8324639008578097e-02
4.6631292381908496e-02
5.6619445004203850e-02
6.8602910416204560e-02
8.2948445207058602e-02
1.0008355794339968e-01
1.2050525851555964e-01
1.4478982331370566e-01
1.7360365092554608e-01
2.0771528079744633e-01
2.4800864326565206e-01
2.9549760325631169e-01
3.5134185149156022e-01
4.1686418592882973e-01
4.9356921211686738e-01
5.8316347389841361e-01
6.8757700517259057e-01
8.0898626902267945e-01
9.4983842224031767e-01
1.1128768110038281e+00
1.3011675671419067e+00
1.5181271340526463e+00
1.7675505070761448e+00
2.0536399251574053e+00
2.3810336993429577e+00
2.7548348095071251e+00
3.1806388443384788e+00
3.6645608018128368e+00
4.2132602090813762e+00
4.8339639630132201e+00
5.5344862368150940e+00
6.3232447456210430e+00
7.2092726162604555e+00
8.2022250652528381e+00
9.3123800562250327e+00
1.0550632085254239e+01
1.1928478231998309e+01
1.3457995617769290e+01
1.5151809430768056e+01
1.7023050715261402e+01
1.9085303177111541e+01
2.1352538334119416e+01
2.3839038437178740e+01
2.6559306707991503e+01
2.9527964581386875e+01
3.2759635804980476e+01
3.6268817435361214e+01
4.0069737976995796e+01
4.4176203135800669e+01
4.8601429901440241e+01
5.3357869927838109e+01
5.8457023446484207e+01
6.3909245217643658e+01
6.9723544295727606e+01
7.5907379651580769e+01
8.2466453950573012e+01
8.9404508025130582e+01
9.6723118797484261e+01
1.0442150359664892e+02
1.1249633396676491e+02
1.2094156217592669e+02
1.2974826369990473e+02
1.3890449896868395e+02
1.4839519762118096e+02
1.5820206841142459e+02
1.6830353774549400e+02
1.7867471960135859e+02
1.8928741929351042e+02
2.0011017319232081e+02
2.1110832609723121e+02
2.2224414749748505e+02
2.3347698743984566e+02
2.4476347216674313e+02
2.5605773909896794e+02
2.6731171012397056e+02
2.7847540152465615e+02
2.8949726825569479e+02
3.0032457965682192e+02
3.1090382309772889e+02
3.2118113148933384e+02
3.3110273008366397e+02
3.4061539753090705e+02
3.4966693577823980e+02
3.5820664309052722e+02
3.6618578425628249e+02
3.7355805192012298e+02
3.8028001296029390e+02
3.8631153390963948e+02
3.9161617960152296e+02
3.9616157950736391e+02
3.9991975661617784e+02
4.0286741418316512e+02
4.0498617623632765e+02
4.0626277836774028e+02
4.0668920603819538e+02
4.0626277837774313e+02
4.0498617625627065e+02
4.0286741421292322e+02
3.9991975665556504e+02
3.9616157955613522e+02
3.9161617965937728e+02
3.8631153397622188e+02
3.8028001303520011e+02
3.7355805200290297e+02
3.6618578434644513e+02
3.5820664318754490e+02
3.4966693588155420e+02
3.4061539763993363e+02
3.3110273019779805e+02
3.2118113160795599e+02
3.1090382322021026e+02
3.0032457978252995e+02
2.8949726838399863e+02
2.7847540165493172e+02
2.6731171025560519e+02
2.5605773923136525e+02
2.4476347229932711e+02
2.3347698757206453e+02
2.2224414762881472e+02
2.1110832622717825e+02
2.0011017332042510e+02
1.8928741941934703e+02
1.7867471972453916e+02
1.6830353786566843e+02
1.5820206852828139e+02
1.4839519773444761e+02
1.3890449907812661e+02
1.2974826380532772e+02
1.2094156227717180e+02
1.1249633406370998e+02
1.0442150368920635e+02
9.6723118885599405e+01
8.9404508108779680e+01
8.2466454029761138e+01
7.5907379726339485e+01
6.9723544366112719e+01
6.3909245283732808e+01
5.8457023508374434e+01
5.3357869985643404e+01
4.8601429955289213e+01
4.4176203185834247e+01
4.0069738023364934e+01
3.6268817478224811e+01
3.2759635844503364e+01
2.9527964617737837e+01
2.6559306741341679e+01
2.3839038467699964e+01
2.1352538361982802e+01
1.9085303202486173e+01
1.7023050738313170e+01
1.5151809451658790e+01
1.3457995636655822e+01
1.1928478249031922e+01
1.0550632100579930e+01
9.3123800699812005e+00
8.2022250775709189e+00
7.2092726272646992e+00
6.3232447554284361e+00
5.5344862455353008e+00
4.8339639707486119e+00
4.2132602159271677e+00
3.6645608078572112e+00
3.1806388496628766e+00
2.7548348141864616e+00
2.3810337034458846e+00
2.0536399287466578e+00
1.7675505102088125e+00
1.5181271367805609e+00
1.3011675695119378e+00
1.1128768130582423e+00
9.4983842401703755e-01
8.0898627055579464e-01
6.8757700649249676e-01
5.8316347503217492e-01
4.9356921308857676e-01
4.1686418675976311e-01
3.5134185220049130e-01
2.9549760385980384e-01
2.4800864377822981e-01
2.0771528123182559e-01
1.7360365129283686e-01
1.4478982362354298e-01
1.2050525877638907e-01
1.0008355816246482e-01
8.2948445390629483e-02
6.8602910569680112e-02
5.6619445132194614e-02
4.6631292488475952e-02
3.8324639097074238e-02
3.1431671089653786e-02
2.5724423182420967e-02
2.1009349035345966e-02
1.7122545294508854e-02
1.3925565101636311e-02
1.1301760736608704e-02
9.1530991417781669e-03
7.3973982587557177e-03
5.9659362966387516e-03
4.8013901745025582e-03
3.8560633818924728e-03
3.0903673359271742e-03
2.4715239459182289e-03
1.9724605096383269e-03
1.5708712385091683e-03
1.2484226401458856e-03
9.9008267375497215e-04
7.8355603828561820e-04
6.1881016581664993e-04
4.8767848286764823e-04
3.8352928038840609e-04
3.0099011546676278e-04
2.3571906962821122e-04
1.8421541963365044e-04
1.4366335944771775e-04
1.1180335410362217e-04
8.6826525850817668e-05
6.7288181671830286e-05
5.2037202065686357e-05
4.0158534794896658e-05
3.0926484662498003e-05
2.3766872323787805e-05
1.8226458242356503e-05
1.3948301112407741e-05
1.0651950026904594e-05
8.1175636378758508e-06
6.1732101267994078e-06
4.6847368279531951e-06
3.5477099944987478e-06
2.6810184250121884e-06
2.0218096212586203e-06
1.5214914100225050e-06
1.1425823540260550e-06
8.5623757832751895e-07
6.4030938371600953e-07
4.7783088553558213e-07
3.5583393193322135e-07
2.6442912804635611e-07
1.9609205044252477e-07
1.4511071982066039e-07
1.0715878188510725e-07
7.8966855075198432e-08
5.8069867928380705e-08
4.2613329123075603e-08
3.1205357057552737e-08
2.2803504684456912e-08
1.6628880996942977e-08
1.2100762550527071e-08
8.7872051356778669e-09
6.3676507971231765e-09
4.6046260431713631e-09
3.3227628692621979e-09
2.3927639743986235e-09
1.7194138401670021e-09
1.2329760860185479e-09
8.8229386852671805e-10
6.3004100520690864e-10
4.4893853915431770e-10
3.1923319059741614e-10
2.2652124083539956e-10
1.6041016474739910e-10
1.1333798943039276e-10
7.9914899959944099e-11
5.6227542347912636e-11
3.9468834144023621e-11
2.7627363442812360e-11
1.9309204020277863e-11
1.3448828954090324e-11
9.3712907467615582e-12
6.5118104414320755e-12
4.5017699028456577e-12
3.1016305347933874e-12
2.1252049167696158e-12
1.4416341404319119e-12
9.7507733093119235e-13
6.6136295561504923e-13
4.5358108912866828e-13
2.9487079554975623e-13
1.7603283307506386e-13
7.4385447591966832e-14
2.0262295922404631e-14
-2.8950937008696410e-14
-7.1867369024244082e-14
-8.6919455010326947e-14
-7.8690495387644844e-14
-8.6143888835635718e-14
-1.0503076727101548e-13
-8.4811423344412124e-14
-8.3032142839101292e-14
-8.0143595484145498e-14
-9.1157765198903128e-14
-9.2150679015615307e-14
-7.2627235965932513e-14
-4.0972724913204250e-14
-5.0872490802908696e-14
-2.5402835242207335e-14
-2.8678341196511859e-14
-2.0929446499164076e-14
-3.3002436067148359e-14
-4.1747077735684437e-14
-1.7554050592218639e-14
-1.7530300613242935e-14
-1.3129850572716887e-14
-8.7412757351493226e-15
-2.4005510596740288e-14
0.0000000000000000e+00
-2.1762889016548715e-14
-1.3039551326538698e-14
-2.6042617546113465e-14
-8.6686707161899631e-15
-2.5969287111514798e-14
-1.7288295391641330e-14
-3.0211394185410352e-14
-2.5858400695531479e-14
-5.1642407279473284e-14
-3.4378520294761736e-14
-3.4328614798651869e-14
-5.1417833868545868e-14
-5.9899602907707772e-14
-3.4177981502144685e-14
-5.1191201623406487e-14
-6.8153608293898712e-14
-5.9545485274982732e-14
-5.0962546434518957e-14
-5.0885884727414542e-14
-5.0809003598696956e-14
-5.0731904392130992e-14
-3.3769725635835796e-14
-5.0577057131835549e-14
-5.0499311776841559e-14
-6.7228471655189711e-14
-5.0343184380224934e-14
-5.0264805050154462e-14
-5.0186217110034558e-14
-6.6809895894291655e-14
-6.6704561126695140e-14
-8.3248692079464364e-14
-6.6493075327079602e-14
-8.2983659927296144e-14
-8.2850641668584457e-14
-8.2717291669437918e-14
-6.6066889775566795e-14
-9.8939526733273906e-14
-1.3170443862305810e-13
-9.8616744122826520e-14
-1.3127303328057683e-13
-1.3105656565831549e-13
-1.3083959298580017e-13
-1.3062211895572537e-13
-1.3040414726456085e-13
-9.7639261209335981e-14
-9.7475044277322222e-14
-9.7310462432759926e-14
-9.7145518458550601e-14
-1.2930695352005206e-13
-9.6814555264935956e-14
-9.6648541623240468e-14
-1.2864290267621704e-13
-1.2842061894806248e-13
-9.6148406031293124e-14
-9.5981005266281438e-14
-9.5813264716293758e-14
-7.9704322652864423e-14
-6.3651183647711621e-14
-6.3538688257473909e-14
-6.3425973822992519e-14
-6.3313042216693431e-14
-7.8999869139954220e-14
-6.3086534983098811e-14
-7.8716203881568647e-14
-6.2859181554394719e-14
-4.7058894155428690e-14
-6.2630996941211735e-14
-6.2516597634396824e-14
-6.2401996165480158e-14
-7.7858993017128184e-14
-4.6629145694106488e-14
-4.6542748185747354e-14
-4.6456204695650300e-14
-3.8641263862108925e-14
-3.0855123608887264e-14
-3.0797141628788358e-14
-1.5369533045123078e-14
