1.3261936444515664e-13
-5.4687866768002493e-15
9.6834648392413201e-14
6.0210614148751657e-13
5.4871682388887499e-13
4.5966437948065248e-13
2.3159003962599494e-14
-3.5466788437099287e-13
-8.2500132170043104e-13
3.8195516433692717e-13
1.1274358624145051e-14
8.5504003920513578e-13
6.4902307365034987e-13
6.9397338383305327e-13
4.5670840273306206e-13
1.3303397851944681e-12
2.7830836698046276e-12
2.9622789452704838e-12
4.4796873917887444e-12
6.9284673656125651e-12
9.1662751640645108e-12
1.2401235100630634e-11
1.7725967248048054e-11
2.4717378263160931e-11
3.4453010968581672e-11
4.9089800827603227e-11
6.7923808625164894e-11
9.6465561375888248e-11
1.3495040964057493e-10
1.8727990631715359e-10
2.5990162354568300e-10
3.6157309474355174e-10
5.0016067229309701e-10
6.9014646046708934e-10
9.5066078222631284e-10
1.3062067694066769e-09
1.7895095778994811e-09
2.4470065655117813e-09
3.3364643854248849e-09
4.5375073956888273e-09
6.1560408836429902e-09
8.3287099772300006e-09
1.1242716084506263e-08
1.5135815113422259e-08
2.0325899034280575e-08
2.7223520894875789e-08
3.6365853165580044e-08
4.8452653216373470e-08
6.4385392716427147e-08
8.5327755816710008e-08
1.1277945840668050e-07
1.4865393920940700e-07
1.9540415493701558e-07
2.5614254748517734e-07
3.3481397288296342e-07
4.3640553210862231e-07
5.6717981020461433e-07
7.3498517462134203e-07
9.4960798199248706e-07
1.2231976585949108e-06
1.5707659420875902e-06
2.0107773342603729e-06
2.5658181213049057e-06
3.2633691702307319e-06
4.1366679271460801e-06
5.2256647623918379e-06
6.5780378921063138e-06
8.2502613962736676e-06
1.0308669378978718e-05
1.2830421717729377e-05
1.5904307224653113e-05
1.9631183493329467e-05
2.4123875298278644e-05
2.9506232449314319e-05
3.5910957875298977e-05
4.3475688622768020e-05
5.2336691860763485e-05
6.2619277555786857e-05
7.4423835729085926e-05
8.7806100510740619e-05
1.0274984621763320e-04
1.1912980115398716e-04
1.3666200684915239e-04
1.5483819902214018e-04
1.7284000188839916e-04
1.8942780956978687e-04
2.0279809616610852e-04
2.1040164947453162e-04
2.0871366768731163e-04
1.9294495118371910e-04
1.5668134966243701e-04
9.1436355933020142e-05
-1.3900923556657057e-05
-1.7374319628762476e-04
-4.0663190173783969e-04
-7.3624147327945469e-04
-1.1925929494602523e-03
-1.8135134623176207e-03
-2.6463830976306141e-03
-3.7502159400875238e-03
-5.1981278153750872e-03
-7.0802492136343423e-03
-9.5071481595690246e-03
-1.2613834134432142e-02
-1.6564420617216597e-02
-2.1557530135541934e-02
-2.7832531772211355e-02
-3.5676706627873256e-02
-4.5433441612861163e-02
-5.7511555792204364e-02
-7.2395866031259984e-02
-9.0659099625080480e-02
-1.1297526041413151e-01
-1.4013455131506564e-01
-1.7305994976992209e-01
-2.1282552279952052e-01
-2.6067655480494989e-01
-3.1805154349548953e-01
-3.8660609682240665e-01
-4.6823873629632667e-01
-5.6511857906674035e-01
-6.7971483249124010e-01
-8.1482799025821218e-01
-9.7362256854256968e-01
-1.1596611640347032e+00
-1.3769395533435784e+00
-1.6299224854758960e+00
-1.9235797465355822e+00
-2.2634219991534548e+00
-2.6555358195418979e+00
-3.1066172737819429e+00
-3.6240032933368749e+00
-4.2157000299117691e+00
-4.8904072932975131e+00
-5.6575381053916205e+00
-6.5272323411811941e+00
-7.5103633761726032e+00
-8.6185366218412902e+00
-9.8640788093167941e+00
-1.1260016879253934e+01
-1.2820045355543202e+01
-1.4558481124633879e+01
-1.6490204613228794e+01
-1.8630586456859582e+01
-2.0995398881851717e+01
-2.3600711184710519e+01
-2.6462768886088138e+01
-2.9597856361079693e+01
-3.3022143002629754e+01
-3.6751513258073011e+01
-4.0801381187774844e+01
-4.5186490525358280e+01
-4.9920701566774270e+01
-5.5016766574412614e+01
-6.0486095746604214e+01
-6.6338516164496809e+01
-7.2582026479858399e+01
-7.9222550440149647e+01
-8.6263692652622055e+01
-9.3706500258039512e+01
-1.0154923440819915e+02
-1.0978715561084849e+02
-1.1841232711299084e+02
-1.2741344053132420e+02
-1.3677566790066246e+02
-1.4648054419231801e+02
-1.5650588415125068e+02
-1.6682573701141246e+02
-1.7741038227309082e+02
-1.8822636926634991e+02
-1.9923660268489778e+02
-2.1040047566110317e+02
-2.2167405127373934e+02
-2.3301029264574836e+02
-2.4435934101181681e+02
-2.5566884032888666e+02
-2.6688430618188499e+02
-2.7794953591829409e+02
-2.8880705614564999e+02
-2.9939860296291761e+02
-3.0966562958723347e+02
-3.1954983539828197e+02
-3.2899370986945246e+02
-3.3794108440203308e+02
-3.4633768473874625e+02
-3.5413167641609840e+02
-3.6127419562935955e+02
-3.6771985793429070e+02
-3.7342723739864641e+02
-3.7835930914253140e+02
-3.8248384866629681e+02
-3.8577378195049454e+02
-3.8820748101447765e+02
-3.8976900042580121e+02
-3.9044825114633761e+02
-3.9024110906567540e+02
-3.8914945658885614e+02
-3.8718115669353790e+02
-3.8434995993028605e+02
-3.8067534588748430e+02
-3.7618230165858222e+02
-3.7090104081368702e+02
-3.6486666727107490e+02
-3.5811878926991699e+02
-3.5070108934834514e+02
-3.4266085681835261e+02
-3.3404848969126937e+02
-3.2491697333768622e+02
-3.1532134335993709e+02
-3.0531814021295753e+02
-2.9496486303268864e+02
-2.8431942992531856e+02
-2.7343965164366159e+02
-2.6238272513876137e+02
-2.5120475293814815e+02
-2.3996029368079414e+02
-2.2870194844845744e+02
-2.1747998678983402e+02
-2.0634201555476125e+02
-1.9533269285736722e+02
-1.8449348868611509e+02
-1.7386249289096469e+02
-1.6347427051797283e+02
-1.5335976374313114e+02
-1.4354623899159222e+02
-1.3405727722591004e+02
-1.2491280485522464e+02
-1.1612916226271055e+02
-1.0771920657492772e+02
-9.9692445005937529e+01
-9.2055194901308568e+01
-8.4810766480679462e+01
-7.7959664228978255e+01
-7.1499802911048960e+01
-6.5426734276225986e+01
-5.9733880671428054e+01
-5.4412771985847456e+01
-4.9453282599184213e+01
-4.4843865290021107e+01
-4.0571779372909845e+01
-3.6623310663676669e+01
-3.2983981214318227e+01
-2.9638747104030895e+01
-2.6572182914673704e+01
-2.3768651850923536e+01
-2.1212460782276992e+01
-1.8887999781354420e+01
-1.6779866006925477e+01
-1.4872972027996969e+01
-1.3152638905173427e+01
-1.1604674536166202e+01
-1.0215437933391506e+01
-8.9718902332827195e+00
-7.8616333401360849e+00
-6.8729371832649102e+00
-5.9947566168008724e+00
-5.2167390186981732e+00
-4.5292236516362658e+00
-3.9232338361482415e+00
-3.3904629578856826e+00
-2.9232552891152532e+00
-2.5145825517343621e+00
-2.1580170879126559e+00
-1.8477024368879815e+00
-1.5783220448977435e+00
-1.3450667613597949e+00
-1.1436017000728551e+00
-9.7003297072158123e-01
-8.2087471474887919e-01
-6.9301681152342665e-01
-5.8369355660318345e-01
-4.9045355441142935e-01
-4.1113101305626332e-01
-3.4381857976999830e-01
-2.8684181151503135e-01
-2.3873533674571690e-01
-1.9822073085199873e-01
-1.6418609957800442e-01
-1.3566734086955970e-01
-1.1183103645569459e-01
-9.1958909112112061e-02
-7.5433769931143105e-02
-6.1726871488308133e-02
-5.0386577189047717e-02
-4.1028253937879983e-02
-3.3325294174780536e-02
-2.7001173961522264e-02
-2.1822455898546485e-02
-1.7592648756441048e-02
-1.4146839781689104e-02
-1.1347020280085678e-02
-9.0780301150053724e-03
-7.2440521290048146e-03
-5.7655929049706574e-03
-4.5768916863485019e-03
-3.6237045992581606e-03
-2.8614164445126219e-03
-2.2534371967621474e-03
-1.7698449284346738e-03
-1.3862412203750410e-03
-1.0827890033343606e-03
-8.4340649806055926e-04
-6.5509413546431939e-04
-5.0737440951584452e-04
-3.9182721455115172e-04
-3.0170568355812778e-04
-2.3161959213501671e-04
-1.7727530229458575e-04
-1.3526284427441257e-04
-1.0288215047555591e-04
-7.8001703524317986e-05
-5.8943918728924434e-05
-4.4392514794924054e-05
-3.3317881315033050e-05
-2.4917157552415594e-05
-1.8566264249222548e-05
-1.3781638154982089e-05
-1.0189800977826830e-05
-7.5032441359251795e-06
-5.5013706106588657e-06
-4.0154949615072649e-06
-2.9170742172180855e-06
-2.1084925078134733e-06
-1.5158885656787030e-06
-1.0835773612041055e-06
-7.6973988471463721e-07
-5.4308339520194785e-07
-3.8029616711491755e-07
-2.6407341972408010e-07
-1.8162834421729423e-07
-1.2355785914227384e-07
-8.2975001711639340e-08
-5.4860410573771424e-08
-3.5576245173496001e-08
-2.2503460585989073e-08
-1.3760193573606456e-08
-8.0086724917773886e-09
-4.3036438237309364e-09
-1.9819646871615178e-09
-5.7944320059274274e-10
2.1983073422376365e-10
6.3493959005057797e-10
8.1094653588277464e-10
8.4441208480412422e-10
7.9940464873253605e-10
7.1548051724153002e-10
6.1614863202831995e-10
5.1474933829828906e-10
4.2309923224936894e-10
3.4180888831217296e-10
2.7157431113488647e-10
2.1283759632541543e-10
1.6662002949960499e-10
1.2844754767132468e-10
9.9725944807142704e-11
7.5410025667624590e-11
5.6356513372607937e-11
4.3135503415047845e-11
3.2341078356380683e-11
2.3233454055912666e-11
1.7520900399404961e-11
1.3444711518498838e-11
9.9291135376036697e-12
6.1129825072486264e-12
5.2805074174570222e-12
3.7389255893857791e-12
2.7497335118095702e-12
1.1031747893321242e-12
1.3799108893518551e-12
1.0124701813508964e-12
1.4122916840735174e-12
-7.4966759447281934e-13
9.5443942156024562e-14
3.1613857357773790e-13
7.9804807750366348e-13
-1.0559641612339830e-12
5.4979877767200435e-13
1.6002455857287905e-13
-4.6596991255004365e-13
-4.8852099024335822e-13
-5.2964232313665166e-13
-4.0095380479125396e-13
1.7760904951126272e-13
-8.2411871620539240e-14
7.9614407749183637e-13
8.7897455775114313e-13
1.9009347149070765e-13
2.2323227229559849e-13
1.5997524886331005e-13
4.2192698427724686e-13
-1.7689520804680743e-13
1.1083021484360061e-13
-1.3512432566160119e-13
4.6797173319872258e-13
4.4601824933675741e-13
1.7570599063228546e-13
4.6891461129775026e-14
5.3031206463181909e-13
1.4022248927423936e-13
-1.7822946461109044e-13
2.9704178460883431e-13
1.8250352689430035e-14
-3.7052992951740644e-13
-4.7910668017452946e-13
-1.5977326226790907e-13
1.0101232425743570e-12
-4.7490546940841930e-14
7.9829256939241944e-13
-3.5586418805711852e-13
1.3818979901550601e-13
1.7407870790445431e-13
7.8647331010397823e-13
-3.1252221377713691e-13
3.5769338839918862e-14
6.0407434138935997e-13
-5.4541153268267730e-13
-2.3519712251746302e-13
1.7580021439065300e-13
-4.6623489784604211e-13
6.0335983181175739e-13
6.2498012647135484e-14
-3.4594507636923937e-13
1.7333799979703509e-14
9.3523493690878000e-13
1.9924748770403484e-14
6.9301892833597316e-13
7.9876354662716121e-13
4.0533563919805627e-13
6.3846852487000982e-13
-4.9565495535176743e-13
-2.3311541562886019e-13
-3.1107630128039881e-13
8.5710887070043153e-13
5.0763172759982777e-13
-3.8994084339742904e-13
1.7781122567535720e-13
7.8901499492967143e-14
-5.2057296846038144e-13
6.3426615752970509e-14
1.1938829835381984e-13
1.1092014356819023e-13
9.0665198555036535e-15
1.0030019071786810e-12
-1.1651786229645229e-12
-2.3272653693102457e-13
2.1504159050379047e-13
1.4463447019900889e-12
-4.5588381232859787e-13
2.7091270893423295e-13
-4.8389300146237170e-13
9.1461548112235994e-13
2.3033586331395546e-13
-6.1546635914094295e-13
-8.4546697001882165e-13
1.4585709289514277e-12
5.3907634680467972e-13
-3.6650421543251366e-13
6.7259055202404147e-14
9.7919426475309158e-13
-7.3925593859466328e-13
2.0838988985390767e-13
-3.3465815849826681e-13
4.9819377103571013e-13
-8.3903244905573608e-13
1.4207767460408950e-13
9.1909354176877988e-14
2.3432945507035352e-13
8.5840701952616074e-13
-6.5448451101500406e-14
2.0100389880942874e-13
3.7013604510169366e-13
-4.0940494151890076e-15
-3.9174121913443492e-13
3.6792630444528200e-13
2.1265299806547466e-13
-6.1711819217403645e-14
6.0057981302395848e-13
-4.2280797229961586e-13
-1.0979541458825773e-13
2.7416243070448408e-13
-6.9536456835827961e-14
4.0156829054737760e-13
-5.8959081008585852e-13
6.5967269729785226e-13
-2.4650187197877015e-13
-1.0137505778011283e-12
1.1541505351500781e-13
-3.5459411649270096e-13
-1.3912188337547498e-13
1.6125398796157233e-13
1.0198724811093260e-12
1.5051242296866577e-13
6.2994947717489740e-13
-8.0027815158842271e-15
2.3400491076598318e-13
1.5991287968295944e-13
4.8224708927784956e-13
5.7236964758950039e-13
4.5345600057667714e-13
6.2077462845347488e-14
-4.9854608823042602e-13
-7.7818874829957195e-13
-2.1608627501936729e-13
-3.0735392776624040e-15
4.7692504619193656e-13
8.2610844516797277e-13
8.5119787459381427e-15
-2.2059209100579166e-13
3.7894346098209725e-13
-2.4192224800713897e-13
1.6719346857493786e-13
-3.4599224882058500e-13
