1.0470342265776615e-14
2.9266696055569678e-14
2.3096926337279085e-14
3.3612636442040209e-14
4.4801720812989164e-14
3.1816062231693092e-14
3.1900961387065918e-14
4.7118053546926419e-14
2.8949410257068045e-14
3.6388345603955599e-14
4.2733942927978225e-14
5.4679406018441201e-14
5.2237168819181227e-14
3.4843144614254087e-14
4.2284741586937147e-14
3.9923325212560732e-14
4.0036902618911048e-14
5.0431652312319144e-14
5.1262283385076115e-14
6.2794221358110634e-14
7.4350255955862170e-14
5.7811846336828868e-14
7.5565186851753487e-14
6.2850506213284110e-14
7.3428692625163651e-14
6.7782709727329314e-14
7.8527223679837194e-14
7.2180603707737631e-14
6.2584839427659801e-14
7.3194315383840255e-14
9.9731695019554813e-14
9.4590316524748075e-14
9.0167414408830339e-14
9.5946492886279571e-14
8.1628642946731971e-14
7.6748743637306785e-14
9.5813243737664540e-14
8.3496615998159481e-14
7.8095272890465163e-14
7.7786558116482170e-14
3.2460489365181568e-14
4.1816767080236160e-14
5.7293594117591239e-14
3.7671045824508053e-14
4.8446167413175896e-14
4.7898390996984433e-14
4.8608844216700451e-14
4.5547930359656700e-14
2.1391586088863076e-14
3.5071979757573671e-14
2.9727079668087852e-14
2.5987002767552701e-14
1.7443767922556900e-14
1.8301384176215138e-14
1.8241737143623972e-15
2.1106778461055247e-14
7.2268904038430867e-16
-3.9301340903127178e-15
8.1579151494113188e-15
2.3549522842946429e-14
2.3869862295059231e-14
2.2956783354251226e-14
2.9203333505712275e-14
3.6757683168971242e-14
3.8052419122953009e-14
4.0859544799651218e-14
4.8661213982616440e-14
4.8445255386166012e-14
4.7562336959658382e-14
5.3315034348313327e-14
6.6795725380878778e-14
7.3733215092556949e-14
5.9690267745730275e-14
7.6707975608660021e-14
7.8395822294445609e-14
5.9556149610412118e-14
8.0931688984899341e-14
8.7578480265616724e-14
9.2534288250084920e-14
8.1242435830481635e-14
6.8129366097598234e-14
5.4901398603025236e-14
8.9132123398288258e-14
6.1225424108798912e-14
3.6530808616603335e-14
4.4710601108943905e-14
3.3900249375449423e-14
4.4680428315057304e-14
2.8809741503602347e-14
6.1074993091794987e-14
4.7725999251811087e-14
2.5022924979917053e-14
4.3264148008045385e-14
3.3396807556506522e-14
3.3232623415368773e-14
3.1952947847899550e-14
7.1805257116109288e-15
-3.9541004551792355e-15
4.0710550794207162e-15
-2.1522967484363071e-14
-3.0134201423374499e-14
-1.3223204833438114e-14
-4.6095388984880547e-15
3.6828867929204481e-14
4.5858698237080224e-14
7.4537147261736582e-14
7.8637558501119691e-14
8.5303801139312587e-14
8.4516457310648492e-14
1.0000515839584412e-13
1.0076064354157070e-13
8.6786194319638556e-14
6.0282304758049789e-14
3.3544201794083066e-14
3.4511741045196194e-14
1.2960541408142148e-14
-2.4632920474901689e-14
-8.0568164424580414e-15
-3.2390483337237516e-14
-2.3271663290630486e-14
-3.6158384312571752e-14
-1.1795451577115070e-14
-1.9218319478310707e-14
-2.9823479043265125e-14
-2.6064954238270046e-14
-3.2229905412739394e-14
-3.3953002523532392e-14
-5.9814723450318497e-14
-4.9134515377636124e-14
-5.2151990537823655e-14
-6.9073654668481174e-14
-7.1845975585544569e-14
-9.3493841543838825e-14
-1.0106634811292233e-13
-9.3721050702908972e-14
-1.1334279133932678e-13
-1.1939924308742418e-13
-1.3318760119453745e-13
-1.7284915150121001e-13
-2.0868554812678596e-13
-2.4120122649872220e-13
-2.3893446182438612e-13
-3.0218293106020214e-13
-3.4700464187341738e-13
-4.0880935100285181e-13
-4.5660879579016355e-13
-5.1526720132351421e-13
-5.6193197236039855e-13
-5.9381233320126868e-13
-6.1776268902087215e-13
-6.5760823962898019e-13
-7.0202562822738389e-13
-7.5995715364208310e-13
-8.2127823910047463e-13
-8.8412014129334593e-13
-9.8104936337137397e-13
-1.0816726951054222e-12
-1.1448869426358645e-12
-1.2897715256000171e-12
-1.4304040880838695e-12
-1.5554139920578290e-12
-1.7238712215603424e-12
-1.8849618369449638e-12
-2.0804518627435752e-12
-2.2793710931611308e-12
-2.4784163612371333e-12
-2.6998079884430328e-12
-2.9655600263447810e-12
-3.2164537147047278e-12
-3.5316875200153588e-12
-3.8903089241644955e-12
-4.2929327005298975e-12
-4.7321710407348297e-12
-5.2191621320630038e-12
-5.7850387369734133e-12
-6.3704005338777958e-12
-7.0543043188990922e-12
-7.7695338441897413e-12
-8.5486066540431174e-12
-9.3813941303372927e-12
-1.0272449062902842e-11
-1.1221270404064936e-11
-1.2247137620934272e-11
-1.3327106982779419e-11
-1.4501056581370397e-11
-1.5743573894407261e-11
-1.7078725308342024e-11
-1.8498668115363701e-11
-2.0020930580971443e-11
-2.1597831506440477e-11
-2.3288040151467989e-11
-2.5050266226264347e-11
-2.6950267761048793e-11
-2.8871822093626565e-11
-3.0886968694068851e-11
-3.2956080841761804e-11
-3.5077730997068930e-11
-3.7237937705123215e-11
-3.9461330414539474e-11
-4.1701092742615482e-11
-4.4034582045743609e-11
-4.6325264699624970e-11
-4.8695691709657561e-11
-5.1068701253904379e-11
-5.3445297738922425e-11
-5.5814570274204784e-11
-5.8168100115664426e-11
-6.0493563520492076e-11
-6.2801205341068122e-11
-6.5035086536185707e-11
-6.7216619225155120e-11
-6.9299329904748211e-11
-7.1303686746556660e-11
-7.3175972521666546e-11
-7.4959812635071160e-11
-7.6628794406925389e-11
-7.8166135957813872e-11
-7.9566228719714131e-11
-8.0808912474743765e-11
-8.1926599973536047e-11
-8.2825131485271555e-11
-8.3565686318999948e-11
-8.4178292943094514e-11
-8.4608721647538656e-11
-8.4813426884513163e-11
-8.4899472135309227e-11
-8.4816120655843403e-11
-8.4534539780364614e-11
-8.4058868612982889e-11
-8.3411143133286927e-11
-8.2578952488553901e-11
-8.1615968732072482e-11
-8.0456668213694229e-11
-7.9182445745970968e-11
-7.7767177890205855e-11
-7.6231386558084610e-11
-7.4522047646842913e-11
-7.2704109544821184e-11
-7.0794183843644557e-11
-6.8794786572895585e-11
-6.6639240888055770e-11
-6.4503280014219600e-11
-6.2287557967076736e-11
-6.0048181769579482e-11
-5.7723060202156180e-11
-5.5422354921241300e-11
-5.3095348559597500e-11
-5.0770084877653648e-11
-4.8454295313598946e-11
-4.6179517059447475e-11
-4.3915695112618080e-11
-4.1706872227291927e-11
-3.9469498541863745e-11
-3.7327094445555252e-11
-3.5176632467553129e-11
-3.3140969093718160e-11
-3.1085853037159651e-11
-2.9148774507083430e-11
-2.7261748222879815e-11
-2.5466281359735351e-11
-2.3730945818044468e-11
-2.2119828910687175e-11
-2.0564319717126507e-11
-1.9097182499029083e-11
-1.7664435875157984e-11
-1.6357991862859419e-11
-1.5093519706321368e-11
-1.3898346141301245e-11
-1.2770453114318412e-11
-1.1735417497366875e-11
-1.0742413131462834e-11
-9.8312497392464364e-12
-8.9277483802544403e-12
-8.1330214539312175e-12
-7.3796863462317912e-12
-6.6945682996883545e-12
-6.0798087536016625e-12
-5.5372962844823503e-12
-5.0261113329487746e-12
-4.5797097444282575e-12
-4.1571447877333216e-12
-3.7930739708558958e-12
-3.4406965494460815e-12
-3.1177616870382523e-12
-2.7986815961238349e-12
-2.5567578906032130e-12
-2.2673777096528462e-12
-2.0633888532244671e-12
-1.8587394977736570e-12
-1.6727137406472461e-12
-1.5091634499472927e-12
-1.3551084021129765e-12
-1.2243107381830384e-12
-1.0787210617372786e-12
-9.7519013738386017e-13
-8.7604041697224216e-13
-7.6699526394140670e-13
-6.8707285837151930e-13
-5.9064283488455347e-13
-5.0303886315592554e-13
-4.6140419797965844e-13
-3.8274932425700579e-13
-3.2256120021735435e-13
-2.9615559569359308e-13
-2.5316193685538685e-13
-2.2344851900026247e-13
-2.0942950112136877e-13
-1.9367932807448216e-13
-1.8803308126283169e-13
-1.6734127477839395e-13
-1.6036191268088238e-13
-1.6418948305141033e-13
-1.5644774382946969e-13
-1.8096771873256621e-13
-1.8269048631129494e-13
-1.8092177002248884e-13
-1.9030250793029101e-13
-1.5199424563243434e-13
-1.4531146701544204e-13
-1.2748224224757143e-13
-1.1887405065410907e-13
-1.2279341535123846e-13
-1.3527040683776385e-13
-1.3546168267412135e-13
-1.4324754668426017e-13
-9.5830247882382568e-14
-1.0240071630205619e-13
-1.0204878661888435e-13
-1.0980126469222390e-13
-1.1959100137757404e-13
-1.1096654342926880e-13
-9.6167788287064997e-14
-1.2206486608673389e-13
-8.7778804224636984e-14
-6.8995571177130353e-14
-3.9591388193088765e-14
-1.2078094034330217e-14
1.6346125264814876e-15
-1.8003367884948984e-14
-5.6565479399358115e-15
1.0002771343306985e-14
5.9174823798258105e-14
4.8093304061631524e-14
7.2575471597288754e-14
6.9986456342070089e-14
6.1800320080815636e-14
7.5358340720961706e-14
1.0660990270869628e-13
7.0659972270561561e-14
1.0126806836711330e-13
8.7461630210522108e-14
9.9596429397342150e-14
1.2873955380482671e-13
1.3100385316194550e-13
1.1192630828115452e-13
1.4025004900992449e-13
1.3159280361671798e-13
1.2137404938239217e-13
8.9494457285679885e-14
6.3246410544339961e-14
1.8418264878198483e-14
-3.3792611028666250e-14
-4.3176153132190599e-14
-5.0029363391279310e-14
-1.0427605623544838e-13
-8.9089731595496324e-14
-1.1502139409923180e-13
-1.1528541994806862e-13
-7.4465809372489859e-14
-4.7213780399717622e-14
-4.6253609773083440e-14
-4.0552514456918848e-14
-3.7079053405937029e-14
-1.4401551301500933e-14
-1.1354809282895366e-14
-4.2222298496743735e-14
-1.4907780007632288e-14
-1.1308598659108940e-14
-1.8393541689786600e-14
4.4310285918876731e-15
-2.4862357878161859e-14
-1.7547089241593996e-14
-3.2277699059543227e-14
-5.0209296943336420e-14
-3.7287987172231504e-14
-4.9328651450966138e-14
-3.7488050660190955e-14
-4.0021221494676269e-14
-5.1083972228715793e-14
-3.9659005344636411e-14
-6.0286416404181369e-14
-6.4748084370118523e-14
-3.8127826510220508e-14
-5.5475919280952146e-14
-5.1050825168513088e-14
-5.2191493819878574e-14
-4.1065828546445295e-14
-5.2495785736121501e-14
-5.1540649890045977e-14
-6.0842262559362202e-14
-4.0230512327926056e-14
-2.9443855869387377e-14
-3.7701158844555362e-14
-3.4881596749752048e-14
-3.6605050902052754e-14
-3.1046726852755988e-14
-3.9995129444811755e-14
-4.4029939263314716e-14
-3.3267057330598870e-14
-1.6558141619610979e-14
-2.8205289207062451e-14
-1.6734768557210835e-14
-8.5572644336323374e-15
-4.7224188812965538e-14
-6.0862668196242963e-14
-4.3721303654357011e-14
-3.9281600169483042e-14
-3.8038981931297954e-14
-1.2284196014334318e-14
9.4676502895227974e-15
1.5876224039447953e-15
-2.3998937733769126e-14
-2.4959330464818797e-14
-2.0900135310069319e-14
5.3028184808558793e-15
9.9910360756735664e-15
2.9879271476504426e-15
1.0235215613130116e-14
2.0630939162226103e-14
-1.0701951425852204e-14
-5.6735665413416909e-15
8.5687492195622631e-17
-1.3102015704298775e-15
-3.5038417390984103e-15
1.7507188980610500e-14
1.8238548220804969e-14
2.0929630718679806e-14
-8.6881616319405158e-15
-4.4174879447853311e-16
-8.2197111530433341e-15
2.8411519968383012e-15
7.1005208768409926e-15
2.2722648150793886e-14
3.0601710491653746e-14
2.4386159510981942e-14
-6.5591725457009581e-15
-5.0672159680873676e-15
8.3138048898586419e-15
4.8765333684614339e-15
1.1497154693705997e-15
2.2256991244732493e-14
2.3755545073322578e-14
3.6445680994079965e-14
-4.7769140696797142e-16
5.2370344182077086e-15
-9.4964773258565228e-15
6.9616186959142700e-15
4.9559643087648325e-15
8.3252101032409201e-15
1.3081257800503062e-14
2.1374662339970078e-14
-7.1001556218027621e-16
-6.6435326260604789e-16
2.7085690597649359e-14
3.3547280646258156e-15
8.7261233604582210e-15
1.7282191766244844e-14
1.6832346382578628e-14
2.8182613562509596e-14
-1.3286916693005220e-14
-3.1204631586362927e-15
4.7754398742229130e-15
7.2493798092528228e-15
8.9580576150801111e-15
-5.7150312682513366e-15
2.1193269388883190e-14
8.9829535984609749e-15
8.2408067973073634e-15
1.3537956595372921e-14
4.8543289420002119e-14
-6.0227856031288537e-15
2.4685420182151001e-14
3.9761232942743495e-14
3.6772382458965173e-14
3.8392346380765452e-14
3.9841803183466606e-14
4.5100335462052273e-14
4.4909023286759251e-14
2.2467227192774465e-14
2.3218385790805127e-14
1.2958631973411717e-14
2.6466609360523035e-14
3.7041930796140475e-14
1.0034293196975380e-14
3.0699640891686134e-14
3.6042950109451216e-14
8.3655264703478726e-15
6.3281364518141957e-15
5.4433961093954130e-15
3.6550816435023137e-14
3.8754609848974986e-14
1.3854296716589063e-14
3.2441802899494156e-14
2.7245425115658732e-14
1.7109662163768199e-14
1.3454233877036008e-14
1.4724817302644643e-14
6.7422166091139703e-15
2.5736416167185571e-14
1.6169269436872489e-14
8.3635231971947034e-15
2.0144459808110766e-14
