-8.5444954266732638e-15
8.5570861808849831e-15
8.5696390293785499e-15
0.0000000000000000e+00
1.7189260250255142e-14
1.7214135862847580e-14
2.5858400850288823e-14
2.1579567404442496e-14
1.2966221621331235e-14
-4.3282145444892963e-15
2.6006012304210658e-14
8.6808725673244375e-15
4.3465171348592669e-14
1.3057733488077145e-14
3.0510327813991911e-14
4.3646383164379021e-14
3.9335741043588480e-14
5.4707711047068380e-14
5.4782189744244590e-14
4.8273639417509311e-14
6.1522009662889762e-14
2.9702192638195192e-14
4.9569742005211467e-14
5.0738603959027510e-14
4.0865430851600606e-14
3.6495482750939599e-14
6.4227515113195476e-14
5.2114200165310270e-14
6.5504699933253013e-14
2.8903681821415448e-14
4.6193878229128297e-14
4.0122914900632931e-14
6.7793342092216892e-14
8.1566447411394258e-14
7.3837619443876807e-14
9.2972400800898371e-14
1.2869687125325746e-13
1.0218641594291229e-13
1.3772775940933363e-13
1.5084153721399084e-13
1.7807425439196236e-13
2.6066400438271248e-13
3.6717628018088928e-13
5.3841546064187502e-13
7.3610603377151208e-13
1.0249650144618819e-12
1.4893102390287099e-12
2.1570261797696526e-12
3.1004927578485573e-12
4.4801268051254065e-12
6.4798786601848124e-12
9.3370390089768001e-12
1.3387105698877081e-11
1.9148999763490549e-11
2.7389078169837776e-11
3.9078894132393343e-11
5.5646575262257112e-11
7.9082716968476933e-11
1.1218500251439038e-10
1.5876980093013050e-10
2.2422178000644285e-10
3.1597768998065114e-10
4.4439906968049314e-10
6.2366417404828288e-10
8.7343859037498575e-10
1.2206876130762685e-09
1.7023777349087729e-09
2.3691985006868076e-09
3.2902881429603464e-09
4.5598538267512159e-09
6.3061238489137226e-09
8.7028613915409391e-09
1.1985326763806626e-08
1.6471283735413923e-08
2.2588843377262831e-08
3.0913584260106217e-08
4.2217575580985439e-08
5.7534153358631278e-08
7.8243340458662965e-08
1.0618363937848918e-07
1.4379927990124312e-07
1.9433213449277834e-07
2.6207240233297362e-07
3.5268482794134206e-07
4.7363195381957741e-07
6.3472264760918231e-07
8.4882036101797233e-07
1.1327559833185740e-06
1.5085013446495559e-06
2.0046743548468635e-06
2.6584637969926909e-06
3.5180858634260249e-06
4.6459111751207211e-06
6.1224344553391183e-06
8.0513028637155720e-06
1.0565667991610603e-05
1.3836190478506370e-05
1.8081101389940987e-05
2.3578816785989406e-05
3.0683712936576776e-05
3.9845803639844655e-05
5.1635221737263143e-05
6.6772598762979265e-05
8.6166665882003780e-05
1.1096067122451420e-04
1.4258953028400097e-04
1.8285000570832953e-04
2.3398665808182909e-04
2.9879683149887007e-04
3.8075854421521388e-04
4.8418586218149199e-04
6.1441714721505636e-04
7.7804251224008905e-04
9.8317789158542507e-04
1.2397943632520073e-03
1.5601127550186414e-03
1.9590751430194290e-03
2.4549066237824374e-03
3.0697827252221298e-03
3.8306200249071296e-03
4.7700099852234145e-03
5.9273186912936751e-03
7.3499781034704536e-03
9.0949976012842347e-03
1.1230728001684275e-02
1.3838913861254111e-02
1.7017073700870283e-02
2.0881251787105957e-02
2.5569189226839987e-02
3.1243966318143836e-02
3.8098172283573747e-02
4.6358662600358529e-02
5.6291968030431329e-02
6.8210423014593444e-02
8.2479084186189627e-02
9.9523512209388557e-02
1.1983849177127068e-01
1.4399776514188317e-01
1.7266485403578594e-01
2.0660504231031004e-01
2.4669858805581066e-01
2.9395522759443182e-01
3.4953002551482626e-01
4.1474061384588534e-01
4.9108584951995032e-01
5.8026590212320706e-01
6.8420376332165966e-01
8.0506814505686275e-01
9.4529770545025649e-01
1.1076265092020663e+00
1.2951105930664268e+00
1.5111554667438656e+00
1.7595443353738693e+00
2.0444667819566900e+00
2.3705475968324632e+00
2.7428753872772438e+00
3.1670305439643478e+00
3.6491120832670179e+00
4.1957628260793225e+00
4.8141923161075697e+00
5.5121968246910473e+00
6.2981757365611779e+00
7.1811435630936407e+00
8.1707367882263906e+00
9.2772147190877448e+00
1.0511453490353997e+01
1.1884932360323441e+01
1.3409711439543246e+01
1.5098400011388158e+01
1.6964114640002222e+01
1.9020426316051815e+01
2.1281295966157245e+01
2.3760997748748625e+01
2.6474029678170780e+01
2.9435011260475427e+01
3.2658567988368077e+01
3.6159202728587850e+01
3.9951154241406918e+01
4.4048243297164831e+01
4.8463707096411376e+01
5.3210022955309803e+01
5.8298722482816579e+01
6.3740197746581323e+01
6.9543501195720509e+01
7.5716141375334232e+01
8.2263876724166010e+01
8.9190509987135826e+01
9.6497685992389236e+01
1.0418469573170280e+02
1.1224828983734507e+02
1.2068250466180852e+02
1.2947850423358713e+02
1.3862444137731461e+02
1.4810534124575528e+02
1.5790301041089552e+02
1.6799597449926989e+02
1.7835944713141691e+02
1.8896533263698481e+02
1.9978226466686860e+02
2.1077568241465320e+02
2.2190794569579433e+02
2.3313848962008325e+02
2.4442401903807260e+02
2.5571874235368324e+02
2.6697464368271937e+02
2.7814179171107651e+02
2.8916868297843689e+02
3.0000261669521700e+02
3.1059009760478597e+02
3.2087726284194076e+02
3.3081032822446349e+02
3.4033604895898986e+02
3.4940218935621436e+02
3.5795799584344019e+02
3.6595466734302227e+02
3.7334581696017887e+02
3.8008791889794657e+02
3.8614073459374532e+02
3.9146771225206271e+02
3.9603635422989350e+02
3.9981854711240697e+02
4.0279084979027812e+02
4.0493473540962526e+02
4.0623678370102380e+02
4.0668882089439597e+02
4.0628800517903221e+02
4.0503685645868916e+02
4.0294322996590228e+02
4.0002023412203391e+02
3.9628609384470161e+02
3.9176396129675305e+02
3.8648167682611103e+02
3.8047148354964577e+02
3.7376969967398668e+02
3.6641635321054468e+02
3.5845478422135710e+02
3.4993122011897424e+02
3.4089432983178909e+02
3.3139476283243681e+02
3.2148467910979480e+02
3.1121727614549854e+02
3.0064631883666220e+02
2.8982567809253680e+02
2.7880888353085072e+02
2.6764869531787923e+02
2.5639669974455558e+02
2.4510293261998316e+02
2.3381553400514022e+02
2.2258043721556842e+02
2.1144109440479053e+02
2.0043824041246751e+02
1.8960969593491237e+02
1.7899021046196802e+02
1.6861134483407227e+02
1.5850139271620097e+02
1.4868533976975368e+02
1.3918485883648466e+02
1.3001833903605171e+02
1.2120094632497718e+02
1.1274471277268245e+02
1.0465865158120290e+02
9.6948894709314828e+01
8.9618849857896535e+01
8.2669373529042872e+01
7.6098956883343348e+01
6.9903921183529150e+01
6.4078619723365748e+01
5.8615643292633528e+01
5.3506026416311094e+01
4.8739451822440607e+01
4.4304450832315013e+01
4.0188597622356426e+01
3.6378695573323320e+01
3.2860954193577207e+01
2.9621155373754750e+01
2.6644807995514718e+01
2.3917290172803952e+01
2.1423978646642688e+01
1.9150365080719055e+01
1.7082159212678647e+01
1.5205379003081543e+01
1.3506428089362014e+01
1.1972160995093631e+01
1.0589936665290937e+01
9.3476609966739801e+00
8.2338191085039920e+00
7.2374981558227436e+00
6.3484015240428100e+00
5.5568552633982105e+00
4.8538076255077272e+00
4.2308225540527973e+00
3.6800679592122179e+00
3.1942995729240580e+00
2.7668411411058922e+00
2.3915616614519810e+00
2.0628503230186812e+00
1.7755897480697476e+00
1.5251280790004109e+00
1.3072503948643428e+00
1.1181498841923392e+00
9.5439914437165208e-01
8.1292192363111293e-01
6.9096557028885486e-01
5.8607440585473169e-01
4.9606419418978764e-01
4.1899783844688721e-01
3.5316240106669683e-01
2.9704750970889987e-01
2.4932518360530120e-01
2.0883109030056102e-01
1.7454722192077654e-01
1.4558596275786131e-01
1.2117550581867935e-01
1.0064656479719475e-01
8.3420319387780092e-02
6.8997525686654820e-02
5.6948719331330958e-02
4.6905436732827148e-02
3.8552378987230150e-02
3.1620443573063206e-02
2.5880550503985023e-02
2.1138192016470589e-02
1.7228637926369996e-02
1.4012732326967646e-02
1.1373221174054505e-02
9.2115543822197370e-03
7.4451102366158298e-03
6.0047941145831641e-03
4.8329676367336351e-03
3.8816683742189995e-03
3.1110840774391259e-03
2.4882490317927504e-03
1.9859335651021427e-03
1.5817009121693293e-03
1.2571085807131545e-03
9.9703405668536294e-04
7.8910713872600642e-04
6.2323341189754868e-04
4.9119536552676363e-04
3.8631944611658474e-04
3.0319892391501060e-04
2.3746385735027989e-04
1.8559067760574795e-04
1.4474500093325521e-04
1.1265222295751280e-04
8.7491272985722602e-05
6.7807616907639430e-05
5.2442212269294587e-05
4.0473643638825943e-05
3.1171118079108899e-05
2.3956382195413812e-05
1.8372948748812626e-05
1.4061293366517544e-05
1.0738916203574559e-05
8.1843541149745497e-06
6.2243950875046204e-06
4.7238778778424055e-06
3.5775767021864085e-06
2.7037592355515251e-06
2.0390874961038484e-06
1.5345904114990967e-06
1.1524918742371819e-06
8.6371816741483145e-07
6.4594416313439336e-07
4.8206621035406882e-07
3.5901053481979471e-07
2.6680654525154476e-07
1.9786752741618311e-07
1.4643383412173217e-07
1.0814265148417828e-07
7.9696887224297728e-08
5.8610368261604139e-08
4.3012666699740848e-08
3.1499778169948154e-08
2.3020074222706717e-08
1.6787855324222631e-08
1.2217230572669124e-08
8.8723244013082085e-09
6.4296959747430659e-09
4.6497808870101797e-09
3.3555638037628859e-09
2.4165033218234650e-09
1.7365592937465735e-09
1.2453384964879318e-09
8.9117437132535185e-10
6.3640627490300959e-10
4.5349650472338840e-10
3.2249100390231522e-10
2.2882531713838197e-10
1.6203901106914224e-10
1.1449097770300546e-10
8.0721796564957388e-11
5.6792435909138070e-11
3.9847305797261094e-11
2.7918346787642068e-11
1.9515181186002616e-11
1.3592850151216379e-11
9.4626289198336644e-12
6.5562869442806212e-12
4.5336650608693402e-12
3.1232486679979049e-12
2.1524802868723508e-12
1.4597964690479582e-12
9.7054209334001227e-13
6.4437589725536968e-13
4.4453209250474136e-13
2.9261125097492410e-13
1.6926234050825486e-13
8.9037127195981181e-14
1.6885246703058674e-14
-3.3167093082247697e-14
-7.0744441806631580e-14
-8.8601767573048718e-14
-8.2891056135740710e-14
-9.1178272495090333e-14
-1.1173485946766336e-13
-8.1184619542531334e-14
-7.2444151903920556e-14
-9.5727072956747794e-14
-8.7822725534300773e-14
-9.2150679567118657e-14
-7.8725706632702733e-14
-5.0939063710465373e-14
-4.2025101349566807e-14
-3.7552017539308662e-14
1.1030131295440762e-15
-9.9139484010422947e-15
-4.4003248352881760e-15
-2.4169360938992405e-14
-4.3885126743190287e-15
-1.3147725538618702e-14
6.5649253256482054e-15
-4.3706378937320528e-15
1.3093914949313706e-14
-8.7172365182834058e-15
-1.3057733488077145e-14
-1.7386068539437066e-14
-4.3404362836622188e-15
0.0000000000000000e+00
4.3282145444892963e-15
-1.2966221621331235e-14
-2.1579567404442496e-14
-2.5858400850288823e-14
-5.1642407588542739e-14
-3.4378520500510285e-14
-3.4328615004101749e-14
-3.4278556117514200e-14
-2.5671258542654949e-14
-2.5633486280019795e-14
-3.4127467953183715e-14
-4.2596005438615249e-14
-5.9545485631350533e-14
-5.9456304529439506e-14
-6.7847846709275145e-14
-5.0809003902778658e-14
-6.7642539594335019e-14
-5.0654588756911254e-14
-6.7436076579372140e-14
-5.0499312079069816e-14
-5.0421354043153983e-14
-1.6781061560506269e-14
-6.7019740467972330e-14
-5.0186217410389012e-14
-1.0021484444120325e-13
-8.3380701907385704e-14
-8.3248692577691103e-14
-8.3116344656284164e-14
-9.9580392508724062e-14
-9.9420770597314731e-14
-8.2717292164484335e-14
-9.9100335256445830e-14
-9.8939527325407152e-14
-1.3170443941128277e-13
-9.8616744713027965e-14
-9.8454775549664727e-14
-9.8292424831997065e-14
-6.5419796884424449e-14
-1.3062211973747257e-13
-1.3040414804500353e-13
-9.7639261793687398e-14
-1.6245840810115136e-13
-1.2974728402019139e-13
-1.2952735871992942e-13
-1.2930695429392825e-13
-1.2908607445913557e-13
-1.2886472293555017e-13
-9.6482177584589263e-14
-6.4210309858317078e-14
-9.6148406606722056e-14
-6.3987337227139012e-14
-6.3875510193144630e-14
-6.3763458503903060e-14
-6.3651184028651201e-14
-7.9423360797175277e-14
-7.9282467753230325e-14
-7.9141303244511618e-14
-7.8999869612752602e-14
-7.8858169200823829e-14
-7.8716204352669349e-14
-7.8573977413242914e-14
-4.7058894437066738e-14
-7.8288746645057127e-14
-6.2516598008546130e-14
-3.1200998269471798e-14
-7.7858993483098652e-14
-4.6629145973172578e-14
-3.1028498976197580e-14
-7.7427008289468963e-14
-3.0913011274695319e-14
-6.1710247587097987e-14
-3.8496427266378858e-14
-2.3054299705659978e-14
