7.9944052474947179e-13
-2.4649875439515840e-13
-4.2694360214348342e-13
2.9412626324450657e-13
1.8493225956372412e-13
2.5326992903778965e-14
-6.1489722789975898e-14
6.7577544712296392e-13
-1.6972847633544087e-13
3.8576485405280724e-13
-3.9149347232022564e-13
-2.7120474645359693e-13
5.5661092599580022e-14
8.1635179078248983e-13
-6.4034440349972513e-13
-7.0461599179560197e-15
4.1149349232281506e-13
2.7358809915114142e-14
-6.5014266540666967e-13
-2.7283437728264666e-13
3.1036804354086871e-13
4.0637246304045239e-13
-3.7241591109631858e-13
3.4820952745520193e-13
-9.3334986246071960e-13
2.9769828249599482e-13
-7.0030424203241207e-14
-7.7057495093369279e-13
-2.9729708222021206e-13
-6.3315687509102229e-13
-4.5326181580676069e-13
-2.9872071662048372e-13
-1.4307801343504723e-13
-1.2767485344386338e-12
-1.2474254415729710e-12
-2.4010531534768675e-12
-2.7205719245818088e-12
-3.7281846163558497e-12
-5.6570335093355214e-12
-6.9585045299515876e-12
-7.8298671066986891e-12
-8.5728670018187810e-12
-1.0368743982283823e-11
-1.1269275510284339e-11
-9.0493759404912216e-12
-4.9671679578534775e-12
5.4124296473982068e-12
2.2982912268771992e-11
5.7004398730704951e-11
1.1211193547756592e-10
2.0419731542895812e-10
3.4730627813355482e-10
5.7099394787834752e-10
9.1029324206326310e-10
1.4229475442354269e-09
2.1820719056563519e-09
3.3023673106494859e-09
4.9297856172158293e-09
7.2788620649621216e-09
1.0640335914416473e-08
1.5414628747590670e-08
2.2142341897452203e-08
3.1563013444017805e-08
4.4658912548524172e-08
6.2750502183347174e-08
8.7584712713172639e-08
1.2146474211509261e-07
1.6740328640442547e-07
2.2931839683767723e-07
3.1226668069570384e-07
4.2272584371812479e-07
5.6893587617699641e-07
7.6129119665739546e-07
1.0127886762721058e-06
1.3395433479756766e-06
1.7613224808863522e-06
2.3021154750808555e-06
2.9906740047179775e-06
3.8609716214817858e-06
4.9524826312684627e-06
6.3101522448142402e-06
7.9838659574541282e-06
1.0027151826013024e-05
1.2494762903610003e-05
1.5438660592866924e-05
1.8901768913696061e-05
2.2908683219861432e-05
2.7452271169126840e-05
3.2474814788456717e-05
3.7842023534453162e-05
4.3307763735423398e-05
4.8466908873071841e-05
5.2693100188859106e-05
5.5057542732754536e-05
5.4224153946393869e-05
4.8315562428260981e-05
3.4743428818026216e-05
9.9955442342274643e-06
-3.0628959807445896e-05
-9.3346138975818968e-05
-1.8628645551051638e-04
-3.1997875835927078e-04
-5.0793203319570704e-04
-7.6732860800857129e-04
-1.1198428678134832e-03
-1.5925992887353465e-03
-2.2192827758632928e-03
-3.0414124016518679e-03
-4.1097866666898446e-03
-5.4861039510822407e-03
-7.2447555526607560e-03
-9.4747803151506733e-03
-1.2281959024089789e-02
-1.5791012878982835e-02
-2.0147853438104379e-02
-2.5521810682926575e-02
-3.2107741353242472e-02
-4.0127890840607604e-02
-4.9833348904976364e-02
-6.1504901904306505e-02
-7.5453042660268102e-02
-9.2016853459808048e-02
-1.1156142909064758e-01
-1.3447345578121220e-01
-1.6115451004714190e-01
-1.9201159025558565e-01
-2.2744434535778049e-01
-2.6782842235161042e-01
-3.1349431949725021e-01
-3.6470110973966097e-01
-4.2160439195421978e-01
-4.8421784091538339e-01
-5.5236776469890136e-01
-6.2564014535098056e-01
-7.0331973979235807e-01
-7.8432095750192676e-01
-8.6711041383428566e-01
-9.4962128607619634e-01
-1.0291598762957037e+00
-1.1023051116868123e+00
-1.1648020892762030e+00
-1.2114511951129046e+00
-1.2359947940695197e+00
-1.2310039879827881e+00
-1.1877684673693791e+00
-1.0961930226791476e+00
-9.4470481926441163e-01
-7.2017605736457146e-01
-4.0786711283909194e-01
8.6043377072286993e-03
5.4726238862300880e-01
1.2277341598467866e+00
2.0711671737805792e+00
3.1000969228674049e+00
4.3382590277677453e+00
5.8103409433201749e+00
7.5416689721294814e+00
9.5578274077463909e+00
1.1884207958105222e+01
1.4545489194200041e+01
1.7565047618482527e+01
2.0964304031048897e+01
2.4762011157351626e+01
2.8973490944934390e+01
3.3609832482953117e+01
3.8677064080330986e+01
4.4175315578905668e+01
5.0097989391079338e+01
5.6430960944248397e+01
6.3151831089687292e+01
7.0229254493086472e+01
7.7622368971532282e+01
8.5280351087069462e+01
9.3142122969923591e+01
1.0113623425870588e+02
1.0918094116220749e+02
1.1718450194107419e+02
1.2504570457583203e+02
1.3265463805627093e+02
1.3989371365070866e+02
1.4663893677728322e+02
1.5276142381795435e+02
1.5812915153239010e+02
1.6260891981257092e+02
1.6606850156063135e+02
1.6837894668008283e+02
1.6941700076310988e+02
1.6906759325687648e+02
1.6722634491894851e+02
1.6380204043389699e+02
1.5871900934757232e+02
1.5191935714296417e+02
1.4336498845704796e+02
1.3303936620545764e+02
1.2094895377784754e+02
1.0712429247760645e+02
9.1620672938139393e+01
7.4518367234150347e+01
5.5922397648378265e+01
3.5961828332421021e+01
1.4788577152550500e+01
-7.4242434591556385e+00
-3.0484436144346336e+01
-5.4183246745061624e+01
-7.8298267941794407e+01
-1.0259666531793630e+02
-1.2683866383615566e+02
-1.5078122524919715e+02
-1.7418184121659846e+02
-1.9680236305576057e+02
-2.1841278725908950e+02
-2.3879491623381165e+02
-2.5774581617686960e+02
-2.7508099852596979e+02
-2.9063725790587779e+02
-3.0427510773139426e+02
-3.1588076439455227e+02
-3.2536764196589223e+02
-3.3267733125331779e+02
-3.3778004953625469e+02
-3.4067455996282678e+02
-3.4138757209735246e+02
-3.3997264707936341e+02
-3.3650864197102146e+02
-3.3109773782789449e+02
-3.2386310457234907e+02
-3.1494626267312816e+02
-3.0450420678893073e+02
-2.9270635982713310e+02
-2.7973142727110519e+02
-2.6576422116996844e+02
-2.5099252094897483e+02
-2.3560403432391468e+02
-2.1978351627093406e+02
-2.0371009743240759e+02
-1.8755486577642762e+02
-1.7147873703660764e+02
-1.5563064071361569e+02
-1.4014603949236033e+02
-1.2514579108153568e+02
-1.1073535295968398e+02
-9.7004322533540602e+01
-8.4026297968831898e+01
-7.1859038594782660e+01
-6.0544898427413322e+01
-5.0111502080568805e+01
-4.0572629176045275e+01
-3.1929271326845260e+01
-2.4170824817682131e+01
-1.7276382181231522e+01
-1.1216086878195126e+01
-5.9525171239434176e+00
-1.4420674389728905e+00
2.3637004007792783e+00
5.5167618146068866e+00
8.0714102618550942e+00
1.0083131516362323e+01
1.1607584424495396e+01
1.2699697308970116e+01
1.3412885477994521e+01
1.3798391868737397e+01
1.3904749761262494e+01
1.3777363792159635e+01
1.3458203207104095e+01
1.2985599433295725e+01
1.2394138626123178e+01
1.1714638836344275e+01
1.0974200830459949e+01
1.0196321344612620e+01
9.4010576214320505e+00
8.6052324254711205e+00
7.8226693091081421e+00
7.0644486595744453e+00
6.3391759523513382e+00
5.6532546222805919e+00
5.0111570005823953e+00
4.4156878169666687e+00
3.8682357996394687e+00
3.3690098957059154e+00
2.9172575593142964e+00
2.5114633986865287e+00
2.1495272252509081e+00
1.8289212016587175e+00
1.5468263382975447e+00
1.3002490408560763e+00
1.0861187685701958e+00
9.0136813002439220e-01
7.4299692876982226e-01
6.0812178347161372e-01
4.9401299659951892e-01
3.9812034159435244e-01
3.1808939098117306e-01
2.5176992619413052e-01
1.9721786273588293e-01
1.5269199962868973e-01
1.1664676674791941e-01
8.7722003607929547e-02
6.4730663416489337e-02
4.6645200729859580e-02
3.2583272865622404e-02
2.1793266634760930e-02
1.3640054441158317e-02
7.5912880983690853e-03
3.2044553170756285e-03
1.1485239145403503e-04
-1.9754332415046617e-03
-3.3074859112086196e-03
-4.0744645848362097e-03
-4.4294705157523371e-03
-4.4924270352263082e-03
-4.3560347228513568e-03
-4.0908754979859935e-03
-3.7497448337616562e-03
-3.3712932663218678e-03
-2.9830574869902085e-03
-2.6039582344917008e-03
-2.2463376397896277e-03
-1.9176030394800570e-03
-1.6215381083673481e-03
-1.3593357199063964e-03
-1.1304005183923264e-03
-9.3296299317126622e-04
-7.6454101824573856e-04
-6.2227940071715672e-04
-5.0319316548728108e-04
-4.0433589346568736e-04
-3.2291064104600408e-04
-2.5633766820103604e-04
-2.0229037279248689e-04
-1.5870841388825597e-04
-1.2379506303989015e-04
-9.6004141011320578e-05
-7.4020597138575267e-05
-5.6737704437949788e-05
-4.3232998331326992e-05
-3.2744435689312729e-05
-2.4647743491235591e-05
-1.8435546261203195e-05
-1.3698588277497916e-05
-1.0109143578047756e-05
-7.4066340913278175e-06
-5.3852877444669095e-06
-3.8837111465278093e-06
-2.7761695309756731e-06
-1.9653542732000276e-06
-1.3764597879641827e-06
-9.5236676439387192e-07
-6.4975439913851284e-07
-4.3599732055061150e-07
-2.8669559930320758e-07
-1.8374062741098224e-07
-1.1379034877781077e-07
-6.7097811508744200e-08
-3.6601968728178980e-08
-1.7233480679598572e-08
-5.3908243440923087e-09
1.4558692479096185e-09
5.0657952184757620e-09
6.6407402905148999e-09
6.9888809342089301e-09
6.6451615662465257e-09
5.9514204968936356e-09
5.1202771915538767e-09
4.2786052247310713e-09
3.4964316987047686e-09
2.8054315274012507e-09
2.2173120244599002e-09
1.7295124362791398e-09
1.3341295910722507e-09
1.0188922749037454e-09
7.7032992903084734e-10
5.7870253223619601e-10
4.2967747530347275e-10
3.1841095722312209e-10
2.3361031053608936e-10
1.6922158384238368e-10
1.2291627187513191e-10
8.8246894034797636e-11
6.2777870265657791e-11
4.5173886958033824e-11
3.2201101839498868e-11
2.2517110316365270e-11
1.5924995423690695e-11
1.0933199782131306e-11
7.6608116136901179e-12
5.2926705691374639e-12
3.8893237834315517e-12
2.5855214956813915e-12
2.0219250789411687e-12
1.7123963303859995e-12
1.1728600669015241e-12
-9.6700292091061236e-14
6.0398715775210961e-13
-1.0706678574443607e-13
2.4676316912894481e-13
5.4274858389217065e-13
1.5510963171084007e-13
-1.1761271541651211e-13
3.7942138996299006e-13
1.7446508360105225e-13
-2.8876028457760032e-13
-3.8294770402008547e-14
7.2198341062440984e-13
1.3139957961085145e-12
7.0517371115662173e-15
-2.2093556213751612e-13
-3.2564317843128006e-13
-2.3256494923317626e-13
-2.6195288038385603e-13
-3.6981494851946908e-13
-1.3866286786495870e-13
2.6509953349280025e-13
-2.3145045754991741e-13
-3.8060835830709114e-13
7.8493443046959033e-13
1.6457298656913190e-13
-9.8332589293567872e-13
-3.3886634005591105e-13
-3.8050406807067335e-13
6.4785272529607267e-13
-3.0823545889721571e-13
4.2683304159665313e-13
-4.6770392543848142e-13
4.2499058566957585e-13
2.5380666815949720e-13
-1.1935447337373399e-13
-7.0164531115799782e-14
4.4654498400351006e-13
5.8353311454290611e-13
6.2609357266932901e-13
-2.2083773957019273e-13
-2.9467668207003075e-13
-6.1308668567868256e-13
2.1911856145302992e-13
-7.9819685345838769e-13
-9.4092013463562346e-13
2.0749632659243562e-13
-2.0634284484992192e-13
-1.2924281548109345e-12
5.3547260813510080e-14
-1.3454472994110142e-13
-4.0087479087171472e-13
-2.3520571068831776e-14
2.1597415294169544e-14
2.7460148195727129e-13
5.4745225325845330e-13
2.4072966548745945e-13
-3.5018819166323699e-13
5.7819871789040007e-13
4.7818699051527668e-13
-4.6656264306671508e-13
-2.8326461477219737e-13
6.7785207180501627e-13
-3.3049707702588222e-14
4.8498713380470784e-13
-3.6763443644269269e-13
2.4496322024577861e-13
-4.3571540470954212e-13
2.6981847142081335e-13
-8.8017592475279978e-14
-3.9974271457633822e-13
1.0393126854014039e-12
3.4317829071036811e-13
2.6750117879694639e-14
8.9186716967179606e-13
-4.8970502779539311e-14
1.8091334704831728e-13
8.1871408083487820e-14
-2.9554802041112110e-13
-1.6149022590225667e-13
5.1217877214968661e-13
6.1624582381775687e-14
-4.3629530645151383e-13
-1.5533227344136065e-13
7.7869316225634946e-13
-8.4875189121336755e-14
1.0345969914000507e-13
-2.5954483902727650e-13
-2.9891455792595652e-13
2.9480835712045895e-13
3.6841980802422300e-13
1.1845123301388291e-13
2.1088488958737197e-14
4.0710542740267579e-13
1.7271376381932862e-13
-5.7935783243243038e-13
1.7132835981709737e-13
8.8270019276074427e-13
-6.1796724961219514e-13
4.4766041511483320e-13
3.2074890111149001e-13
6.1631728862966754e-14
1.8421521309711531e-13
5.6917287237062006e-13
-5.4857808052403236e-13
-3.4133227452010733e-13
3.1627220379500386e-13
-5.3134695524288429e-13
-4.6235151729872031e-13
3.8355219466496043e-13
1.6688977188352510e-13
-1.9683873132277555e-14
-5.5817627115308436e-14
5.3092757942888035e-13
-6.3796020107934050e-13
-1.7823472846160919e-13
-5.2202123191769504e-13
-5.2204343056867593e-13
1.7429906222230568e-13
2.9508398837579284e-13
-4.7645909179289083e-13
4.1029143449772913e-14
