-2.1965667622056008e-12
8.6597172868209926e-13
9.6751734303322529e-14
7.6419852592400323e-13
-4.6528604243790037e-13
2.3090428259143299e-12
8.3155198897759687e-13
-2.8064138395014481e-13
-5.6773207869621782e-13
1.1894840751761239e-12
-1.8069754072801818e-12
2.2162393866302775e-13
6.2064021604800846e-13
-1.7504223712951108e-12
-6.1458847744081817e-13
1.1286473531523533e-12
9.2704390981626894e-13
1.1818321107111657e-13
4.1011331450606026e-13
-1.4189520268811393e-13
4.1025088568584161e-13
7.9305815599338711e-13
7.4749468852948782e-13
-8.1345822224132704e-13
5.0746992808193644e-13
1.2512656857852822e-12
1.5023159336688794e-13
9.3250856172445174e-13
1.0853333726630198e-12
-1.3078173373701173e-12
6.3971266149661609e-14
4.1651579499326147e-13
-1.0373193948206271e-12
-6.1313247501375748e-13
-8.7247794607723788e-13
-2.2508382744878362e-12
-2.1720683570997161e-12
-4.1498627271672445e-12
-3.8206308279562976e-12
-8.4367464343828732e-12
-6.8674235452334673e-12
-1.1426472422971509e-11
-1.1981864124576562e-11
-1.2670074273183444e-11
-1.2572640463651638e-11
-1.2205168302171100e-11
-2.6812180599269197e-12
1.1466368114047733e-11
3.6417557936515770e-11
8.4336364656144591e-11
1.6488901579153295e-10
2.8721594146177928e-10
4.8571810132278657e-10
7.8808251319710316e-10
1.2452352752278426e-09
1.9335144934913848e-09
2.9493466334651498e-09
4.4315681493999872e-09
6.5832400236232275e-09
9.6765055253581985e-09
1.4081539265274397e-08
2.0317286118770620e-08
2.9074463519543667e-08
4.1284606353586984e-08
5.8208067450170396e-08
8.1505144069156502e-08
1.1337060338537482e-07
1.5669744697094677e-07
2.1524918138322229e-07
2.9389122133013959e-07
3.9888707896023989e-07
5.3822722046284807e-07
7.2201642936335725e-07
9.6294726295027234e-07
1.2768133930656906e-06
1.6830668434526607e-06
2.2054394916371889e-06
2.8725271542755691e-06
3.7183343602500269e-06
4.7826770530712080e-06
6.1113324607416001e-06
7.7557241553545737e-06
9.7719560243256718e-06
1.2218831435264525e-05
1.5154400605790886e-05
1.8630450209237884e-05
2.2684213409367745e-05
2.7326189534154378e-05
3.2522899960004710e-05
3.8172904103230900e-05
4.4074028144091406e-05
4.9879353014312106e-05
5.5038804105416479e-05
5.8722610443205849e-05
5.9722108170121279e-05
5.6322506659654004e-05
4.6141227391405711e-05
2.5924428179751164e-05
-8.7068183819566465e-06
-6.3570452837915769e-05
-1.4630832135721438e-04
-2.6685409426106940e-04
-4.3799726201968614e-04
-6.7605709121148680e-04
-1.0016808196790471e-03
-1.4407804443863771e-03
-2.0256217218590092e-03
-2.7960774118325651e-03
-3.8010541785927893e-03
-5.1000984386028372e-03
-6.7651805602656975e-03
-8.8826490658805365e-03
-1.1555336019989801e-02
-1.4904781685699498e-02
-1.9073530152061053e-02
-2.4227427688858223e-02
-3.0557831651933549e-02
-3.8283609711171229e-02
-4.7652776742751625e-02
-5.8943579744318679e-02
-7.2464799999411800e-02
-8.8554996415631082e-02
-1.0758036534503894e-01
-1.2993084092896168e-01
-1.5601400753990258e-01
-1.8624634351473213e-01
-2.2104126551727404e-01
-2.6079339763105541e-01
-3.0585845200372985e-01
-3.5652808142246600e-01
-4.1299905331366737e-01
-4.7533610235344576e-01
-5.4342785101971247e-01
-6.1693524754529072e-01
-6.9523206463588216e-01
-7.7733713371082791e-01
-8.6183816353001397e-01
-9.4680721165211434e-01
-1.0297081457919126e+00
-1.1072967507419729e+00
-1.1755145056754799e+00
-1.2293774739625851e+00
-1.2628622096784690e+00
-1.2687910847336170e+00
-1.2387199691364297e+00
-1.1628317418583753e+00
-1.0298396563082797e+00
-8.2690511368639386e-01
-5.3957488911529461e-01
-1.5174328492476746e-01
3.5435497245160547e-01
9.9811504906051607e-01
1.8004894074097402e+00
2.7838662609057270e+00
3.9718933294116536e+00
5.3892416580959415e+00
7.0613050171153606e+00
9.0138314150874912e+00
1.1272484543022840e+01
1.3862334518885849e+01
1.6807279117209550e+01
2.0129398724643526e+01
2.3848250530790182e+01
2.7980109902340079e+01
3.2537169443455532e+01
3.7526708851637409e+01
4.2950251259557177e+01
4.8802724224774302e+01
5.5071645797723292e+01
6.1736358066916601e+01
6.8767332148805338e+01
7.6125569660954568e+01
8.3762126197693064e+01
9.1617782134102811e+01
9.9622885146988793e+01
1.0769738710720658e+02
1.1575109543520388e+02
1.2368415561343360e+02
1.3138777733583376e+02
1.3874521179522137e+02
1.4563298194400792e+02
1.5192236132228862e+02
1.5748109036922898e+02
1.6217531218481653e+02
1.6587170267828512e+02
1.6843976313428686e+02
1.6975423666740031e+02
1.6969760404538124e+02
1.6816260916376731e+02
1.6505476026256943e+02
1.6029474998381841e+02
1.5382073574443052e+02
1.4559042177663116e+02
1.3558288566053920e+02
1.2380009528727844e+02
1.1026806694206880e+02
9.5037621527501429e+01
7.8184703746435972e+01
5.9810238167768013e+01
4.0039506293082006e+01
1.9021039771106746e+01
-3.0749635246392137e+00
-2.6058682053258796e+01
-4.9723141633200271e+01
-7.3847073577272681e+01
-9.8198108189972615e+01
-1.2253624263086768e+02
-1.4661751432835374e+02
-1.7019780499547414e+02
-1.9303669606213049e+02
-2.1490129414577800e+02
-2.3556994512420022e+02
-2.5483575747029457e+02
-2.7250985971366640e+02
-2.8842432309374738e+02
-3.0243468848828155e+02
-3.1442204630513828e+02
-3.2429462893221756e+02
-3.3198888722689213e+02
-3.3747003504262716e+02
-3.4073205856869555e+02
-3.4179719992924595e+02
-3.4071493668789753e+02
-3.3756049029314124e+02
-3.3243290676909794e+02
-3.2545276183851308e+02
-3.1675954994285280e+02
-3.0650882213616001e+02
-2.9486914147331026e+02
-2.8201892624793021e+02
-2.6814325128054355e+02
-2.5343067549066805e+02
-2.3807016033776688e+02
-2.2224813856190963e+02
-2.0614578621114219e+02
-1.8993654345359730e+02
-1.7378392140365563e+02
-1.5783962341835550e+02
-1.4224200031857490e+02
-1.2711485002702723e+02
-1.1256656344236049e+02
-9.8689610211619893e+01
-8.5560350618673638e+01
-7.3239153234937007e+01
-6.1770792404576760e+01
-5.1185095143787670e+01
-4.1497803667917914e+01
-3.2711617528330699e+01
-2.4817378215320062e+01
-1.7795359004816909e+01
-1.1616623708446703e+01
-6.2444197207488461e+00
-1.6355732190235506e+00
2.2581425751579869e+00
5.4886916598261406e+00
8.1105338159912623e+00
1.0179475260100647e+01
1.1751625148192662e+01
1.2882467741677006e+01
1.3626056269433253e+01
1.4034331009453760e+01
1.4156560934613413e+01
1.4038905472655774e+01
1.3724090554387606e+01
1.3251191183038998e+01
1.2655511254457572e+01
1.1968550280481814e+01
1.1218045993497238e+01
1.0428081506663720e+01
9.6192457319210494e+00
8.8088360724745023e+00
8.0110929603547447e+00
7.2374565551536572e+00
6.4968368091353375e+00
5.7958890917590358e+00
5.1392886111238907e+00
4.5299979335009084e+00
3.9695229519400628e+00
3.4581536638579151e+00
2.9951870629826582e+00
2.5791303165254220e+00
2.2078831719866181e+00
1.8788992126409296e+00
1.5893261531742666e+00
1.3361258381083581e+00
1.1161749788329822e+00
9.2634794660621855e-01
7.6358313597219329e-01
6.2493453555365330e-01
5.0761019991490031e-01
4.0899931805456086e-01
3.2668953042971538e-01
2.5847606708469972e-01
2.0236417332446971e-01
1.5656616460276093e-01
1.1949431566879017e-01
8.9750647422147875e-02
6.6114532640705298e-02
4.7528903812713748e-02
3.3085715066400213e-02
2.2011188803410631e-02
1.3651267219322798e-02
7.4575904031056427e-03
2.9742367859037825e-03
-1.7461212805145606e-04
-2.2959826833783199e-03
-3.6383465191626991e-03
-4.4007759786741686e-03
-4.7410407792240926e-03
-4.7826925805137793e-03
-4.6212009501390436e-03
-4.3292152077039755e-03
-3.9610325795691632e-03
-3.5563555697883898e-03
-3.1434205869917500e-03
-2.7415770321003873e-03
-2.3633913621245667e-03
-2.0163450663960255e-03
-1.7041891171860736e-03
-1.4280110051468999e-03
-1.1870637389464968e-03
-9.7940005029437962e-04
-8.0234881846203440e-04
-6.5286535229044191e-04
-5.2778208657993969e-04
-4.2398175566571835e-04
-3.3851117479149513e-04
-2.6865037363044917e-04
-2.1194884667656796e-04
-1.6623825183828227e-04
-1.2962886882500889e-04
-1.0049530855139183e-04
-7.7455713703205093e-05
-5.9347536930906264e-05
-4.5202089559458399e-05
-3.4219343974139054e-05
-2.5744071263210498e-05
-1.9243867352049472e-05
-1.4289370052306624e-05
-1.0536849634714916e-05
-7.7130464962743266e-06
-5.6022404278218300e-06
-4.0352682498146192e-06
-2.8803965362925107e-06
-2.0356894603933402e-06
-1.4228153889330662e-06
-9.8199345222668385e-07
-6.6789534353322295e-07
-4.4640593391812183e-07
-2.9202166298084116e-07
-1.8583785805636370e-07
-1.1391970229270070e-07
-6.6116847219575805e-08
-3.5062372109882401e-08
-1.5486322563515804e-08
-3.6517494201448433e-09
3.0695955676735021e-09
6.4971719820479775e-09
7.8677354959206908e-09
8.0162738116664164e-09
7.4890528400212947e-09
6.6303792088566151e-09
5.6612914559047234e-09
4.7042809888904562e-09
3.8290429955602102e-09
3.0601881664351364e-09
2.4124910111992419e-09
1.8783397332360552e-09
1.4459077509617713e-09
1.1018719308944382e-09
8.3394568328083435e-10
6.2466697658242303e-10
4.6352547686181746e-10
3.4138404111152102e-10
2.5044522671073387e-10
1.8139990629992127e-10
1.3263755070900485e-10
9.3467415090067020e-11
6.5283772733727569e-11
4.9893748618249234e-11
3.2582262314055294e-11
2.3828281433192651e-11
1.5791486399652965e-11
1.0990064098095713e-11
8.0021343604019538e-12
6.1985724707771866e-12
6.0117279197235355e-12
2.9838819302963610e-12
4.0530978437638358e-12
5.9934234066857298e-13
2.3620209210016050e-12
-5.4093753354001278e-13
2.2553403027187558e-12
6.9207801645893294e-13
1.7508392782821154e-14
1.3441165793132826e-12
1.3216047738238775e-12
1.0306390325323422e-12
-4.1895281900828620e-13
2.8444757592886610e-13
-7.2558415686307553e-13
2.0057121733509003e-12
-1.5827126922996339e-12
1.8199396597880071e-14
-2.7117301135397026e-13
-8.7375774815109534e-13
-1.1372719655047810e-12
-2.0864377655393198e-13
-8.6635169680129541e-13
-1.2436533436167574e-12
-8.3175823976790485e-13
6.8529382591794731e-13
2.1127745005021343e-13
-4.8374576318417026e-13
-4.9075710508827175e-13
-2.5655607426893443e-13
-1.4448668406687967e-12
1.2942842577156670e-12
1.2513347366765580e-12
2.9402629147739731e-12
1.5531685038908886e-12
-1.2975281897556557e-12
5.9355454740586631e-13
1.0145339730148364e-12
-1.6211417591949121e-12
-6.9572626409045715e-13
1.0072631011332688e-12
7.6453440194369752e-13
-1.3829738290447604e-12
3.7436885701659064e-13
1.2130487849608906e-12
-1.8472338906585139e-12
-8.1580316535470452e-13
-1.3184353879753113e-12
2.1705934928696469e-12
6.1256700455998597e-13
7.8930862611158924e-14
-1.7711670173382367e-12
1.9075952217808269e-12
1.2666644456943756e-12
-7.1693426595348915e-13
-1.1115111115884094e-12
1.3843736280107500e-12
1.6401199766921176e-12
4.0477974154188689e-14
2.4505632582612990e-12
5.7207749842667763e-13
9.6576987341528690e-13
5.6827038021064532e-13
-8.3424806174460436e-13
5.9107707683306687e-14
1.9033123498175788e-12
5.1495757916781654e-13
1.2340833985149508e-12
3.1097347780124459e-13
4.7425050303990875e-13
-4.8688040340912924e-13
1.7622493476061204e-12
-4.9346474456477544e-13
-1.2573574029156276e-12
-1.2933504454857915e-12
2.4427503855869107e-12
-7.3150233522862020e-13
-8.2452831440424041e-13
6.3712497679061556e-13
-7.2300617504059423e-13
-8.8695659369793593e-13
3.2414603632098962e-13
-1.3627301888565383e-12
2.0149689413666182e-14
5.3921956330446712e-13
-2.3299654801738768e-12
-6.3759696540077962e-13
6.5560252549718926e-13
2.7020076721519226e-14
1.1391086606767165e-14
2.3816059655860845e-12
5.4953432743181675e-13
-6.0216329155914744e-13
8.0447724192034550e-14
9.0946885590959873e-13
-5.7487427632835422e-13
1.4406594154077439e-12
3.3654512045206833e-13
5.9301621861442757e-13
-9.8137070313692255e-15
2.4954352930843531e-12
-1.0657070269566445e-12
4.1509971084911118e-13
4.6328582860623196e-13
3.4767447123679055e-13
-7.7630621127269014e-13
4.0584429113611948e-13
3.1852963617665803e-14
-1.9565817437196113e-12
-6.7582406198872651e-13
-8.2182562437554754e-13
-3.4320323108639115e-13
6.5971516821536897e-13
-3.9218478878737110e-13
-2.3598216421900322e-12
-1.4692192808314788e-14
2.8059657635645592e-12
-8.2010452086986347e-13
-1.4541140272571035e-13
2.0953303630412220e-12
-4.2613517591532304e-13
-4.6676025946926978e-13
-8.6931749108273051e-13
1.1233046249841601e-12
6.5852878899622774e-14
-3.3751780694828044e-14
