0.0000000000000000e+00
-1.7114172259345074e-14
8.5696389780909775e-15
8.5821536996629672e-15
2.5783890221071300e-14
1.7214135759824428e-14
1.7238933797020984e-14
3.0211394185410352e-14
1.7288295391641330e-14
1.2984643555757399e-14
2.6006012148569888e-14
8.6808725153711548e-15
2.1732585544231164e-14
8.7051556066194861e-15
2.3972400281809348e-14
3.4917106322531336e-14
1.9667870404085979e-14
3.5012934860578367e-14
3.9443176379796606e-14
4.8273639128601254e-14
5.2733150824022456e-14
1.9801461640289017e-14
4.1858892998328153e-14
3.6399433057111197e-14
3.3134132924618257e-14
4.3131024811161713e-14
4.8724321518405060e-14
2.2730661638192618e-14
3.5527972632526376e-14
2.1121921204623899e-14
5.2872510909679309e-14
5.4054482250958573e-14
4.2126726726994181e-14
6.7040915279371571e-14
9.2297023752466834e-14
8.0090682138314687e-14
1.1383644752965402e-13
1.1846886612590237e-13
1.4194391446011350e-13
1.7842077242784077e-13
2.1075876817723937e-13
2.7194815878904090e-13
3.8807708149939170e-13
5.1918633394029613e-13
7.2251637959315296e-13
1.0408383602265515e-12
1.5131482749572743e-12
2.2002121491261899e-12
3.1619336963282553e-12
4.5632819409918281e-12
6.5665507043372841e-12
9.4420777870026896e-12
1.3551701179644304e-11
1.9377863036587965e-11
2.7686934802035538e-11
3.9510121934724639e-11
5.6268875998254152e-11
7.9947083850846491e-11
1.1338401687899186e-10
1.6044472299390490e-10
2.2657659398695535e-10
3.1926089700173810e-10
4.4898014327774049e-10
6.3007339841753124e-10
8.8232864844840560e-10
1.2330014330379783e-09
1.7194628134728246e-09
2.3927886799104212e-09
3.3228383285605352e-09
4.6046841903457782e-09
6.3676756242026615e-09
8.7872456777081013e-09
1.2100765800433861e-08
1.6628879178602122e-08
2.2803510829587575e-08
3.1205362754826989e-08
4.2613382304081554e-08
5.8069880112956533e-08
7.8966872027227352e-08
1.0715883734024671e-07
1.4511077162495112e-07
1.9609211581886532e-07
2.6442920082415967e-07
3.5583402824293686e-07
4.7783098699523053e-07
6.4030949539977643e-07
8.5623771411779758e-07
1.1425824397847904e-06
1.5214914835961334e-06
2.0218096881855111e-06
2.6810184551461013e-06
3.5477100123642621e-06
4.6847368414135591e-06
6.1732101200633910e-06
8.1175636299773279e-06
1.0651949999914340e-05
1.3948301059540185e-05
1.8226458190604176e-05
2.3766872265227738e-05
3.0926484611821255e-05
4.0158534725013634e-05
5.2037201968621437e-05
6.7288181535131013e-05
8.6826525727593266e-05
1.1180335391465687e-04
1.4366335923255918e-04
1.8421541938545079e-04
2.3571906932764932e-04
3.0099011508765512e-04
3.8352927989417388e-04
4.8767848226046405e-04
6.1881016499217717e-04
7.8355603727490227e-04
9.9008267250533960e-04
1.2484226385457461e-03
1.5708712365123971e-03
1.9724605071369757e-03
2.4715239427624582e-03
3.0903673320045151e-03
3.8560633770273979e-03
4.8013901684452014e-03
5.9659362892047355e-03
7.3973982495595921e-03
9.1530991305220528e-03
1.1301760722800430e-02
1.3925565084761721e-02
1.7122545273909221e-02
2.1009349010291053e-02
2.5724423152045310e-02
3.1431671052945628e-02
3.8324639052745399e-02
4.6631292435101605e-02
5.6619445068077923e-02
6.8602910492795197e-02
8.2948445298633031e-02
1.0008355805271006e-01
1.2050525864570169e-01
1.4478982346832323e-01
1.7360365110878814e-01
2.0771528101419917e-01
2.4800864352143248e-01
2.9549760355744065e-01
3.5134185184529859e-01
4.1686418634340738e-01
4.9356921260167208e-01
5.8316347446409622e-01
6.8757700583111725e-01
8.0898626978757882e-01
9.4983842312669708e-01
1.1128768120287129e+00
1.3011675683242245e+00
1.5181271354134684e+00
1.7675505086388315e+00
2.0536399269478327e+00
2.3810337013895642e+00
2.7548348118412473e+00
3.1806388469943254e+00
3.6645608048278144e+00
4.2132602124960261e+00
4.8339639668715479e+00
5.5344862411646147e+00
6.3232447505127878e+00
7.2092726217490970e+00
8.2022250713967342e+00
9.3123800630861666e+00
1.0550632092898091e+01
1.1928478240493934e+01
1.3457995627188989e+01
1.5151809441187277e+01
1.7023050726758356e+01
1.9085303189766929e+01
2.1352538348016029e+01
2.3839038452400892e+01
2.6559306724624495e+01
2.9527964599516430e+01
3.2759635824691934e+01
3.6268817456738752e+01
4.0069738000121632e+01
4.4176203160754078e+01
4.8601429928296440e+01
5.3357869956667429e+01
5.8457023477350795e+01
6.3909245250604329e+01
6.9723544330830748e+01
7.5907379688865177e+01
8.2466453990066455e+01
8.9404508066848834e+01
9.6723118841429809e+01
1.0442150364280995e+02
1.1249633401511419e+02
1.2094156222642049e+02
1.2974826375248207e+02
1.3890449902326597e+02
1.4839519767767013e+02
1.5820206846970419e+02
1.6830353780542816e+02
1.7867471966279203e+02
1.8928741935626834e+02
2.0011017325620969e+02
2.1110832616203913e+02
2.2224414756298256e+02
2.3347698750578655e+02
2.4476347223286612e+02
2.5605773916499783e+02
2.6731171018961999e+02
2.7847540158962784e+02
2.8949726831968297e+02
3.0032457971951555e+02
3.1090382315881328e+02
3.2118113154849345e+02
3.3110273014058532e+02
3.4061539758528113e+02
3.4966693582976512e+02
3.5820664313891217e+02
3.6618578430124882e+02
3.7355805196140739e+02
3.8028001299765157e+02
3.8631153394284604e+02
3.9161617963037662e+02
3.9616157953168766e+02
3.9991975663582156e+02
4.0286741419800649e+02
4.0498617624627394e+02
4.0626277837272903e+02
4.0668920603819555e+02
4.0626277837275438e+02
4.0498617624632442e+02
4.0286741419808214e+02
3.9991975663592166e+02
3.9616157953181164e+02
3.9161617963052385e+02
3.8631153394301566e+02
3.8028001299784256e+02
3.7355805196161873e+02
3.6618578430147886e+02
3.5820664313915995e+02
3.4966693583002888e+02
3.4061539758555961e+02
3.3110273014087676e+02
3.2118113154879632e+02
3.1090382315912581e+02
3.0032457971983621e+02
2.8949726832001022e+02
2.7847540158995992e+02
2.6731171018995553e+02
2.5605773916533525e+02
2.4476347223320403e+02
2.3347698750612346e+02
2.2224414756331717e+02
2.1110832616237028e+02
2.0011017325653611e+02
1.8928741935658894e+02
1.7867471966310572e+02
1.6830353780573421e+02
1.5820206847000176e+02
1.4839519767795846e+02
1.3890449902354456e+02
1.2974826375275032e+02
1.2094156222667799e+02
1.1249633401536073e+02
1.0442150364304527e+02
9.6723118841653772e+01
8.9404508067061414e+01
8.2466453990267610e+01
7.5907379689055034e+01
6.9723544331009492e+01
6.3909245250772081e+01
5.8457023477507825e+01
5.3357869956814042e+01
4.8601429928432971e+01
4.4176203160880846e+01
4.0069738000239070e+01
3.6268817456847216e+01
3.2759635824791872e+01
2.9527964599608268e+01
2.6559306724708676e+01
2.3839038452477823e+01
2.1352538348086167e+01
1.9085303189830704e+01
1.7023050726816116e+01
1.5151809441239491e+01
1.3457995627236020e+01
1.1928478240536181e+01
1.0550632092935961e+01
9.3123800631199920e+00
8.2022250714269358e+00
7.2092726217759591e+00
6.3232447505366061e+00
5.5344862411856992e+00
4.8339639668901730e+00
4.2132602125123881e+00
3.6645608048421545e+00
3.1806388470069007e+00
2.7548348118521897e+00
2.3810337013990837e+00
2.0536399269560728e+00
1.7675505086459526e+00
1.5181271354195922e+00
1.3011675683294734e+00
1.1128768120332013e+00
9.4983842313052336e-01
8.0898626979082355e-01
6.8757700583386039e-01
5.8316347446641070e-01
4.9356921260362752e-01
4.1686418634506717e-01
3.5134185184667521e-01
2.9549760355858123e-01
2.4800864352235824e-01
2.0771528101496942e-01
1.7360365110942511e-01
1.4478982346882957e-01
1.2050525864612667e-01
1.0008355805305624e-01
8.2948445298905382e-02
6.8602910492991373e-02
5.6619445068217610e-02
4.6631292435214272e-02
3.8324639052799245e-02
3.1431671052974987e-02
2.5724423152077056e-02
2.1009349010303095e-02
1.7122545273890181e-02
1.3925565084709962e-02
1.1301760722727422e-02
9.1530991304232985e-03
7.3973982494844178e-03
5.9659362891204687e-03
4.8013901683781890e-03
3.8560633769398108e-03
3.0903673319038413e-03
2.4715239426584224e-03
1.9724605070284076e-03
1.5708712364010666e-03
1.2484226384618933e-03
9.9008267243005260e-04
7.8355603722018823e-04
6.1881016493750378e-04
4.8767848221148891e-04
3.8352927985205962e-04
3.0099011508132099e-04
2.3571906930487085e-04
1.8421541938311455e-04
1.4366335925063354e-04
1.1180335399156248e-04
8.6826525766015548e-05
6.7288181587096037e-05
5.2037202006982014e-05
4.0158534768956227e-05
3.0926484617429873e-05
2.3766872311419250e-05
1.8226458242356503e-05
1.3948301100059859e-05
1.0651949975239476e-05
8.1175636378758508e-06
6.1732100875390284e-06
4.6847367708456976e-06
3.5477099743258175e-06
2.6810184305778958e-06
2.0218096502141692e-06
1.5214914077212138e-06
1.1425823817801466e-06
8.5623763608259047e-07
6.4030939737096467e-07
4.7783088628863836e-07
3.5583394927717735e-07
2.6442911526229838e-07
1.9609206251126416e-07
1.4511071836772367e-07
1.0715876418128415e-07
7.8966847061590236e-08
5.8069828619221869e-08
4.2613314850421496e-08
3.1205337293582392e-08
2.2803488702775348e-08
1.6628851028562568e-08
1.2100757494926457e-08
8.7872208836063263e-09
6.3676223215464046e-09
4.6046270845386336e-09
3.3227500801473385e-09
2.3927393902814698e-09
1.7193890050081190e-09
1.2329572138787014e-09
8.8227533853722384e-10
6.3001786719932101e-10
4.4893853915431770e-10
3.1921933739525516e-10
2.2651432169145509e-10
1.6040786086429874e-10
1.1334029080282273e-10
7.9921796507994617e-11
5.6220653406189052e-11
3.9468834144023621e-11
2.7638819473432204e-11
1.9302338118646851e-11
1.3460259201374101e-11
9.3712907467615582e-12
6.4969849535619153e-12
4.5063263501157445e-12
3.0970793527907563e-12
2.1240684435520913e-12
1.4529855903565727e-12
9.6600684413183234e-13
6.3305118525481583e-13
4.2304071654394504e-13
2.8696238340857495e-13
1.5233610554572832e-13
8.7910074426869903e-14
1.4633880388403343e-14
-3.5977863467117871e-14
-6.7937122280730743e-14
-9.8415253898789545e-14
-8.8491802642333704e-14
-9.3415775555527049e-14
-1.1676292744490552e-13
-1.0908311357784585e-13
-8.9162032578900724e-14
-9.6283625130258131e-14
-1.0171872580121510e-13
-9.4926301877531429e-14
-7.7062487017287176e-14
-7.3086482277607584e-14
-4.2025101098055004e-14
-2.5402835242207335e-14
-3.1987380565340149e-14
-2.6437195577891465e-14
-3.4102517269386636e-14
-3.7352648500349238e-14
-2.8525332212355285e-14
-8.7651503066214673e-15
-1.7506467430289183e-14
-8.7412757351493226e-15
-1.5276234016107459e-14
-1.7434472932224984e-14
-2.6115466819858455e-14
-3.4772136870769860e-14
-3.9063926319170200e-14
-4.3343353580949816e-15
-1.7312858074343199e-14
-2.5932443087461995e-14
-3.0211394185410352e-14
-3.4477867594041968e-14
-6.0249475159385492e-14
-6.0162410515833029e-14
-4.2910768498314836e-14
-5.1417833868545868e-14
-6.8456689037380296e-14
-5.9811467628753198e-14
-6.8254935497875324e-14
-6.8153608293898712e-14
-7.6558481067834950e-14
-5.9456304173605442e-14
-8.4809807879024220e-14
-6.7745338131595941e-14
-5.0731904392130992e-14
-6.7539451271671591e-14
-8.4295095219725919e-14
-6.7332415702455408e-14
-6.7228471655189711e-14
-8.3905307300374893e-14
-6.7019740066872620e-14
-6.6914956146712748e-14
-6.6809895894291655e-14
-5.0028420845021349e-14
-6.6598953663571499e-14
-8.3116344158849505e-14
-8.2983659927296144e-14
-8.2850641668584457e-14
-9.9260750003325499e-14
-9.9100334663350187e-14
-9.8939526733273906e-14
-1.3170443862305810e-13
-9.8616744122826520e-14
-1.6409129160072105e-13
-9.8292424243736609e-14
-9.8129694739350126e-14
-9.7966589216794035e-14
-1.6300518408070106e-13
-1.6273210201555996e-13
-1.2996672570309630e-13
-1.2974728324367988e-13
-1.6190919743091766e-13
-1.2930695352005206e-13
-1.2908607368658129e-13
-9.6648541623240468e-14
-1.2864290267621704e-13
-9.6315464211046845e-14
-6.4098937354195424e-14
-6.3987336844187621e-14
-3.1937754905431255e-14
-7.9704322652864423e-14
-4.7738387735783719e-14
-6.3538688257473909e-14
-4.7569480367244392e-14
-4.7484781662520067e-14
-6.3199895311963374e-14
-7.8858168728873505e-14
-6.2972963105254907e-14
-6.2859181554394719e-14
-6.2745192207238258e-14
-7.8288746176514669e-14
-4.6887448225797627e-14
-4.6801497124110125e-14
-7.7858993017128184e-14
-6.2172194258808651e-14
-3.1028498790498234e-14
-4.6456204695650300e-14
-2.3184758317265354e-14
-3.0855123608887264e-14
-2.3097856221591273e-14
-1.5369533045123078e-14
