5.3526217117984226e-13
-9.2880822006834226e-13
-6.1926223826294659e-13
-7.3479567694537932e-14
-1.5238640758926297e-12
3.9165869538536255e-13
6.7498891166237534e-13
-7.9921894970104267e-13
4.6126416433432953e-13
1.5318242894396126e-12
6.2557523555504233e-13
-9.8165577112957190e-13
1.5971979014617381e-12
-8.2864047188063462e-13
-1.4650882297877320e-12
1.7818437366792607e-13
1.3340232115376715e-12
-7.9628680247865658e-14
4.9172345610453377e-13
-3.8561860853302054e-13
-5.6910790862606610e-13
6.6750228870763345e-13
4.7199510757780190e-13
-1.7946304630983503e-12
-4.4749064980372203e-13
3.2767643116221937e-12
-1.1966920538027528e-12
2.2521630660849774e-13
-2.7200859401553246e-13
1.1331865025394895e-12
-5.8139028862888613e-13
7.2716654047587065e-13
-2.6407479714739076e-13
8.1843807245774177e-13
1.4624350871515296e-13
6.3628520284695873e-13
-8.2252232243490276e-13
7.3689656199216346e-13
8.5655460921831799e-14
-1.5485667774151627e-12
2.2414814109185008e-13
5.3582061889745412e-13
-2.1547958352300489e-12
1.1312891131498354e-12
1.2579301185506387e-12
-2.1677636895337441e-13
-1.5441349168918408e-12
5.5094722569174686e-13
-1.0818996125212357e-12
1.1400522009417017e-12
-1.6703052482095828e-12
-4.3484125435706327e-13
-1.8723742717675148e-14
2.5081735063932812e-12
-2.7174390007889623e-12
-1.6066541458677976e-12
5.2802104556810775e-13
1.9673488363164203e-12
-9.1977586832481945e-13
2.7084699149316275e-12
2.0125525072017200e-13
-2.1037681925559056e-13
1.5699685539071402e-12
-3.1912146808744070e-13
5.3656345314012590e-13
1.9749988027104166e-13
8.2197623598661788e-13
-8.8659122875096718e-13
1.6423576600799552e-12
1.6388237744497801e-12
-5.3617488940478038e-13
-1.0168779465389867e-12
-2.8593829536505502e-13
-6.9198573767804318e-13
-7.0692679629585398e-13
-5.3191901777934602e-13
-3.3331300309825106e-12
-3.2131129878977474e-12
-4.0291677264755519e-12
-9.5901941587185434e-12
-1.2872853129122437e-11
-1.9123361369925651e-11
-3.0033509575181423e-11
-4.3838011773170116e-11
-6.4131589811016323e-11
-9.6661859432702495e-11
-1.4319772959476696e-10
-2.1034653823564903e-10
-3.1212966665968097e-10
-4.5168607951370070e-10
-6.5795039186032244e-10
-9.4998105512769715e-10
-1.3674880329829784e-09
-1.9541453260402268e-09
-2.7875715146322354e-09
-3.9569425294779809e-09
-5.5935687979586086e-09
-7.8751540812605199e-09
-1.1041808088042739e-08
-1.5420213779006037e-08
-2.1456176768297069e-08
-2.9738761366182603e-08
-4.1060747384620570e-08
-5.6485145096414970e-08
-7.7419259178322365e-08
-1.0571558090317600e-07
-1.4383278805513532e-07
-1.9497874019351010e-07
-2.6335588940635459e-07
-3.5442106532626859e-07
-4.7525224531835772e-07
-6.3496564733400771e-07
-8.4526703326106501e-07
-1.1211173885202219e-06
-1.4815310618884690e-06
-1.9505830931441320e-06
-2.5585790625502364e-06
-3.3434709561455820e-06
-4.3525369213015639e-06
-5.6443280680174210e-06
-7.2909100177617530e-06
-9.3804156262591122e-06
-1.2019894618869581e-05
-1.5338375825904917e-05
-1.9490148701461343e-05
-2.4658029862012081e-05
-3.1056472901028384e-05
-3.8934165348569455e-05
-4.8575703552698307e-05
-6.0301633669986353e-05
-7.4466101633294786e-05
-9.1450897985038352e-05
-1.1165435028225746e-04
-1.3547314958558325e-04
-1.6327448236821005e-04
-1.9535521978777389e-04
-2.3188400689355408e-04
-2.7282111242451650e-04
-3.1780952658398248e-04
-3.6602944119910625e-04
-4.1600634782677185e-04
-4.6536105892015903e-04
-5.1048737235926084e-04
-5.4614058146569707e-04
-5.6491663121079798e-04
-5.5659832192411513e-04
-5.0734096699323451e-04
-3.9866539006631056e-04
-2.0622147417701821e-04
1.0171975327788033e-04
5.6609314280708738e-04
1.2392387742973189e-03
2.1875328761344014e-03
3.4945153541609060e-03
5.2645846591012121e-03
7.6273358348733647e-03
1.0742622123696095e-02
1.4806423743447320e-02
2.0057609380022046e-02
2.6785675697504088e-02
3.5339547670661532e-02
4.6137516693001993e-02
5.9678384215874479e-02
7.6553864845537264e-02
9.7462284062694277e-02
1.2322358138215261e-01
1.5479559890557978e-01
1.9329159733580478e-01
2.3999889629815771e-01
2.9639848248043504e-01
3.6418536755394426e-01
4.4528940816235940e-01
5.4189622233656132e-01
6.5646775130738133e-01
7.9176192354361163e-01
9.5085078014180302e-01
1.1371363192307218e+00
1.3543632139613269e+00
1.6066274564568681e+00
1.8983798821214461e+00
2.2344234384550821e+00
2.6199029843553649e+00
3.0602863440919248e+00
3.5613352998422441e+00
4.1290651931279934e+00
4.7696918238166006e+00
5.4895643911096865e+00
6.2950833191312503e+00
7.1926019551615452e+00
8.1883113253690603e+00
9.2881073843475210e+00
1.0497440502941147e+01
1.1821147304644940e+01
1.3263265383464093e+01
1.4826831912613816e+01
1.6513667679467666e+01
1.8324148650407317e+01
2.0256967770747220e+01
2.2308890327790277e+01
2.4474506835659042e+01
2.6745988022272229e+01
2.9112847094035942e+01
3.1561715002068691e+01
3.4076134914423896e+01
3.6636382489384872e+01
3.9219318824067777e+01
4.1798283097750264e+01
4.4343031921252006e+01
4.6819732223215325e+01
4.9191014136414559e+01
5.1416089780316874e+01
5.3450943063059562e+01
5.5248594644577452e+01
5.6759445016977509e+01
5.7931697278410446e+01
5.8711859619665070e+01
5.9045325831928473e+01
5.8877030310469230e+01
5.8152172108553444e+01
5.6817000631921331e+01
5.4819653603850050e+01
5.2111036026180308e+01
4.8645727066672890e+01
4.4382900173915495e+01
3.9287240312130855e+01
3.3329841073851327e+01
2.6489063616725030e+01
1.8751338926364582e+01
1.0111894865323107e+01
5.7538985706254020e-01
-9.8435641107883178e+00
-2.1120005191894748e+01
-3.3218366390901089e+01
-4.6092373415444541e+01
-5.9685105259776826e+01
-7.3929224214182057e+01
-8.8747378811065190e+01
-1.0405277981509307e+02
-1.1974994581826380e+02
-1.3573561139579149e+02
-1.5189978720440229e+02
-1.6812695795243823e+02
-1.8429740093230524e+02
-2.0028860486831644e+02
-2.1597676627900063e+02
-2.3123833845618012e+02
-2.4595160658650693e+02
-2.5999826153451113e+02
-2.7326494440449403e+02
-2.8564473422124797e+02
-2.9703855191854535e+02
-3.0735645528484946e+02
-3.1651880155629385e+02
-3.2445725691959376e+02
-3.3111563523026069e+02
-3.3645055168857039e+02
-3.4043188096179301e+02
-3.4304301320169441e+02
-3.4428090548241278e+02
-3.4415593027355919e+02
-3.4269152656592991e+02
-3.3992366308518325e+02
-3.3590012657137919e+02
-3.3067965128737183e+02
-3.2433090867601828e+02
-3.1693137835755346e+02
-3.0856612340082677e+02
-2.9932649398767069e+02
-2.8930878420639203e+02
-2.7861286676155180e+02
-2.6734082989138261e+02
-2.5559563977374526e+02
-2.4347985022135407e+02
-2.3109437957256844e+02
-2.1853737243991554e+02
-2.0590316145480082e+02
-1.9328134141878567e+02
-1.8075596541556183e+02
-1.6840486952926929e+02
-1.5629912992711897e+02
-1.4450265326623287e+02
-1.3307189873773518e+02
-1.2205572762029607e+02
-1.1149537402569153e+02
-1.0142452861632952e+02
-9.1869525485074419e+01
-8.2849621127134938e+01
-7.4377353507547099e+01
-6.6458968633732113e+01
-5.9094901767925855e+01
-5.2280300440974592e+01
-4.6005576730318083e+01
-4.0256976811588544e+01
-3.5017156549800667e+01
-3.0265752826319773e+01
-2.5979941363230211e+01
-2.2134972969569947e+01
-1.8704681356703741e+01
-1.5661956918292958e+01
-1.2979182111139840e+01
-1.0628625278196676e+01
-8.5827908990949933e+00
-6.8147253161796320e+00
-5.2982779485779634e+00
-4.0083188615747787e+00
-2.9209142956001104e+00
-2.0134623744268780e+00
-1.2647917057513562e+00
-6.5522596205093975e-01
-1.6661779088728543e-01
2.1764443991209526e-01
5.1265349631516810e-01
7.3202018972691385e-01
8.8792690177941247e-01
9.9119443594728740e-01
1.0513591167730361e+00
1.0767573018598564e+00
1.0746147421712260e+00
1.0511385129439781e+00
1.0116095309298396e+00
9.6047396616593328e-01
9.0143214105770741e-01
8.3752378076498168e-01
7.7120873208753349e-01
7.0444250038490230e-01
6.3874616296496534e-01
5.7527040180215017e-01
5.1485355780843989e-01
4.5807374379006566e-01
4.0529516421324902e-01
3.5670887838832077e-01
3.1236831185751984e-01
2.7221986978867152e-01
2.3612903879061206e-01
2.0390238183421144e-01
1.7530583669523137e-01
1.5007972410711110e-01
1.2795085931438924e-01
1.0864214186246847e-01
9.1879974875606577e-02
7.7399838380936378e-02
6.4950312418703721e-02
5.4295816196460643e-02
4.5218299820617126e-02
3.7518096565744979e-02
3.1014115841983096e-02
2.5543531400800210e-02
2.0961095477810707e-02
1.7138187826483450e-02
1.3961689201137193e-02
1.1332751770746908e-02
9.1655237475536527e-03
7.3858727354547309e-03
5.9301412514268055e-03
4.7439586483996755e-03
3.7811260946853365e-03
3.0025850418760676e-03
2.3754747620032884e-03
1.8722805700828312e-03
1.4700716206991033e-03
1.1498248507862054e-03
8.9583022926644862e-04
6.9517153795406602e-04
5.3727631659869089e-04
4.1352833419380460e-04
3.1693605511345609e-04
2.4185078562891858e-04
1.8372836756681721e-04
1.3892891517405963e-04
1.0454941066132492e-04
7.8284517795339589e-05
5.8311458815368427e-05
4.3195314696836328e-05
3.1811447652898498e-05
2.3282361614514112e-05
1.6926469424384930e-05
1.2216804199499401e-05
8.7478278398928356e-06
6.2089777379997447e-06
4.3635702055139367e-06
3.0321470722227038e-06
2.0793530119849857e-06
1.4036606665491252e-06
9.2933498985545798e-07
6.0022509483626362e-07
3.7496764197308484e-07
2.2329234332755120e-07
1.2319997365676092e-07
5.8849689424135156e-08
1.8904911515657956e-08
-4.6502211650406313e-09
-1.7426068612350037e-08
-2.3302799116679707e-08
-2.4938908480556410e-08
-2.4089746941610556e-08
-2.1924321877555784e-08
-1.9178058356588238e-08
-1.6306993847806155e-08
-1.3562597893769290e-08
-1.1085931982262024e-08
-8.9335166403209559e-09
-7.1105146402331831e-09
-5.6005847230583262e-09
-4.3694171411000452e-09
-3.3791807302657054e-09
-2.5979246045335638e-09
-1.9818526973941600e-09
-1.5010780443207590e-09
-1.1297965270519984e-09
-8.4699841694534087e-10
-6.3004365070036189e-10
-4.6632399038312389e-10
-3.4447057183534716e-10
-2.5351787568966945e-10
-1.8539629645218754e-10
-1.3630931363699716e-10
-9.7237168491763603e-11
-7.0662974206998901e-11
-4.9145637693698233e-11
-3.6034457108850317e-11
-2.4300211861315637e-11
-1.8807359298808076e-11
-1.4187098815752080e-11
-8.4466144086529855e-12
-8.4229247490886878e-12
-4.2753615149533161e-12
-3.2392054971996335e-12
-2.6400045705087545e-12
-2.1207047482092872e-12
-1.1604957487163917e-12
6.7048671461059064e-13
-1.6283593831062220e-12
-4.1620282917383478e-13
-4.0425345120108245e-13
-1.1269542317829565e-12
-2.7198352201528495e-13
-6.2375520852616357e-13
-9.3119487548951743e-13
1.5329753177847605e-12
1.1851303126724615e-12
-1.8239912186092285e-12
-1.0459306654257830e-12
2.2520096010484849e-13
-8.1047850227536277e-13
7.4790557393149960e-13
7.6762824052312282e-13
1.2837616886626392e-12
5.3029421722191019e-14
1.2894164856366242e-12
6.0008328528486049e-13
-1.5761070918400936e-13
9.9567322846566319e-13
-8.2589918989812178e-13
1.8784839436391658e-13
4.3473348190660928e-14
1.2469644355506547e-12
-2.2858489959601393e-13
1.8840013405876390e-13
-1.2784373386132839e-13
-6.1453357158299671e-13
6.7264292986345276e-13
6.6155394430690429e-13
-6.3385966972268089e-14
-8.9290638821497982e-13
1.0023647999169678e-12
-1.9081694139710314e-13
-1.6057338150765353e-13
4.1588794408198178e-13
-2.7866075109615317e-14
-4.8812825930560131e-13
7.5051806171293180e-13
2.1643647487849377e-12
-4.1967276445229674e-13
1.6204787766419314e-12
6.6569466715189749e-13
6.8599548441860745e-13
-1.1946115688586759e-13
1.9596989400675947e-13
3.2821634280555775e-13
-8.9703392682015329e-13
-2.3190902520127278e-13
-1.9709724524623360e-12
2.5843720935367921e-13
2.3107730854574328e-13
3.5525752105008699e-13
-6.6165085320017913e-13
1.2092276520976161e-12
8.9595459893824155e-13
-1.9768784117761704e-12
4.5150344074351863e-13
4.6863470186618255e-13
-2.3354897343611278e-13
2.4798707529784900e-12
4.4889165216962191e-13
-4.9937597023385835e-13
1.3309932896794917e-12
-9.8659646249608345e-13
-1.5595425551498063e-12
-3.1842880671496114e-13
-3.7084896876883255e-14
4.9064070652885672e-13
-1.7574639659092921e-12
1.2362320614471472e-12
-1.0241542864996162e-12
-6.7824230681699077e-13
9.9016993703181090e-13
-5.5127083138994550e-13
-2.0906043203115214e-12
6.8043626711731980e-13
-2.7044723734317783e-13
-4.1306230501185227e-13
-2.6932358049028419e-13
