5.3812011695194763e-02
6.3910872489467488e-02
7.5337622139534460e-02
8.8294006418072918e-02
1.0300740092782143e-01
1.1973165047702926e-01
1.3874638288296173e-01
1.6036299831094755e-01
1.8492587005321023e-01
2.1281740649524003e-01
2.4446052725307291e-01
2.8032353788723052e-01
3.2092346120231668e-01
3.6683103342630519e-01
4.1867470963904624e-01
4.7714591072796642e-01
5.4300359646135410e-01
6.1707980320950884e-01
7.0028469287081530e-01
7.9361236192437656e-01
8.9814626263245756e-01
1.0150652141648582e+00
1.1456490662721859e+00
1.2912847954010271e+00
1.4534722455939917e+00
1.6338301439177616e+00
1.8341017116768241e+00
2.0561603835535887e+00
2.3020150366771457e+00
2.5738151473680735e+00
2.8738553385538688e+00
3.2045796585832949e+00
3.5685851016042744e+00
3.9686246469530220e+00
4.4076093654880140e+00
4.8886098185723013e+00
5.4148563294686332e+00
5.9897383114052731e+00
6.6168022607937838e+00
7.2997485681119301e+00
8.0424267829043252e+00
8.8488294631777773e+00
9.7230842748679720e+00
1.0669444458961943e+01
1.1692277364082837e+01
1.2796051159075224e+01
1.3985319459734711e+01
1.5264703990858205e+01
1.6638875059208498e+01
1.8112529974744291e+01
1.9690369242738786e+01
2.1377070689405425e+01
2.3177261396237775e+01
2.5095487639216014e+01
2.7136182765669105e+01
2.9303633245468777e+01
3.1601942890807258e+01
3.4034995526991381e+01
3.6606416172169730e+01
3.9319531057173982e+01
4.2177326607050873e+01
4.5182407764513435e+01
4.8336955837881888e+01
5.1642686300027734e+01
5.5100806776204458e+01
5.8711975687490408e+01
6.2476261834140232e+01
6.6393105416311627e+01
7.0461280810731978e+01
7.4678861618739717e+01
7.9043188323333894e+01
8.3550839072869863e+01
8.8197603930252100e+01
9.2978463089246176e+01
9.7887569378104203e+01
1.0291823551618805e+02
1.0806292640406953e+02
1.1331325685616939e+02
1.1865999499547964e+02
1.2409307164245804e+02
1.2960159583646424e+02
1.3517387672603721e+02
1.4079745186716096e+02
1.4645912205397059e+02
1.5214499260717278e+02
1.5784052112065834e+02
1.6353057146757513e+02
1.6919947393521053e+02
1.7483109116126761e+02
1.8040888960841389e+02
1.8591601612246831e+02
1.9133537918364496e+02
1.9664973427699252e+02
2.0184177287554843e+02
2.0689421435764507e+02
2.1178990025391874e+02
2.1651189006143503e+02
2.2104355794623459e+02
2.2536868951374367e+02
2.2947157792266088e+02
2.3333711849408243e+02
2.3695090107787365e+02
2.4029929933343624e+02
2.4336955620731530e+02
2.4614986480435996e+02
2.4862944398955293e+02
2.5079860799025377e+02
2.5264882942323621e+02
2.5417279512022176e+02
2.5536445429271259e+02
2.5621905854043752e+02
2.5673319338471731e+02
2.5690480098253192e+02
2.5673319386073422e+02
2.5621905949152023e+02
2.5536445571690749e+02
2.5417279701470704e+02
2.5264883178416611e+02
2.5079861081302698e+02
2.4862944726855187e+02
2.4614986853335427e+02
2.4336956037909272e+02
2.4029930394034147e+02
2.3695090611132790e+02
2.3333712394525895e+02
2.2947158378188860e+02
2.2536869577132046e+02
2.2104356459170998e+02
2.1651189708456323e+02
2.1178990764381462e+02
2.0689422210387994e+02
2.0184178096717190e+02
1.9664974270377488e+02
1.9133538793495754e+02
1.8591602518867768e+02
1.8040889897961239e+02
1.7483110082882496e+02
1.6919948389034650e+02
1.6353058170307597e+02
1.5784053162928180e+02
1.5214500338353884e+02
1.4645913309278939e+02
1.4079746316530853e+02
1.3517388828059526e+02
1.2960160764699503e+02
1.2409308370884450e+02
1.1866000732041464e+02
1.1331326944278460e+02
1.0806293925865748e+02
1.0291824864560628e+02
9.7887582792752099e+01
9.2978476800230595e+01
8.8197617952643952e+01
8.3550853422615930e+01
7.9043203020822546e+01
7.4678876685442972e+01
7.0461296273114044e+01
6.6393121302183488e+01
6.2476278176951453e+01
5.8711992522376754e+01
5.5100824144709314e+01
5.1642704245822820e+01
4.8336974411972712e+01
4.5182427020611726e+01
4.2177346607328282e+01
3.9319551867263222e+01
3.6606437867543868e+01
3.4035018187570110e+01
3.1601966608052535e+01
2.9303658116573274e+01
2.7136208901478309e+01
2.5095515157976173e+01
2.3177290432477797e+01
2.1377101387224073e+01
1.9690401765809515e+01
1.8112564499125906e+01
1.6638911784672960e+01
1.5264743133217065e+01
1.3985361263738092e+01
1.2796095890258121e+01
1.1692325323545854e+01
1.0669495974759290e+01
9.7231397190614661e+00
8.8488892428152308e+00
8.0424913598435044e+00
7.2998184496772254e+00
6.6168780230056168e+00
5.9898205894591801e+00
5.4149458451893571e+00
4.8887073709385476e+00
4.4077158633771880e+00
3.9687411000462753e+00
3.5687126598173418e+00
3.2047196038444516e+00
2.8740091327633950e+00
2.5739844257604494e+00
2.3022016667608551e+00
2.0563664610730945e+00
1.8343296338221480e+00
1.6340826093206109e+00
1.4537523462573660e+00
1.2915960227372159e+00
1.1459954278276128e+00
1.0154512484833080e+00
8.9857718914804730e-01
7.9409410846395567e-01
7.0082409038299165e-01
6.1768463104860261e-01
5.4368283841862042e-01
4.7790982485884043e-01
4.1953516920528028e-01
3.6780162976193032e-01
3.2201996412446415e-01
2.8156404129221563e-01
2.4586608107959959e-01
2.1441221338201466e-01
1.8673817087831929e-01
1.6242531824278389e-01
1.4109680904916216e-01
1.2241408774169439e-01
1.0607350391765659e-01
9.1803274819542008e-02
7.9360537072578813e-02
6.8528746881254932e-02
5.9115140316523887e-02
5.0948541791737571e-02
4.3877198586933334e-02
3.7766965051972294e-02
3.2499474705054369e-02
2.7970667552624451e-02
2.4089263360121106e-02
2.0775602207930743e-02
1.7960385078874954e-02
1.5583803220510726e-02
1.3594516865418151e-02
1.1949057377094719e-02
1.0611021782400388e-02
9.5507437314288381e-03
8.7446909235360908e-03
8.1754180048311722e-03
7.8311666062425532e-03
7.7061379513716560e-03
7.8003121747642883e-03
8.1201150589762169e-03
8.6784958324107164e-03
9.4961191080695107e-03
1.0601769041046314e-02
1.2034289521251717e-02
1.3843413684271309e-02
1.6092835404773687e-02
1.8861575098140668e-02
2.2248875346550630e-02
2.6376116843706648e-02
3.1394885856398110e-02
3.7489606870734674e-02
4.4881775167375612e-02
