-1.2505502192626660e-14
-1.7991087545789533e-14
-1.2991124076935433e-14
-1.0936766243180012e-15
1.3062033294337389e-14
-1.5651388407885770e-15
7.4508366280086832e-15
3.9044941032077882e-15
-1.4759634947120790e-14
4.9714406194591207e-15
8.4435005935639859e-15
1.1469410905196882e-14
1.1726189721795192e-14
-1.2121450596079521e-14
1.7243653084354449e-14
-6.7490031329319325e-15
8.3326559602911535e-15
2.4698290600256186e-15
-2.1982521154428620e-15
2.4437625337834040e-14
2.9857904204178372e-14
2.3939344465408880e-14
3.6812140850088808e-14
3.6234889669722263e-14
4.0444453742686127e-14
4.9068550758144582e-14
6.1789027654504160e-14
7.9963061750373094e-14
7.1158457984987380e-14
6.7098599903652983e-14
6.7689613207756882e-14
7.1761639455240259e-14
6.1627007287636294e-14
4.1412962871879718e-14
6.1559115025684144e-14
6.0392235394800312e-14
6.4921803024366234e-14
7.4483122773291739e-14
6.2700194832085185e-14
6.8161472110747914e-14
3.6549506174384285e-14
3.5432541670897678e-14
4.2466940273469509e-14
2.0737365173642503e-14
2.8399975310524012e-14
1.0135692301769249e-14
2.2794212495841332e-14
2.4469489465336669e-14
2.3790225141243781e-14
1.8116169932009206e-14
2.2641123547992892e-14
1.8756777189329940e-14
3.2693298276947642e-14
2.7154101289154005e-14
2.5760950158789116e-14
3.4958356036944959e-14
3.0628989798380093e-14
1.8689656205580183e-14
3.2666794192785259e-14
3.8190328482950002e-14
4.6510503845408398e-14
3.9964297669791903e-14
4.1872628488133064e-14
5.4073495623946919e-14
5.0102432418798202e-14
6.3341756309831618e-14
6.5172797617100260e-14
7.7746766697714324e-14
6.8929353373947609e-14
7.4506915875743101e-14
6.5891319960016212e-14
9.3774087691518590e-14
7.8264196627111503e-14
9.8153831686402882e-14
1.0252996746834122e-13
1.1824326084458677e-13
1.1957185712130078e-13
1.2188271412239444e-13
9.9023743131405173e-14
1.0148989714588884e-13
7.0667618045984094e-14
8.3726589299211321e-14
5.8794445210644879e-14
4.7764044632193976e-14
5.3470712691776926e-14
4.1868753013889840e-14
5.1172872142261950e-14
3.0074287943012110e-14
3.5957951135433725e-14
4.2253517197334131e-14
4.3546927437001141e-14
1.4015640404902145e-14
2.1680537828220038e-14
2.3908001219188523e-14
2.7829289823427211e-14
2.4286388352434701e-14
-1.9952795051922719e-14
-9.8122875015873124e-15
-2.3141722097980367e-14
-2.1385502821766568e-14
-1.6787729183106562e-14
-3.3413941886518550e-14
-2.5092353908697276e-14
-1.8134029785477914e-14
1.1541589010342818e-14
1.1675151625509325e-14
3.2254243493171182e-14
3.7522154409607566e-14
2.1968950011524238e-14
2.6656714843367456e-14
5.4626592264473961e-15
8.4131040201192413e-15
-5.8054861607738055e-14
-7.7219551980724004e-14
-1.0586511000334250e-13
-1.1828554466217132e-13
-1.3308232644775891e-13
-1.2751527663764204e-13
-1.4178368990413821e-13
-1.3978211184263998e-13
-1.3079402677790830e-13
-1.2860509883702240e-13
-1.1963545899126273e-13
-1.4067157746842473e-13
-1.6773832728574590e-13
-1.6068116976032049e-13
-1.6824632501490658e-13
-1.8674693144322690e-13
-1.9277455953052293e-13
-2.0893244434310220e-13
-2.1555860616253032e-13
-2.3637779795521396e-13
-2.4488165693407080e-13
-2.5191160067827977e-13
-2.6387626592538621e-13
-2.8771994882391556e-13
-2.8945808026544117e-13
-3.1635047498254417e-13
-3.3227369646052266e-13
-3.6349426959317290e-13
-4.1020482415130847e-13
-4.3251697929784132e-13
-4.9318463178762526e-13
-5.4525142700197483e-13
-6.0252556272797381e-13
-6.6871876429699202e-13
-7.3855160228671761e-13
-8.0283614744315437e-13
-8.4168440512234090e-13
-8.7354066204831386e-13
-9.1894386693552534e-13
-9.6961573128364947e-13
-1.0298234422068634e-12
-1.1198461808119682e-12
-1.2202621943907666e-12
-1.3345450042396003e-12
-1.4394187619719175e-12
-1.5688484118731825e-12
-1.7180211832901496e-12
-1.8783434064450325e-12
-2.0397094883208258e-12
-2.2472099970041975e-12
-2.4746226439847807e-12
-2.6910914656071647e-12
-2.9661368715760542e-12
-3.2358099755427841e-12
-3.5393226886552808e-12
-3.9086838641186277e-12
-4.2544837563899735e-12
-4.6864740368035101e-12
-5.1796252933906261e-12
-5.6948703893015834e-12
-6.2878659535830031e-12
-6.9198069826080458e-12
-7.6530022419677906e-12
-8.4487471950316733e-12
-9.3275732007143511e-12
-1.0264913105787107e-11
-1.1289159370554367e-11
-1.2383260364621951e-11
-1.3561062758721764e-11
-1.4783349506564648e-11
-1.6129460567390840e-11
-1.7554855318852272e-11
-1.9095964172400547e-11
-2.0728794090694946e-11
-2.2494569881388336e-11
-2.4348088594924604e-11
-2.6314747715123887e-11
-2.8368622220871538e-11
-3.0564685365223711e-11
-3.2845782772531778e-11
-3.5273781838200852e-11
-3.7774744446229685e-11
-4.0383385959331630e-11
-4.3030177099905832e-11
-4.5776971226056731e-11
-4.8566118865275790e-11
-5.1447306971498300e-11
-5.4339172632733395e-11
-5.7309092534412798e-11
-6.0320238113567206e-11
-6.3361100775365712e-11
-6.6407005819506396e-11
-6.9471384105050663e-11
-7.2492715577461568e-11
-7.5514015564206587e-11
-7.8493285292945272e-11
-8.1442643835814051e-11
-8.4290820968393612e-11
-8.7073356398426678e-11
-8.9756353728532155e-11
-9.2346143519623874e-11
-9.4756520342065406e-11
-9.7025015351288418e-11
-9.9173589323728431e-11
-1.0111594211991998e-10
-1.0291789759059823e-10
-1.0451460098131161e-10
-1.0588930224851611e-10
-1.0708356721266194e-10
-1.0799500057987478e-10
-1.0874909484300488e-10
-1.0927530154727919e-10
-1.0954248422534606e-10
-1.0962095004556987e-10
-1.0945488494365665e-10
-1.0905683781878452e-10
-1.0844077518950768e-10
-1.0755952113255566e-10
-1.0650399982929978e-10
-1.0522513134041193e-10
-1.0370556318331019e-10
-1.0205415921667849e-10
-1.0015481316597896e-10
-9.8139699193787619e-11
-9.5953519437679716e-11
-9.3555165143437027e-11
-9.1071795416582165e-11
-8.8459411812350595e-11
-8.5725228211455278e-11
-8.2913637301880573e-11
-8.0060323094125494e-11
-7.7149872434555047e-11
-7.4181487374201150e-11
-7.1187428706017100e-11
-6.8162940900634927e-11
-6.5182656074664511e-11
-6.2177031798188511e-11
-5.9255190139102401e-11
-5.6302639971702533e-11
-5.3428910975600991e-11
-5.0567997889783877e-11
-4.7760968685244680e-11
-4.5038175707648497e-11
-4.2372652610314100e-11
-3.9742594888620598e-11
-3.7229478920189026e-11
-3.4800300695960749e-11
-3.2499462555689057e-11
-3.0277170697016343e-11
-2.8169615579395580e-11
-2.6150704734483998e-11
-2.4267615351085156e-11
-2.2442965586393863e-11
-2.0740007820201194e-11
-1.9096780442570249e-11
-1.7600136371862392e-11
-1.6132463268201491e-11
-1.4783378822706769e-11
-1.3523966663025352e-11
-1.2336496051106955e-11
-1.1204923585775802e-11
-1.0177974715522785e-11
-9.2302197416370886e-12
-8.3573038061666671e-12
-7.5790525922621700e-12
-6.8441297474655429e-12
-6.1981887097480197e-12
-5.5978569882640140e-12
-5.0423986269391396e-12
-4.5621351897930022e-12
-4.0875860554644905e-12
-3.6870042050575325e-12
-3.3070568517961844e-12
-2.9618785052176342e-12
-2.6316534316876773e-12
-2.3475432850589918e-12
-2.0993800796091856e-12
-1.8625921166683187e-12
-1.6606208633021999e-12
-1.4824918579799242e-12
-1.3081309644222948e-12
-1.1482176380272275e-12
-1.0219236936792939e-12
-8.7672256285144754e-13
-7.3277266102569277e-13
-6.3464891244361460e-13
-5.0788331584653592e-13
-4.5229000429574752e-13
-3.7449554055722740e-13
-2.8551078256879843e-13
-2.2220479235748965e-13
-1.6104881135553340e-13
-1.3212218095294666e-13
-8.3968370243881256e-14
-4.9477698333112268e-14
-3.3961341854516018e-14
-3.3728447084475562e-14
-3.9705258376455686e-14
-2.6454711955893570e-14
-3.1362528861907220e-14
-3.1104358939746222e-14
-5.3693991657933380e-14
-4.3689340238840368e-14
-5.7439901745635560e-14
-3.8805260507484938e-14
-1.6387896798315107e-14
-4.6111583014658693e-15
8.2437714112374285e-15
1.1393627425351239e-14
4.5496045258173597e-15
-5.0275206760862532e-16
-1.1719588450110997e-15
-3.6016809004838853e-15
1.5947825904954480e-14
1.3743784935884090e-14
8.3335582842792572e-15
1.9592655725765197e-14
1.2680041029524943e-14
-1.0363425307319788e-14
-7.9089002329954945e-15
2.1017858231633445e-16
2.4760454370215631e-15
4.7282014601989960e-14
6.3376315223306912e-14
8.6279079369925739e-14
8.5871781991693672e-14
1.1483178001482754e-13
1.1706207102857102e-13
1.2275124338877569e-13
1.5166876067557318e-13
1.4735843665921614e-13
1.6659255499687705e-13
1.7239760713214570e-13
1.6501430488310167e-13
1.5257753247979122e-13
1.4975945264888028e-13
1.4379062838982668e-13
1.5943298013782309e-13
1.6321511666456945e-13
1.5950647338683274e-13
1.9615214378045306e-13
1.9263118377403709e-13
1.9267413132038438e-13
1.8080291711219215e-13
1.7177027103352002e-13
1.8204458789121313e-13
1.7671225834125012e-13
1.5660246332229931e-13
7.8451496783075177e-14
6.5102716797866010e-14
1.8326078057710336e-14
1.0079405627062692e-14
-1.8563894765388382e-14
-1.3976967789804833e-14
-2.1343647116002249e-14
-3.1777786279959250e-14
2.3376653940596455e-14
3.1376177678245076e-14
3.0189495860687831e-14
3.1481675389917881e-14
3.0490148604765991e-14
4.9174827635372222e-14
3.5463899729654016e-14
4.4061008191657555e-14
3.9530316812276774e-14
4.1674467720789111e-14
3.0524148198165599e-14
3.6811670046979417e-14
3.0780968401482344e-14
1.7857748837656860e-14
3.0442561929913432e-14
6.3968001035289607e-15
1.1918729137314876e-14
5.9929451849664882e-15
9.0979189758024564e-15
-1.1769324970258239e-15
1.8257363289827917e-16
-1.5499082725478467e-14
-8.1522007349345128e-15
-1.6530226301578293e-14
-4.2019917309024718e-15
-1.9962131426526018e-14
-7.1116761691324426e-15
-3.9252094759397785e-15
-1.5097821077308853e-14
9.8238690423071245e-16
-9.3230873969720594e-15
-2.4891484598231296e-15
-4.2549921123660120e-16
2.5653555428091305e-15
1.1344234293619242e-14
1.6184215170427642e-14
1.7188595391463661e-14
1.5565900790153785e-14
1.6025815216294756e-15
9.9874075359611978e-15
-8.3189494766141089e-15
9.4206602634477137e-15
-2.2716738007692181e-16
1.3605310832468516e-14
9.0758862042263664e-15
4.0082671008235348e-16
9.0786561092744059e-16
9.3718964200287506e-15
8.0618978069549495e-15
2.7934020738466050e-14
3.8986317973075824e-14
3.3255294245800131e-14
4.6504153208828635e-14
1.1453376577857517e-14
2.6319769277785253e-14
2.7151763278451533e-14
4.0235100219841826e-14
4.7871054900306266e-14
3.6999856186436408e-14
7.7372450975329615e-14
9.3467188668445144e-14
5.8081406858607407e-14
6.5826762414222819e-14
6.2947867576115859e-14
6.6552852145787057e-14
6.3182250607575609e-14
8.0474566450819778e-14
8.0988886934852568e-14
8.7584973081815085e-14
3.8770435132802246e-14
4.8205180602119190e-14
3.2982277670560335e-14
2.2341510143908240e-14
6.2861289788151446e-14
6.2910222168352615e-14
7.4400580228818370e-14
8.4154337369128031e-14
5.4301541929931209e-14
4.0954665804394546e-14
4.9994749724628638e-14
4.0264953335870829e-14
5.6303909777941550e-14
6.0266376729887078e-14
5.8458492971550632e-14
5.1487633095133413e-14
4.4057172844319501e-14
4.3679552160544934e-14
3.9755369394560678e-14
3.8045143353934212e-14
5.2883052785985858e-14
3.0461946780791856e-14
4.8342298364929063e-14
5.2257274869179960e-14
3.2632798826280525e-14
2.9232838822047178e-14
3.0373933566602797e-14
3.3058054853490679e-14
3.7407670564387838e-14
5.0002404630985533e-14
4.8766392479620409e-14
6.1159652887119376e-14
3.3558253312573149e-14
1.8115879560592889e-14
2.5359134097681554e-14
9.1804803399467917e-15
3.2385578209503113e-14
2.9926245684932557e-14
4.0087074192286517e-14
5.6805131399538648e-14
2.1178406471480641e-14
1.5405440141891854e-14
2.0754413526414257e-14
1.3453518533084271e-14
2.5618479906012273e-14
2.5293641464715517e-14
3.0473578927409267e-14
3.8674518201138997e-14
2.8048255068494334e-14
3.5938181342618171e-14
4.5906329780273115e-14
8.5645315248543314e-15
2.8086578245575891e-14
9.8725282416927778e-15
5.8590868171186486e-15
2.6617927447629098e-14
-9.6265090308828250e-15
-3.0561449902259695e-15
-3.3914053130051756e-15
-4.1176823527929579e-15
-2.2920886957290449e-14
-7.0499711952232826e-15
1.0745828257655132e-14
1.4648647687194112e-14
3.8198019559123530e-15
-3.5237557032057492e-15
1.4964759749231656e-16
-9.8243563414120255e-15
1.9178766702635388e-15
-8.4114558959754166e-15
1.2770983866330396e-14
-2.6798266108739828e-15
-1.7720994696053786e-14
-5.3543006147074550e-15
-1.1805817495624434e-14
