-3.9319679665209796e-14
-9.3804290808333917e-14
-1.6268153900399545e-13
-2.2808005636174032e-13
-2.8654311384229294e-13
-3.3323498582100565e-13
-3.8402559372860843e-13
-4.4595967280450318e-13
-4.6811613156055848e-13
-5.1433093030779173e-13
-5.8072842476564989e-13
-6.3647402209461465e-13
-7.0542334575081030e-13
-7.9218439530119001e-13
-8.6060215051425241e-13
-9.5821136038443751e-13
-1.0219371852548129e-12
-1.0855551681551395e-12
-1.1625015453101247e-12
-1.2316341712951548e-12
-1.3236358952527247e-12
-1.4084802316770306e-12
-1.4767710698960448e-12
-1.5486244015276358e-12
-1.5913749057201946e-12
-1.6099567481409260e-12
-1.6513673956420357e-12
-1.6821432456582156e-12
-1.7002188068521593e-12
-1.7168699474512610e-12
-1.7307324887743679e-12
-1.7416985318047485e-12
-1.6825157315298907e-12
-1.6274727723160904e-12
-1.5624366753194879e-12
-1.4610702444226619e-12
-1.3482859843310759e-12
-1.2077079653270183e-12
-1.0694269103262855e-12
-8.8195563593073752e-13
-6.1622355785773650e-13
-3.7043796115615893e-13
-1.2082804670818385e-13
1.3533294706466937e-13
4.0058879360166999e-13
6.5741282411708086e-13
8.7999964627083169e-13
1.1565510608618812e-12
1.4073933778281671e-12
1.6980880262855961e-12
1.9982062894373140e-12
2.3285829182144717e-12
2.6740794991813884e-12
3.0443447332286981e-12
3.4241170641376137e-12
3.8572085769212113e-12
4.3351348668480170e-12
4.8064225265596760e-12
5.2891424590247558e-12
5.8031573242471046e-12
6.2973277415443260e-12
6.8217546541038009e-12
7.3102914588078066e-12
7.8466193405484428e-12
8.3888611124602025e-12
8.9560382423733831e-12
9.5425561207777388e-12
1.0171676876353867e-11
1.0820228775395554e-11
1.1452210482060199e-11
1.2069458402005468e-11
1.2753716423258367e-11
1.3455611169725426e-11
1.4157975476391860e-11
1.4928849513178967e-11
1.5705404080314936e-11
1.6490740906448219e-11
1.7284427114738120e-11
1.8026201898678595e-11
1.8822450022197801e-11
1.9546471675117621e-11
2.0305944842389133e-11
2.1089286165504177e-11
2.1884342806426372e-11
2.2670129665070840e-11
2.3429563638006733e-11
2.4176093692655384e-11
2.4966967123372957e-11
2.5758250588893580e-11
2.6520692136502474e-11
2.7281702841294041e-11
2.8057191119286093e-11
2.8784747382919813e-11
2.9482924654571593e-11
3.0138620986133458e-11
3.0819031840672988e-11
3.1443517069999763e-11
3.2043352871438507e-11
3.2651383416982770e-11
3.3258450213992840e-11
3.3809374388835929e-11
3.4302785265035492e-11
3.4736077249636593e-11
3.5165268521652964e-11
3.5542375036162374e-11
3.5832283624312144e-11
3.6129612019364651e-11
3.6385067022937517e-11
3.6584583783823683e-11
3.6712439528014667e-11
3.6800490915932410e-11
3.6837794308667918e-11
3.6784731153011158e-11
3.6680205123405756e-11
3.6508633076045452e-11
3.6307205921214231e-11
3.6037101523261827e-11
3.5717685745043744e-11
3.5339574472204367e-11
3.4938652077046331e-11
3.4480018178789174e-11
3.3965128778753665e-11
3.3429406181876273e-11
3.2836360800805848e-11
3.2206811820131068e-11
3.1515564143202622e-11
3.0812675103903431e-11
3.0096761918795333e-11
2.9353640728981913e-11
2.8594894798867910e-11
2.7818151566635718e-11
2.7023586257050656e-11
2.6189791878215257e-11
2.5367825113584826e-11
2.4548865282526100e-11
2.3718737464964847e-11
2.2885895991084189e-11
2.2064467463486823e-11
2.1258346144129366e-11
2.0441611221873769e-11
1.9640083254407794e-11
1.8863357692050028e-11
1.8133484688336105e-11
1.7409896758869956e-11
1.6713208908352341e-11
1.6009548918213024e-11
1.5306766455252163e-11
1.4583423464318739e-11
1.3879823826879357e-11
1.3211856059652782e-11
1.2560512228360949e-11
1.1905630191356037e-11
1.1279944473198502e-11
1.0664294896551222e-11
1.0082639537911507e-11
9.4974584730843242e-12
8.9392378527925050e-12
8.4108883934766798e-12
7.9279824128127519e-12
7.4622093563011986e-12
7.0098773994017777e-12
6.5960368278160799e-12
6.1780110486317977e-12
5.7395495336171058e-12
5.3125321905869006e-12
4.9275531385198726e-12
4.5828965623890736e-12
4.2306610858956213e-12
3.8715257050097811e-12
3.5776454023538519e-12
3.2449818142290268e-12
2.9046708401132054e-12
2.5876600490204444e-12
2.3048160109514993e-12
2.0445267149674710e-12
1.7814112952685030e-12
1.5777755964681610e-12
1.3855888565860103e-12
1.2312111208025409e-12
1.0360899850295006e-12
8.7027105399426533e-13
7.0080804069024740e-13
5.6922466938492265e-13
4.1994318519047982e-13
2.7286923114653668e-13
1.7591356413623445e-13
1.0455031284366913e-13
5.0237018448625471e-14
3.2834756678940597e-14
3.1437193214941294e-14
7.9295998365921349e-14
1.1809846183461516e-13
1.7696031571259210e-13
2.3231209886869187e-13
3.0693914311092908e-13
3.5313550555630887e-13
4.1869346379773090e-13
4.8185616580541063e-13
5.7282529615350111e-13
6.3136110765223975e-13
6.5073645247997531e-13
6.9890994912199975e-13
7.0197142252194450e-13
7.1067038753056828e-13
7.2810124097192361e-13
7.3965453537728398e-13
7.5610620377597168e-13
7.5598702505788628e-13
7.8303558215558600e-13
7.9580721428060999e-13
8.1109904774657432e-13
8.4513711938055752e-13
9.0533905039191490e-13
9.6758767824415469e-13
1.0240378184630110e-12
1.0609110867667629e-12
1.0556774722189747e-12
1.0571090047560294e-12
1.0571082252566886e-12
1.0502815156993671e-12
1.0594320892863077e-12
1.0782587880399839e-12
1.0972516557578745e-12
1.0806826110159577e-12
1.0402805415954895e-12
9.9304190239339567e-13
9.2920521889629031e-13
8.5381202048418378e-13
8.0747309770380202e-13
7.4636058735140587e-13
6.9795972296453523e-13
6.0304933482336638e-13
4.7579186583426609e-13
3.7498892005260356e-13
2.8337466697897107e-13
2.2174971435720755e-13
1.6108575519266155e-13
1.3259439451651891e-13
1.3259972582722456e-13
1.1242566851154672e-13
1.2751088462174225e-13
1.2337220570737893e-13
1.2023769317338800e-13
1.3515421430577243e-13
1.5646513865526267e-13
1.8442682296330159e-13
2.0794165199598857e-13
2.0173374347513678e-13
1.9117799211486845e-13
1.8301916965123555e-13
1.5241038824616962e-13
1.1784027372517146e-13
9.6460619013643642e-14
8.0890772501595032e-14
6.0830089109699093e-14
1.0192677921222721e-14
