1.9264519290582551e-15
-7.7899563934060471e-16
1.7324783526908871e-14
1.2987718290582663e-14
3.1248514616998383e-14
1.1939980999953884e-14
1.7163746228250558e-14
3.7728040684536057e-14
2.0276075438057792e-15
8.4463701026886967e-15
2.0219523009246979e-14
2.1012561479493491e-14
1.9786388064098407e-14
1.8981921769840231e-14
2.9624702791320242e-14
2.4207812628683731e-14
2.7674312954881432e-14
2.6463932427172854e-14
3.0506888213057686e-14
4.1800734281344114e-14
6.5667921277760261e-14
5.6967951328861766e-14
6.6755633414448519e-14
5.9939957529889958e-14
6.7457002737564481e-14
8.0413902833306578e-14
7.8403546676273217e-14
8.0736904056831465e-14
8.0309607285189590e-14
8.5457247428857876e-14
9.1669032927187223e-14
9.2578306272790067e-14
7.4136024800825801e-14
8.1739705435494989e-14
6.9446972457522701e-14
5.8853104101282021e-14
6.2597848989719686e-14
5.9382182931185328e-14
6.3840652003664459e-14
5.6169771853639776e-14
8.3622309088479231e-15
3.8447824662829600e-14
1.4856826908306342e-14
2.6852298362666328e-14
2.1059870870851061e-14
1.5341484929723810e-14
1.6111054015642635e-14
2.7157599264846166e-14
7.4481439609317461e-15
1.1624384046285352e-14
3.3993219408785621e-15
2.8390199393331606e-15
4.8296334201704142e-15
2.8427699045200925e-14
2.2136758145942992e-15
-1.6554144433941867e-15
-7.2620536784687846e-15
-2.2015289842718166e-15
-1.9195275889715956e-14
-9.5698497758845307e-15
-7.3954452730744007e-15
-2.8845279317263747e-15
1.1991636184751241e-14
1.0694815816070397e-15
5.5289275808266648e-15
1.7472280911620905e-14
5.9694313710638517e-15
3.1223975956147590e-14
2.3490735944432309e-14
4.5447079929470812e-14
4.9759537387871859e-14
3.7420690794936815e-14
3.8386972124681596e-14
4.9251490663821771e-14
4.0122747951661653e-14
4.7790561396807168e-14
4.5800899332163863e-14
5.9012534253387844e-14
5.5413945067495447e-14
4.7516254632521329e-14
3.2628757809590616e-14
3.4373274377410350e-14
2.7650949473041389e-14
3.4454141704079279e-14
2.1723546691881694e-14
2.6419923933370076e-14
2.4370076007041994e-14
3.2839203100012228e-14
2.1383074159212519e-14
3.3162575319864939e-14
2.2963378805528992e-14
2.0992973312560223e-14
3.8410903483976968e-14
2.4649507598054020e-14
1.7394426522544784e-14
6.8226459596806648e-15
-2.5910200428461362e-14
-9.8887760642249391e-15
-3.1225916821144003e-14
-4.7751076516338824e-15
5.6263721368834894e-15
-6.9364249787242801e-15
1.3023481997547074e-14
4.1262284156755319e-15
4.7371556687680648e-14
5.1107026053189535e-14
6.0117406874020270e-14
6.5159766245941588e-14
6.3902217024616887e-14
5.7393466662627020e-14
7.1214791249696914e-14
5.6542671877868974e-14
6.0183588660154230e-15
2.3911957386571898e-15
-2.6861402148910833e-14
-2.8896467235013421e-14
-4.0503632681107226e-14
-5.2866661855406720e-14
-4.5840444245133893e-14
-5.3945852387454917e-14
-6.9456574137693601e-14
-4.8489766990447893e-14
-5.1945068998383618e-14
-3.2751866040398455e-14
-5.3290641997640230e-14
-5.8783714811185559e-14
-6.7950612064919851e-14
-7.5526828065594603e-14
-8.8248913609409958e-14
-7.1831494229611085e-14
-9.7698265578960284e-14
-9.2941319488719666e-14
-1.0405110168425397e-13
-1.1636117317549821e-13
-1.2522415883422307e-13
-1.2893625761251686e-13
-1.4017651440037771e-13
-1.5755011416520826e-13
-1.6888674459324035e-13
-1.8780119637631145e-13
-2.3118484294532628e-13
-2.6427948430256966e-13
-3.2143138712955068e-13
-3.5489956005001849e-13
-4.2770308762854298e-13
-4.7377321820696163e-13
-5.2384265926179898e-13
-5.5097783417876625e-13
-6.0852778085944056e-13
-6.1871153443258192e-13
-6.5760504362521713e-13
-6.8548305586081230e-13
-7.3692598471063851e-13
-7.8233853447638470e-13
-8.4954283488269468e-13
-9.0201416319340716e-13
-1.0171857265933019e-12
-1.0864966039677240e-12
-1.1894659212259233e-12
-1.2735933494875886e-12
-1.4191236514951873e-12
-1.5357241639902103e-12
-1.6695819127154443e-12
-1.8115725753765982e-12
-1.9825422681584464e-12
-2.1364515270832192e-12
-2.3417656943140873e-12
-2.5556785095206701e-12
-2.7642415443963777e-12
-3.0314096279786989e-12
-3.3231801604145501e-12
-3.6706765617388463e-12
-4.0680107442937331e-12
-4.4455046612797146e-12
-4.9360351557227134e-12
-5.4105528497159715e-12
-5.9741932518965388e-12
-6.5794184456565313e-12
-7.2536477374913819e-12
-7.9323303986313358e-12
-8.6937040100279351e-12
-9.4493514558764340e-12
-1.0320022646268764e-11
-1.1221763958202691e-11
-1.2193488834203039e-11
-1.3236742147814507e-11
-1.4339604293989872e-11
-1.5521771798673632e-11
-1.6805386641146504e-11
-1.8122102644624995e-11
-1.9551070999622205e-11
-2.1021136693543018e-11
-2.2607180150417105e-11
-2.4249362109213397e-11
-2.5931000742478811e-11
-2.7658714963019569e-11
-2.9473896323038117e-11
-3.1266685301237264e-11
-3.3163481838116591e-11
-3.5046217341385005e-11
-3.6988806077378787e-11
-3.8954859513733669e-11
-4.0939441463599665e-11
-4.2959672345091225e-11
-4.4979600340701262e-11
-4.6970870325337326e-11
-4.8977889603460172e-11
-5.0931277594504942e-11
-5.2925760814860785e-11
-5.4825879103363247e-11
-5.6690245541510479e-11
-5.8493123497935208e-11
-6.0190661012349536e-11
-6.1775008738297231e-11
-6.3336400705040313e-11
-6.4752354249091597e-11
-6.6109147499617010e-11
-6.7295729667018722e-11
-6.8379906842848303e-11
-6.9315356798807614e-11
-7.0130180791545525e-11
-7.0803125390773335e-11
-7.1300454647254656e-11
-7.1642898750983762e-11
-7.1884228826902731e-11
-7.1961491262366960e-11
-7.1879186391519548e-11
-7.1644711527382825e-11
-7.1255781878005868e-11
-7.0698774464067648e-11
-7.0029040897158184e-11
-6.9206236891439697e-11
-6.8264373058545352e-11
-6.7192860484879936e-11
-6.5997418706454236e-11
-6.4698750389347422e-11
-6.3277362212304747e-11
-6.1737933714973550e-11
-6.0090494124976144e-11
-5.8412445934010579e-11
-5.6603508230874076e-11
-5.4793084284895203e-11
-5.2917892341406333e-11
-5.0997622527791820e-11
-4.9077546771327877e-11
-4.7108146775605322e-11
-4.5142245231015656e-11
-4.3212505337176418e-11
-4.1275840237838506e-11
-3.9354043392074517e-11
-3.7453269975022821e-11
-3.5569736817238505e-11
-3.3714095540659593e-11
-3.1872745700990795e-11
-3.0044508074457841e-11
-2.8300208780517088e-11
-2.6575086556625393e-11
-2.4925343815738638e-11
-2.3327073499365758e-11
-2.1810895698710952e-11
-2.0344145676826839e-11
-1.8956940984359572e-11
-1.7631959006257228e-11
-1.6390013444013443e-11
-1.5188863852730387e-11
-1.4044609882900225e-11
-1.2984907284123893e-11
-1.1973481710077855e-11
-1.0994926447382488e-11
-1.0101487803284681e-11
-9.2454143585515042e-12
-8.4682846333058419e-12
-7.7014034481551601e-12
-7.0003143924418284e-12
-6.3736152082197956e-12
-5.7990070766817679e-12
-5.2904140274601226e-12
-4.8191647391282135e-12
-4.3771591048808933e-12
-3.9941670796362161e-12
-3.6251512121343854e-12
-3.3200832173503318e-12
-3.0021949744856675e-12
-2.7493998060230719e-12
-2.4899233930748079e-12
-2.2343487773425882e-12
-2.0275557831577621e-12
-1.8467502619646253e-12
-1.6379158196167667e-12
-1.4896957157806908e-12
-1.3537659829937594e-12
-1.2259597355531238e-12
-1.1121460788457747e-12
-1.0061251671964059e-12
-9.0164050625244627e-13
-8.1061081575526528e-13
-7.0429484944008879e-13
-6.1153096783747971e-13
-5.3812610177318314e-13
-4.6539355708602851e-13
-3.8250846228984435e-13
-3.2926353712406936e-13
-2.5911653390280087e-13
-2.1737956441531460e-13
-1.7945199308057344e-13
-1.6004840296154415e-13
-1.1463896328192199e-13
-1.2503936612807364e-13
-8.3435722321044587e-14
-8.2629895607670597e-14
-1.0091836756897082e-13
-9.5177657447450870e-14
-1.0111877177364454e-13
-9.0736397974417486e-14
-8.9169298116485890e-14
-1.1808438418540814e-13
-8.6282597719764609e-14
-8.1436362011639147e-14
-7.5419807841736572e-14
-5.7578869290567828e-14
-3.5651764140070341e-14
-2.9961956737359143e-14
-3.5155270076312383e-14
-5.6928601516708824e-14
-5.1237909762633882e-14
-3.5142204996419281e-14
-3.7549166345303061e-14
-3.6680404325472692e-14
-2.8810152342180115e-14
-4.5030137631940327e-14
-4.0785855773657470e-14
-5.3445824342433055e-14
-3.4936994403384515e-14
-2.1316240377753210e-14
2.3280028728335590e-15
2.1521251187192589e-14
6.0878195350968500e-14
6.2590701257148304e-14
6.9286059819857948e-14
4.8865743868847886e-14
9.0354990257635710e-14
1.2230363724997224e-13
1.0648330625127975e-13
1.0137062175962339e-13
1.3043450118194979e-13
1.1506240645739072e-13
1.1821117151264097e-13
1.1610833563476138e-13
1.1997979932674712e-13
1.3309750848432713e-13
1.2568663683802549e-13
1.4201325180311856e-13
1.7668817978790562e-13
1.7905969476947281e-13
1.5764991973299805e-13
1.4344135090215220e-13
1.2673183714327026e-13
1.4105665366080351e-13
1.0694993976426762e-13
9.8052075917949707e-14
4.6736682762574983e-14
-3.2663229742827346e-15
-2.1220387087043815e-14
-2.9673574037751925e-14
-4.4291919202108059e-14
-2.3962389089724268e-14
-6.3841270603223728e-14
-5.1485064438651252e-14
-7.4561788641443066e-15
2.3236299558693072e-15
1.3808483464027048e-14
-1.4329605910809357e-15
1.3892590968298711e-14
8.5989239512216937e-15
1.5396618285653459e-14
2.7450878604644979e-14
5.2196498983452393e-14
4.5895285442967848e-14
2.9389213171911924e-14
3.4560253873822498e-14
2.8111664446093780e-14
4.9172219055460486e-14
7.6183540733822061e-15
7.0191376585292780e-15
1.8302637373010998e-14
6.0988534601395135e-15
2.0013280399781979e-16
-4.4945309659540223e-15
3.5593778730931917e-15
-1.7166419200997286e-14
-6.9844167403524960e-15
-5.7856890615755774e-15
1.5932415542232974e-14
-2.2264426922255709e-16
-1.5352682135517799e-15
3.8500195351880813e-15
2.3884541088838578e-16
1.6489992142269427e-15
-1.4611952312248324e-14
-1.3458149397459679e-14
-1.2143142999150759e-14
-8.8796553410781516e-15
8.9038520461330253e-15
2.3811591404996570e-15
-4.7860608346422123e-15
-3.1914436157025164e-14
-3.8394702651512404e-15
-1.8708942510253657e-15
-1.2311586000228677e-14
-8.2040010994577289e-15
-2.3833624953100441e-14
9.1387222052874940e-16
1.3833945301093474e-14
-1.2464843610029884e-14
-1.5266142225122801e-14
-2.7860833114569989e-14
-1.5139157693197169e-14
-2.1003162023918203e-14
-6.5946980774718057e-15
9.4941988870445821e-15
1.7557618358001726e-14
-3.4577488026680325e-15
-7.9928243342130241e-15
6.5231665795719732e-15
2.5866226375625604e-14
1.9934091511482702e-14
3.6516678473340067e-14
4.8116961438167513e-14
5.9979994985949663e-14
2.8010672976237623e-14
4.6228441555808970e-14
1.7393094440524530e-14
1.5893953881542485e-14
2.2046637726046102e-14
2.9399705481711004e-14
5.0584138639233029e-14
3.5016964946747474e-14
-1.2560085344807131e-15
1.5096840686474974e-14
1.3586911390489227e-14
2.5581311351227369e-14
1.9512966317932269e-14
3.5898366311078426e-14
4.9159717102686418e-14
6.6164654024791766e-14
2.0920445441152055e-14
2.1827244283910583e-14
1.8102983203826852e-14
1.0778773547416079e-14
1.7830062322928788e-14
3.5368755119750286e-14
4.2583936083597059e-14
4.0550331292371515e-14
2.1424015034514023e-14
2.3554703060152209e-14
1.2461058351337297e-15
1.3258316018064249e-14
2.4191213654931261e-14
2.0559168632607238e-14
3.0091590240165615e-14
2.8037009932107458e-14
7.1259645560947310e-15
9.6211686645070924e-15
1.6419347063762045e-15
3.0517332715087946e-14
1.9788617023816932e-14
3.0437121135327897e-14
5.1631337161630780e-14
3.8796358889156291e-14
2.3517883588702784e-15
9.9589945725682665e-15
6.6995725351079884e-15
3.1087726936693195e-14
1.9189893703678192e-14
4.6689812697729570e-14
2.0147183372727201e-14
2.6770339646303404e-14
2.7249556424518468e-14
4.1535509087407593e-14
1.6643385197953056e-14
2.9628868372237616e-14
1.4291153948327839e-14
5.2159856585962967e-14
2.5957849817923367e-14
3.2593086997305146e-14
1.8180523397362489e-14
4.3751452506420277e-14
4.3606551098576430e-14
2.7341290571076703e-14
2.5606725404548026e-14
2.8117380528582553e-14
2.5603360376464250e-14
3.2330520243602324e-14
7.9181369475284943e-15
3.5639985432606869e-15
9.5555614231465957e-15
1.0824734326599684e-15
7.0078010189403522e-15
1.7650265832381758e-14
8.4605918395832907e-15
1.5183229984491923e-14
-7.0234476604618960e-15
1.0805836997660627e-14
1.7435629238503077e-14
7.5579633385045458e-15
6.1014587733964580e-16
1.2670075598136460e-14
3.9531294189573733e-15
6.1416817079900121e-15
-3.2829462177177258e-16
2.0099478160322595e-15
3.3534613949164119e-15
