8.5444953755361698e-15
8.5570861296725354e-15
8.5696389780909759e-15
1.7164307399325931e-14
1.7189260147380865e-14
1.7214135759824425e-14
1.7238933797020981e-14
2.5895480730351728e-14
1.2966221543730994e-14
2.1641072592928994e-14
8.6686707161899615e-15
2.1702181288427881e-14
4.3465171088462318e-15
1.3057733409929224e-14
2.3972400281809345e-14
1.9640872306423871e-14
2.6223827205447961e-14
3.7201243289364510e-14
4.3825751533107324e-14
5.0467895452628583e-14
5.2733150824022443e-14
3.3002436067148353e-14
3.7452693735346237e-14
5.0738603655367129e-14
3.2029661827130979e-14
3.5389558819414736e-14
3.7650612082403905e-14
4.1580478606449904e-14
4.8850962369723757e-14
3.8908802219044014e-14
5.2315958163261624e-14
5.7398058472667326e-14
5.0496275083350628e-14
5.5867429399476299e-14
7.2718867198913247e-14
7.5330047186037222e-14
1.0149949262496240e-13
9.9379096228837505e-14
1.3547914211836570e-13
1.5646995184523574e-13
1.8370951450743321e-13
2.7025553539408833e-13
3.5135945370105038e-13
5.1522739675338741e-13
7.2364885040756214e-13
1.0442397927763114e-12
1.5052022600100115e-12
2.1729367919056168e-12
3.1334888088118076e-12
4.5336650337362628e-12
6.5323380400215277e-12
9.4032590875156154e-12
1.3501408091595689e-11
1.9338956260678900e-11
2.7666313946919818e-11
3.9487184273224058e-11
5.6220653406189040e-11
7.9905704562543408e-11
1.1333798943039274e-10
1.6040786086429869e-10
2.2653046636065885e-10
3.1923780833146973e-10
4.4895009585526835e-10
6.3003637760539095e-10
8.8229622775267528e-10
1.2329735748657383e-09
1.7194014990888708e-09
2.3927567383702320e-09
3.3228048538104708e-09
4.6046348800139284e-09
6.3676515977213789e-09
8.7872184247012638e-09
1.2100734181691591e-08
1.6628855274496898e-08
2.2803472058677656e-08
3.1205353758935159e-08
4.2613355111252421e-08
5.8069860670520683e-08
7.8966869747170141e-08
1.0715881900156596e-07
1.4511075716841747e-07
1.9609210134869377e-07
2.6442918081504203e-07
3.5583403100819090e-07
4.7783101649151095e-07
6.4030948202326452e-07
8.5623772081216810e-07
1.1425824330843615e-06
1.5214914701832100e-06
2.0218097205960744e-06
2.6810184551461004e-06
3.5477100056399479e-06
4.6847368414135608e-06
6.1732101065913582e-06
8.1175635985816976e-06
1.0651949961744347e-05
1.3948301047192299e-05
1.8226458183845216e-05
2.3766872239329994e-05
3.0926484597119304e-05
4.0158534725013628e-05
5.2037201942659890e-05
6.7288181529508707e-05
8.6826525695963118e-05
1.1180335393504952e-04
1.4366335920087896e-04
1.8421541937300241e-04
2.3571906932764926e-04
3.0099011510129254e-04
3.8352927986122498e-04
4.8767848223431928e-04
6.1881016497284703e-04
7.8355603723220715e-04
9.9008267245576879e-04
1.2484226384836159e-03
1.5708712364062574e-03
1.9724605070581963e-03
2.4715239426230250e-03
3.0903673318020881e-03
3.8560633767876148e-03
4.8013901681651641e-03
5.9659362888150689e-03
7.3973982491019686e-03
9.1530991299373088e-03
1.1301760722112785e-02
1.3925565083895234e-02
1.7122545272866767e-02
2.1009349009030457e-02
2.5724423150495369e-02
3.1431671051047341e-02
3.8324639050461629e-02
4.6631292432331481e-02
5.6619445064757128e-02
6.8602910488802946e-02
8.2948445293858114e-02
1.0008355804697730e-01
1.2050525863885518e-01
1.4478982346015037e-01
1.7360365109912515e-01
2.0771528100272205e-01
2.4800864350789062e-01
2.9549760354148691e-01
3.5134185182652011e-01
4.1686418632142758e-01
4.9356921257594982e-01
5.8316347443405736e-01
6.8757700579614744e-01
8.0898626974694288e-01
9.4983842307962196e-01
1.1128768119742887e+00
1.3011675682613884e+00
1.5181271353411423e+00
1.7675505085557557e+00
2.0536399268526098e+00
2.3810337012807268e+00
2.7548348117170649e+00
3.1806388468530420e+00
3.6645608046673877e+00
4.2132602123143394e+00
4.8339639666662544e+00
5.5344862409331732e+00
6.3232447502524920e+00
7.2092726214570311e+00
8.2022250710697975e+00
9.3123800627210809e+00
1.0550632092491369e+01
1.1928478240041869e+01
1.3457995626687749e+01
1.5151809440632828e+01
1.7023050726146547e+01
1.9085303189093491e+01
2.1352538347276518e+01
2.3839038451590827e+01
2.6559306723739372e+01
2.9527964598551680e+01
3.2759635823643002e+01
3.6268817455601194e+01
4.0069737998891014e+01
4.4176203159426187e+01
4.8601429926867311e+01
5.3357869955133332e+01
5.8457023475708269e+01
6.3909245248850382e+01
6.9723544328962817e+01
7.5907379686881129e+01
8.2466453987964897e+01
8.9404508064628885e+01
9.6723118839091299e+01
1.0442150364035358e+02
1.1249633401254133e+02
1.2094156222373351e+02
1.2974826374968424e+02
1.3890449902036153e+02
1.4839519767466410e+02
1.5820206846660292e+02
1.6830353780223885e+02
1.7867471965952291e+02
1.8928741935292882e+02
2.0011017325280991e+02
2.1110832615859047e+02
2.2224414755949721e+02
2.3347698750227764e+02
2.4476347222934751e+02
2.5605773916148411e+02
2.6731171018612656e+02
2.7847540158617034e+02
2.8949726831627783e+02
3.0032457971617930e+02
3.1090382315556263e+02
3.2118113154534529e+02
3.3110273013755614e+02
3.4061539758238757e+02
3.4966693582702311e+02
3.5820664313633728e+02
3.6618578429885582e+02
3.7355805195921027e+02
3.8028001299566347e+02
3.8631153394107872e+02
3.9161617962884083e+02
3.9616157953039300e+02
3.9991975663477592e+02
4.0286741419721642e+02
4.0498617624574439e+02
4.0626277837246340e+02
4.0668920603819527e+02
4.0626277837301973e+02
4.0498617624685369e+02
4.0286741419887170e+02
3.9991975663696678e+02
3.9616157953310591e+02
3.9161617963205919e+02
3.8631153394478264e+02
3.8028001299983049e+02
3.7355805196381556e+02
3.6618578430387180e+02
3.5820664314173479e+02
3.4966693583277095e+02
3.4061539758845311e+02
3.3110273014390594e+02
3.2118113155194459e+02
3.1090382316237651e+02
3.0032457972317258e+02
2.8949726832341554e+02
2.7847540159341753e+02
2.6731171019344919e+02
2.5605773916884908e+02
2.4476347223672292e+02
2.3347698750963261e+02
2.2224414756680270e+02
2.1110832616581911e+02
2.0011017325993603e+02
1.8928741935992869e+02
1.7867471966637498e+02
1.6830353780892366e+02
1.5820206847310314e+02
1.4839519768096451e+02
1.3890449902644912e+02
1.2974826375554818e+02
1.2094156222936500e+02
1.1249633401793362e+02
1.0442150364550170e+02
9.6723118843992296e+01
8.9404508069281391e+01
8.2466453992369225e+01
7.5907379691039068e+01
6.9723544332877466e+01
6.3909245252526041e+01
5.8457023479150330e+01
5.3357869958348140e+01
4.8601429929862050e+01
4.4176203162208672e+01
4.0069738001469673e+01
3.6268817457984809e+01
3.2759635825840789e+01
2.9527964600573007e+01
2.6559306725593785e+01
2.3839038453287831e+01
2.1352538348825661e+01
1.9085303190504153e+01
1.7023050727427943e+01
1.5151809441793947e+01
1.3457995627737294e+01
1.1928478240988277e+01
1.0550632093342735e+01
9.3123800634851097e+00
8.2022250717538832e+00
7.2092726220680170e+00
6.3232447507969125e+00
5.5344862414171692e+00
4.8339639670954888e+00
4.2132602126941459e+00
3.6645608050026235e+00
3.1806388471482587e+00
2.7548348119764778e+00
2.3810337015080734e+00
2.0536399270513832e+00
1.7675505087291523e+00
1.5181271354920336e+00
1.3011675683923969e+00
1.1128768120877588e+00
9.4983842317769085e-01
8.0898626983151478e-01
6.8757700586890635e-01
5.8316347449652961e-01
4.9356921262945580e-01
4.1686418636715161e-01
3.5134185186549921e-01
2.9549760357464078e-01
2.4800864353599358e-01
2.0771528102653253e-01
1.7360365111921594e-01
1.4478982347708841e-01
1.2050525865306647e-01
1.0008355805890438e-01
8.2948445303817675e-02
6.8602910497091510e-02
5.6619445071638859e-02
4.6631292438070092e-02
3.8324639055171104e-02
3.1431671054951531e-02
2.5724423153695424e-02
2.1009349011641969e-02
1.7122545274999668e-02
1.3925565085621898e-02
1.1301760723464766e-02
9.1530991310402356e-03
7.3973982499965490e-03
5.9659362895187855e-03
4.8013901687029344e-03
3.8560633772173969e-03
3.0903673321383551e-03
2.4715239428618847e-03
1.9724605071923355e-03
1.5708712365180748e-03
1.2484226385417337e-03
9.9008267250700016e-04
7.8355603727372884e-04
6.1881016499100439e-04
4.8767848223197594e-04
3.8352927986853397e-04
3.0099011507050787e-04
2.3571906931849781e-04
1.8421541937630628e-04
1.4366335925743639e-04
1.1180335400515757e-04
8.6826525771642354e-05
6.7288181587096024e-05
5.2037202013763265e-05
4.0158534768956206e-05
3.0926484630970224e-05
2.3766872266388353e-05
1.8226458204122080e-05
1.3948301074205418e-05
1.0651949981987042e-05
8.1175636255489380e-06
6.1732101402714397e-06
4.6847367708456959e-06
3.5477099620309030e-06
2.6810183981385948e-06
2.0218096055303712e-06
1.5214913876018336e-06
1.1425823371763504e-06
8.5623761045370071e-07
6.4030939737094646e-07
4.7783087292441446e-07
3.5583394374663311e-07
2.6442910306722564e-07
1.9609204366417590e-07
1.4511070343805901e-07
1.0715875591665355e-07
7.8966813367156547e-08
5.8069818759917235e-08
4.2613278474300872e-08
3.1205321965082513e-08
2.2803459113998339e-08
1.6628838566421395e-08
1.2100746178693997e-08
8.7871838462420252e-09
6.3676128213419879e-09
4.6046083780127094e-09
3.3227454453566673e-09
2.3927094636654604e-09
1.7193958765258618e-09
1.2329478746093031e-09
8.8227070603985002e-10
6.2999935679325086e-10
4.4891311441222590e-10
3.1919855759201369e-10
2.2649356425962165e-10
1.6038942979949560e-10
1.1331727707852316e-10
7.9896509165142730e-11
5.6204579208834002e-11
3.9452777780973209e-11
2.7618198618316478e-11
1.9297760850892840e-11
1.3451115003547077e-11
9.3621569351175393e-12
6.4912828428426208e-12
4.4869614492178750e-12
3.1050439212953607e-12
2.1252049167696150e-12
1.4404989954394455e-12
9.6827446583167229e-13
6.5343565991418364e-13
4.3152415337303472e-13
2.5928294091444073e-13
1.6926233949525363e-13
8.4528917718144113e-14
2.7016394563206168e-14
-3.3448169942086137e-14
-6.0076628793704028e-14
-6.3086701217172770e-14
-9.7452997846620632e-14
-7.9711065968039527e-14
-8.4359818393209221e-14
-7.2815070700301187e-14
-7.3558676877593081e-14
-8.1256700976980830e-14
-8.7822725008699350e-14
-8.7154557864166255e-14
-4.9342167946320554e-14
-4.8724321518405041e-14
-3.4283635106308021e-14
-1.2149182072360025e-14
0.0000000000000000e+00
-3.3046494472364324e-15
-2.2001624044765568e-14
-3.0761004647346424e-14
-8.7770252961093181e-15
-1.5339013036587563e-14
-8.7532337151445901e-15
-6.5559568013619904e-15
2.1823191451582077e-15
1.5255163815696855e-14
-8.7051556066194845e-15
-4.3465171088462318e-15
-1.7361745030742307e-14
-2.6006012148569881e-14
-8.6564290371715979e-15
-1.2966221543730994e-14
-1.7263653820234483e-14
-4.3097334492552450e-14
-4.3035339399561064e-14
-2.5783890221071294e-14
-3.4328614798651863e-14
-3.4278555912363904e-14
-5.1342516778035216e-14
-4.2722476877680852e-14
-5.1191201623406480e-14
-3.4076804146949343e-14
-5.1038987378556623e-14
-5.9456304173605430e-14
-5.0885884727414530e-14
-3.3872669065797964e-14
-5.0731904392130980e-14
-6.7539451271671578e-14
-6.7436076175780715e-14
-6.7332415702455395e-14
-6.7228471655189698e-14
-5.0343184380224927e-14
-8.3774675083590747e-14
-8.3643695183390920e-14
-1.0021484384143746e-13
-8.3380701408368893e-14
-8.3248692079464351e-14
-4.9869806495309685e-14
-8.2983659927296131e-14
-8.2850641668584431e-14
-8.2717291669437905e-14
-6.6066889775566783e-14
-1.3191936897769850e-13
-9.8778328967293563e-14
-9.8616744122826495e-14
-9.8454774960432609e-14
-9.8292424243736584e-14
-6.5419796492900071e-14
-9.7966589216794009e-14
-9.7803110448420616e-14
-9.7639261209335956e-14
-1.2996672570309628e-13
-1.6218410405459984e-13
-1.2952735794473411e-13
-1.2930695352005201e-13
-1.2908607368658124e-13
-1.2886472216432060e-13
-1.2864290267621701e-13
-1.2842061894806245e-13
-3.2049468677097699e-14
-6.3987336844187608e-14
-3.1937754905431248e-14
-6.3763458122291534e-14
-6.3651183647711608e-14
-6.3538688257473896e-14
-6.3425973822992506e-14
-6.3313042216693406e-14
-6.3199895311963361e-14
-7.8858168728873479e-14
-4.7229722328941174e-14
-6.2859181554394707e-14
-4.7058894155428678e-14
-4.6973247705908789e-14
-4.6887448225797615e-14
-4.6801497124110112e-14
-3.1143597206851266e-14
-3.1086097129404319e-14
-3.1028498790498227e-14
-4.6456204695650294e-14
-2.3184758317265348e-14
-4.6282685413330887e-14
-3.8496427035985449e-14
-1.5369533045123075e-14
