1.7746181665804132e-13
1.6792325539127442e-12
-1.9322547759360532e-14
-7.1404825967164772e-13
8.5465274866908303e-13
1.5796751641018329e-12
-4.3236389522991095e-13
2.2207812296728508e-12
-1.8506832637677572e-13
-1.9685576540329193e-13
5.1061918794962965e-13
3.6534442471221397e-13
-1.0499208770706495e-12
4.6944121888886109e-13
1.7080250578863700e-12
7.5682437061617669e-14
1.3482306190759712e-13
-2.3992558683452673e-13
-1.5644424052535625e-12
-2.8227286324244206e-13
-2.0509227957489216e-12
-2.0921114714981875e-12
-1.4634346256598637e-12
-2.7500938386730837e-12
-6.6032515919641107e-12
-7.3198875277643964e-12
-8.5499608530105874e-12
-1.1468171751871678e-11
-1.5227894101510023e-11
-1.5700539648990156e-11
-1.9314759697073387e-11
-2.4734951328420847e-11
-2.5842656484138738e-11
-2.6803019005440388e-11
-2.2032761103170917e-11
-1.2737062499545484e-11
9.4236554585544208e-12
4.9369920695605974e-11
1.2159424412462547e-10
2.3884315095387206e-10
4.2341796468967617e-10
7.1456517850393899e-10
1.1653262474004966e-09
1.8437970965632750e-09
2.8609167445437027e-09
4.3657690320906563e-09
6.5722973925090273e-09
9.7805094921071080e-09
1.4413258415065040e-08
2.1052842224722906e-08
3.0518806797694523e-08
4.3933735969125083e-08
6.2843373301204564e-08
8.9365983007953771e-08
1.2639423825182711e-07
1.7785588209376946e-07
2.4907563843169136e-07
3.4723553469814481e-07
4.8199654285755029e-07
6.6630182888899839e-07
9.1745267651470970e-07
1.2584626772723949e-06
1.7198906491839799e-06
2.3421479849389889e-06
3.1785228356066167e-06
4.2990677469468530e-06
5.7955910606226906e-06
7.7880314351812104e-06
1.0432632480292763e-05
1.3932313410004451e-05
1.8549838434231766e-05
2.4624476154102543e-05
3.2592992609577604e-05
4.3016068491047682e-05
5.6611378585771874e-05
7.4294951642848024e-05
9.7232664575383501e-05
1.2690422572463067e-04
1.6518237504790887e-04
2.1443065958453672e-04
2.7762375004797545e-04
3.5849507052947849e-04
4.6171735539447204e-04
5.9312281431531794e-04
7.5997079483642682e-04
9.7127211921189862e-04
1.2381809300214110e-03
1.5744666177039928e-03
1.9970803590234560e-03
2.5268331598395297e-03
3.1892047086948655e-03
4.0153052358018150e-03
5.0430155933359460e-03
6.3183342216559836e-03
7.8969632902518121e-03
9.8461703212864397e-03
1.2246965812669418e-02
1.5196641885515014e-02
1.8811721651200881e-02
2.3231373897629130e-02
2.8621352532255090e-02
3.5178525240848295e-02
4.3136060550827950e-02
5.2769347137533645e-02
6.4402723198584685e-02
7.8417097548810821e-02
9.5258546587807497e-02
1.1544797323945802e-01
1.3959191430023707e-01
1.6839458159471185e-01
2.0267121924663931e-01
2.4336285424696069e-01
2.9155250966472424e-01
3.4848293919962059e-01
4.1557592785679071e-01
4.9445318598283405e-01
5.8695884244350927e-01
6.9518351708651815e-01
8.2148992247638608e-01
9.6853991007700324e-01
1.1393228365390040e+00
1.3371850813669748e+00
1.5658604981305502e+00
1.8295015279214710e+00
2.1327106459564984e+00
2.4805717509744598e+00
2.8786810427929721e+00
3.3331768671282034e+00
3.8507679394488465e+00
4.4387592926076183e+00
5.1050752278387890e+00
5.8582784866188886e+00
6.7075848043347346e+00
7.6628719572193473e+00
8.7346823736432562e+00
9.9342183523174654e+00
1.1273328914892568e+01
1.2764487321463154e+01
1.4420758296798859e+01
1.6255754054514142e+01
1.8283578268166192e+01
2.0518757223623428e+01
2.2976157497638859e+01
2.5670889643967477e+01
2.8618197531138772e+01
3.1833333164999257e+01
3.5331417043267756e+01
3.9127284327599902e+01
4.3235317378372585e+01
4.7669265476054740e+01
5.2442052846456448e+01
5.7565576411607339e+01
6.3050494997498980e+01
6.8906012039527809e+01
7.5139654129014602e+01
8.1757048033611269e+01
8.8761699092675173e+01
9.6154774129289379e+01
1.0393489222532254e+02
1.1209792686805315e+02
1.2063682308905432e+02
1.2954143327217466e+02
1.3879837530157246e+02
1.4839091664841001e+02
1.5829888785224298e+02
1.6849862863803810e+02
1.7896296962141861e+02
1.8966125219385916e+02
2.0055938874842954e+02
2.1161996490984100e+02
2.2280238487531091e+02
2.3406306036339461e+02
2.4535564301497922e+02
2.5663129940527489e+02
2.6783902711959212e+02
2.7892600963207843e+02
2.8983800701936974e+02
3.0051977885450992e+02
3.1091553497518845e+02
3.2096940921887881e+02
3.3062595067938810e+02
3.3983062657806045e+02
3.4853033047003595e+02
3.5667388923181215e+02
3.6421256210934746e+02
3.7110052505254646e+02
3.7729533362576268e+02
3.8275835796708725e+02
3.8745518356999497e+02
3.9135597207629695e+02
3.9443577679262540e+02
3.9667480826572927e+02
3.9805864596320328e+02
3.9857839289332082e+02
3.9823077084556775e+02
3.9701815482588523e+02
3.9494854618062567e+02
3.9203548483265388e+02
3.8829790197401633e+02
3.8375991545409278e+02
3.7845057095300768e+02
3.7240353282113085e+02
3.6565672918169514e+02
3.5825195652232026e+02
3.5023444953107008e+02
3.4165242235512267e+02
3.3255658776897684e+02
3.2299966093042178e+02
3.1303585447515269e+02
3.0272037165658878e+02
2.9210890407962745e+02
2.8125714031227687e+02
2.7022029129536884e+02
2.5905263801829119e+02
2.4780710639925488e+02
2.3653487371515308e+02
2.2528501028231582e+02
2.1410415940958148e+02
2.0303625794380361e+02
1.9212229901925451e+02
1.8140013792025923e+02
1.7090434128395074e+02
1.6066607921884017e+02
1.5071305930614290e+02
1.4106950089307875e+02
1.3175614758896123e+02
1.2279031544107700e+02
1.1418597390290674e+02
1.0595385641428267e+02
9.8101597192788716e+01
9.0633890686926080e+01
8.3552670062833883e+01
7.6857301083331379e+01
7.0544787786993410e+01
6.4609986479655348e+01
5.9045824705495413e+01
5.3843522062246684e+01
4.8992809958627660e+01
4.4482147673754334e+01
4.0298932361480553e+01
3.6429700939630358e+01
3.2860322108620117e+01
2.9576177049310779e+01
2.6562327650741508e+01
2.3803671409160835e+01
2.1285082416293928e+01
1.8991538113397091e+01
1.6908231725214300e+01
1.5020670502316390e+01
1.3314760090062149e+01
1.1776875506499268e+01
1.0393919349834418e+01
9.1533679688516756e+00
8.0433064177682851e+00
7.0524530815037298e+00
6.1701748999698420e+00
5.3864941423254367e+00
4.6920876865217833e+00
4.0782797475442951e+00
3.5370289723626382e+00
3.0609107821972454e+00
2.6430957962095603e+00
2.2773251164808146e+00
1.9578831948123268e+00
1.6795689385164394e+00
1.4376656474040470e+00
1.2279103083134650e+00
1.0464627085943716e+00
8.8987476675553667e-01
7.5506041790613543e-01
6.3926633450119408e-01
5.4004370961114412e-01
4.5522128109109311e-01
3.8287973042435702e-01
3.2132755046482486e-01
2.6907844096940481e-01
2.2483026034666884e-01
1.8744553582556167e-01
1.5593351217842227e-01
1.2943370098752618e-01
1.0720087788962354e-01
8.8591463814262958e-02
7.3051217891713344e-02
6.0104163782538154e-02
4.9342667582657741e-02
4.0418583746907051e-02
3.3035385390897357e-02
2.6941196582716525e-02
2.1922646524707001e-02
1.7799468728622182e-02
1.4419772099083161e-02
1.1655914972366019e-02
9.4009179017493973e-03
7.5653554833415952e-03
6.0746723916391705e-03
4.8668734382641314e-03
3.8905420744019606e-03
3.1031461344219018e-03
2.4695938648983972e-03
1.9610070942213949e-03
1.5536822451348064e-03
1.2282130568460436e-03
9.6875223426867675e-04
7.6239180510791627e-04
5.9864474856612929e-04
4.6901260660926281e-04
3.6662588538815481e-04
2.8594588482784247e-04
2.2251817850804897e-04
1.7276940221308098e-04
1.3384019814167744e-04
1.0344830700484681e-04
7.9776670246096813e-05
6.1382235802047297e-05
4.7121844857163929e-05
3.6092179102886709e-05
2.7581227937196718e-05
2.1029167127182070e-05
1.5996936263231156e-05
1.2141044423131773e-05
9.1934346418461805e-06
6.9454499772985469e-06
5.2350571892847925e-06
3.9367605728133658e-06
2.9535943041659139e-06
2.2108281996218568e-06
1.6510046590119254e-06
1.2300682827119134e-06
9.1431094423999140e-07
6.7801877020521207e-07
5.0160833492416170e-07
3.7022737855954289e-07
2.7260862451260072e-07
2.0025726342630786e-07
1.4675766139022303e-07
1.0729331016901848e-07
7.8253154992160074e-08
5.6936056845702244e-08
4.1325070578417985e-08
2.9922843497619325e-08
2.1613540298186123e-08
1.5573258367123673e-08
1.1192578178672836e-08
8.0255235096315774e-09
5.7420533619333888e-09
4.0946821103615986e-09
2.9149154721126900e-09
2.0674626028419455e-09
1.4637458498125397e-09
1.0345782953079018e-09
7.2934014353021535e-10
5.1155359446899362e-10
3.5926556228956864e-10
2.5021361597586719e-10
1.7345673677348089e-10
1.2112559573703074e-10
8.3990874581370593e-11
5.7676974936683990e-11
4.0970639301993227e-11
2.8755586922336624e-11
1.8830578128563505e-11
1.2911780271991040e-11
9.3813225119561042e-12
5.2928293514315582e-12
4.3288788489461147e-12
3.7651798622094191e-12
1.5829797789429109e-12
-5.8855399616827135e-15
1.6054307321144199e-12
-2.2895802367905763e-13
-9.9625684368235230e-14
4.5424380643197995e-13
4.0952494944680402e-13
1.6235935022039974e-13
1.1769202429508433e-12
1.0027531776576812e-12
9.0127243935714856e-13
4.2676770227836054e-13
8.5879807126783583e-13
4.3611009705541837e-13
-1.1021864249515210e-12
-6.5108915913585668e-13
-7.5635520640895861e-13
-4.5664425758350632e-13
4.5339230931811969e-13
-7.0193849570469632e-14
1.1617673065552257e-12
5.5423729122093963e-13
2.9980064484945881e-13
-5.3757427932990958e-13
2.1922143974142906e-13
4.4990016544085586e-14
1.5844492910465641e-12
1.3012173701751612e-12
2.2808186089383309e-13
4.4227665845324610e-13
1.4067979916038172e-12
-4.3722879656309476e-13
-1.9721677670832555e-12
-8.9492666233126091e-13
-4.2381374219625590e-13
1.3525594261721344e-13
1.2898705467061005e-13
2.4783092573649028e-13
-1.3373437550687651e-12
1.0458203249388232e-12
-1.5004915981534121e-12
-1.4316076927632746e-12
2.2781219068374821e-12
1.8246673129391035e-12
-1.3277621938060353e-12
4.0018798629473457e-13
1.6211126108952822e-12
-7.9883371663704010e-13
-1.2384948834985646e-12
-9.7668070011793891e-13
8.5267448646986126e-13
5.5733980658138905e-13
-3.8313334581657921e-13
-3.3799275428177193e-13
-5.0680775629878978e-13
2.2022930155406626e-12
1.5594222331369656e-13
-1.4209634847225941e-12
-1.2370269197088945e-12
6.7293712322126524e-13
-9.8141187911450181e-13
-6.6788710607698298e-13
-1.0270349653430066e-12
-6.5140506411609779e-13
8.1885098703037371e-13
-6.9718213838867722e-13
-1.1044815437098252e-12
8.6960758631087050e-13
1.8454500491548783e-12
-3.4036048415046474e-13
3.6748543818577582e-13
1.5404112117722576e-13
1.7070698707121822e-13
-1.9392353584017571e-13
-4.7494592456286249e-13
7.3760237926906406e-13
-6.5458136225300005e-13
1.6054807593998918e-12
2.5107695949650320e-13
-4.1398589931893576e-13
4.6256559667625239e-13
-8.7340093405718155e-14
-4.2033891621755014e-13
1.5608900678256906e-13
5.9289561107668250e-13
3.6843280539175748e-13
3.8299954528258400e-13
3.1823561898654605e-13
-4.6293119565623248e-13
1.1748376561770487e-12
-4.1190618074609406e-13
5.4749061233038705e-13
8.6669035091569410e-13
9.9824870855194426e-13
6.5711781062362548e-13
-5.0020507765347679e-13
-6.3794614181763785e-13
1.0248416867218516e-13
-7.3732619836495532e-13
1.7254832228626476e-12
3.5507591961706234e-13
1.6832303565336757e-13
-7.2737173604217634e-14
6.7402173349849842e-13
-1.1528997259163516e-13
8.7405895251804326e-15
-4.0337671733140137e-13
-3.1462053071797212e-14
-1.9826047173129027e-13
1.1944465136208528e-12
-8.4439178461465642e-13
1.0079314086142627e-12
2.5969884634140376e-12
-1.3501933675441500e-12
-2.0873619696257005e-13
-5.8144867175839091e-13
-7.8619312399678420e-13
-1.4705768590281632e-12
7.0286333706822223e-13
1.6970292179855406e-12
1.0599192651179244e-12
-3.4460680066469264e-13
4.8514524197759518e-13
-9.5000368005479520e-13
3.2658600786851795e-13
6.5458331964753198e-13
-1.8820613815045547e-12
-2.0898272450192174e-12
8.7932869530661881e-13
-1.0613447629597047e-12
8.7402295766403015e-13
-1.6350059648176912e-13
7.0252911072416008e-13
1.6885065498285223e-13
1.6135319614057891e-12
6.7920017545824733e-13
-1.5018048527187855e-12
-3.3922393450756689e-13
3.8439129471464858e-13
-4.8424522665743847e-13
5.8912587750007795e-13
3.4564940308390149e-13
-4.5304171688489986e-13
3.9097918112060886e-14
-1.3482595783682642e-12
-9.0874448435037753e-13
