5.3799299025501852e-02
6.3895838291077992e-02
7.5319994338698404e-02
8.8273474355862858e-02
1.0298361106107634e-01
1.1970420215040445e-01
1.3871482456837303e-01
1.6032682276812538e-01
1.8488450958659919e-01
2.1277022743585222e-01
2.4440682432453079e-01
2.8026252793820883e-01
3.2085427672552541e-01
3.6675271552682359e-01
4.1858620074781794e-01
4.7704604683080515e-01
5.4289109907109701e-01
6.1695327092226648e-01
7.0014259269664680e-01
7.9345302028612030e-01
8.9796785620265240e-01
1.0148657604783347e+00
1.1454264142752217e+00
1.2910366159126885e+00
1.4531960218398186e+00
1.6335231621453978e+00
1.8337610520197534e+00
2.0557829111827233e+00
2.3015973934160381e+00
2.5733537438403977e+00
2.8733463470494782e+00
3.2040190067375347e+00
3.5679684670882077e+00
3.9679474532911203e+00
4.4068667792110192e+00
4.8877967478395679e+00
5.4139674243731815e+00
5.9887679661084565e+00
6.6157446177035153e+00
7.2985975242556460e+00
8.0411759987050289e+00
8.8474723737797429e+00
9.7216141042063846e+00
1.0667854236707624e+01
1.1690559945632639e+01
1.2794199248693213e+01
1.3983325636978574e+01
1.5262560740358579e+01
1.6636574803887889e+01
1.8110065112493270e+01
1.9687732186576621e+01
2.1374253911080665e+01
2.3174257473225868e+01
2.5092289304996044e+01
2.7132782963156576e+01
2.9300025183405435e+01
3.1598120102896551e+01
3.4030951933492794e+01
3.6602146143649691e+01
3.9315029480035022e+01
4.2172588950445444e+01
4.5177430148175659e+01
4.8331735100395839e+01
5.1637220066983971e+01
5.5095093527685002e+01
5.8706014824264798e+01
6.2470053741949364e+01
6.6386651527569313e+01
7.0454583662979289e+01
7.4671924909151272e+01
7.9036016958593223e+01
8.3543439213711565e+01
8.8189983029998373e+01
9.2970629925663971e+01
9.7879534077954830e+01
1.0291000957185591e+02
1.0805452268172002e+02
1.1330468959491812e+02
1.1865127979713388e+02
1.2408422545144052e+02
1.2959263690962371e+02
1.3516482459211397e+02
1.4078832727578188e+02
1.4644994691412447e+02
1.5213578991523414e+02
1.5783131487811093e+02
1.6352138658870828e+02
1.6919033614515209e+02
1.7482202688483767e+02
1.8039992585037234e+02
1.8590718033984743e+02
1.9132669915093976e+02
1.9664123794509104e+02
2.0183348822535257e+02
2.0688616924942875e+02
2.1178212227352188e+02
2.1650440636446766e+02
2.2103639510149765e+02
2.2536187334712358e+02
2.2946513336276521e+02
2.3333106942090740e+02
2.3694527017577633e+02
2.4029410794968189e+02
2.4336482421742502e+02
2.4614561048545212e+02
2.4862568390280012e+02
2.5079535687351935e+02
2.5264610009485716e+02
2.5417059839482397e+02
2.5536279890982499e+02
2.5621795110657098e+02
2.5673263832943951e+02
2.5690480052895253e+02
2.5673374801067024e+02
2.5622016602548564e+02
2.5536611020892053e+02
2.5417499286178435e+02
2.5265156025022165e+02
2.5080186108677378e+02
2.4863320653486321e+02
2.4615412205743155e+02
2.4337429160266038e+02
2.4030449458899616e+02
2.3695653631206267e+02
2.3334317235311090e+02
2.2947802771457614e+02
2.2537551135068904e+02
2.2105072689074831e+02
2.1651938027873348e+02
2.1179768516540952e+02
2.0690226679812940e+02
2.0185006524881896e+02
1.9665823871287790e+02
1.9134406769069642e+02
1.8592486074000561e+02
1.8041786255163890e+02
1.7484016496389910e+02
1.6920862158287346e+02
1.6353976652720050e+02
1.5784973785865051e+02
1.5215420610246483e+02
1.4646830829823088e+02
1.4080658785919221e+02
1.3518294055210561e+02
1.2961056674457160e+02
1.2410193010171959e+02
1.1866872274963927e+02
1.1332183696177619e+02
1.0807134326341003e+02
1.0292647489477879e+02
9.7895618417946821e+01
9.2986310306834937e+01
8.8205239211691122e+01
8.3558253654165242e+01
7.9050374769426639e+01
7.4685813788297907e+01
7.0467993821537547e+01
6.6399575597077742e+01
6.2482486678940376e+01
5.8717953797302251e+01
5.5106537805187848e+01
5.1648170889543785e+01
4.8342195557423160e+01
4.5187405040878382e+01
4.2182084662619268e+01
3.9324053836747261e+01
3.6610708281087241e+01
3.4039062157898613e+01
3.1605789763841670e+01
2.9307266536910905e+01
2.7139609052116970e+01
2.5098713829729430e+01
2.3180294682086679e+01
2.1379918480957130e+01
1.9693039126031742e+01
1.8115029654010865e+01
1.6641212321206933e+01
1.5266886653586866e+01
1.3987355345172423e+01
1.2797948048339475e+01
1.1694042978994297e+01
1.0671086423641075e+01
9.7246101063661285e+00
8.8502465393025389e+00
8.0437423420579464e+00
7.3009696829913597e+00
6.6179358475568506e+00
5.9907911088127452e+00
5.4158349175702298e+00
4.8895206028475746e+00
4.4084586054229860e+00
3.9694184448003385e+00
3.5693294415214107e+00
3.2052803997786161e+00
2.8745182661087196e+00
2.5744459697721620e+00
2.3026194500973611e+00
2.0567440741085536e+00
1.8346704358036936e+00
1.6343897362140598e+00
1.4540287191606411e+00
1.2918443567234419e+00
1.1462182411166819e+00
1.0156508718231387e+00
8.9875577532470019e-01
7.9425364183987834e-01
7.0096639640321512e-01
6.1781138563126137e-01
5.4379557718868965e-01
4.7800995215731940e-01
4.1962396684970615e-01
3.6788026550463782e-01
3.2208949979995222e-01
2.8162544061118105e-01
2.4592021707448836e-01
2.1445987547114490e-01
1.8678007156485193e-01
1.6246209942184972e-01
1.4112904794949102e-01
1.2244230247953064e-01
1.0609815869698842e-01
9.1824784759340722e-02
7.9379272701021519e-02
6.8545038278140763e-02
5.9129280950180885e-02
5.0960792028685281e-02
4.3887788926521086e-02
3.7776099060462962e-02
3.2507331706202409e-02
2.7977405043355916e-02
2.4095019213474504e-02
2.0780496624222329e-02
1.7964522352780163e-02
1.5587273274780763e-02
1.3597396625955252e-02
1.1951411925931729e-02
1.0612905372815892e-02
9.5522005840122642e-03
8.7457558979459789e-03
8.1761170435875625e-03
7.8315170605477904e-03
7.7061486528137262e-03
7.7999833837362883e-03
8.1194381102410087e-03
8.6774526384081670e-03
9.4946812753262839e-03
1.0599896805703923e-02
1.2031930161409484e-02
1.3840499691340194e-02
1.6089281906076711e-02
1.8857276959475085e-02
2.2243703146725878e-02
2.6369912459447292e-02
3.1387456241251548e-02
3.7480717362287648e-02
4.4871141998650457e-02
