-3.4177981502144685e-14
-8.5570861296725370e-15
-8.5696389780909775e-15
1.7164307399325934e-14
1.7189260147380868e-14
1.7214135759824428e-14
0.0000000000000000e+00
1.7263653820234486e-14
-4.3220738479103324e-15
4.3282145185857997e-15
-4.3343353580949816e-15
1.3021308773056732e-14
8.6930342176924651e-15
0.0000000000000000e+00
1.5255163815696858e-14
1.7458553161265668e-14
1.5297232536511315e-14
3.0636318003006068e-14
1.7530300613242935e-14
4.1690870156519266e-14
5.2733150824022456e-14
4.1803085685054581e-14
2.2030996314909555e-14
3.9708472425939500e-14
1.9880479754770961e-14
8.8473897048536857e-15
2.1040047928402185e-14
6.6528765770319858e-15
2.4980605757245111e-14
2.2789441299725782e-14
3.7845586756402040e-14
3.0092185995378997e-14
4.4916576179112999e-14
3.2123771904698884e-14
5.0343831137709178e-14
8.5971466491128000e-14
9.0844849752728803e-14
1.0527446634410754e-13
1.2395498272655454e-13
1.6660109980643807e-13
1.8089188391682843e-13
2.6912711979745339e-13
3.2819910385901979e-13
5.0617839746902519e-13
7.2025143796433429e-13
1.0181621432281516e-12
1.5052022600100119e-12
2.1706638454705700e-12
3.1198352628039136e-12
4.5188565801084825e-12
6.5209338185829444e-12
9.4032590875156170e-12
1.3519696487249733e-11
1.9341244894555910e-11
2.7664022740795853e-11
3.9494065571674239e-11
5.6218357092281183e-11
7.9908003411893606e-11
1.1333568805796281e-10
1.6040786086429871e-10
2.2653507912328854e-10
3.1923780833146983e-10
4.4895240719545863e-10
6.3004563280842612e-10
8.8229628882563903e-10
1.2329814819402295e-09
1.7194150664546812e-09
2.3927690502830739e-09
3.3228126492535394e-09
4.6046585563400946e-09
6.3676523454015793e-09
8.7872388614660621e-09
1.2100751858618811e-08
1.6628856086072765e-08
2.2803473441781956e-08
3.1205360617795156e-08
4.2613368577799797e-08
5.8069863771598525e-08
7.8966893681533751e-08
1.0715881316169395e-07
1.4511076057529124e-07
1.9609212163039355e-07
2.6442919617942174e-07
3.5583400577548153e-07
4.7783101444299279e-07
6.4030949975921456e-07
8.5623772097542481e-07
1.1425824546959066e-06
1.5214914718922440e-06
2.0218096743654240e-06
2.6810184514902465e-06
3.5477099852690719e-06
4.6847368031437779e-06
6.1732101154405215e-06
8.1175636074384740e-06
1.0651949913353699e-05
1.3948300979659509e-05
1.8226458091539163e-05
2.3766872127813837e-05
3.0926484439281192e-05
4.0158534526391551e-05
5.2037201659210255e-05
6.7288181120375584e-05
8.6826525174531614e-05
1.1180335327395395e-04
1.4366335838066161e-04
1.8421541825628721e-04
2.3571906790600041e-04
3.0099011328794603e-04
3.8352927762264608e-04
4.8767847934072029e-04
6.1881016134477155e-04
7.8355603270513225e-04
9.9008266679306042e-04
1.2484226313905105e-03
1.5708712275885545e-03
1.9724604960668656e-03
2.4715239290001769e-03
3.0903673149389813e-03
3.8560633559204301e-03
4.8013901424374863e-03
5.9659362571767849e-03
7.3973982102561392e-03
9.1530990823124811e-03
1.1301760663887038e-02
1.3925565012894445e-02
1.7122545186422658e-02
2.1009348904035177e-02
2.5724423023278431e-02
3.1431670897223409e-02
3.8324638864889966e-02
4.6631292208936616e-02
5.6619444796428706e-02
6.8602910167202241e-02
8.2948444909300020e-02
1.0008355758814032e-01
1.2050525809262322e-01
1.4478982281132635e-01
1.7360365033011455e-01
2.0771528009330656e-01
2.4800864243484141e-01
2.9549760227820177e-01
3.5134185034260268e-01
4.1686418458223057e-01
4.9356921054218816e-01
5.8316347206115338e-01
6.8757700303382363e-01
8.0898626653850880e-01
9.4983841936149904e-01
1.1128768076752644e+00
1.3011675633020747e+00
1.5181271296330752e+00
1.7675505020009645e+00
2.0536399193426429e+00
2.3810336926961782e+00
2.7548348019267159e+00
3.1806388357132507e+00
3.6645607920214607e+00
4.2132601979919224e+00
4.8339639504828176e+00
5.5344862226895639e+00
6.3232447297345198e+00
7.2092725984353638e+00
8.2022250452997358e+00
9.3123800339426808e+00
1.0550632060429779e+01
1.1928478204407659e+01
1.3457995587177518e+01
1.5151809396930288e+01
1.7023050677923589e+01
1.9085303136011571e+01
2.1352538288988516e+01
2.3839038387743013e+01
2.6559306653973845e+01
2.9527964522508967e+01
3.2759635740965138e+01
3.6268817365935014e+01
4.0069737901891777e+01
4.4176203054761515e+01
4.8601429814221376e+01
5.3357869834211350e+01
5.8457023346241236e+01
6.3909245110599784e+01
6.9723544181725714e+01
7.5907379530495106e+01
8.2466453822313184e+01
8.9404507889645416e+01
9.6723118654765585e+01
1.0442150344673524e+02
1.1249633380974487e+02
1.2094156201194203e+02
1.2974826352915332e+02
1.3890449879142224e+02
1.4839519743772567e+02
1.5820206822215442e+02
1.6830353755085042e+02
1.7867471940184618e+02
1.8928741908969630e+02
2.0011017298483355e+02
2.1110832588675925e+02
2.2224414728477385e+02
2.3347698722569433e+02
2.4476347195200057e+02
2.5605773888452785e+02
2.6731170991076579e+02
2.7847540131365287e+02
2.8949726804788509e+02
3.0032457945321687e+02
3.1090382289935030e+02
3.2118113129720621e+02
3.3110272989880548e+02
3.4061539735432109e+02
3.4966693561090574e+02
3.5820664293339144e+02
3.6618578411024998e+02
3.7355805178604771e+02
3.8028001283897134e+02
3.8631153380179848e+02
3.9161617950781863e+02
3.9616157942837054e+02
3.9991975655238372e+02
4.0286741413496685e+02
4.0498617620402644e+02
4.0626277835153877e+02
4.0668920603819538e+02
4.0626277839394464e+02
4.0498617628857176e+02
4.0286741426112150e+02
3.9991975671935916e+02
3.9616157963512859e+02
3.9161617975308178e+02
3.8631153408406306e+02
3.8028001315652284e+02
3.7355805213697846e+02
3.6618578449247792e+02
3.5820664334468074e+02
3.4966693604888832e+02
3.4061539781651970e+02
3.3110273038265660e+02
3.2118113180008368e+02
3.1090382341858879e+02
3.0032457998613501e+02
2.8949726859180822e+02
2.7847540186593500e+02
2.6731171046880985e+02
2.5605773944580534e+02
2.4476347251406963e+02
2.3347698778621583e+02
2.2224414784152609e+02
2.1110832643765031e+02
2.0011017352791234e+02
1.8928741962316110e+02
1.7867471992405163e+02
1.6830353806031201e+02
1.5820206871755161e+02
1.4839519791790292e+02
1.3890449925538837e+02
1.2974826397607913e+02
1.2094156244115646e+02
1.1249633422073006e+02
1.0442150383912004e+02
9.6723119028318038e+01
8.9404508244264861e+01
8.2466454158020923e+01
7.5907379847425105e+01
6.9723544480114555e+01
6.3909245390776611e+01
5.8457023608617320e+01
5.3357870079270064e+01
4.8601430042507992e+01
4.4176203266873344e+01
4.0069738098468903e+01
3.6268817547650976e+01
3.2759635908518604e+01
2.9527964676615703e+01
2.6559306795359305e+01
2.3839038517135666e+01
2.1352538407113698e+01
1.9085303243586104e+01
1.7023050775650916e+01
1.5151809485496484e+01
1.3457995667247475e+01
1.1928478276622469e+01
1.0550632125404277e+01
9.3123800922634761e+00
8.2022250975239341e+00
7.2092726450897100e+00
6.3232447713148829e+00
5.5344862596608015e+00
4.8339639832789469e+00
4.2132602270165362e+00
3.6645608176485234e+00
3.1806388582880216e+00
2.7548348217667900e+00
2.3810337100925794e+00
2.0536399345613128e+00
1.7675505152838902e+00
1.5181271412000328e+00
1.3011675733516541e+00
1.1128768163866705e+00
9.4983842689574494e-01
8.0898627303987625e-01
6.8757700863116877e-01
5.8316347686934000e-01
4.9356921466314480e-01
4.1686418810623777e-01
3.5134185334935258e-01
2.9549760483784721e-01
2.4800864460895916e-01
2.0771528193588168e-01
1.7360365188814791e-01
1.4478982412585345e-01
1.2050525919921987e-01
1.0008355851763583e-01
8.2948445688260472e-02
6.8602910818589255e-02
5.6619445339874175e-02
4.6631292661374363e-02
3.8324639240679144e-02
3.1431671208692308e-02
2.5724423280848747e-02
2.1009349116561594e-02
1.7122545361377934e-02
1.3925565156573543e-02
1.1301760781626775e-02
9.1530991786007761e-03
7.3973982888022368e-03
5.9659363211329820e-03
4.8013901943842361e-03
3.8560633980382368e-03
3.0903673489614297e-03
2.4715239564253137e-03
1.9724605181396719e-03
1.5708712453357781e-03
1.2484226456074424e-03
9.9008267812698272e-04
7.8355604177745338e-04
6.1881016856557937e-04
4.8767848507494296e-04
3.8352928209463603e-04
3.0099011682765010e-04
2.3571907072651976e-04
1.8421542049302158e-04
1.4366336008212236e-04
1.1180335461867024e-04
8.6826526241067255e-05
6.7288181936313004e-05
5.2037202264470123e-05
4.0158534960802569e-05
3.0926484775267985e-05
2.3766872410566852e-05
1.8226458290828838e-05
1.3948301141738215e-05
1.0651949997797569e-05
8.1175636222772682e-06
6.1732101448943101e-06
4.6847368158456646e-06
3.5477099768311800e-06
2.6810184231023447e-06
2.0218096272145832e-06
1.5214914328380169e-06
1.1425823869703162e-06
8.5623761029044432e-07
6.4030939301152665e-07
4.7783087335157296e-07
3.5583394342101893e-07
2.6442911828868595e-07
1.9609203785264770e-07
1.4511070393094275e-07
1.0715874684113895e-07
7.8966816010543220e-08
5.8069815658839412e-08
4.2613288787258003e-08
3.1205297504302783e-08
2.2803458866627767e-08
1.6628826232694135e-08
1.2100716990824991e-08
8.7871865050719632e-09
6.3676132048552726e-09
4.6046088799380916e-09
3.3227426333640931e-09
2.3927160700300462e-09
1.7193984889039586e-09
1.2329468567885749e-09
8.8227533853722384e-10
6.3000398439476856e-10
4.4891542575241618e-10
3.1921010192714792e-10
2.2651201531014029e-10
1.6039403756569641e-10
1.1332648256824300e-10
7.9905704562543421e-11
5.6211468150557599e-11
3.9464246611723502e-11
2.7629654648936325e-11
1.9316069921908871e-11
1.3455687102460592e-11
9.3621569351175409e-12
6.5072487528566418e-12
4.5177174682909610e-12
3.1152840808012817e-12
2.1229319703345677e-12
1.4473098653942421e-12
9.9095068283007241e-13
6.5683307235741179e-13
4.4566321475485116e-13
2.9374102238673031e-13
1.7095496289020623e-13
9.2418283371837576e-14
2.7579236116606301e-14
1.1243082333474335e-15
-4.7162960922160186e-14
-7.9068665525523236e-14
-7.2249636334563594e-14
-5.6217278103775261e-14
-8.7991201304175202e-14
-4.9380335302503112e-14
-6.7428787137793673e-14
-6.3447013091615187e-14
-6.7812483867476717e-14
-8.5489184147016592e-14
-5.9875889193287868e-14
-2.8791644533602988e-14
-3.9813253671841585e-14
-1.7671537559796407e-14
2.2060262458855275e-15
-1.5421697420436688e-14
-8.8006496179062283e-15
-3.0761004647346430e-14
-2.4136819564300627e-14
-1.9721588189898303e-14
-1.5318159001503034e-14
-1.0926594668936653e-14
-6.5469574354746251e-15
-4.3586182330562461e-15
-1.7410311213238972e-14
-8.6930342176924651e-15
0.0000000000000000e+00
-4.3343353580949816e-15
8.6564290371715995e-15
-4.3220738479103324e-15
-8.6318269101172431e-15
-1.7238933797020984e-14
-1.7214135759824428e-14
-3.4378520294761736e-14
-3.4328614798651869e-14
-2.5708916934272934e-14
-4.2785430648362691e-14
-2.5633486126608516e-14
-3.4127467748937662e-14
-4.2596005183686694e-14
-3.4025991585704424e-14
-4.2468788695432459e-14
-5.0885884727414542e-14
-6.7745338131595941e-14
-6.7642539189507986e-14
-5.0654588453753693e-14
-5.0577057131835549e-14
-5.0499311776841559e-14
-6.7228471655189711e-14
-6.7124245840299920e-14
-6.7019740066872620e-14
-1.0037243422006912e-13
-1.0021484384143749e-13
-8.3380701408368918e-14
-6.6598953663571499e-14
-6.6493075327079602e-14
-4.9790195956377687e-14
-6.6280513334867565e-14
-8.2717291669437918e-14
-9.9100334663350187e-14
-9.8939526733273906e-14
-9.8778328967293588e-14
-1.3148899216376869e-13
-1.3127303328057683e-13
-1.3105656565831549e-13
-1.3083959298580017e-13
-1.3062211895572537e-13
-1.3040414726456085e-13
-9.7639261209335981e-14
-1.6245840712887035e-13
-1.2974728324367988e-13
-1.2952735794473413e-13
-9.6980215140039042e-14
-1.6135759210822660e-13
-1.2886472216432062e-13
-1.2864290267621704e-13
-9.6315464211046845e-14
-6.4098937354195424e-14
-6.3987336844187621e-14
-3.1937754905431255e-14
-4.7822593591718657e-14
-4.7738387735783719e-14
-4.7654016193105438e-14
-7.9282467278740651e-14
-6.3313042216693431e-14
-6.3199895311963374e-14
-9.4629802474648198e-14
-6.2972963105254907e-14
-9.4288772331592079e-14
-6.2745192207238258e-14
-7.8288746176514669e-14
-7.8145747042996039e-14
-4.6801497124110125e-14
-4.6715395810276918e-14
-4.6629145694106488e-14
-6.2056997580996467e-14
-4.6456204695650300e-14
-4.6369516634530708e-14
-5.3996466315552707e-14
-5.3894997850379631e-14
-3.0739066090246156e-14
