-3.0057252050326857e-13
1.8254724374691707e-13
-8.5487055881963283e-13
7.8550391014875190e-13
6.2996056571032218e-13
-1.2726570213610993e-12
1.2521857020481578e-12
-8.1742982308343048e-13
-3.5330842686027890e-13
5.0621225357573085e-13
-4.5588987314564516e-13
-4.1554773356548764e-13
5.6895666768704840e-13
2.4252035327699294e-13
-2.4027398671074023e-12
-4.6759686104356400e-13
8.0769527147880308e-13
-4.1200995349365139e-13
1.2335889669194198e-12
-1.3126387237212671e-13
-5.9732226363625502e-14
4.4681361452812156e-13
1.2688029856303712e-12
-1.1262470729730154e-12
5.5952612058212460e-13
2.3974902257031195e-13
-7.8120990983087528e-13
2.2169320838227671e-13
-7.8361021827041100e-13
-8.7823752149643177e-13
-8.4119945818011063e-13
-2.6959442889297828e-13
6.3601454826425873e-14
-6.0105195267023309e-13
5.3370016200200125e-13
-1.0032191330510460e-12
4.9243618925274159e-13
-6.2515235017900701e-13
9.2397613983677398e-13
-8.6824192280868440e-13
2.0433316427102355e-12
-1.0475508199363172e-13
-1.9077042729233215e-14
1.5780637591497156e-12
-1.2996850026005835e-13
-1.5878505218057706e-12
8.6200844131607072e-13
1.1045437068169784e-12
-1.2945377339670774e-12
2.4040646648055745e-13
-1.7972250681359255e-13
-1.0069222229421766e-12
-9.5648326111224685e-13
1.4779593035130814e-12
1.7733874334277484e-12
-7.0536317984734337e-13
-4.8243508997182732e-13
7.3773138905222241e-13
9.9895264035867236e-14
1.7683755190623530e-12
-2.5103665397354552e-12
-3.8915155529764900e-13
1.8796566989927479e-12
-1.2258341726480351e-12
-1.7927805458292781e-12
2.1977391989149341e-13
-6.4446496344965383e-13
-1.5496650644459391e-12
-5.9237403632767821e-13
6.3145218608126676e-13
-2.0554187085597111e-13
-7.3672604730705856e-13
-8.6531320463720398e-14
-1.3168537845440329e-12
-1.6442320751966426e-13
-3.1286469071995490e-13
-5.3698608555614386e-12
-4.9080579299708240e-12
-6.4722068555109484e-12
-1.1254419405570084e-11
-1.4515729853645722e-11
-2.0164670615200186e-11
-3.4146201867104489e-11
-4.7186150183917859e-11
-6.6312227724923163e-11
-9.9188500045610554e-11
-1.4145631477763679e-10
-2.0197494817655236e-10
-2.8845375089166361e-10
-4.1084709678305421e-10
-5.8247399743166591e-10
-8.2418821413066733e-10
-1.1603126684156551e-09
-1.6254234577479227e-09
-2.2761159181868559e-09
-3.1747019959613399e-09
-4.4057880027778687e-09
-6.1018600401551452e-09
-8.4234073097957106e-09
-1.1583893146704153e-08
-1.5880386041043492e-08
-2.1696020430472289e-08
-2.9540113804597031e-08
-4.0086123533091391e-08
-5.4208454489183852e-08
-7.3054631923273152e-08
-9.8115261612810532e-08
-1.3131368849568152e-07
-1.7512047284247704e-07
-2.3271344779181668e-07
-3.0813494979329151e-07
-4.0650476514737571e-07
-5.3428529921531169e-07
-6.9958400523020200e-07
-9.1249411110366600e-07
-1.1855187091529518e-06
-1.5340306610146725e-06
-1.9767904757736097e-06
-2.5364980438755623e-06
-3.2403839726307984e-06
-4.1207453665086101e-06
-5.2154741512056234e-06
-6.5683810824803679e-06
-8.2292805756086792e-06
-1.0253652790728462e-05
-1.2701650656731853e-05
-1.5636146757284281e-05
-1.9119401529495614e-05
-2.3207842630474486e-05
-2.7944190422687515e-05
-3.3346028445564422e-05
-3.9389633746143832e-05
-4.5987489568067697e-05
-5.2957617593063754e-05
-5.9982225324122780e-05
-6.6552666555931323e-05
-7.1896938494266801e-05
-7.4885087479189717e-05
-7.3906807705424916e-05
-6.6714382041091659e-05
-5.0222601257689390e-05
-2.0255681424947832e-05
2.8770758940050047e-05
1.0424671663653891e-04
2.1586051386731777e-04
3.7620649097669932e-04
6.0153028405142829e-04
9.1263760739168621e-04
1.3359962182297235e-03
1.9050647876122089e-03
2.6618866389841634e-03
3.6589907601009049e-03
4.9616469581694788e-03
6.6505266499824319e-03
8.8248249432453640e-03
1.1605903778119374e-02
1.5141519185668724e-02
1.9610698392809805e-02
2.5229333790365200e-02
3.2256560864958456e-02
4.1001985117615679e-02
5.1833818794722111e-02
6.5187981162963093e-02
8.1578205732029258e-02
1.0160718358538605e-01
1.2597875354767304e-01
1.5551112643757253e-01
1.9115110187410334e-01
2.3398920164042220e-01
2.8527560268125257e-01
3.4643670577700181e-01
4.1909212209808977e-01
5.0507179978094263e-01
6.0643294614514032e-01
7.2547632931309325e-01
8.6476146608607674e-01
1.0271201225053839e+00
1.2156674709161064e+00
1.4338101646051526e+00
1.6852505101864679e+00
1.9739858420180663e+00
2.3043021346206705e+00
2.6807608321811194e+00
3.1081778321580735e+00
3.5915935372721086e+00
4.1362328901791470e+00
4.7474543330491095e+00
5.4306866935985614e+00
6.1913530941390871e+00
7.0347811145301931e+00
7.9660986167193961e+00
8.9901148597607570e+00
1.0111186801877306e+01
1.1333070799886077e+01
1.2658760275600809e+01
1.4090310320603884e+01
1.5628650651403253e+01
1.7273388799845435e+01
1.9022605921439268e+01
2.0872648116741679e+01
2.2817916677208288e+01
2.4850661172912112e+01
2.6960779781238202e+01
2.9135631696191354e+01
3.1359866840792133e+01
3.3615278412234368e+01
3.5880684003399011e+01
3.8131841147673391e+01
4.0341403110660742e+01
4.2478920587903616e+01
4.4510894649701186e+01
4.6400885793727291e+01
4.8109683317718570e+01
4.9595538406442365e+01
5.0814463343255376e+01
5.1720598114554178e+01
5.2266644389505153e+01
5.2404365446258105e+01
5.2085149104101561e+01
5.1260629137889865e+01
4.9883359031296031e+01
4.7907530306495744e+01
4.5289726092017595e+01
4.1989699100818804e+01
3.7971161832326388e+01
3.3202575629780831e+01
2.7657924260741151e+01
2.1317456984524139e+01
1.4168385661118512e+01
6.2055203722227796e+00
-2.5681717107500375e+00
-1.2141098849389360e+01
-2.2492682293110018e+01
-3.3593111145804649e+01
-4.5403225111957170e+01
-5.7874533651207585e+01
-7.0949377740113732e+01
-8.4561237862623699e+01
-9.8635189079087823e+01
-1.1308850111863948e+02
-1.2783137846787629e+02
-1.4276783246113936e+02
-1.5779667448783454e+02
-1.7281261669389102e+02
-1.8770746403960371e+02
-2.0237137935272048e+02
-2.1669420114568470e+02
-2.3056679250299302e+02
-2.4388239833301898e+02
-2.5653798775074796e+02
-2.6843555833431640e+02
-2.7948337948573044e+02
-2.8959715311851448e+02
-2.9870107137198715e+02
-3.0672875298046995e+02
-3.1362404226062085e+02
-3.1934165736525688e+02
-3.2384767742180878e+02
-3.2711986135541463e+02
-3.2914779451244647e+02
-3.2993286256879196e+02
-3.2948805554717745e+02
-3.2783760799913421e+02
-3.2501648445394204e+02
-3.2106972202943115e+02
-3.1605164457621453e+02
-3.1002496483513914e+02
-3.0305979278695679e+02
-2.9523256963334580e+02
-2.8662494765265603e+02
-2.7732263651720638e+02
-2.6741423654941127e+02
-2.5699007884999912e+02
-2.4614109128325524e+02
-2.3495770799026295e+02
-2.2352883846843690e+02
-2.1194091035738879e+02
-2.0027699796477819e+02
-1.8861604631146810e+02
-1.7703219813364731e+02
-1.6559422891094212e+02
-1.5436509265073357e+02
-1.4340157890343053e+02
-1.3275407935911088e+02
-1.2246646042434681e+02
-1.1257603643328432e+02
-1.0311363663653646e+02
-9.4103757853501520e+01
-8.5564793679816887e+01
-7.7509330415352849e+01
-6.9944499415583337e+01
-6.2872375360528757e+01
-5.6290409964933424e+01
-5.0191890900245653e+01
-4.4566416139061936e+01
-3.9400374538681710e+01
-3.4677424223321196e+01
-3.0378961174490286e+01
-2.6484571365917084e+01
-2.2972460754905981e+01
-1.9819858437804321e+01
-1.7003389269125488e+01
-1.4499413208591461e+01
-1.2284329578769682e+01
-1.0334845271690689e+01
-8.6282067231683968e+00
-7.1423961684297623e+00
-5.8562932963995129e+00
-4.7498039287526037e+00
-3.8039577634353146e+00
-3.0009775424781866e+00
-2.3243222350788071e+00
-1.7587069742931998e+00
-1.2901025572232856e+00
-9.0571732180636999e-01
-5.9396415776824130e-01
-3.4441530346536481e-01
-1.4774743414388264e-01
4.3206310037763917e-03
1.1909547669641911e-01
2.0297998458794295e-01
2.6154588598764406e-01
2.9960651503560887e-01
3.2128852528591662e-01
3.3010154666007702e-01
3.2900496168122484e-01
3.2047116702052159e-01
3.0654485670221487e-01
2.8889801574406060e-01
2.6888044663139687e-01
2.4756576598632218e-01
2.2579290572839844e-01
2.0420323237603349e-01
1.8327346129286073e-01
1.6334459099979393e-01
1.4464711750788750e-01
1.2732281163681675e-01
1.1144335511938974e-01
9.7026135326866061e-02
8.4047495403341582e-02
7.2453727821633035e-02
6.2170086002314155e-02
5.3108072102968806e-02
4.5171240158588304e-02
3.8259733589676478e-02
3.2273755122502572e-02
2.7116146324218684e-02
2.2694233542634900e-02
1.8921077462050729e-02
1.5716245155808033e-02
1.3006206434056233e-02
1.0724440732312235e-02
8.8113267361529975e-03
7.2138744883880951e-03
5.8853486147009823e-03
4.7848218118777229e-03
3.8766895062106676e-03
3.1301695477254335e-03
2.5188049613599781e-03
2.0199829511056357e-03
1.6144793153371371e-03
1.2860342921962109e-03
1.0209633027118816e-03
8.0780412542274583e-04
6.3700051931532521e-04
5.0062129961332225e-04
3.9211303908365312e-04
3.0608413853646906e-04
2.3811764728563669e-04
1.8461017090356892e-04
1.4263410137999849e-04
1.0982050441116537e-04
8.4260220810021224e-05
6.4420713750863639e-05
4.9076627512932793e-05
3.7252046343650903e-05
2.8172745378728175e-05
2.1226870097649464e-05
1.5932780173244624e-05
1.1912778655151823e-05
8.8718241586811103e-06
6.5803530664878142e-06
4.8604202739124309e-06
3.5746366995302425e-06
2.6173451866768968e-06
1.9076135559465482e-06
1.3836809654041388e-06
9.9862686243565624e-07
7.1693627611194870e-07
5.1184324630399587e-07
3.6326013919844872e-07
2.5617252692939573e-07
1.7942036256207049e-07
1.2472204329803788e-07
8.5987339813705020e-08
5.8735831665011569e-08
3.9699416623566668e-08
2.6511078156267656e-08
1.7452511365001823e-08
1.1288810256428476e-08
7.1430589791561310e-09
4.3936486558766666e-09
2.5960221453875584e-09
1.4446652120905403e-09
7.2274901115763807e-10
2.8869200232760630e-10
3.7829905225782777e-11
-9.5290627888256897e-11
-1.5569245005620872e-10
-1.7806431238894874e-10
-1.7197121681604597e-10
-1.5482717084397569e-10
-1.3584966997097571e-10
-1.1255201809735721e-10
-8.8837922146405530e-11
-7.2443463796133383e-11
-5.7522180617590278e-11
-4.5303855701531293e-11
-3.2816144226036434e-11
-2.6016324165539574e-11
-1.8816006594566342e-11
-1.4334989783437389e-11
-1.1506903594128629e-11
-4.8002979446436845e-12
-4.8450682566614538e-12
-6.0965894612065848e-12
-2.5599137361439621e-12
-3.6035788095203100e-12
-1.6027779935275569e-12
1.1418685428011512e-12
-9.0700677277269690e-13
-3.2242249316034723e-13
2.3934537257018197e-12
1.5495774466584586e-12
-2.1816391112339636e-13
-6.9453073546935328e-13
1.2642526064981791e-12
-2.7387637493743591e-12
-2.5395998170116386e-13
-1.4447801481165634e-12
-2.3761074184678152e-13
3.7540452519130610e-13
1.3237386696337641e-12
-1.9604038057672985e-12
-1.1382244424191893e-12
1.9885624769822781e-12
-1.5718671545785691e-12
-2.3411704541381500e-12
1.5939434649586101e-12
1.8164499036880168e-12
-1.3759783245153958e-12
9.7273754196614760e-13
-6.1616609380748820e-13
3.8381868055819046e-13
5.1690577180345569e-13
9.4889768268897660e-13
-1.9241253208460556e-12
1.4562237635853044e-12
6.5813118410099301e-13
-1.2753253433465860e-12
-2.9179043754499159e-13
-5.0984238313117788e-13
5.7352549861233206e-14
-1.0051828271163192e-12
-1.3331568948375840e-13
-1.0104764594680375e-12
-1.3933256444867350e-12
2.1877078698114678e-12
-5.2804128400861096e-13
-7.0216796620537874e-13
-1.4416844864124613e-13
6.7238174431998298e-13
-2.0094644241125700e-12
2.0754184176396903e-12
-2.4310537783037635e-13
7.4603206393421949e-13
2.1032451760062155e-12
1.4340952408327976e-13
-3.6555266606900552e-13
-2.7779624322249211e-13
4.1452531459664231e-13
-6.7758954669398344e-13
-1.3248985502102296e-12
-8.7921031314132153e-14
1.0157382348240661e-12
-1.9227082733353885e-12
1.8590675406614042e-12
5.6545351068257250e-13
2.5724066029046533e-13
1.1499395735195521e-12
1.5484446722671284e-12
-8.5433234611764718e-14
1.8571745790457845e-12
-2.4889414619215148e-13
-5.2187232178038607e-13
1.9696926751943287e-12
-3.3792819639704624e-13
-1.2918315041107124e-12
-1.9112418120610184e-12
1.2025889183357923e-12
1.0362315198619379e-12
-1.6993446863933802e-12
7.0705413367491163e-13
-5.0508462757429890e-13
6.2729026031319588e-13
1.0750508078620331e-12
-6.1230306839663583e-13
-2.7273928935355060e-13
-7.5693254590687823e-13
1.3269699967018103e-12
-2.1205617312374578e-12
1.4070144799241818e-12
