0.0000000000000000e+00
0.0000000000000000e+00
1.7139277993736606e-14
8.5821537184677152e-15
3.4378520370090076e-14
0.0000000000000000e+00
8.6194669173969974e-15
8.6318269290308318e-15
4.3220738573806250e-15
0.0000000000000000e+00
1.3003006102776423e-14
-8.6808725343922100e-15
8.6930342367401680e-15
-8.7051556256937484e-15
-2.1793091213033064e-15
6.5469574498199621e-15
1.3111913631454093e-14
1.9694775902229451e-14
2.8486738558938358e-14
1.3165537973011588e-14
3.7352648582194327e-14
1.6501218069730748e-14
1.4320147636068738e-14
2.2060262507192518e-14
8.8357687992586583e-15
-1.1059237155299504e-15
2.2147418920530515e-14
1.7741004244291748e-14
1.6653737207987500e-14
5.0025602962669979e-15
1.9479346167300776e-14
1.6717881145175197e-15
2.2597780611677469e-14
3.4079132008352885e-14
4.7546951734240962e-14
5.8247768955494559e-14
9.1966391309212508e-14
7.5236152112108900e-14
1.1243082358109563e-13
1.3395629000274833e-13
1.6793078356800710e-13
2.4260935380812264e-13
3.2989376432640391e-13
4.9317046207836233e-13
7.0552931892293036e-13
1.0204297671639020e-12
1.4779587834292489e-12
2.1377061268464028e-12
3.0925281775643040e-12
4.4881005708694786e-12
6.4912828570659681e-12
9.3393224264713128e-12
1.3428254538402787e-11
1.9219947341188429e-11
2.7473852692705680e-11
3.9239457614997323e-11
5.5862428558965271e-11
7.9404555578193398e-11
1.1262456422388373e-10
1.5940567206491233e-10
2.2511896148925524e-10
3.1726834545276625e-10
4.4619960200667259e-10
6.2617695931183144e-10
8.7693613389597891e-10
1.2255271229821865e-09
1.7090973202719183e-09
2.3784915591559449e-09
3.3031112414015454e-09
4.5775207217571140e-09
6.3303666726829489e-09
8.7361124562254489e-09
1.2030795424837166e-08
1.6533364625310629e-08
2.2673389377093340e-08
3.1028504366330308e-08
4.2373455460144939e-08
5.7745165785239056e-08
7.8528304928186225e-08
1.0656771761228958e-07
1.4431582032869504e-07
1.9502533913631256e-07
2.6300068750061353e-07
3.5392526664757948e-07
4.7528594650100413e-07
6.3692333117332880e-07
8.5174213625695919e-07
1.1366268227451992e-06
1.5136184862256482e-06
2.0114245715144461e-06
2.6673490223195745e-06
3.5297563274628253e-06
4.6612068186193178e-06
6.1424382404897261e-06
8.0774077213065178e-06
1.0599661347117577e-05
1.3880360598072182e-05
1.8138371206211130e-05
2.3652911112226650e-05
3.0779367472188161e-05
3.9969025306613816e-05
5.1793612285550390e-05
6.6975755638229995e-05
8.6426677862731077e-05
1.1129272948751471e-04
1.4301267982800653e-04
1.8338806678002879e-04
2.3466935340183651e-04
2.9966116091280728e-04
3.8185045762923251e-04
4.8556228873017099e-04
6.1614845090862897e-04
7.8021545481824753e-04
9.8589919783207596e-04
1.2431949991094041e-03
1.5643530467720217e-03
1.9643508854250229e-03
2.4614563475618056e-03
3.0778963187402001e-03
3.8406489329523446e-03
4.7823792376286501e-03
5.9425410480536981e-03
7.3686706383064675e-03
9.1179010853425554e-03
1.1258729490721797e-02
1.3873072933531318e-02
1.7058652839927444e-02
2.0931751451802143e-02
2.5630388200133712e-02
3.1317967976424742e-02
3.8187457477181073e-02
4.6466149883622694e-02
5.6421082024011852e-02
6.8365171722751195e-02
8.2664146124532864e-02
9.9744334223459630e-02
1.2010139843946420e-01
1.4431008065626472e-01
1.7303503743779325e-01
2.0704283692155476e-01
2.4721518588583807e-01
2.9456344942160201e-01
3.5024451722214306e-01
4.1557805944522475e-01
4.9206520111426116e-01
5.8140862683271699e-01
6.8553410693298800e-01
8.0661341184396651e-01
9.4708855325709684e-01
1.1096972584720277e+00
1.2974995480491742e+00
1.5139052466088430e+00
1.7627022124132226e+00
2.0480850234716104e+00
2.3746838066711731e+00
2.7475928423359384e+00
3.1723985202848777e+00
3.6552061656730976e+00
4.2026651946033793e+00
4.8219920017834461e+00
5.5209899266409375e+00
6.3080655917063675e+00
7.1922408592860023e+00
8.1831596111524476e+00
9.2910885229614237e+00
1.0526910982208479e+01
1.1902113287662033e+01
1.3428762271233326e+01
1.5119473502003798e+01
1.6987369268360371e+01
1.9046025589459216e+01
2.1309407582907543e+01
2.3791792612690355e+01
2.6507680760715761e+01
2.9471692307231709e+01
3.2698452069661229e+01
3.6202460635465123e+01
3.9997952731285480e+01
4.4098743196061328e+01
4.8518061267644967e+01
5.3268374147663671e+01
5.8361201074328342e+01
6.3806919403355842e+01
6.9614564468360754e+01
7.5791625258701075e+01
8.2343838209136365e+01
8.9274981635758508e+01
9.6586673570262974e+01
1.0427817593344869e+02
1.1234620814264186e+02
1.2078477336053423e+02
1.2958500065910312e+02
1.3873500638677831e+02
1.4821977798551481e+02
1.5802108340345870e+02
1.6811740908604312e+02
1.7848392930235332e+02
1.8909250927448542e+02
1.9991174422676588e+02
2.1090703606191116e+02
2.2204070890675152e+02
2.3327216425670954e+02
2.4455807589290839e+02
2.5585262415698375e+02
2.6710776855595498e+02
2.7827355704347832e+02
2.8929846969586225e+02
3.0012979388338209e+02
3.1071402744203164e+02
3.2099730579029580e+02
3.3092584842199949e+02
3.4044641975145061e+02
3.4950679890177918e+02
3.5805625272134694e+02
3.6604600609472686e+02
3.7342970349083390e+02
3.8016385566628350e+02
3.8620826551998243e+02
3.9152642727620730e+02
3.9608589345676063e+02
3.9985860448476546e+02
4.0282117623769142e+02
4.0495514142766774e+02
4.0624714132350880e+02
4.0668906502990001e+02
4.0627813429218577e+02
4.0501693258625926e+02
4.0291337806742911e+02
3.9998064077453296e+02
3.9623700530050490e+02
3.9170568093277410e+02
3.8641456202149482e+02
3.8039594203675745e+02
3.7368618541484949e+02
3.6632536185704305e+02
3.5835684822266455e+02
3.4982690354366997e+02
3.4078422297494149e+02
3.3127947667952014e+02
3.2136483972967096e+02
3.1109351908385730e+02
3.0051928357931735e+02
2.8969600266489493e+02
2.7867719929578965e+02
2.6751562202930000e+02
2.5626284090814113e+02
2.4496887120631547e+02
2.3368182855347112e+02
2.2244761835932306e+02
2.1130966184247413e+02
2.0030866034018376e+02
1.8948239894932084e+02
1.7886558993535144e+02
1.6848975575635956e+02
1.5838315099241592e+02
1.4857072195551982e+02
1.3907410228899431e+02
1.2991164245335554e+02
1.2109847064262109e+02
1.1264658238362752e+02
1.0456495584262801e+02
9.6859689698308316e+01
8.9534160337174114e+01
8.2589195083648093e+01
7.6023258189749527e+01
6.9832646373609705e+01
6.4011690807273041e+01
5.8552962606653985e+01
5.3447479064171873e+01
4.8684908081261810e+01
4.4253768497349235e+01
4.0141624267767362e+01
3.6335270709454292e+01
3.2820911304384609e+01
2.9584323821269042e+01
2.6611014781290908e+01
2.3886361549285166e+01
2.1395741574146822e+01
1.9124648528335197e+01
1.7058795303702567e+01
1.5184204007712061e+01
1.3487283269207424e+01
1.1954893305598608e+01
1.0574399323489027e+01
9.3337139227047974e+00
8.2213292501184814e+00
7.2263397056504965e+00
6.3384560397258323e+00
5.5480117008298961e+00
4.8459622953729689e+00
4.2238790116654155e+00
3.6739368373178540e+00
3.1888983666943016e+00
2.7620939540219140e+00
2.3873989201792849e+00
2.0592084687298033e+00
1.7724109109957580e+00
1.5223597423031767e+00
1.3048450532282474e+00
1.1160647018572687e+00
9.5259561666931014e-01
8.1136554546030748e-01
6.8962551437477637e-01
5.8492321308777928e-01
4.9507747783648826e-01
4.1815400356931653e-01
3.5244238007786288e-01
2.9643451463247816e-01
2.4880447529382685e-01
2.0838976459841060e-01
1.7417401253240053e-01
1.4527106039509799e-01
1.2091039305240581e-01
1.0042386592159513e-01
8.3233664519103356e-02
6.8841428258089879e-02
5.6818466109000446e-02
4.6796989458871743e-02
3.8462286757131245e-02
3.1545765064940168e-02
2.5818785203614698e-02
2.1087219613408689e-02
1.7186665096255237e-02
1.3978246159726693e-02
1.1344948554590402e-02
9.1884266797979362e-03
7.4262327090462805e-03
5.9894194819026143e-03
4.8204733288505271e-03
3.8715370022554432e-03
3.1028867235785504e-03
2.4816309944974036e-03
1.9806022351414078e-03
1.5774154917122031e-03
1.2536713908409187e-03
9.9428320941593825e-04
7.8691037709808761e-04
6.2148294649439363e-04
4.8980355896654376e-04
3.8521521604019220e-04
3.0232475334675751e-04
2.3677331665283017e-04
1.8504637625619660e-04
1.4431689903684203e-04
1.1231624333522023e-04
8.7228162965930246e-05
6.7602018001544802e-05
5.2281901057053891e-05
4.0348914758333569e-05
3.1074283387805356e-05
2.3881365921316367e-05
1.8314960325939861e-05
1.4016564355827456e-05
1.0704489123305426e-05
8.1579134426904950e-06
6.2041318384383151e-06
4.7083822741120603e-06
3.5657525131328286e-06
2.6947559940417636e-06
2.0322468978889937e-06
1.5294041906941681e-06
1.1485683678097413e-06
8.6075630184248095e-07
6.4371307235231262e-07
4.8038918650261234e-07
3.5775270965904110e-07
2.6586515668028079e-07
1.9716448337165583e-07
1.4590987998265232e-07
1.0775303028678774e-07
7.9407773232758952e-08
5.8396301112328363e-08
4.2854504959332717e-08
3.1383160799645062e-08
2.2934303547227316e-08
1.6724884194060107e-08
1.2171078847917980e-08
8.8386125524768024e-09
6.4051192833643417e-09
4.6319108876058403e-09
3.3425680298978983e-09
2.4070873212094033e-09
1.7297710526942840e-09
1.2404515868595294e-09
8.8766756742506816e-10
6.3386803305078770e-10
4.5170290301148946e-10
3.2119572827400694e-10
2.2791660203026624e-10
1.6139853095111191e-10
1.1404220964384189e-10
8.0404555047708302e-11
5.6571989558049415e-11
3.9700504612168909e-11
2.7808368787538053e-11
1.9425924390570061e-11
1.3528840714720414e-11
9.4283770901956093e-12
6.5300572100421178e-12
4.5154392545499021e-12
3.1221108606462285e-12
2.1252049214262488e-12
1.4461747235705551e-12
9.7054208965811141e-13
6.5456813216284716e-13
4.2643409220996012e-13
2.7001578655483057e-13
1.5854239167461040e-13
8.9600652977560839e-14
1.0131147983401134e-14
-2.6421243541557476e-14
-5.4181258797153042e-14
-9.2807547327284585e-14
-1.0361381977660088e-13
-8.6703264927145286e-14
-9.1063910120680669e-14
-8.0626649342898610e-14
-1.0086454957589034e-13
-8.7378781379034918e-14
-9.3381125530317292e-14
-8.6599433481535009e-14
-7.8725706334044626e-14
-3.9865354056954932e-14
-5.6402109492027475e-14
-1.8776008698424650e-14
-2.5369301883271399e-14
-3.5249594181092277e-14
-2.6401948911569197e-14
-4.3944292449640382e-14
-1.7554050630682118e-14
-1.0956437907283982e-14
-8.7532337343242000e-15
-1.5297232570029775e-14
0.0000000000000000e+00
2.1793091213033064e-15
-2.1762889064234369e-14
-1.3039551355110253e-14
-8.6808725343922100e-15
-1.3003006102776423e-14
-1.2984643584208641e-14
-8.6441477147612499e-15
-3.0211394251607911e-14
-3.0168134210889493e-14
-3.4428271595086211e-14
-6.0162410647657619e-14
-4.2910768592338574e-14
-3.4278555987473212e-14
-5.1342516890534152e-14
-3.4177981577033618e-14
-5.9723068691502822e-14
-4.2596005277020734e-14
-5.1038987490390480e-14
-5.9456304303882855e-14
-6.7847846451883892e-14
-6.7745338280035835e-14
-6.7642539337722631e-14
-6.7539451419660357e-14
-6.7436076323542983e-14
-8.4165519812488162e-14
-8.4035589753121347e-14
-1.0068636898106835e-13
-8.3774675267153264e-14
-6.6914956293333150e-14
-1.0021484406102279e-13
-1.0005684190928180e-13
-8.3248692261874363e-14
-8.3116344340969506e-14
-8.2983660109125414e-14
-1.1599089859017117e-13
-9.9260750220820244e-14
-9.9100334880493440e-14
-9.8939526950064810e-14
-9.8778329183731272e-14
-1.3148899245188021e-13
-9.8454775176161366e-14
-1.3105656594547949e-13
-1.3083959327248876e-13
-9.7966589431453083e-14
-1.3040414755029530e-13
-1.3018568189770376e-13
-9.7475044490904229e-14
-1.6218410440996883e-13
-1.2952735822854743e-13
-1.2930695380338240e-13
-1.6135759246178454e-13
-1.6108090305835248e-13
-9.6482177218569264e-14
-1.2842061922945075e-13
-1.2819787498929104e-13
-6.3987336984393195e-14
-6.3875509950823044e-14
-7.9704322827508194e-14
-9.5476775680770951e-14
-9.5308032595044635e-14
-9.5138960942952094e-14
-7.9141302944276901e-14
-7.8999869313054423e-14
-6.3086535121330579e-14
-6.2972963243237837e-14
-9.4288772538192503e-14
-4.7058894258541577e-14
-6.2630997078445361e-14
-7.8145747214224736e-14
-7.8002495377765022e-14
-7.7858993187728569e-14
-7.7715242993796209e-14
-3.1028498858486186e-14
-6.1941606396590139e-14
-3.8641263946777555e-14
-3.8568904595619160e-14
-2.3097856272202036e-14
-3.0739066157599920e-14
