-8.5444953755361714e-15
1.7114172259345074e-14
8.5696389780909775e-15
8.5821536996629672e-15
2.5783890221071300e-14
0.0000000000000000e+00
8.6194668985104920e-15
1.2947740365175865e-14
-1.2966221543730997e-14
-8.6564290371715995e-15
0.0000000000000000e+00
-4.3404362576855774e-15
2.6079102653077397e-14
8.7051556066194861e-15
2.6151709398337475e-14
2.6187829741898500e-14
2.1853189337873306e-14
2.4071392716647625e-14
3.0678026073175132e-14
3.0719588536382614e-14
4.1747077735684437e-14
1.1000812022382785e-14
4.2960442814073635e-14
4.9635590532424372e-14
3.3134132924618257e-14
4.2025101098055004e-14
3.5435870195203679e-14
2.9937944596643934e-14
4.5520214935424424e-14
4.0576322314145909e-14
4.6750430699084869e-14
4.7367329807541011e-14
5.4123079371105106e-14
6.2571520927413465e-14
5.6496966054540299e-14
7.5330047186037235e-14
1.0374257533490635e-13
8.6184696447042722e-14
1.0652820510966933e-13
1.5478142718503537e-13
1.8934477568864286e-13
2.3922410648662521e-13
3.5531365977164105e-13
4.9656383572938996e-13
7.2704626285079029e-13
1.0521764687257515e-12
1.4983913900552155e-12
2.1661179526004746e-12
3.1243864448065451e-12
4.5108827973858312e-12
6.5266359293022373e-12
9.3986921816936100e-12
1.3501408091595690e-11
1.9318358555785875e-11
2.7670896359167761e-11
3.9480302974773902e-11
5.6245912859175537e-11
7.9921796507994617e-11
1.1335409903740245e-10
1.6041246863049950e-10
2.2656275569906640e-10
3.1924704379957717e-10
4.4897552059736015e-10
6.3004331900766733e-10
8.8230908926637972e-10
1.2329911291598365e-09
1.7194248801561718e-09
2.3927758665355940e-09
3.3228022428367516e-09
4.6046502305178211e-09
6.3676614057606421e-09
8.7872254118192631e-09
1.2100770803009682e-08
1.6628864917239504e-08
2.2803502605230111e-08
3.1205367204165005e-08
4.2613351421736423e-08
5.8069906665138650e-08
7.8966911893888603e-08
1.0715882907568789e-07
1.4511078218172733e-07
1.9609210753861036e-07
2.6442919253612741e-07
3.5583404274020815e-07
4.7783101487015119e-07
6.4030950877628845e-07
8.5623776097835569e-07
1.1425825123399164e-06
1.5214914981596973e-06
2.0218097351726458e-06
2.6810184898907897e-06
3.5477100863316764e-06
4.6847369154455728e-06
6.1732102255282180e-06
8.1175637041372393e-06
1.0651950034809861e-05
1.3948301120319698e-05
1.8226458244675808e-05
2.3766872358771380e-05
3.0926484716659485e-05
4.0158534863816585e-05
5.2037202088357093e-05
6.7288181649341033e-05
8.6826525841894752e-05
1.1180335405507307e-04
1.4366335932779995e-04
1.8421541946714949e-04
2.3571906943831858e-04
3.0099011520522806e-04
3.8352928001583373e-04
4.8767848236172843e-04
6.1881016510718576e-04
7.8355603738999608e-04
9.9008267261367373e-04
1.2484226386678576e-03
1.5708712366539830e-03
1.9724605072992405e-03
2.4715239429408203e-03
3.0903673321658310e-03
3.8560633771791046e-03
4.8013901686136187e-03
5.9659362893572394e-03
7.3973982497511628e-03
9.1530991306678720e-03
1.1301760722990828e-02
1.3925565084945937e-02
1.7122545274118564e-02
2.1009349010512327e-02
2.5724423152272666e-02
3.1431671053163350e-02
3.8324639052995060e-02
4.6631292435395509e-02
5.6619445068394073e-02
6.8602910493138519e-02
8.2948445299018264e-02
1.0008355805312499e-01
1.2050525864613894e-01
1.4478982346881727e-01
1.7360365110934398e-01
2.0771528101480696e-01
2.4800864352213420e-01
2.9549760355822896e-01
3.5134185184617978e-01
4.1686418634446543e-01
4.9356921260288361e-01
5.8316347446545536e-01
6.8757700583270309e-01
8.0898626978938659e-01
9.4983842312880740e-01
1.1128768120311467e+00
1.3011675683269703e+00
1.5181271354166430e+00
1.7675505086424630e+00
2.0536399269519627e+00
2.3810337013942804e+00
2.7548348118465680e+00
3.1806388470003850e+00
3.6645608048346356e+00
4.2132602125037337e+00
4.8339639668802645e+00
5.5344862411744131e+00
6.3232447505237959e+00
7.2092726217614445e+00
8.2022250714105578e+00
9.3123800631015747e+00
1.0550632092915277e+01
1.1928478240513030e+01
1.3457995627210156e+01
1.5151809441210652e+01
1.7023050726784156e+01
1.9085303189795340e+01
2.1352538348047204e+01
2.3839038452435020e+01
2.6559306724661798e+01
2.9527964599557098e+01
3.2759635824736165e+01
3.6268817456786735e+01
4.0069738000173565e+01
4.4176203160810097e+01
4.8601429928356751e+01
5.3357869956732181e+01
5.8457023477420087e+01
6.3909245250678332e+01
6.9723544330909590e+01
7.5907379688948907e+01
8.2466453990155173e+01
8.9404508066942540e+01
9.6723118841528503e+01
1.0442150364291361e+02
1.1249633401522274e+02
1.2094156222653386e+02
1.2974826375260017e+02
1.3890449902338858e+02
1.4839519767779697e+02
1.5820206846983515e+02
1.6830353780556277e+02
1.7867471966292996e+02
1.8928741935640937e+02
2.0011017325635325e+02
2.1110832616218471e+02
2.2224414756312967e+02
2.3347698750593469e+02
2.4476347223301465e+02
2.5605773916514619e+02
2.6731171018976744e+02
2.7847540158977375e+02
2.8949726831982684e+02
3.0032457971965647e+02
3.1090382315895056e+02
3.2118113154862658e+02
3.3110273014071333e+02
3.4061539758540340e+02
3.4966693582988091e+02
3.5820664313902097e+02
3.6618578430134983e+02
3.7355805196150015e+02
3.8028001299773541e+02
3.8631153394292051e+02
3.9161617963044131e+02
3.9616157953174212e+02
3.9991975663586555e+02
4.0286741419803968e+02
4.0498617624629605e+02
4.0626277837274012e+02
4.0668920603819538e+02
4.0626277837274318e+02
4.0498617624630202e+02
4.0286741419804872e+02
3.9991975663587743e+02
3.9616157953175696e+02
3.9161617963045899e+02
3.8631153394294097e+02
3.8028001299775866e+02
3.7355805196152590e+02
3.6618578430137808e+02
3.5820664313905132e+02
3.4966693582991320e+02
3.4061539758543745e+02
3.3110273014074892e+02
3.2118113154866353e+02
3.1090382315898864e+02
3.0032457971969541e+02
2.8949726831986652e+02
2.7847540158981406e+02
2.6731171018980808e+02
2.5605773916518700e+02
2.4476347223305558e+02
2.3347698750597542e+02
2.2224414756317009e+02
2.1110832616222478e+02
2.0011017325639267e+02
1.8928741935644808e+02
1.7867471966296779e+02
1.6830353780559966e+02
1.5820206846987091e+02
1.4839519767783162e+02
1.3890449902342201e+02
1.2974826375263228e+02
1.2094156222656463e+02
1.1249633401525217e+02
1.0442150364294162e+02
9.6723118841555078e+01
8.9404508066967693e+01
8.2466453990178906e+01
7.5907379688971261e+01
6.9723544330930608e+01
6.3909245250698014e+01
5.8457023477438440e+01
5.3357869956749248e+01
4.8601429928372617e+01
4.4176203160824748e+01
4.0069738000187108e+01
3.6268817456799219e+01
3.2759635824747612e+01
2.9527964599567600e+01
2.6559306724671352e+01
2.3839038452443674e+01
2.1352538348055017e+01
1.9085303189802335e+01
1.7023050726790370e+01
1.5151809441216148e+01
1.3457995627214906e+01
1.1928478240517157e+01
1.0550632092918832e+01
9.3123800631046336e+00
8.2022250714131832e+00
7.2092726217636791e+00
6.3232447505256548e+00
5.5344862411759967e+00
4.8339639668815799e+00
4.2132602125047978e+00
3.6645608048354550e+00
3.1806388470009725e+00
2.7548348118470143e+00
2.3810337013945713e+00
2.0536399269520911e+00
1.7675505086424705e+00
1.5181271354165748e+00
1.3011675683268340e+00
1.1128768120309305e+00
9.4983842312854039e-01
8.0898626978910604e-01
6.8757700583239190e-01
5.8316347446512951e-01
4.9356921260257031e-01
4.1686418634415218e-01
3.5134185184589267e-01
2.9549760355793331e-01
2.4800864352180180e-01
2.0771528101451170e-01
1.7360365110902423e-01
1.4478982346848790e-01
1.2050525864582205e-01
1.0008355805279846e-01
8.2948445298691914e-02
6.8602910492790298e-02
5.6619445068055857e-02
4.6631292435072205e-02
3.8324639052686647e-02
3.1431671052850226e-02
2.5724423151980352e-02
2.1009349010216231e-02
1.7122545273822655e-02
1.3925565084655100e-02
1.1301760722648211e-02
9.1530991303808620e-03
7.3973982494213485e-03
5.9659362890442675e-03
4.8013901683146157e-03
3.8560633768768703e-03
3.0903673318540929e-03
2.4715239426149841e-03
1.9724605069827475e-03
1.5708712363736498e-03
1.2484226384207977e-03
9.9008267238048222e-04
7.8355603718999840e-04
6.1881016488800626e-04
4.8767848216202831e-04
3.8352927979863898e-04
3.0099011501430359e-04
2.3571906929124387e-04
1.8421541933545698e-04
1.4366335921545175e-04
1.1180335393834828e-04
8.6826525718470383e-05
6.7288181513606415e-05
5.2037201932388213e-05
4.0158534694423080e-05
3.0926484588025965e-05
2.3766872237008761e-05
1.8226458169167656e-05
1.3948301039280346e-05
1.0651949921258962e-05
8.1175635827846568e-06
6.1732100975439071e-06
4.6847367471909998e-06
3.5477099316725345e-06
2.6810183555228112e-06
2.0218095752255623e-06
1.5214913450617923e-06
1.1425822879741191e-06
8.5623755575023373e-07
6.4030934548774968e-07
4.7783082777096422e-07
3.5583386802055710e-07
2.6442905409054655e-07
1.9609198806999644e-07
1.4511064399680019e-07
1.0715869653195572e-07
7.8966766188239143e-08
5.8069766599097743e-08
4.2613232995742744e-08
3.1205277570204798e-08
2.2803445584598968e-08
1.6628798602302833e-08
1.2100707857161517e-08
8.7871493315764858e-09
6.3675881325321306e-09
4.6045622628366610e-09
3.3227080206428813e-09
2.3926847933240746e-09
1.7193385436101312e-09
1.2329048838543539e-09
8.8222669731480138e-10
6.2996927738338716e-10
4.4888768967013426e-10
3.1917316005471863e-10
2.2646588768384379e-10
1.6036178320229103e-10
1.1329196198179370e-10
7.9864325274240376e-11
5.6188505011478978e-11
3.9434427651772772e-11
2.7611324999944583e-11
1.9263431342737792e-11
1.3435112657349793e-11
9.3347555001854907e-12
6.4639127113900182e-12
4.4721529955900940e-12
3.0674966697736513e-12
2.0933836666789470e-12
1.4212015305675224e-12
9.4673205968319266e-13
6.3644859769804388e-13
4.4113871511266990e-13
2.7227533228923845e-13
1.6587709270534860e-13
1.0143470126177296e-13
2.0262295922404631e-14
-1.3491698800169203e-14
-4.8285888563163998e-14
-7.7105968154322302e-14
-5.4327245925989686e-14
-6.9362611789732663e-14
-7.4303681101303507e-14
-6.3050597617885332e-14
-6.6871524434175537e-14
-6.5116671330868210e-14
-7.4482564247884274e-14
-6.2729076679304399e-14
-3.6590821173675922e-14
-4.3187466800404482e-14
-2.8754016540774475e-14
0.0000000000000000e+00
8.8241049835421099e-15
-2.2030996314909553e-15
-7.7005684156679482e-15
-6.5916438530028070e-15
4.3885126480546598e-15
8.7651503066214673e-15
2.1883084287861479e-15
6.5559568013619912e-15
2.1823191451582085e-15
1.3075854699168737e-14
2.1762889016548715e-14
2.1732585544231164e-14
3.0383053803799039e-14
1.7337341432379926e-14
2.1641072592928997e-14
1.7288295391641330e-14
8.6318269101172431e-15
-4.3097334492552460e-15
-8.6070678799122140e-15
0.0000000000000000e+00
-1.7164307399325934e-14
8.5696389780909775e-15
0.0000000000000000e+00
-1.7088990751072343e-14
-1.7063733874468831e-14
-3.4076804146949356e-14
-4.2532489482130527e-14
-1.6987515478172987e-14
-1.6961961575804845e-14
1.6936334532898985e-14
-1.6910634797376996e-14
-3.3769725635835796e-14
-1.6859019043945185e-14
-3.3666207851227704e-14
-5.0421353741392283e-14
-3.3562122920149960e-14
-6.7019740066872620e-14
-5.0186217110034558e-14
-6.6809895894291655e-14
-5.0028420845021349e-14
-6.6598953663571499e-14
-4.9869806495309698e-14
-6.6386927941836912e-14
-6.6280513334867565e-14
-8.2717291669437918e-14
-6.6066889775566795e-14
-6.5959684488849275e-14
-1.3170443862305810e-13
-9.8616744122826520e-14
-9.8454774960432635e-14
-9.8292424243736609e-14
-9.8129694739350126e-14
-1.3062211895572537e-13
-9.7803110448420641e-14
-1.3018568161244799e-13
-1.2996672570309630e-13
-1.2974728324367988e-13
-9.7145518458550601e-14
-1.2930695352005206e-13
-9.6814555264935956e-14
-9.6648541623240468e-14
-6.4321451338108518e-14
-6.4210309474031238e-14
-6.4098937354195424e-14
-3.1993668422093811e-14
-6.3875509810862509e-14
-4.7822593591718657e-14
-6.3651183647711621e-14
-7.9423360321842380e-14
-4.7569480367244392e-14
-7.9141302770866783e-14
-4.7399921483972533e-14
-6.3086534983098811e-14
-7.8716203881568647e-14
-6.2859181554394719e-14
-4.7058894155428690e-14
-7.8288746176514669e-14
-4.6887448225797627e-14
-6.2401996165480158e-14
-7.7858993017128184e-14
-6.2172194258808651e-14
-4.6542748185747354e-14
-4.6456204695650300e-14
-3.0913011089687141e-14
-5.3996466315552707e-14
-2.3097856221591273e-14
-2.3054299567684618e-14
