2.5136607531657887e-13
-6.7909322045846027e-14
-1.2917897538709916e-12
-8.8320604540307034e-13
-1.8517019940852342e-13
-7.9953864812632875e-13
-4.9247123678834813e-13
-1.4770241083933092e-12
9.1755216138154973e-13
3.0704696334907111e-13
2.9200063877309327e-14
7.0304348104258415e-13
1.4779489009665372e-13
-1.7440787024954190e-12
4.6975343537303789e-13
-5.8843310868424302e-13
-3.0128898371699861e-13
9.4047351202089204e-14
-1.6596915660486455e-12
-2.6440607300468894e-12
-1.6576146600839942e-12
-1.8921168912342859e-12
-5.0933301722422430e-12
-4.4233595635898819e-12
-6.9099910063183923e-12
-1.0001151460646511e-11
-1.2278879172333950e-11
-1.5344739978722564e-11
-2.2656087155018072e-11
-3.1240440873810951e-11
-3.9343842582219758e-11
-5.4057916414980381e-11
-7.1363354415313217e-11
-9.2992547069057649e-11
-1.2272664548724727e-10
-1.5438020558794087e-10
-1.9649771714676302e-10
-2.4528220652374807e-10
-3.0215555971148963e-10
-3.6003400702217251e-10
-4.2008850571268889e-10
-4.6573088884114544e-10
-4.8422989693314140e-10
-4.4327109577574609e-10
-3.0108584137809290e-10
1.6696620214597416e-11
6.1420516846082407e-10
1.6505684805384990e-09
3.3670212169536223e-09
6.1018525465860684e-09
1.0352954198688234e-08
1.6835730677929436e-08
2.6555971733533484e-08
4.0939597396943186e-08
6.1979047633746571e-08
9.2448491034408255e-08
1.3617534291180268e-07
1.9843649841737744e-07
2.8643780320293092e-07
4.0997931866074074e-07
5.8233987662282898e-07
8.2139601868512804e-07
1.1511255968525310e-06
1.6035291917166467e-06
2.2211450044402238e-06
3.0602427443892929e-06
4.1949718053554504e-06
5.7226152047115726e-06
7.7702808585745075e-06
1.0503380177004150e-05
1.4136286531386962e-05
1.8945725327541595e-05
2.5287488404570029e-05
3.3617207542886109e-05
4.4516078003915229e-05
5.8722538993427294e-05
7.7171132965182468e-05
1.0103990728831469e-04
1.3180802550894828e-04
1.7132535489340576e-04
2.2189615813038172e-04
2.8637919611158857e-04
3.6830681406761176e-04
4.7202580740123126e-04
6.0286308074282804e-04
7.6731928347774901e-04
9.7329364327033020e-04
1.2303432679450410e-03
1.5499799680571199e-03
1.9460073759092790e-03
2.4349004904096541e-03
3.0362289741383683e-03
3.7731241764862307e-03
4.6727882625876883e-03
5.7670414883580542e-03
7.0929007553267257e-03
8.6931789572119618e-03
1.0617090044728763e-02
1.2920839160687975e-02
1.5668170537385288e-02
1.8930837880141545e-02
2.2788952661556710e-02
2.7331154874891562e-02
3.2654538539457233e-02
3.8864250093561155e-02
4.6072662317097814e-02
5.4398009014956096e-02
6.3962347060356348e-02
7.4888692001762749e-02
8.7297152491799590e-02
1.0129986644134671e-01
1.1699451973899165e-01
1.3445620616494836e-01
1.5372736628782013e-01
1.7480552386066620e-01
1.9762852220718952e-01
2.2205695078659396e-01
2.4785344556916841e-01
2.7465854678684132e-01
3.0196280620444621e-01
3.2907485439182615e-01
3.5508516876299917e-01
3.7882532653803885e-01
3.9882258534993037e-01
4.1324970920729415e-01
4.1987005033090191e-01
4.1597800900868570e-01
3.9833512480532385e-01
3.6310220330390486e-01
3.0576805279830888e-01
2.2107559387436973e-01
1.0294631012335603e-01
-5.5595772717759159e-02
-2.6249916197737982e-01
-5.2675737447002069e-01
-8.5847692415388976e-01
-1.2689386997081549e+00
-1.7706503919285772e+00
-2.3773874329898503e+00
-3.1042197409144978e+00
-3.9675214328525756e+00
-4.9849605892536406e+00
-6.1754661276162723e+00
-7.5591688885462416e+00
-9.1573141574252155e+00
-1.0992143050046568e+01
-1.3086740486732360e+01
-1.5464847871897483e+01
-1.8150639087669202e+01
-2.1168459001299436e+01
-2.4542524374638770e+01
-2.8296587844369427e+01
-3.2453566505023851e+01
-3.7035137561242593e+01
-4.2061304505059525e+01
-4.7549938299348675e+01
-5.3516299087210392e+01
-5.9972544973990097e+01
-6.6927235415274524e+01
-7.4384837661618690e+01
-8.2345245527246490e+01
-9.0803320434654069e+01
-9.9748465208919143e+01
-1.0916424142569019e+02
-1.1902804122829144e+02
-1.2931082439967005e+02
-1.3997693108550152e+02
-1.5098397990326069e+02
-1.6228286023229987e+02
-1.7381782626339492e+02
-1.8552669890156500e+02
-1.9734117988061661e+02
-2.0918728048715892e+02
-2.2098586513916206e+02
-2.3265330776056237e+02
-2.4410225648716482e+02
-2.5524249978366709e+02
-2.6598192460601598e+02
-2.7622755486900894e+02
-2.8588665623957587e+02
-2.9486789123442668e+02
-3.0308250681788030e+02
-3.1044553522830654e+02
-3.1687698766069821e+02
-3.2230301974176331e+02
-3.2665704748605214e+02
-3.2988079264037776e+02
-3.3192523702041683e+02
-3.3275146661626201e+02
-3.3233138787911935e+02
-3.3064830067156731e+02
-3.2769731482963891e+02
-3.2348560009483015e+02
-3.1803246226633098e+02
-3.1136924172794272e+02
-3.0353903394238364e+02
-2.9459623499632067e+02
-2.8460591873712610e+02
-2.7364305538304694e+02
-2.6179158462924238e+02
-2.4914335913635429e+02
-2.3579697680505183e+02
-2.2185652234884603e+02
-2.0743024032808094e+02
-1.9262916296286437e+02
-1.7756571667733570e+02
-1.6235233143238634e+02
-1.4710007648201247e+02
-1.3191734525840482e+02
-1.1690861068334327e+02
-1.0217327036167380e+02
-8.7804598890494461e+01
-7.3888821977510162e+01
-6.0504324273350178e+01
-4.7720999859764007e+01
-3.5599751274522042e+01
-2.4192139871870225e+01
-1.3540187288471797e+01
-3.6763248800592301e+00
5.3765147225012813e+00
1.3604672259910952e+01
2.1003413193476277e+01
2.7576468101654875e+01
3.3335475955255532e+01
3.8299345211888152e+01
4.2493548396876605e+01
4.5949366185662313e+01
4.8703096985468832e+01
5.0795247654105090e+01
5.2269720321096209e+01
5.3173009327195700e+01
5.3553421113635089e+01
5.3460328516771746e+01
5.2943469403037639e+01
5.2052297960271019e+01
5.0835395290208808e+01
4.9339944266682259e+01
4.7611271975607778e+01
4.5692461472160609e+01
4.3624033109558667e+01
4.1443694338620261e+01
3.9186155668770326e+01
3.6883009434377136e+01
3.4562667134981943e+01
3.2250350418226375e+01
2.9968130249539836e+01
2.7735008457791434e+01
2.5567035652130809e+01
2.3477459460007676e+01
2.1476897125092815e+01
1.9573526709927748e+01
1.7773291453749952e+01
1.6080112222752877e+01
1.4496103439565617e+01
1.3021788373094598e+01
1.1656310192044929e+01
1.0397635720053712e+01
9.2427493629107573e+00
8.1878351969809682e+00
7.2284457020376207e+00
6.3596560829764881e+00
5.5762035466522493e+00
4.8726112780725455e+00
4.2432971910910124e+00
3.6826678116310743e+00
3.1851978862874546e+00
2.7454964972755653e+00
2.3583606084574682e+00
2.0188170697108054e+00
1.7221541719835347e+00
1.4639438769811166e+00
1.2400558482060720e+00
1.0466643880807400e+00
8.8024934391373866e-01
7.3759198723924768e-01
6.1576680117027549e-01
5.1213003167580717e-01
4.2430577507269485e-01
3.5017028801848876e-01
2.8783512017100499e-01
2.3562958593553088e-01
1.9208301146268614e-01
1.5590711783963523e-01
1.2597883196260065e-01
1.0132375368058753e-01
8.1100451420166905e-02
6.4585709179437720e-02
5.1160804960760441e-02
4.0298864533122217e-02
3.1553304177698811e-02
2.4547351546155106e-02
1.8964614354542008e-02
1.4540651652683255e-02
1.1055491697972659e-02
8.3270329061050849e-03
6.2052599572696944e-03
4.5672050920142386e-03
3.3125844986629264e-03
2.3600412760628252e-03
1.6439290966265706e-03
1.1115742691069730e-03
7.2095807750188735e-04
4.3876581366973508e-04
2.3875362824436153e-04
1.0038904399060645e-04
7.7256450450802361e-06
-5.1523065678009629e-05
-8.6741542759403422e-05
-1.0502866537761088e-04
-1.1169618415155067e-04
-1.1066920769528837e-04
-1.0480590562763979e-04
-9.6150983752848570e-05
-8.6135250389827878e-05
-7.5731516369430827e-05
-6.5575416145896830e-05
-5.6058215973125462e-05
-4.7397430324747617e-05
-3.9689957186299384e-05
-3.2951576347990597e-05
-2.7145926782277812e-05
-2.2205367363018909e-05
-1.8045705126001415e-05
-1.4576356274822477e-05
-1.1707041573828300e-05
-9.3520399828721170e-06
-7.4326556851794626e-06
-5.8784201974684861e-06
-4.6274547959896434e-06
-3.6263027349832247e-06
-2.8293760141029547e-06
-2.1982615758391317e-06
-1.7009012983445321e-06
-1.3107984518822695e-06
-1.0062015152759001e-06
-7.6941981361250326e-07
-5.8613719027982401e-07
-4.4485587738068784e-07
-3.3639058929352733e-07
-2.5345535314975344e-07
-1.9028487845971238e-07
-1.4235305633764175e-07
-1.0612226874139850e-07
-7.8836509502088453e-08
-5.8364786964740594e-08
-4.3059646164217364e-08
-3.1660104721162826e-08
-2.3197139300027729e-08
-1.6939467892798167e-08
-1.2329133455128056e-08
-8.9403625602279261e-09
-6.4629907331035026e-09
-4.6549880456211181e-09
-3.3422117799980005e-09
-2.3912068115164302e-09
-1.7038421864384771e-09
-1.2091507342136494e-09
-8.5664451004362156e-10
-6.0451267664959515e-10
-4.2386455808346064e-10
-2.9703476414206697e-10
-2.0878427874844905e-10
-1.4502824384698026e-10
-9.8680339979313665e-11
-6.9316181944315745e-11
-4.8298769455108922e-11
-3.1331961109325222e-11
-2.1276477753612518e-11
-1.7165581211245775e-11
-1.0106334704387342e-11
-7.9420145671347396e-12
-3.3643273887513750e-12
-2.4290908170347501e-12
-3.8426402585630145e-12
-2.2036283162709987e-12
1.0964884371237552e-12
-1.3811281588179244e-12
-1.5809191302707593e-12
-2.7473182132555914e-13
3.3913979751058252e-13
6.3961300650796116e-13
-1.1245430254800870e-12
3.4176834217332243e-13
-1.0583120828926552e-12
-3.1964753946233424e-13
8.2996385706619216e-14
4.9485950989793919e-13
-5.3895969078621902e-13
1.0941554828063323e-12
-4.8537898411234069e-13
-4.2126796028850049e-13
4.4677909019498338e-13
-3.6542050811928254e-13
-2.5992964102437292e-13
2.7157864479293366e-13
-5.4730104318779510e-14
7.2303533017610790e-14
3.4832053954023112e-13
-2.4799605241865717e-13
-9.2864998333828943e-13
1.3531497444291322e-12
-9.5682724873454039e-13
-5.0713442138141411e-13
-3.7873476177878566e-13
1.9413733424896643e-12
-5.6358632980116380e-13
-7.3422522046054676e-14
9.9513248063731548e-14
-6.4678811208110273e-13
-2.6213944833683182e-13
1.7564094631751083e-13
-1.7720248459925206e-13
9.9676775433820942e-13
-5.7362409245471137e-13
-8.7165590843976943e-13
-2.0676906517258678e-13
7.8608274065388901e-13
-1.4476929315204630e-12
-5.1323062756793726e-13
9.5847773813265592e-13
8.5719256634139846e-13
-8.1999448623248928e-13
8.4891769121059436e-14
-8.1635882033879908e-13
-2.8690101421150186e-13
-1.2307720759817933e-12
-6.0147846202684663e-13
-4.6691832308495706e-13
1.5830624571144253e-12
-1.3511863832580084e-12
-2.0554480039111775e-12
-4.6764006466404287e-13
1.7670535759778075e-14
-1.9648662531755191e-12
1.0496386113077654e-14
-1.0589954718731478e-13
-1.0221629870003398e-12
-1.6568527941567557e-13
1.0157288323536824e-12
-1.1908765115436062e-13
9.2022626644147126e-14
1.3168541037662789e-12
-3.1084052091196902e-13
3.8167740426080006e-14
1.4576626770713501e-12
-1.1519141600877805e-13
1.0121638767616655e-12
1.1359421293157148e-12
1.3610934043010609e-12
-9.3420713840157545e-13
1.6949000541613300e-12
-1.9575805131824124e-12
-7.3674290951414831e-13
3.3389461998410485e-13
9.3389048327725029e-13
-7.5644009342778671e-13
1.3242712764082717e-13
3.6290081472889053e-13
-1.1328878975035934e-12
-6.3520618645575667e-13
4.3737426558823486e-13
-2.3678717011762326e-13
-9.2240956756212831e-13
-9.4927816015786641e-14
-1.4650760520173592e-12
-4.1807230790087436e-13
3.0572768477811517e-13
1.1335675453140441e-13
-4.2982828254668912e-14
1.3670817492774808e-12
-1.7345818637212736e-13
2.1495783196110998e-13
6.5895182092973469e-13
-4.2190870471756408e-13
-9.4194954602148477e-14
5.0866530190718426e-13
-7.7557804215901613e-13
-4.6086263286713418e-13
-1.0071242230920848e-12
1.1186868026899927e-12
-2.3066273890693336e-13
-2.2777810705351532e-13
1.3776254648936887e-12
7.9051753763355609e-13
-9.4778521521320674e-13
4.9931824504327708e-14
-6.2611198569864264e-13
9.4345521715690562e-14
-7.6088235635408898e-13
5.2202297975610670e-13
-6.8184410337609505e-13
1.4188917283787864e-13
9.0682394878621365e-13
-2.8464271441474661e-12
-1.4045962490683303e-13
-2.2508533102749143e-13
-1.9818753931875701e-12
-4.5391170663542270e-13
-1.4302980125453156e-13
1.1340603778644022e-12
3.6709388369980173e-13
2.3971273147521447e-13
-7.8130222336221842e-13
6.4277651361719074e-13
-5.3168443729539957e-13
1.0894830858633511e-12
-1.3504414681548618e-12
5.4638949233929049e-13
2.7748071120313474e-13
-2.5072844397967873e-13
6.4653062948356969e-15
9.9422492396386520e-13
