-8.5444953755361714e-15
-8.5570861296725370e-15
0.0000000000000000e+00
2.5746461098988902e-14
2.5783890221071300e-14
1.7214135759824428e-14
1.7238933797020984e-14
1.7263653820234486e-14
-4.3220738479103324e-15
-8.6564290371715995e-15
0.0000000000000000e+00
1.7361745030742310e-14
2.1732585544231164e-14
2.1762889016548715e-14
1.7434472932224984e-14
3.0552468032214918e-14
8.7412757351493226e-15
2.4071392716647625e-14
3.7251888803141238e-14
3.0719588536382614e-14
3.9549863118016847e-14
3.0802273662671793e-14
3.3046494472364327e-14
3.7502446180053973e-14
3.6447546217080087e-14
3.4283635106308034e-14
3.6543241138803792e-14
3.2709976503740597e-14
5.6622706383088925e-14
1.8898561077821381e-14
6.6786329570121234e-14
5.2939956843722301e-14
5.9423793330130873e-14
4.6369966401565348e-14
7.7193874411154083e-14
9.3532474944745124e-14
9.6732941866331605e-14
9.5448849485324179e-14
1.1861451861815423e-13
1.4239891301023254e-13
1.6342257425507864e-13
2.3583885969672013e-13
3.2876399044053275e-13
4.9995721046102587e-13
7.2704626285079029e-13
1.0363031168268718e-12
1.4893102301154868e-12
2.1570261668602834e-12
3.1141462853006244e-12
4.5291085864661776e-12
6.5300571957338117e-12
9.4032590875156170e-12
1.3515124388336222e-11
1.9354976697817930e-11
2.7677769977539665e-11
3.9505534402424526e-11
5.6236727603544090e-11
7.9917198809294271e-11
1.1335870178226237e-10
1.6040555698119832e-10
2.2653738550460334e-10
3.1923780833146983e-10
4.4895471853564875e-10
6.3004794660918482e-10
8.8230785423534161e-10
1.2329752742527388e-09
1.7194326787564672e-09
2.3927702324626881e-09
3.3227930561614922e-09
4.6046711135695513e-09
6.3676664119177121e-09
8.7872375081284598e-09
1.2100754708844083e-08
1.6628850233252464e-08
2.2803484321802495e-08
3.1205363484803212e-08
4.2613356134734633e-08
5.8069852974478916e-08
7.8966861571540531e-08
1.0715878877920028e-07
1.4511074413127693e-07
1.9609209058572841e-07
2.6442919005112100e-07
3.5583403195708581e-07
4.7783100522351604e-07
6.4030951087446254e-07
8.5623770512629561e-07
1.1425824832389706e-06
1.5214914567702965e-06
2.0218096680481629e-06
2.6810184484277036e-06
3.5477100313834849e-06
4.6847368592946753e-06
6.1732101391157217e-06
8.1175636557878567e-06
1.0651950032494461e-05
1.3948301085394622e-05
1.8226458202962427e-05
2.3766872259623772e-05
3.0926484598280898e-05
4.0158534757729808e-05
5.2037201923479622e-05
6.7288181503526195e-05
8.6826525694797777e-05
1.1180335388863290e-04
1.4366335914762289e-04
1.8421541930608827e-04
2.3571906924141193e-04
3.0099011496160897e-04
3.8352927972260594e-04
4.8767848202164755e-04
6.1881016470485709e-04
7.8355603694633383e-04
9.9008267207904887e-04
1.2484226380376424e-03
1.5708712358304213e-03
1.9724605063083196e-03
2.4715239417263204e-03
3.0903673306805425e-03
3.8560633753700309e-03
4.8013901664024023e-03
5.9659362866430546e-03
7.3973982464570869e-03
9.1530991266491092e-03
1.1301760718099442e-02
1.3925565079024798e-02
1.7122545266911652e-02
2.1009349001804015e-02
2.5724423141733593e-02
3.1431671040447827e-02
3.8324639037684356e-02
4.6631292416952561e-02
5.6619445046275994e-02
6.8602910466632319e-02
8.2948445267355758e-02
1.0008355801536979e-01
1.2050525860121555e-01
1.4478982341546162e-01
1.7360365104614492e-01
2.0771528094007066e-01
2.4800864343397697e-01
2.9549760345448095e-01
3.5134185172431792e-01
4.1686418620163729e-01
4.9356921243587493e-01
5.8316347427061022e-01
6.8757700560586632e-01
8.0898626952591068e-01
9.4983842282347930e-01
1.1128768116781158e+00
1.3011675679197454e+00
1.5181271349479175e+00
1.7675505081042240e+00
2.0536399263352791e+00
2.3810337006893749e+00
2.7548348110426653e+00
3.1806388460856727e+00
3.6645608037962747e+00
4.2132602113277464e+00
4.8339639655514466e+00
5.5344862396764567e+00
6.3232447488391159e+00
7.2092726198711743e+00
8.2022250692946308e+00
9.3123800607386364e+00
1.0550632090282777e+01
1.1928478237587187e+01
1.3457995623966092e+01
1.5151809437622378e+01
1.7023050722824731e+01
1.9085303185436949e+01
2.1352538343261351e+01
2.3839038447192674e+01
2.6559306718933588e+01
2.9527964593313484e+01
3.2759635817947732e+01
3.6268817449424546e+01
4.0069737992209269e+01
4.4176203152216374e+01
4.8601429919107730e+01
5.3357869946803618e+01
5.8457023466789941e+01
6.3909245239326985e+01
6.9723544318820359e+01
7.5907379676108491e+01
8.2466453976553964e+01
8.9404508052575139e+01
9.6723118826394042e+01
1.0442150362701616e+02
1.1249633399857171e+02
1.2094156220914422e+02
1.2974826373449292e+02
1.3890449900459097e+02
1.4839519765834257e+02
1.5820206844976406e+02
1.6830353778492193e+02
1.7867471964177281e+02
1.8928741933479603e+02
2.0011017323435033e+02
2.1110832613986531e+02
2.2224414754057281e+02
2.3347698748322514e+02
2.4476347221024244e+02
2.5605773914240598e+02
2.6731171016715825e+02
2.7847540156739802e+02
2.8949726829778956e+02
3.0032457969806512e+02
3.1090382313791343e+02
3.2118113152825231e+02
3.3110273012110991e+02
3.4061539756667719e+02
3.4966693581213588e+02
3.5820664312235732e+02
3.6618578428586358e+02
3.7355805194728202e+02
3.8028001298486970e+02
3.8631153393148435e+02
3.9161617962050428e+02
3.9616157952336516e+02
3.9991975662910033e+02
4.0286741419292844e+02
4.0498617624287061e+02
4.0626277837102208e+02
4.0668920603819532e+02
4.0626277837446099e+02
4.0498617624972729e+02
4.0286741420315980e+02
3.9991975664264237e+02
3.9616157954013380e+02
3.9161617964039579e+02
3.8631153395437696e+02
3.8028001301062426e+02
3.7355805197574392e+02
3.6618578431686404e+02
3.5820664315571474e+02
3.4966693584765818e+02
3.4061539760416355e+02
3.3110273016035222e+02
3.2118113156903763e+02
3.1090382318002571e+02
3.0032457974128675e+02
2.8949726834190375e+02
2.7847540161218996e+02
2.6731171021241755e+02
2.5605773918792738e+02
2.4476347225582799e+02
2.3347698752868513e+02
2.2224414758572715e+02
2.1110832618454427e+02
2.0011017327839559e+02
1.8928741937806154e+02
1.7867471968412514e+02
1.6830353782624064e+02
1.5820206848994209e+02
1.4839519769728614e+02
1.3890449904221973e+02
1.2974826377073961e+02
1.2094156224395439e+02
1.1249633403190340e+02
1.0442150365883926e+02
9.6723118856689723e+01
8.9404508081335266e+01
8.2466454003780257e+01
7.5907379701811848e+01
6.9723544343020009e+01
6.3909245262049510e+01
5.8457023488068742e+01
5.3357869966677910e+01
4.8601429937621738e+01
4.4176203169418550e+01
4.0069738008151518e+01
3.6268817464161494e+01
3.2759635831536087e+01
2.9527964605811249e+01
2.6559306730399616e+01
2.3839038457686041e+01
2.1352538352840867e+01
1.9085303194160751e+01
1.7023050730749823e+01
1.5151809444804433e+01
1.3457995630458978e+01
1.1928478243442960e+01
1.0550632095551309e+01
9.3123800654675115e+00
8.2022250735290463e+00
7.2092726236538942e+00
6.3232447522103010e+00
5.5344862426738830e+00
4.8339639682103286e+00
4.2132602136807256e+00
3.6645608058737613e+00
3.1806388479156045e+00
2.7548348126508544e+00
2.3810337020993844e+00
2.0536399275687103e+00
1.7675505091806876e+00
1.5181271358852657e+00
1.3011675687340409e+00
1.1128768123839037e+00
9.4983842343383151e-01
8.0898627005254986e-01
6.8757700605920136e-01
5.8316347465996476e-01
4.9356921276956783e-01
4.1686418648695317e-01
3.5134185196772866e-01
2.9549760366164196e-01
2.4800864360991232e-01
2.0771528108918158e-01
1.7360365117219378e-01
1.4478982352177963e-01
1.2050525869067913e-01
1.0008355809048491e-01
8.2948445330285711e-02
6.8602910519213120e-02
5.6619445090100418e-02
4.6631292453402501e-02
3.8324639067953296e-02
3.1431671065526599e-02
2.5724423162454716e-02
2.1009349018871876e-02
1.7122545280943841e-02
1.3925565090487705e-02
1.1301760727466340e-02
9.1530991342968337e-03
7.3973982526499907e-03
5.9659362916792977e-03
4.8013901704713957e-03
3.8560633786418569e-03
3.0903673332912996e-03
2.4715239437642766e-03
1.9724605079478956e-03
1.5708712371270066e-03
1.2484226390538497e-03
9.9008267288655527e-04
7.8355603761597590e-04
6.1881016525333306e-04
4.8767848247362124e-04
3.8352928006057366e-04
3.0099011523629658e-04
2.3571906944327826e-04
1.8421541946928531e-04
1.4366335932196398e-04
1.1180335401875272e-04
8.6826525786392044e-05
6.7288181593882750e-05
5.2037202026162302e-05
4.0158534827612824e-05
3.0926484636578842e-05
2.3766872323787805e-05
1.8226458247955804e-05
1.3948301112407741e-05
1.0651950001072038e-05
8.1175636053235124e-06
6.1732101010110594e-06
4.6847367764211641e-06
3.5477099430116815e-06
2.6810183858544906e-06
2.0218096446533916e-06
1.5214913954589409e-06
1.1425823517268236e-06
8.5623763837972202e-07
6.4030940635426609e-07
4.7783089641016041e-07
3.5583392830046698e-07
2.6442912212833257e-07
1.9609202225313485e-07
1.4511071809053942e-07
1.0715880219552785e-07
7.8966832551711622e-08
5.8069831955075744e-08
4.2613309470986379e-08
3.1205344227927597e-08
2.2803510198021364e-08
1.6628836995491327e-08
1.2100757545100455e-08
8.7872131218506439e-09
6.3676457517043601e-09
4.6046209699165136e-09
3.3227591702881199e-09
2.3927375580165198e-09
1.7193936766881680e-09
1.2329428975904801e-09
8.8228923602934465e-10
6.3002943620311477e-10
4.4895009585526851e-10
3.1922395512930885e-10
2.2650509616619582e-10
1.6040094921499756e-10
1.1335179766497251e-10
7.9896509165142743e-11
5.6227542347912636e-11
3.9473421676323734e-11
2.7650275504052041e-11
1.9325224457416883e-11
1.3469403399201121e-11
9.3849914642275841e-12
6.5277763514460949e-12
4.5017699028456577e-12
3.1221108538052291e-12
2.1479343811200927e-12
1.4597964603113690e-12
1.0056902238790322e-12
6.5683307235741179e-13
4.5697446386030424e-13
3.1859603197329983e-13
1.8280332665487396e-13
1.0706996244298256e-13
3.7147542524408488e-14
-1.0118774100126903e-14
-3.3126365409612508e-14
-5.2432058344939161e-14
-5.9647955578535075e-14
-7.1879803346618120e-14
-7.5421029689293021e-14
-7.7278829823691313e-14
-6.8543312545029932e-14
-7.2351857034298008e-14
-6.6144963772374854e-14
-7.3276443554585657e-14
-5.8767076430449218e-14
-5.0939063405605292e-14
-4.2025101098055004e-14
-9.9402398773854807e-15
-1.8751223090026987e-14
-2.5335645762145989e-14
-2.8602111258195245e-14
-1.5380502323673215e-14
-2.1942563240273299e-15
-1.7530300613242935e-14
-6.5649252863584437e-15
4.3706378675746613e-15
-1.5276234016107459e-14
-1.7434472932224984e-14
-8.7051556066194861e-15
-1.7386068435384930e-14
-1.7361745030742310e-14
-4.3343353580949816e-15
-8.6564290371715995e-15
-1.2966221543730997e-14
-2.5895480730351731e-14
-1.2929200347765740e-14
-3.4428271519648856e-14
-8.5946300736904339e-15
-1.7164307399325934e-14
-3.4278555912363910e-14
-3.4228344518690148e-14
-5.9811467628753198e-14
-5.1191201623406487e-14
-4.2596005183686694e-14
-4.2532489482130527e-14
-5.9456304173605442e-14
-5.0885884727414542e-14
-3.3872669065797971e-14
-3.3821269594753993e-14
-5.0654588453753693e-14
-5.0577057131835549e-14
-5.0499311776841559e-14
-3.3614235827594855e-14
-5.0343184380224934e-14
-5.0264805050154462e-14
-5.0186217110034558e-14
-6.6809895894291655e-14
-5.0028420845021349e-14
-4.9949215247678621e-14
-4.9869806495309698e-14
-8.2983659927296144e-14
-4.9710385001150674e-14
-6.6173833335550337e-14
-3.3033444887783398e-14
-6.5959684488849275e-14
-9.8778328967293588e-14
-1.6436124020471087e-13
-9.8454774960432635e-14
-1.3105656565831549e-13
-1.3083959298580017e-13
-9.7966589216794035e-14
-1.3040414726456085e-13
-9.7639261209335981e-14
-1.2996672570309630e-13
-1.6218410405459987e-13
-1.6190919743091766e-13
-1.2930695352005206e-13
-1.2908607368658129e-13
-1.2886472216432062e-13
-9.6482177007162771e-14
-6.4210309474031238e-14
-6.4098937354195424e-14
-6.3987336844187621e-14
-6.3875509810862509e-14
-3.1881729061145773e-14
-1.5912795911927905e-14
-4.7654016193105438e-14
-6.3425973822992519e-14
-3.1656521108346716e-14
-7.8999869139954220e-14
-4.7314901237324099e-14
-6.2972963105254907e-14
-6.2859181554394719e-14
-4.7058894155428690e-14
-6.2630996941211735e-14
-4.6887448225797627e-14
-3.1200998082740079e-14
-6.2287194413702557e-14
-4.6629145694106488e-14
-3.1028498790498234e-14
-3.0970803130433538e-14
-3.0913011089687141e-14
-4.6282685413330899e-14
-2.3097856221591273e-14
-2.3054299567684618e-14
