8.5444953755361698e-15
2.5671258389017608e-14
1.7139277956181952e-14
2.5746461098988895e-14
4.2973150368452158e-14
1.7214135759824425e-14
2.5858400695531473e-14
5.6106874915762076e-14
3.0254516935372316e-14
3.4625716148686392e-14
3.4674682864759846e-14
3.0383053803799032e-14
3.0425619761923618e-14
2.6115466819858449e-14
2.6151709398337469e-14
5.2375659483796995e-14
4.3706378675746600e-14
5.2519402290867537e-14
7.0121202452971713e-14
7.4604715016929203e-14
7.2508082383030860e-14
4.6203410494007689e-14
5.1772841340037442e-14
6.3974761130680286e-14
4.8596728289440101e-14
5.4190261942228804e-14
6.2012772841606416e-14
5.5440638141933199e-14
4.9961211514490209e-14
5.2248962979859108e-14
4.5637325206249499e-14
6.8543312545029920e-14
6.7235371796063552e-14
6.2850858074410840e-14
5.6496966054540287e-14
9.8853184597290475e-14
1.0458373135113530e-13
1.1173130027987947e-13
1.3323052565167083e-13
1.5872131805883623e-13
1.8934477568864281e-13
2.7476919778062847e-13
3.6039763900525743e-13
5.0561283501375239e-13
7.1572155470669685e-13
1.0408383602265513e-12
1.5199591449120704e-12
2.1945297830385701e-12
3.1403155818157550e-12
4.5541690464516537e-12
6.5608485936179904e-12
9.4352274282696758e-12
1.3537984882903771e-11
1.9366419867202943e-11
2.7691517214283471e-11
3.9503240636274457e-11
5.6236727603544077e-11
7.9930991905395269e-11
1.1334029080282271e-10
1.6042859581220213e-10
2.2654891741117747e-10
3.1926782360281854e-10
4.4897089791697970e-10
6.3005026040994351e-10
8.8232411321538103e-10
1.2330075252441400e-09
1.7194484210262103e-09
2.3927783545585253e-09
3.3228299198396029e-09
4.6046798645788964e-09
6.3676839124140583e-09
8.7872446421997834e-09
1.2100764764454798e-08
1.6628890798062721e-08
2.2803518583769554e-08
3.1205392567907890e-08
4.2613360800222209e-08
5.8069877363398158e-08
7.8966905249433105e-08
1.0715881187812909e-07
1.4511076610999750e-07
1.9609211972223944e-07
2.6442920863824052e-07
3.5583403606426964e-07
4.7783103768432876e-07
6.4030950992381544e-07
8.5623776097833748e-07
1.1425824353835842e-06
1.5214914791909670e-06
2.0218097027620816e-06
2.6810184440146941e-06
3.5477100135179697e-06
4.6847368425682768e-06
6.1732101335354229e-06
8.1175636513594702e-06
1.0651950001072036e-05
1.3948301107971816e-05
1.8226458262633361e-05
2.3766872345242187e-05
3.0926484689578737e-05
4.0158534823162141e-05
5.2037202028489258e-05
6.7288181647012167e-05
8.6826525799976352e-05
1.1180335402108525e-04
1.4366335932663272e-04
1.8421541945917315e-04
2.3571906943150504e-04
3.0099011521769558e-04
3.8352927997489008e-04
4.8767848235772794e-04
6.1881016508668295e-04
7.8355603738598963e-04
9.9008267263586691e-04
1.2484226386969162e-03
1.5708712366168727e-03
1.9724605072689630e-03
2.4715239429111096e-03
3.0903673321595508e-03
3.8560633771722308e-03
4.8013901685907238e-03
5.9659362893600895e-03
7.3973982497213481e-03
9.1530991306506375e-03
1.1301760722984519e-02
1.3925565084949383e-02
1.7122545274121423e-02
2.1009349010512324e-02
2.5724423152289774e-02
3.1431671053182904e-02
3.8324639053012192e-02
4.6631292435373464e-02
5.6619445068403863e-02
6.8602910493140948e-02
8.2948445299020693e-02
1.0008355805312005e-01
1.2050525864615119e-01
1.4478982346881972e-01
1.7360365110937345e-01
2.0771528101483894e-01
2.4800864352216123e-01
2.9549760355827570e-01
3.5134185184625244e-01
4.1686418634451211e-01
4.9356921260296244e-01
5.8316347446552685e-01
6.8757700583278691e-01
8.0898626978945187e-01
9.4983842312888134e-01
1.1128768120311956e+00
1.3011675683270494e+00
1.5181271354166961e+00
1.7675505086425198e+00
2.0536399269520231e+00
2.3810337013943585e+00
2.7548348118466532e+00
3.1806388470004734e+00
3.6645608048347413e+00
4.2132602125039122e+00
4.8339639668804475e+00
5.5344862411746067e+00
6.3232447505240090e+00
7.2092726217616816e+00
8.2022250714107940e+00
9.3123800631018607e+00
1.0550632092915597e+01
1.1928478240513359e+01
1.3457995627210501e+01
1.5151809441211073e+01
1.7023050726784593e+01
1.9085303189795820e+01
2.1352538348047737e+01
2.3839038452435592e+01
2.6559306724662445e+01
2.9527964599557802e+01
3.2759635824736897e+01
3.6268817456787573e+01
4.0069738000174461e+01
4.4176203160811049e+01
4.8601429928357803e+01
5.3357869956733289e+01
5.8457023477421274e+01
6.3909245250679632e+01
6.9723544330910954e+01
7.5907379688950357e+01
8.2466453990156680e+01
8.9404508066944132e+01
9.6723118841530166e+01
1.0442150364291538e+02
1.1249633401522459e+02
1.2094156222653577e+02
1.2974826375260210e+02
1.3890449902339066e+02
1.4839519767779910e+02
1.5820206846983737e+02
1.6830353780556507e+02
1.7867471966293232e+02
1.8928741935641173e+02
2.0011017325635567e+02
2.1110832616218721e+02
2.2224414756313223e+02
2.3347698750593725e+02
2.4476347223301727e+02
2.5605773916514880e+02
2.6731171018977005e+02
2.7847540158977637e+02
2.8949726831982935e+02
3.0032457971965886e+02
3.1090382315895295e+02
3.2118113154862880e+02
3.3110273014071549e+02
3.4061539758540545e+02
3.4966693582988290e+02
3.5820664313902273e+02
3.6618578430135153e+02
3.7355805196150169e+02
3.8028001299773678e+02
3.8631153394292176e+02
3.9161617963044233e+02
3.9616157953174303e+02
3.9991975663586624e+02
4.0286741419804025e+02
4.0498617624629640e+02
4.0626277837274040e+02
4.0668920603819538e+02
4.0626277837274296e+02
4.0498617624630162e+02
4.0286741419804815e+02
3.9991975663587652e+02
3.9616157953175588e+02
3.9161617963045785e+02
3.8631153394293960e+02
3.8028001299775713e+02
3.7355805196152426e+02
3.6618578430137615e+02
3.5820664313904928e+02
3.4966693582991115e+02
3.4061539758543529e+02
3.3110273014074653e+02
3.2118113154866103e+02
3.1090382315898620e+02
3.0032457971969296e+02
2.8949726831986402e+02
2.7847540158981150e+02
2.6731171018980564e+02
2.5605773916518439e+02
2.4476347223305294e+02
2.3347698750597283e+02
2.2224414756316756e+02
2.1110832616222220e+02
2.0011017325639011e+02
1.8928741935644558e+02
1.7867471966296540e+02
1.6830353780559733e+02
1.5820206846986861e+02
1.4839519767782934e+02
1.3890449902341982e+02
1.2974826375263024e+02
1.2094156222656265e+02
1.1249633401525026e+02
1.0442150364293981e+02
9.6723118841553386e+01
8.9404508066966073e+01
8.2466453990177413e+01
7.5907379688969868e+01
6.9723544330929258e+01
6.3909245250696756e+01
5.8457023477437261e+01
5.3357869956748146e+01
4.8601429928371587e+01
4.4176203160823817e+01
4.0069738000186199e+01
3.6268817456798367e+01
3.2759635824746823e+01
2.9527964599566847e+01
2.6559306724670645e+01
2.3839038452443031e+01
2.1352538348054402e+01
1.9085303189801788e+01
1.7023050726789872e+01
1.5151809441215701e+01
1.3457995627214524e+01
1.1928478240516794e+01
1.0550632092918498e+01
9.3123800631043583e+00
8.2022250714129079e+00
7.2092726217634473e+00
6.3232447505254603e+00
5.5344862411757809e+00
4.8339639668813996e+00
4.2132602125046370e+00
3.6645608048352916e+00
3.1806388470008535e+00
2.7548348118469126e+00
2.3810337013944514e+00
2.0536399269520254e+00
1.7675505086424206e+00
1.5181271354164947e+00
1.3011675683267698e+00
1.1128768120308707e+00
9.4983842312847833e-01
8.0898626978906385e-01
6.8757700583234593e-01
5.8316347446510108e-01
4.9356921260250847e-01
4.1686418634410033e-01
3.5134185184584077e-01
2.9549760355787419e-01
2.4800864352175250e-01
2.0771528101445993e-01
1.7360365110900700e-01
1.4478982346845345e-01
1.2050525864578762e-01
1.0008355805278370e-01
8.2948445298667350e-02
6.8602910492773117e-02
5.6619445068031342e-02
4.6631292435050160e-02
3.8324639052662160e-02
3.1431671052823310e-02
2.5724423151954709e-02
2.1009349010198946e-02
1.7122545273778357e-02
1.3925565084623202e-02
1.1301760722628947e-02
9.1530991303498468e-03
7.3973982494173135e-03
5.9659362890436751e-03
4.8013901683014474e-03
3.8560633768694071e-03
3.0903673318569374e-03
2.4715239426275340e-03
1.9724605069924468e-03
1.5708712363845187e-03
1.2484226384276466e-03
9.9008267241753808e-04
7.8355603718716527e-04
6.1881016491417023e-04
4.8767848216485694e-04
3.8352927980546284e-04
3.0099011501030917e-04
2.3571906925153179e-04
1.8421541933545695e-04
1.4366335917813584e-04
1.1180335391912185e-04
8.6826525712843563e-05
6.7288181521557548e-05
5.2037201967457952e-05
4.0158534729464305e-05
3.0926484603889482e-05
2.3766872251698552e-05
1.8226458202962424e-05
1.3948301013425904e-05
1.0651949979671644e-05
8.1175635962682762e-06
6.1732101244879735e-06
4.6847367875720953e-06
3.5477099529991728e-06
2.6810184338382103e-06
2.0218096546232692e-06
1.5214913785940856e-06
1.1425823270270839e-06
8.5623760146219875e-07
6.4030935217599637e-07
4.7783085335295652e-07
3.5583390807615193e-07
2.6442907686237745e-07
1.9609200806037379e-07
1.4511066672576415e-07
1.0715873139982583e-07
7.8966794378245926e-08
5.8069783763675962e-08
4.2613243512051111e-08
3.1205268769173454e-08
2.2803432914998005e-08
1.6628805214191971e-08
1.2100692476835091e-08
8.7871652623422214e-09
6.3675793754558252e-09
4.6045787268986755e-09
3.3226954280040783e-09
2.3926815077269875e-09
1.7193543935483858e-09
1.2329048838543535e-09
8.8223827855823509e-10
6.2997853258642203e-10
4.4888075564956380e-10
3.1917546892174542e-10
2.2647511320910303e-10
1.6035026378678907e-10
1.1328505786450379e-10
7.9864325274240363e-11
5.6167838186308207e-11
3.9432133885622703e-11
2.7583830526456950e-11
1.9274874512122808e-11
1.3432826607893036e-11
9.3416058589184996e-12
6.4673339778215926e-12
4.4698747719550494e-12
3.0674966697736509e-12
2.1138401845943761e-12
1.4166609505976581e-12
9.5240111393279223e-13
6.4097848095568111e-13
4.2247515408867229e-13
2.6323714698503140e-13
1.5120768994909327e-13
7.2131343119482976e-14
3.3770493204007710e-15
-4.1037250517181315e-14
-6.9340781831985497e-14
-9.5050629833873640e-14
-9.3252437594611130e-14
-9.5093903260117328e-14
-8.6594515569188274e-14
-9.4017926536404205e-14
-9.8078235836790774e-14
-1.0073604710159952e-13
-9.3381125325705643e-14
-7.2166194409819198e-14
-4.3798104132127229e-14
-4.2080095856804357e-14
-3.2071787680094596e-14
-1.3253653169847302e-14
-8.8241049835421068e-15
-2.5335645762145983e-14
-1.6501218033574176e-14
-2.1972146176676020e-14
6.5827689720819882e-15
-4.3825751533107321e-15
1.3129850572716884e-14
4.3706378675746597e-15
1.7458553161265662e-14
2.6151709398337469e-14
1.3057733409929224e-14
2.1732585544231160e-14
1.7361745030742307e-14
2.1671676790474904e-14
1.7312858074343196e-14
1.7288295391641327e-14
0.0000000000000000e+00
-1.2929200347765736e-14
-1.7214135759824425e-14
-1.7189260147380865e-14
-8.5821536996629656e-15
-3.4278555912363904e-14
-3.4228344518690142e-14
-1.7088990751072340e-14
-3.4127467748937649e-14
-3.4076804146949343e-14
-4.2532489482130514e-14
-1.6987515478172980e-14
-3.3923923151609684e-14
-3.3872669065797964e-14
-3.3821269594753987e-14
-1.6884862817917895e-14
-3.3718038087890357e-14
0.0000000000000000e+00
-1.6807117913797425e-14
-3.3562122920149954e-14
-3.3509870033436304e-14
-6.6914956146712723e-14
-5.0107421920718732e-14
-8.3380701408368893e-14
-6.6598953663571486e-14
-6.6493075327079589e-14
-3.3193463970918450e-14
-4.9710385001150661e-14
-4.9630375001662743e-14
-6.6066889775566783e-14
-6.5959684488849250e-14
-9.8778328967293563e-14
-6.5744496081884334e-14
-9.8454774960432609e-14
-1.3105656565831546e-13
-6.5419796492900071e-14
-9.7966589216794009e-14
-9.7803110448420616e-14
-9.7639261209335956e-14
-6.4983362851548140e-14
-9.7310462432759900e-14
-9.7145518458550576e-14
-9.6980215140039017e-14
-9.6814555264935931e-14
-1.2886472216432060e-13
-9.6482177007162758e-14
-1.2842061894806245e-13
-9.6148406031293098e-14
-6.3987336844187608e-14
-6.3875509810862497e-14
-4.7822593591718644e-14
-6.3651183647711608e-14
-7.9423360321842367e-14
-6.3425973822992506e-14
-6.3313042216693406e-14
-6.3199895311963361e-14
-6.3086534983098799e-14
-4.7229722328941174e-14
-3.1429590777197353e-14
-3.1372596103619123e-14
-6.2630996941211723e-14
-4.6887448225797615e-14
-3.1200998082740073e-14
-4.6715395810276905e-14
-4.6629145694106475e-14
-3.1028498790498227e-14
-3.0970803130433531e-14
-1.5456505544843567e-14
-1.5427561804443629e-14
-2.3097856221591267e-14
-7.6847665225615373e-15
