-8.5444953755361698e-15
-2.5671258389017608e-14
0.0000000000000000e+00
0.0000000000000000e+00
0.0000000000000000e+00
-8.6070678799122124e-15
-2.1548667246276225e-14
-8.6318269101172415e-15
-2.5932443087461988e-14
-1.7312858074343196e-14
-1.3003006074284941e-14
-1.3021308773056729e-14
-1.3039551326538695e-14
8.7051556066194845e-15
-1.0896545582640611e-14
-8.7292765806328309e-15
8.7412757351493194e-15
6.5649252863584422e-15
2.1912875766553662e-14
4.3885126480546589e-14
4.3944292353352039e-14
3.7402760876101461e-14
3.3046494472364321e-14
4.7429564286538832e-14
3.2029661827130979e-14
3.5389558819414736e-14
1.6610564154001720e-14
3.7699633936514578e-14
1.9429360033412857e-14
1.2228480697413832e-14
1.0017949435518184e-14
2.3405033551961434e-14
4.6032515959960521e-14
4.3017920637596749e-14
6.7125108183612220e-14
6.4128553180678520e-14
8.5797913655354970e-14
8.5342500716289839e-14
9.8376970417900411e-14
1.2495082485482852e-13
1.6116846978259478e-13
2.3358202850345003e-13
3.5587854635315391e-13
5.0561283501375239e-13
7.1119167144905952e-13
1.0317678734271915e-12
1.5097428399798758e-12
2.1683908990355219e-12
3.1266620358078602e-12
4.5199956919260040e-12
6.5254955071583764e-12
9.4055425404266205e-12
1.3510552289422712e-11
1.9352688063940920e-11
2.7682352389787602e-11
3.9507828168574569e-11
5.6236727603544077e-11
7.9937888453445787e-11
1.1335640040983237e-10
1.6043089969530250e-10
2.2655122379249222e-10
3.1926551473579174e-10
4.4898245461793046e-10
6.3005720181221968e-10
8.8231761912360396e-10
1.2330045295226189e-09
1.7194396874098933e-09
2.3927787459711619e-09
3.3228146389994969e-09
4.6046682083140261e-09
6.3676711301553140e-09
8.7872432660787187e-09
1.2100756036744592e-08
1.6628841077055863e-08
2.2803493309123927e-08
3.1205354781273572e-08
4.2613356801171520e-08
5.8069897830168038e-08
7.8966890429347997e-08
1.0715882317446133e-07
1.4511075031530828e-07
1.9609212114290311e-07
2.6442920844188823e-07
3.5583403701316444e-07
4.7783101696639775e-07
6.4030952816886150e-07
8.5623775083827874e-07
1.1425824843885771e-06
1.5214914701832193e-06
2.0218097138836280e-06
2.6810184931511038e-06
3.5477100313834840e-06
4.6847368346833775e-06
6.1732101974284336e-06
8.1175636243922298e-06
1.0651950006661903e-05
1.3948301085394619e-05
1.8226458190604169e-05
2.3766872239329994e-05
3.0926484610659681e-05
4.0158534764505543e-05
5.2037201982183945e-05
6.7288181548704466e-05
8.6826525715174273e-05
1.1180335390902555e-04
1.4366335917366733e-04
1.8421541930608825e-04
2.3571906925786115e-04
3.0099011501099449e-04
3.8352927976520522e-04
4.8767848208759485e-04
6.1881016476001620e-04
7.8355603696968429e-04
9.9008267214631732e-04
1.2484226380832368e-03
1.5708712359200129e-03
1.9724605064185526e-03
2.4715239418331997e-03
3.0903673308509821e-03
3.8560633755863449e-03
4.8013901666629829e-03
5.9659362869931903e-03
7.3973982468407183e-03
9.1530991271437604e-03
1.1301760718692056e-02
1.3925565079737884e-02
1.7122545267789058e-02
2.1009349002847972e-02
2.5724423142985273e-02
3.1431671041954705e-02
3.8324639039495678e-02
4.6631292419134836e-02
5.6619445048886032e-02
6.8602910469771156e-02
8.2948445271107424e-02
1.0008355801984795e-01
1.2050525860653645e-01
1.4478982342178603e-01
1.7360365105362635e-01
2.0771528094891709e-01
2.4800864344442625e-01
2.9549760346673193e-01
3.5134185173872118e-01
4.1686418621852050e-01
4.9356921245561591e-01
5.8316347429364368e-01
6.8757700563269963e-01
8.0898626955707109e-01
9.4983842285957831e-01
1.1128768117198409e+00
1.3011675679678831e+00
1.5181271350033183e+00
1.7675505081678327e+00
2.0536399264081475e+00
2.3810337007726705e+00
2.7548348111376653e+00
3.1806388461937489e+00
3.6645608039189446e+00
4.2132602114666620e+00
4.8339639657084694e+00
5.5344862398534387e+00
6.3232447490381549e+00
7.2092726200945112e+00
8.2022250695446193e+00
9.3123800610178247e+00
1.0550632090593817e+01
1.1928478237932875e+01
1.3457995624349376e+01
1.5151809438046310e+01
1.7023050723292521e+01
1.9085303185951879e+01
2.1352538343826794e+01
2.3839038447812051e+01
2.6559306719610330e+01
2.9527964594051124e+01
3.2759635818749750e+01
3.6268817450294343e+01
4.0069737993150177e+01
4.4176203153231683e+01
4.8601429920200445e+01
5.3357869947976596e+01
5.8457023468045826e+01
6.3909245240668071e+01
6.9723544320248635e+01
7.5907379677625485e+01
8.2466453978160843e+01
8.9404508054272554e+01
9.6723118828182081e+01
1.0442150362889437e+02
1.1249633400053891e+02
1.2094156221119871e+02
1.2974826373663220e+02
1.3890449900681179e+02
1.4839519766064100e+02
1.5820206845213536e+02
1.6830353778736051e+02
1.7867471964427241e+02
1.8928741933734946e+02
2.0011017323694983e+02
2.1110832614250222e+02
2.2224414754323780e+02
2.3347698748590813e+02
2.4476347221293278e+02
2.5605773914509257e+02
2.6731171016982938e+02
2.7847540157004147e+02
2.8949726830039316e+02
3.0032457970061597e+02
3.1090382314039874e+02
3.2118113153065923e+02
3.3110273012342577e+02
3.4061539756888965e+02
3.4966693581423232e+02
3.5820664312432604e+02
3.6618578428769314e+02
3.7355805194896180e+02
3.8028001298638969e+02
3.8631153393283546e+02
3.9161617962167827e+02
3.9616157952435475e+02
3.9991975662989961e+02
4.0286741419353217e+02
4.0498617624327534e+02
4.0626277837122501e+02
4.0668920603819538e+02
4.0626277837425823e+02
4.0498617624932274e+02
4.0286741420255601e+02
3.9991975664184321e+02
3.9616157953914416e+02
3.9161617963922185e+02
3.8631153395302590e+02
3.8028001300910432e+02
3.7355805197406414e+02
3.6618578431503437e+02
3.5820664315374597e+02
3.4966693584556168e+02
3.4061539760195109e+02
3.3110273015803614e+02
3.2118113156663054e+02
3.1090382317754029e+02
3.0032457973873585e+02
2.8949726833930015e+02
2.7847540160954640e+02
2.6731171020974625e+02
2.5605773918524062e+02
2.4476347225313748e+02
2.3347698752600201e+02
2.2224414758306210e+02
2.1110832618190730e+02
2.0011017327579609e+02
1.8928741937550797e+02
1.7867471968162550e+02
1.6830353782380197e+02
1.5820206848757076e+02
1.4839519769498767e+02
1.3890449903999883e+02
1.2974826376860028e+02
1.2094156224189985e+02
1.1249633402993608e+02
1.0442150365696097e+02
9.6723118854901585e+01
8.9404508079637765e+01
8.2466454002173279e+01
7.5907379700294754e+01
6.9723544341591662e+01
6.3909245260708353e+01
5.8457023486812787e+01
5.3357869965504896e+01
4.8601429936528980e+01
4.4176203168403234e+01
4.0069738007210539e+01
3.6268817463291668e+01
3.2759635830734055e+01
2.9527964605073585e+01
2.6559306729722827e+01
2.3839038457066653e+01
2.1352538352275424e+01
1.9085303193645800e+01
1.7023050730282005e+01
1.5151809444380486e+01
1.3457995630075665e+01
1.1928478243097269e+01
1.0550632095240264e+01
9.3123800651883393e+00
8.2022250732790365e+00
7.2092726234305458e+00
6.3232447520112505e+00
5.5344862424968939e+00
4.8339639680533173e+00
4.2132602135417896e+00
3.6645608057510537e+00
3.1806388478075474e+00
2.7548348125558864e+00
2.3810337020161327e+00
2.0536399274958508e+00
1.7675505091170756e+00
1.5181271358298851e+00
1.3011675686859168e+00
1.1128768123421917e+00
9.4983842339775426e-01
8.0898627002140622e-01
6.8757700603237903e-01
5.8316347463694818e-01
4.9356921274982174e-01
4.1686418647007462e-01
3.5134185195332895e-01
2.9549760364939581e-01
2.4800864359950722e-01
2.0771528108036946e-01
1.7360365116474177e-01
1.4478982351547978e-01
1.2050525868539746e-01
1.0008355808604845e-01
8.2948445326543815e-02
6.8602910516096322e-02
5.6619445087497701e-02
4.6631292451256932e-02
3.8324639066151737e-02
3.1431671064009931e-02
2.5724423161192722e-02
2.1009349017824704e-02
1.7122545280067264e-02
1.3925565089785803e-02
1.1301760726868251e-02
9.1530991338320128e-03
7.3973982522554365e-03
5.9659362913618034e-03
4.8013901701976459e-03
3.8560633783986369e-03
3.0903673330876938e-03
2.4715239436179795e-03
1.9724605078114028e-03
1.5708712370225300e-03
1.2484226389466119e-03
9.9008267281244246e-04
7.8355603751290091e-04
6.1881016520266277e-04
4.8767848239684433e-04
3.8352927999750253e-04
3.0099011516645472e-04
2.3571906940638847e-04
1.8421541946130895e-04
1.4366335928231368e-04
1.1180335400515757e-04
8.6826525778434515e-05
6.7288181625487569e-05
5.2037202026162296e-05
4.0158534775731955e-05
3.0926484654566224e-05
2.3766872278756911e-05
1.8226458235597546e-05
1.3948301112407738e-05
1.0651949975239478e-05
8.1175636255489380e-06
6.1732101267994061e-06
4.6847367696909782e-06
3.5477099608771946e-06
2.6810184171410967e-06
2.0218096245160422e-06
1.5214913753395699e-06
1.1425823639780740e-06
8.5623763837972180e-07
6.4030940912462573e-07
4.7783090471364112e-07
3.5583394327220366e-07
2.6442913317907819e-07
1.9609206270739622e-07
1.4511071419085381e-07
1.0715877445116634e-07
7.8966863493931859e-08
5.8069839064821990e-08
4.2613296679032837e-08
3.1205334761111031e-08
2.2803495727699731e-08
1.6628853330881148e-08
1.2100750178645065e-08
8.7872320606028589e-09
6.3676701321103608e-09
4.6046326227707901e-09
3.3227521073713879e-09
2.3927462723366936e-09
1.7194137245650206e-09
1.2329630615361675e-09
8.8229850102409145e-10
6.3002018100007960e-10
4.4893160513374718e-10
3.1923549946444293e-10
2.2651201531014024e-10
1.6040094921499754e-10
1.1333108531310289e-10
7.9905704562543408e-11
5.6232134975728350e-11
3.9461952845573440e-11
2.7650275504052035e-11
1.9327513091293884e-11
1.3460259201374098e-11
9.3781411054945687e-12
6.5175125521513667e-12
4.4881005610353957e-12
3.1141462853006236e-12
2.1342967025098053e-12
1.4586613153189026e-12
9.8981687198015193e-13
6.4777330584213702e-13
4.5471221403921349e-13
2.9543568213126909e-13
1.7716124867169881e-13
9.8053544553047171e-14
4.5590165825410409e-14
-3.3729247000422998e-15
-4.7162960922160174e-14
-6.0002462490999884e-14
-7.9250570087912769e-14
-9.5373591210882392e-14
-9.5253967126107099e-14
-9.5133866317251740e-14
-9.1948346096991354e-14
-1.0240570534085256e-13
-1.0338624589631695e-13
-8.9375056153699160e-14
-7.0964016821674494e-14
-5.7583289067205964e-14
-6.0825804220869065e-14
-2.5402835242207332e-14
-2.0957249335912507e-14
-1.2117047973200252e-14
-2.5301867651480402e-14
-4.3944292353352039e-14
-3.2913844860409937e-14
-2.1912875766553660e-15
-2.6259701145433769e-14
-4.3706378675746597e-15
-1.0911595725791040e-14
-6.5379273495843671e-15
-1.7410311213238969e-14
-1.3039551326538695e-14
8.6808725153711533e-15
1.3003006074284941e-14
-4.3282145185857990e-15
-8.6441476958206633e-15
-2.1579567275293104e-14
-2.5858400695531473e-14
-4.3035339399561064e-14
-2.5783890221071294e-14
-4.2910768498314830e-14
-3.4278555912363904e-14
-3.4228344518690142e-14
-3.4177981502144679e-14
-5.9723068560640883e-14
-5.1115206220424018e-14
-5.1038987378556623e-14
-4.2468788695432453e-14
-5.0885884727414530e-14
-5.0809003598696943e-14
-6.7642539189507973e-14
-3.3769725635835789e-14
-5.0577057131835536e-14
-6.7332415702455395e-14
-6.7228471655189698e-14
-5.0343184380224927e-14
-6.7019740066872607e-14
-6.6914956146712723e-14
-3.3404947947145821e-14
-8.3380701408368893e-14
-8.3248692079464351e-14
-8.3116344158849493e-14
-6.6386927941836900e-14
-8.2850641668584431e-14
-9.9260750003325486e-14
-9.9100334663350161e-14
-9.8939526733273893e-14
-9.8778328967293563e-14
-9.8616744122826495e-14
-9.8454774960432609e-14
-1.6382070707289431e-13
-9.8129694739350100e-14
-1.6327764869465668e-13
-1.3040414726456082e-13
-1.3018568161244797e-13
-1.2996672570309628e-13
-1.6218410405459984e-13
-1.2952735794473411e-13
-1.6163369190006504e-13
-1.2908607368658124e-13
-1.2886472216432060e-13
-9.6482177007162758e-14
-9.6315464211046832e-14
-6.4098937354195399e-14
-6.3987336844187608e-14
-9.5813264716293745e-14
-7.9704322652864398e-14
-7.9563979559639510e-14
-9.5308032386210851e-14
-7.9282467278740626e-14
-7.9141302770866770e-14
-7.8999869139954195e-14
-6.3086534983098799e-14
-6.2972963105254895e-14
-6.2859181554394707e-14
-6.2745192207238246e-14
-6.2630996941211723e-14
-7.8145747042996027e-14
-7.8002495206850179e-14
-6.2287194413702532e-14
-9.3258291388212951e-14
-7.7571246976245569e-14
-7.7427007826083825e-14
-5.4097769406952479e-14
-5.3996466315552695e-14
-6.1594283257576703e-14
-5.3793365657930755e-14
