-1.0423774554428997e-13
-1.6567567272316997e-13
-2.2975343528877605e-13
-2.9895315480752546e-13
-3.6270832954671831e-13
-3.9313922074073786e-13
-4.5282950645098229e-13
-5.1721119969344654e-13
-5.6071030055386852e-13
-6.2392744575407050e-13
-6.9333526866350969e-13
-7.7287500647542699e-13
-8.3497159813363511e-13
-9.0898615195730345e-13
-9.8749651224735730e-13
-1.0961623088678228e-12
-1.1679802742398026e-12
-1.2548185678557092e-12
-1.3262514297032491e-12
-1.4259052649050254e-12
-1.4706863672726694e-12
-1.5497871984852437e-12
-1.6116648202818545e-12
-1.6785166850530656e-12
-1.6827203124320946e-12
-1.6968946430302072e-12
-1.7254135352002328e-12
-1.7784642142398961e-12
-1.8026818989886231e-12
-1.8278116429960552e-12
-1.8290664212275971e-12
-1.8414245116781438e-12
-1.8003273032587787e-12
-1.7163389587232209e-12
-1.6358512454878286e-12
-1.5617943663474568e-12
-1.4374613654280471e-12
-1.3280417597513144e-12
-1.1849307707942742e-12
-1.0114441307341551e-12
-7.3935107615894990e-13
-4.9541337279680458e-13
-2.5108311418582252e-13
5.6834118703786156e-15
2.4237081691685985e-13
4.7506642750203624e-13
7.1447337594883929e-13
9.7745478235664061e-13
1.2692211060278391e-12
1.5187512842187489e-12
1.8180789585549184e-12
2.1389129028636499e-12
2.4978006306075487e-12
2.8453106336078722e-12
3.2179989464813054e-12
3.6329322065204782e-12
4.1013560062339674e-12
4.5659388351987532e-12
5.0417877278507519e-12
5.5103006030993306e-12
5.9535512421000012e-12
6.4588331604798683e-12
6.9258378329396683e-12
7.4424917786924861e-12
7.9685450293199495e-12
8.5305127585407615e-12
9.1076303476167911e-12
9.7098405018097125e-12
1.0321104748827674e-11
1.0930315406860427e-11
1.1545729688190627e-11
1.2206207816034706e-11
1.2889623761699309e-11
1.3603936122572367e-11
1.4343344019765152e-11
1.5112357718137525e-11
1.5826514432365622e-11
1.6569017954745698e-11
1.7303927289212162e-11
1.8051274458764084e-11
1.8758357426030230e-11
1.9500985103687853e-11
2.0267733597882003e-11
2.1024124043204498e-11
2.1763910278248019e-11
2.2521513986997685e-11
2.3248705178311973e-11
2.4009537516687281e-11
2.4746399516778817e-11
2.5498877944308108e-11
2.6235227836939449e-11
2.6966926463871360e-11
2.7620392425672333e-11
2.8310700777315652e-11
2.8947328722558062e-11
2.9580576253930198e-11
3.0195232114863447e-11
3.0797408206890178e-11
3.1371153785501557e-11
3.1927747801953101e-11
3.2454693318009945e-11
3.2931099915666350e-11
3.3354120814750679e-11
3.3771965616758757e-11
3.4119581330414903e-11
3.4441656884462546e-11
3.4729629335384682e-11
3.4972818077884013e-11
3.5140834528632625e-11
3.5282025593545160e-11
3.5365771008431702e-11
3.5406291356558395e-11
3.5348184441566768e-11
3.5274192710183600e-11
3.5117579951762713e-11
3.4930864230420372e-11
3.4674043881807571e-11
3.4358257058139495e-11
3.3989009158797701e-11
3.3617686967098476e-11
3.3156428232142938e-11
3.2675677852483056e-11
3.2151381652657138e-11
3.1604570193137840e-11
3.0990759812932310e-11
3.0311913604336846e-11
2.9652966396753208e-11
2.8966006517719934e-11
2.8264849892522322e-11
2.7531126824621395e-11
2.6787652611078722e-11
2.6028383785979124e-11
2.5239051678476202e-11
2.4426316390392914e-11
2.3641089647494337e-11
2.2851170480851665e-11
2.2039577516090664e-11
2.1243755093373574e-11
2.0463064663091681e-11
1.9693554422924482e-11
1.8941565969088891e-11
1.8184754042263323e-11
1.7480314346405664e-11
1.6795407073209922e-11
1.6126159504090492e-11
1.5470303596833575e-11
1.4801496544618708e-11
1.4132851315122568e-11
1.3448184631641461e-11
1.2771781727296560e-11
1.2141096085641887e-11
1.1519666573007734e-11
1.0889993732570108e-11
1.0278776250932811e-11
9.6958430684590868e-12
9.1594082597098207e-12
8.6376765793675807e-12
8.1150577662280803e-12
7.6447940932987600e-12
7.2060560708408646e-12
6.7924553434966402e-12
6.3649909457862443e-12
5.9624476050615801e-12
5.5818909076189945e-12
5.1664447441944889e-12
4.7929014523826775e-12
4.4530897522120924e-12
4.1294800756795070e-12
3.7767200549633782e-12
3.4525951442436777e-12
3.1288618763372085e-12
2.8033687202617011e-12
2.5287940327169360e-12
2.2502254951854668e-12
1.9925698368471875e-12
1.7442909048854771e-12
1.5247944339878304e-12
1.3482465154374545e-12
1.1930874488685018e-12
1.0310251335238449e-12
8.6440464855597700e-13
7.1478949950211506e-13
5.9032757646250862e-13
4.5129370069213344e-13
3.0892407795797923e-13
2.0527565601601878e-13
1.2705454756542613e-13
8.4054834479792517e-14
8.6746341648031783e-14
9.4613771990410887e-14
1.3516426377318012e-13
1.8270447848973917e-13
2.2540959690350256e-13
2.7557026387196079e-13
3.2663626851199799e-13
3.7434839198827978e-13
4.4524840488116435e-13
5.1406126970435696e-13
5.8903028959818445e-13
6.3802855230411839e-13
6.8152105674380826e-13
7.1326940356860813e-13
7.2748660718937781e-13
7.2867519235822311e-13
7.6017639965662416e-13
7.9157221958899691e-13
8.0118923870434135e-13
8.2318764807110226e-13
8.4753048120463704e-13
8.5060315481429318e-13
8.4227692267699024e-13
8.8737865224652372e-13
9.2299071281987585e-13
9.8343027391634244e-13
1.0277035686004318e-12
1.0488189390066559e-12
1.0531162265457305e-12
1.0446355280236514e-12
1.0484079288276591e-12
1.0475408005726269e-12
1.0891144210274715e-12
1.1071962073611792e-12
1.1107480303980682e-12
1.1038559702538036e-12
1.0430578010627899e-12
9.6630810151731689e-13
8.9665952875502533e-13
8.3118715620716058e-13
7.7514298202342525e-13
7.3957523293171053e-13
6.8272972089202024e-13
5.7830490681041787e-13
4.6061913969462539e-13
3.5469500659514519e-13
2.6615776990497494e-13
1.9321896993172428e-13
1.5161447139686346e-13
1.3020521409583080e-13
1.1664874564875363e-13
9.5036938156396635e-14
9.4833915440092808e-14
9.2673978036040140e-14
8.2325319579707959e-14
6.8134864582391915e-14
7.3501157562558045e-14
1.1214080484528920e-13
1.3563450559858540e-13
1.1821976309810267e-13
1.2625182972424632e-13
1.0786460294021850e-13
8.6842924628413794e-14
4.8765586938046117e-14
5.0082174085645650e-14
3.9764736399133943e-14
1.0387437536121830e-14
-5.0331176563122710e-14
