-5.1629580581062173e-13
-1.4629585514245963e-13
-1.9248698657410701e-13
1.0151099236846533e-13
-1.0611569029815391e-12
2.4900374537997095e-13
6.4867192931526549e-15
-4.9031023364736116e-13
-7.0842828451872946e-13
4.8727859509931719e-13
-4.0687820203411579e-13
-5.5352708953584012e-13
-1.4623064115347869e-13
-6.6916316175856395e-14
-5.3027694950953248e-13
-3.4123725885456534e-14
-9.0876091168316872e-13
2.4500829587650370e-13
-2.0381676730144210e-13
2.0866012345397049e-13
-3.4598726709249536e-13
1.3132558277916102e-12
1.4256739700263037e-12
5.6365407293135867e-13
1.0663500147308160e-12
1.0675911437015745e-12
3.9169918326998734e-13
-5.0734808808571755e-13
-2.7321286672997507e-12
-6.2625600277728653e-12
-1.2189106181245471e-11
-2.1269789024076406e-11
-3.8070016481763825e-11
-6.2200218897040732e-11
-9.9675380545898305e-11
-1.5675562306402995e-10
-2.4397081064416879e-10
-3.7209360230585608e-10
-5.6405078212018788e-10
-8.4668333593902400e-10
-1.2567005802943503e-09
-1.8566303197843687e-09
-2.7191541065718657e-09
-3.9600256717183593e-09
-5.7364084842026308e-09
-8.2630529327973519e-09
-1.1842675312822055e-08
-1.6892554964980649e-08
-2.3989870873657459e-08
-3.3921923238334362e-08
-4.7769657248343618e-08
-6.7008144449731435e-08
-9.3640445827134631e-08
-1.3037870717046975e-07
-1.8089243131489191e-07
-2.5011328468219934e-07
-3.4466580265016459e-07
-4.7341522007280734e-07
-6.4818326535965788e-07
-8.8470073058658384e-07
-1.2038277374333350e-06
-1.6331459992472764e-06
-2.2090223052138621e-06
-2.9792739065951347e-06
-4.0065849971719346e-06
-5.3729007532230072e-06
-7.1850481912970102e-06
-9.5818952188238521e-06
-1.2743468983700189e-05
-1.6902499749468362e-05
-2.2359027652387759e-05
-2.9498805022766179e-05
-3.8816436565336374e-05
-5.0944361402665314e-05
-6.6689071044301353e-05
-8.7076232609586382e-05
-1.1340673129132752e-04
-1.4732607312288105e-04
-1.9091009420078525e-04
-2.4677046448609395e-04
-3.1818420721341705e-04
-4.0925219907576854e-04
-5.2509256005173254e-04
-6.7207592836805198e-04
-8.5811079693737290e-04
-1.0929885264031442e-03
-1.3887992492776808e-03
-1.7604316891411342e-03
-2.2261719700343964e-03
-2.8084187869724282e-03
-3.5345348885062449e-03
-4.4378576371853808e-03
-5.5588945558105720e-03
-6.9467331802260720e-03
-8.6606982357490935e-03
-1.0772293125375578e-02
-1.3367467011321247e-02
-1.6549253148022299e-02
-2.0440828875362037e-02
-2.5189052423350830e-02
-3.0968536529677074e-02
-3.7986323689108460e-02
-4.6487232514494221e-02
-5.6759949085319415e-02
-6.9143941038903228e-02
-8.4037275533851985e-02
-1.0190542464364867e-01
-1.2329114310208350e-01
-1.4882550345151535e-01
-1.7924017198185396e-01
-2.1538100541109848e-01
-2.5822304247701444e-01
-3.0888695625101947e-01
-3.6865702170590486e-01
-4.3900063849965709e-01
-5.2158943076981901e-01
-6.1832192355634008e-01
-7.3134776926942280e-01
-8.6309346674269771e-01
-1.0162894801553137e+00
-1.1939986249550187e+00
-1.3996455432170882e+00
-1.6370470414956422e+00
-1.9104430104890853e+00
-2.2245275882390523e+00
-2.5844801674248403e+00
-2.9959957835506974e+00
-3.4653143552180858e+00
-3.9992481813243157e+00
-4.6052070342514240e+00
-5.2912201244338668e+00
-6.0659541515313080e+00
-6.9387266029618617e+00
-7.9195134134788505e+00
-9.0189500619067466e+00
-1.0248325155485389e+01
-1.1619565540400419e+01
-1.3145211981533597e+01
-1.4838384477072628e+01
-1.6712736316709087e+01
-1.8782396057260023e+01
-2.1061896678361482e+01
-2.3566091294606235e+01
-2.6310054939796732e+01
-2.9308972104252181e+01
-3.2578009897048794e+01
-3.6132176920670801e+01
-3.9986168184453831e+01
-4.4154196642912886e+01
-4.8649812222738852e+01
-5.3485709493986704e+01
-5.8673525442483886e+01
-6.4223629106499814e+01
-7.0144905145361079e+01
-7.6444533704818156e+01
-8.3127769226632125e+01
-9.0197721110932306e+01
-9.7655139372222777e+01
-1.0549820862605374e+02
-1.1372235389624100e+02
-1.2232006183538287e+02
-1.3128072099795480e+02
-1.4059048479014569e+02
-1.5023216063917474e+02
-1.6018512877387354e+02
-1.7042529378564373e+02
-1.8092507184400006e+02
-1.9165341607467397e+02
-2.0257588217334171e+02
-2.1365473582874895e+02
-2.2484910297138927e+02
-2.3611516325558188e+02
-2.4740638653309162e+02
-2.5867381139603685e+02
-2.6986636416759984e+02
-2.8093121601411985e+02
-2.9181417515510401e+02
-3.0246011047280894e+02
-3.1281340218474753e+02
-3.2281841465476981e+02
-3.3241998589506807e+02
-3.4156392786508218e+02
-3.5019753131551039e+02
-3.5827006866623373e+02
-3.6573328825410692e+02
-3.7254189324627117e+02
-3.7865399859048694e+02
-3.8403155956733355e+02
-3.8864076581861633e+02
-3.9245239514817195e+02
-3.9544212191904239e+02
-3.9759077549608128e+02
-3.9888454489426414e+02
-3.9931512657757958e+02
-3.9887981319646326e+02
-3.9758152193738761e+02
-3.9542876206932146e+02
-3.9243554219071018e+02
-3.8862121858951980e+02
-3.8401028701019760e+02
-3.7863212095816522e+02
-3.7252066044883895e+02
-3.6571405580963358e+02
-3.5825427175735518e+02
-3.5018665748910365e+02
-3.4155948893377945e+02
-3.3242348960772864e+02
-3.2283133669824343e+02
-3.1283715906181664e+02
-3.0249603377165249e+02
-2.9186348768507713e+02
-2.8099501023237042e+02
-2.6994558326243026e+02
-2.5876923332775766e+02
-2.4751861126310820e+02
-2.3624460332148442e+02
-2.2499597749177914e+02
-2.1381906794820466e+02
-2.0275749988711917e+02
-1.9185195630598236e+02
-1.8113998758550673e+02
-1.7065586406240078e+02
-1.6043047113818182e+02
-1.5049124586972374e+02
-1.4086215343859257e+02
-1.3156370140619515e+02
-1.2261298923606492e+02
-1.1402379020737038e+02
-1.0580666255736573e+02
-9.7969086475704927e+01
-9.0515623429579904e+01
-8.3448094223422487e+01
-7.6765772186800376e+01
-7.0465587934661428e+01
-6.4542342249790494e+01
-5.8988923791959600e+01
-5.3796528535015867e+01
-4.8954878065109838e+01
-4.4452434133059555e+01
-4.0276607134367651e+01
-3.6413956484651230e+01
-3.2850381159521874e+01
-2.9571298970034025e+01
-2.6561813442142075e+01
-2.3806867455981099e+01
-2.1291383074017300e+01
-1.9000387242445843e+01
-1.6919123284901605e+01
-1.5033148319102750e+01
-1.3328416914409003e+01
-1.1791351470173609e+01
-1.0408899931261628e+01
-9.1685815683522964e+00
-8.0585216375330901e+00
-7.0674757973257538e+00
-6.1848452032190506e+00
-5.4006832218939183e+00
-4.7056947114342274e+00
-4.0912288021202681e+00
-3.5492660871759063e+00
-3.0724010958873582e+00
-2.6538208754999468e+00
-2.2872804547162402e+00
-1.9670759028789524e+00
-1.6880156363478007e+00
-1.4453905592625702e+00
-1.2349435607893997e+00
-1.0528388267068172e+00
-8.9563136059944293e-01
-7.6023705005885467e-01
-6.4390355662718457e-01
-5.4418225558780009e-01
-4.5890140313369127e-01
-3.8614066445535844e-01
-3.2420709685808252e-01
-2.7161264716536049e-01
-2.2705319226902537e-01
-1.8938912573588859e-01
-1.5762747138939961e-01
-1.3090548679477601e-01
-1.0847570496468527e-01
-8.9692351352167715e-02
-7.3999064705252193e-02
-6.0917844546616841e-02
-5.0039144294440632e-02
-4.1013027369274625e-02
-3.3541303391338276e-02
-2.7370562868424247e-02
-2.2286030880349642e-02
-1.8106163499651013e-02
-1.4677914321839238e-02
-1.1872602691785973e-02
-9.5823196967436217e-03
-7.7168126446196016e-03
-6.2007933912644310e-03
-4.9716206119032992e-03
-3.9773105665635083e-03
-3.1748353420234568e-03
-2.5286716500942828e-03
-2.0095672187567656e-03
-1.5934953982323333e-03
-1.2607720105896041e-03
-9.9531154598814144e-04
-7.8400261473627795e-04
-6.1618509109918754e-04
-4.8321372852481109e-04
-3.7809498840903446e-04
-2.9518568703861637e-04
-2.2994369542004203e-04
-1.7872225899324200e-04
-1.3860080820308639e-04
-1.0724619485529098e-04
-8.2799176763971263e-05
-6.3781848846381902e-05
-4.9022343357306907e-05
-3.7593764429405982e-05
-2.8764787669950078e-05
-2.1959828043101965e-05
-1.6726993991137756e-05
-1.2712375972484346e-05
-9.6394928166931719e-06
-7.2928756044005018e-06
-5.5050235293888414e-06
-4.1460443455617743e-06
-3.1154535129669516e-06
-2.3357162668760657e-06
-1.7471413420306922e-06
-1.3038990105419318e-06
-9.7088050463924803e-07
-7.2125983185314965e-07
-5.3458855700542295e-07
-3.9532056511186087e-07
-2.9165862458176673e-07
-2.1468229445878690e-07
-1.5765662362050630e-07
-1.1551093406334046e-07
-8.4433981641248659e-08
-6.1574847343150644e-08
-4.4798569825617156e-08
-3.2517917321853346e-08
-2.3547553445718673e-08
-1.7010672063159879e-08
-1.2259963276890306e-08
-8.8158934804153427e-09
-6.3236039232209264e-09
-4.5236321424245657e-09
-3.2291918540540931e-09
-2.3019431731284714e-09
-1.6347306914461493e-09
-1.1585531946795671e-09
-8.1919935969071393e-10
-5.7728647709703716e-10
-4.0564579694167148e-10
-2.8616428140737658e-10
-1.9965815521627724e-10
-1.4010607325457623e-10
-9.7899457039589325e-11
-6.7531588600477766e-11
-4.6949307544297500e-11
-3.2764303424448390e-11
-2.2471675970976034e-11
-1.5470476219790370e-11
-1.0799203211308895e-11
-6.8354420709972623e-12
-4.8064512099301343e-12
-2.7131968917334692e-12
-2.2885964326153165e-12
-8.8370326092909236e-13
-1.5758099314292614e-12
-1.1692639601442361e-12
-4.2993538424028663e-13
-2.2993398765474855e-13
-1.0318615686367422e-12
3.6966020497112640e-13
2.6803782420202834e-13
-3.3799990913010645e-13
-7.9806211463415924e-13
-9.7355243116030848e-13
-9.7873286449742332e-13
3.2866029793091691e-13
6.9934291104647526e-14
-4.2446126592472546e-13
1.2848304732039596e-13
3.6816435150512526e-13
-6.5103102688678614e-13
8.9215559884872392e-13
-1.8322751428695738e-13
-1.0959074618736271e-13
-2.4295464266161627e-15
4.6123783743083563e-13
-2.6777736282457912e-13
7.8840010619054954e-13
-8.9005359960277750e-13
-9.0056796978586439e-13
-1.0222995679944690e-12
-2.0427323693549863e-13
-1.3013676233815430e-12
-2.2170971192995622e-13
4.4921825272683298e-13
8.7753861844438589e-14
-2.1970587860300278e-13
3.3098110769110362e-13
-3.4999998537291219e-13
-5.4855821366742419e-13
1.4960405714409253e-13
-5.3866254941860159e-13
4.0662229612348163e-14
9.6643631876927230e-13
3.5350588995540212e-13
-3.7586973337779085e-14
-2.2085733133959640e-14
-6.1529641153279369e-13
1.2822824653813425e-13
-1.1203317678778996e-13
-5.2246294660336332e-14
3.0338719492528590e-13
3.7876472381226602e-13
8.9519254400503510e-14
9.9093352375554336e-14
9.1191326529722329e-13
9.6319066360893359e-13
-1.4824391699763433e-12
3.6158235313404719e-13
4.8578631229563366e-13
2.1507235708447386e-13
-4.7265256902283256e-13
-4.1100365120602111e-13
-3.6289073814479678e-13
3.5562162524017347e-13
2.8045812830209185e-13
4.6192665109906536e-13
-6.5085058820596092e-13
1.8786838928390235e-13
-6.0273162846548148e-13
-1.4404172638685268e-13
1.4798061591042009e-13
-3.9538194250779806e-13
-1.2246550838038676e-12
-3.7274236102532663e-13
-3.4959186997547615e-13
4.8899651977487347e-15
3.5936233296476780e-13
-1.4054695326211205e-13
-2.8101835976552180e-13
8.9139427028127784e-14
-3.3638795515141173e-13
-2.8804767803850261e-14
-9.6863061855387826e-13
-4.3115234715966794e-13
2.5994336867640948e-13
-2.3724176714005908e-14
6.7860227509439477e-13
1.8835667625255892e-14
-2.9897534494753285e-13
8.4659216506075697e-13
-2.6988410222361815e-13
-6.1113433045730916e-13
6.0044994288868163e-13
-3.0710742038079967e-13
-1.7359538270585696e-13
1.0129411370838389e-12
9.4866141377844533e-13
7.4742386339878845e-14
5.1991416775361282e-13
4.0262151378054331e-13
-1.2344864514671743e-13
-5.9133190910152346e-13
1.3535665405497901e-13
-5.0483812912826495e-14
6.2276078917948551e-14
5.1620742239250599e-13
-6.9056478983981029e-13
-4.4206720911777264e-13
-3.4818132784021717e-13
-6.8474773122442565e-13
-5.0951345143680867e-13
5.4221075313462082e-13
-9.2573708087948340e-14
4.1512414205726017e-13
-1.6722197148655040e-13
1.9855555590982374e-13
-1.8960975460284112e-12
4.5314307296352605e-13
3.4691682889593629e-14
-5.7615995748905687e-14
-9.8793869091326192e-14
9.3263141108626336e-13
-3.4615430093734104e-13
3.2924528540075787e-13
-9.5222623567460312e-14
2.9423381320729342e-13
-3.9032011318293187e-13
8.2426562925347477e-13
4.1624562252867248e-13
-7.6949607353087246e-13
5.0908462062673390e-13
1.0096510687210709e-13
6.5832900744038514e-14
7.4214639348375337e-14
8.1968667382191347e-13
-1.0692156334597951e-12
8.7515968165299407e-13
-2.0022896738488371e-13
-4.0133897810177119e-13
1.3008272074541015e-13
-2.5659917635613012e-13
-1.3402097830387695e-13
-1.1417542289607291e-13
-2.1144363271741349e-13
-3.2603022760499734e-13
-5.7370512314509897e-13
-1.9260202044847015e-13
