1.0506509734708110e-12
-2.7418465487502598e-12
-1.4154848851212478e-12
-1.1271931259450217e-12
-6.7065397694485575e-13
-7.9455373041024044e-13
-9.4866314418406839e-13
-1.9646621783941909e-12
-7.9608769407848155e-13
-1.6926163954798726e-12
-1.1927577586276951e-12
1.3189145724951140e-12
4.0435014477656236e-13
-1.6318622635530195e-12
2.6968152629024653e-12
1.5335231222816314e-12
-1.3822664118569471e-12
7.1838683820636117e-13
-1.2815905035593113e-13
2.4022777544221092e-12
-2.6190676369096301e-13
-1.8485648497499103e-12
5.7506987939304064e-13
1.0851125767235369e-12
-1.4053986418062380e-13
-2.1939687265172502e-12
1.0211683306802717e-12
-1.1370998271178406e-12
-1.4089585113661804e-12
-2.2985587983894331e-13
-1.0468929049069582e-12
7.4767786436853434e-13
-1.2121725952467029e-12
-1.2301722810458842e-13
-1.2420577434261840e-12
-2.2485021628296737e-13
-2.9743094276413956e-13
-9.9629090865897381e-13
-5.6935325660893989e-13
3.6775416005509255e-12
-8.2690288353824692e-13
7.4858517336301390e-13
8.6636746716789715e-13
1.8833001813614040e-13
-1.0473019412340794e-12
1.3218046577104245e-12
-2.1089838324848209e-12
2.2785825529926304e-12
1.4104195319635183e-12
4.0414773680078465e-13
-8.5490567503092453e-13
-3.1551331334281165e-13
-7.9588496933418185e-13
-1.1347075378005662e-12
1.6837528887076048e-12
-1.5904503327345306e-12
-5.6351075757045352e-13
1.7083176132387137e-12
-7.5320242625543868e-13
2.0045985020169766e-12
-1.7780557944572960e-12
2.4836853977561721e-12
-6.2994614105762743e-13
1.3886901121902688e-12
-2.0429043145733537e-13
-4.0091475440028006e-16
-2.1027333425180897e-12
-1.7925296286923374e-12
-1.4391912326226510e-12
-3.0235604007854787e-13
7.5666368266885483e-14
1.7498346877303852e-14
-4.9594892953453718e-13
3.2488141560859690e-14
-5.4566244712956627e-13
-3.1651429179183659e-13
1.1865838096259808e-13
1.0095122672090380e-12
3.1212104471767878e-12
3.2264005596464216e-12
6.6157363295154503e-12
8.9186730294741704e-12
1.4025855351927323e-11
1.6677361218969429e-11
2.3825984393754866e-11
3.8090300896077558e-11
5.5121762067544029e-11
7.7530739207937111e-11
1.1406943909029856e-10
1.6356309534168364e-10
2.3128052973701574e-10
3.3095764443307783e-10
4.7284841754383955e-10
6.6919066503074186e-10
9.4824305431176287e-10
1.3361522141825636e-09
1.8792578930697652e-09
2.6318762681758640e-09
3.6850917665338096e-09
5.1319582283471901e-09
7.1420937610950170e-09
9.8987510382566516e-09
1.3685464413671637e-08
1.8871481162664490e-08
2.5949694358047533e-08
3.5575458998003381e-08
4.8643345868502521e-08
6.6336962911578725e-08
9.0203334458907083e-08
1.2232753783448230e-07
1.6543060437850667e-07
2.2310394490863799e-07
3.0005570997644529e-07
4.0243585697180508e-07
5.3825923670938706e-07
7.1793248126622343e-07
9.5493205888789169e-07
1.2666306533950144e-06
1.6753997775143792e-06
2.2099005368989459e-06
2.9067537281694376e-06
3.8125975577698637e-06
4.9866189503004326e-06
6.5036610025481843e-06
8.4580495534869218e-06
1.0968231329017459e-05
1.4182392965926012e-05
1.8285235591139674e-05
2.3506139649688110e-05
3.0128799538925244e-05
3.8502730185468254e-05
4.9056748719714746e-05
6.2314757875368636e-05
7.8913994949068739e-05
9.9626055411262179e-05
1.2538078796545286e-04
1.5729319358590634e-04
1.9669338322731263e-04
2.4515929979503304e-04
3.0455203517572185e-04
3.7705292092809854e-04
4.6520146446616192e-04
5.7193255119512040e-04
7.0061078269904582e-04
8.5505895505925934e-04
1.0395767666661320e-03
1.2589445081631634e-03
1.5184050573176318e-03
1.8236156608707635e-03
2.1805587109152993e-03
2.5953982827833766e-03
3.0742658976062962e-03
3.6229556194209860e-03
4.2465042244508935e-03
4.9486274295177553e-03
5.7309778755787744e-03
6.5921840262015280e-03
7.5266226218992441e-03
8.5228693603354461e-03
9.5617642299079767e-03
1.0614018691934209e-02
1.1637282247923934e-02
1.2572575374091829e-02
1.3339985238001851e-02
1.3833509372041308e-02
1.3914921546684288e-02
1.3406523145912197e-02
1.2082633326898099e-02
9.6596618520366391e-03
5.7846010826823847e-03
2.1767813025818090e-05
-8.1623770128474230e-03
-1.9416502365779464e-02
-3.4523941807604430e-02
-5.4424646136727040e-02
-8.0239695946696901e-02
-1.1329849410298272e-01
-1.5516872874187909e-01
-2.0768915974925778e-01
-2.7300523502082036e-01
-3.5360748654774155e-01
-4.5237258999812280e-01
-5.7260689470907200e-01
-7.1809214353619077e-01
-8.9313300456750389e-01
-1.1026059291137538e+00
-1.3520087340247902e+00
-1.6475101824496361e+00
-1.9959987070640604e+00
-2.4051292860766673e+00
-2.8833673477016348e+00
-3.4400284457175081e+00
-4.0853123219809433e+00
-4.8303298541135034e+00
-5.6871212837627549e+00
-6.6686640362202834e+00
-7.7888683823335585e+00
-9.0625591622971662e+00
-1.0505441794088398e+01
-1.2134050831647528e+01
-1.3965679424087048e+01
-1.6018288161437496e+01
-1.8310391977938295e+01
-2.0860924023693091e+01
-2.3689075710283021e+01
-2.6814112486834635e+01
-3.0255165307847946e+01
-3.4030998210531415e+01
-3.8159752922842777e+01
-4.2658671967065182e+01
-4.7543802300172359e+01
-5.2829682130347265e+01
-5.8529014158631171e+01
-6.4652329100583501e+01
-7.1207643932576389e+01
-7.8200119863030594e+01
-8.5631725535869677e+01
-9.3500911413489547e+01
-1.0180230164376989e+02
-1.1052640997313533e+02
-1.1965938641093341e+02
-1.2918280136517959e+02
-1.3907347384510319e+02
-1.4930335005283837e+02
-1.5983943825938977e+02
-1.7064380527621765e+02
-1.8167363909552876e+02
-1.9288138138472510e+02
-2.0421493249387510e+02
-2.1561793048335494e+02
-2.2703010442065820e+02
-2.3838770085270863e+02
-2.4962398095866504e+02
-2.6066978445755410e+02
-2.7145415491534095e+02
-2.8190501970140588e+02
-2.9194991651769556e+02
-3.0151675719939755e+02
-3.1053461839672252e+02
-3.1893454782375835e+02
-3.2665037403123455e+02
-3.3361950714890520e+02
-3.3978371777081958e+02
-3.4508988113680567e+02
-3.4949067400509909e+02
-3.5294521211657980e+02
-3.5541961691626375e+02
-3.5688750121181550e+02
-3.5733036469465958e+02
-3.5673789170340268e+02
-3.5510814524250077e+02
-3.5244765304760710e+02
-3.4877138337428306e+02
-3.4410261013804211e+02
-3.3847266900667921e+02
-3.3192060799747401e+02
-3.2449273801691112e+02
-3.1624209055755205e+02
-3.0722779139509146e+02
-2.9751436057257143e+02
-2.8717095018679629e+02
-2.7627053247803121e+02
-2.6488905144850497e+02
-2.5310455168474428e+02
-2.4099629822749063e+02
-2.2864390122116836e+02
-2.1612645869091347e+02
-2.0352173015265328e+02
-1.9090535288137573e+02
-1.7835011156983558e+02
-1.6592527083491990e+02
-1.5369597860516771e+02
-1.4172274688729013e+02
-1.3006101479947156e+02
-1.1876079711335503e+02
-1.0786641990276647e+02
-9.7416343291755766e+01
-8.7443069760985423e+01
-7.7973135041078052e+01
-6.9027177320308979e+01
-6.0620079344821640e+01
-5.2761177009560555e+01
-4.5454527239717500e+01
-3.8699227353349031e+01
-3.2489777678049428e+01
-2.6816478965709727e+01
-2.1665856102924906e+01
-1.7021099739143800e+01
-1.2862517736764454e+01
-9.1679887688728741e+00
-5.9134109331426394e+00
-3.0731388926386640e+00
-6.2040377514013556e-01
1.4722891606140236e+00
3.2327892713354709e+00
4.6889590420950933e+00
5.8683648988066821e+00
6.7980020552702172e+00
7.5040543699318230e+00
8.0116894789824009e+00
8.3448888259425917e+00
8.5263116316346803e+00
8.5771913485716613e+00
8.5172627229727684e+00
8.3647172477418952e+00
8.1361845295097268e+00
7.8467369093457604e+00
7.5099145663675797e+00
7.1377682897919854e+00
6.7409171221526947e+00
6.3286181467861571e+00
5.9088458085706437e+00
5.4883783105843849e+00
5.0728888126413043e+00
4.6670393631261264e+00
4.2745757160682363e+00
3.8984214136656559e+00
3.5407697453558709e+00
3.2031724219330364e+00
2.8866240228735012e+00
2.5916414833511512e+00
2.3183380810916763e+00
2.0664915602622504e+00
1.8356061883797026e+00
1.6249686818558435e+00
1.4336980561404695e+00
1.2607895575151657e+00
1.1051529161100595e+00
9.6564522485546145e-01
8.4109879775223495e-01
7.3034439480000191e-01
6.3223022170779974e-01
5.4563712145917320e-01
4.6949037428965462e-01
4.0276851330033708e-01
3.4450954739197603e-01
2.9381496218003283e-01
2.4985184460851009e-01
2.1185344961967006e-01
1.7911849799421303e-01
1.5100946482935909e-01
1.2695008838560462e-01
1.0642230018689713e-01
8.8962749623801671e-02
7.4159070250564507e-02
6.1646011011968149e-02
5.1101533515137715e-02
4.2242956753074511e-02
3.4823213102517410e-02
2.8627263924442335e-02
2.3468709921568541e-02
1.9186619857794584e-02
1.5642592035068202e-02
1.2718054770114619e-02
1.0311806065475524e-02
8.3377875796209044e-03
6.7230842325494864e-03
5.4061379606773980e-03
4.3351623673518278e-03
3.4667435509054979e-03
2.7646120843219826e-03
2.1985707588234749e-03
1.7435630373215235e-03
1.3788676302006757e-03
1.0874054851267422e-03
8.5514607274267559e-04
6.7060108964159737e-04
5.2439452763334020e-04
4.0889916336121361e-04
3.1793042719192654e-04
2.4648969164745845e-04
1.9054980584863775e-04
1.4687669820877692e-04
1.1288148037786787e-04
8.6498346795953565e-05
6.6084125963409746e-05
5.0335997554269235e-05
3.8224269024983224e-05
2.8937716568260658e-05
2.1839263307364189e-05
1.6430212161866655e-05
1.2321419306682806e-05
9.2102169088503663e-06
6.8619457095646415e-06
5.0952798371882156e-06
3.7705396931792674e-06
2.7805038754565212e-06
2.0431161349661210e-06
1.4957960477246404e-06
1.0909881397332263e-06
7.9265962069063054e-07
5.7361290684583134e-07
4.1338312326475520e-07
2.9663585314440549e-07
2.1190338286515447e-07
1.5066648571206917e-07
1.0659777435091134e-07
7.5024917709420932e-08
5.2508895995719079e-08
3.6533351327527163e-08
2.5253091223345903e-08
1.7333419359503214e-08
1.1807002338426500e-08
7.9716023875115671e-09
5.3298148143903843e-09
3.5198804258999901e-09
2.3012288583711827e-09
1.4743611673583035e-09
9.2790360421693055e-10
5.6936043696681263e-10
3.3503993437628688e-10
1.8889249382057570e-10
9.8198288265868077e-11
4.5678748004979904e-11
1.2432809671379067e-11
-5.5744112158935591e-12
-1.4018486150443342e-11
-1.6897397053982357e-11
-1.6978621346617390e-11
-1.4596608506752709e-11
-1.2637331895594656e-11
-8.9512304925260886e-12
-1.0123280660204194e-11
-7.6368492866629737e-12
-5.2627515069174506e-12
-6.2599797101122466e-12
-4.0757401882166670e-12
-3.7563071352607281e-12
-1.1013772901545300e-12
-3.8829201732531297e-12
-1.4600871887759700e-12
-1.5586404937121072e-12
1.9540399787439242e-13
-4.0347206295602160e-12
1.1201478693176723e-12
-1.0077973409855059e-12
-1.0081881599977353e-12
4.4314167819797307e-13
1.3706306122949577e-12
1.0222650458192004e-12
2.2017289529344422e-12
-1.7119876399356126e-12
-1.1155841871008066e-14
9.2036387663030770e-13
2.2043141651325769e-12
-1.1157604306740268e-12
1.4525005445203889e-12
5.5190434866897268e-13
2.6065082728513101e-12
-1.0096791394672731e-12
-5.3743518605299002e-13
2.4718027973020156e-12
1.4428774780950729e-12
1.6503010477873543e-13
-6.2102687646872516e-13
-1.0569514463260746e-12
2.5627083900535304e-12
1.2903044715055981e-12
-1.5216231431608922e-12
8.5115440032532955e-13
-1.9781451681893406e-12
-1.7798999631623218e-12
-2.2406131737924849e-14
-6.0365241979133854e-13
-3.5475331989065553e-13
5.1491428013661451e-13
-1.7819811008078789e-12
-1.2891985398385747e-12
8.2728424169090276e-14
-2.9162297560210786e-12
1.9335842060773448e-12
-2.0288152116708979e-12
2.4021254183584696e-13
-1.3240036455084433e-12
1.1013146591614840e-12
9.1649133693341988e-13
-2.3593006735275170e-12
-1.1982484879653267e-12
1.5276228785052620e-12
1.9009742122412776e-12
-1.7805185977928951e-12
-3.3895478919499468e-13
1.0356747994037348e-12
-1.5641533007720493e-12
1.7780700257647776e-13
-4.5805733724383447e-13
1.7988206353720974e-12
-5.5489796044235988e-13
3.0019749221213747e-12
-2.3473007924213728e-12
2.2942138902531362e-13
5.8413483861168967e-13
1.6682657569462658e-12
-1.2593363428756784e-12
4.3876762976186440e-12
8.4496915211922471e-13
2.7954052068539618e-12
-1.9275790460313564e-14
2.8830215016606992e-12
-1.2656833424081774e-12
1.5868126036091107e-12
-5.1513947390399151e-13
1.2702730004623757e-13
-1.8533811231730276e-12
1.3491774200443523e-13
-1.8432305756567765e-12
-1.9815374687648412e-12
-9.3184461473863491e-13
2.4364468581406449e-13
-6.4926595313453470e-13
4.1661331061633357e-13
-3.6744211765777491e-13
