-1.7088990751072750e-14
-1.7114172259345481e-14
8.5696389780911810e-15
1.7164307399326341e-14
1.7189260147381275e-14
0.0000000000000000e+00
0.0000000000000000e+00
8.6318269101174482e-15
4.3220738479104350e-15
-4.3282145185859023e-15
4.3343353580950841e-15
1.7361745030742720e-14
1.7386068435385344e-14
-4.3525778033098464e-15
6.5379273495845233e-15
-8.7292765806330407e-15
0.0000000000000000e+00
1.3129850572717198e-14
2.6295450919865024e-14
3.7302357508465498e-14
3.9549863118017781e-14
1.8701380438051178e-14
4.4061992629820152e-14
4.4120524917711596e-14
2.4298364144720634e-14
4.4236948524269476e-14
1.7717935097602262e-14
2.3839474401031848e-14
3.2197225198227794e-14
3.4462081965439811e-14
5.4542169148933633e-14
4.5695541696687707e-14
4.0731802000935738e-14
5.2515383635508981e-14
6.9082923838969241e-14
1.1425523885466142e-13
1.0878951143228278e-13
1.0780105353636869e-13
1.3491698800169521e-13
1.8404918796184642e-13
1.9836119357858293e-13
2.5615034043615666e-13
3.4458081472290335e-13
5.1918633394030845e-13
7.3610602936608243e-13
1.0295002517273762e-12
1.5097428399799119e-12
2.1774826847757643e-12
3.1414533773164878e-12
4.5473343755466322e-12
6.5597081714742887e-12
9.4375108811809055e-12
1.3551701179644626e-11
1.9375574402711420e-11
2.7707555657151913e-11
3.9539940894676312e-11
5.6266579684347626e-11
7.9958578097599229e-11
1.1337711276170468e-10
1.6043320357840677e-10
2.2656044931775697e-10
3.1926782360282614e-10
4.4898245461794121e-10
6.3006182941375237e-10
8.8232068181964250e-10
1.2329901430398942e-09
1.7194297841735762e-09
2.3927659280582742e-09
3.3227904792588432e-09
4.6046062822043448e-09
6.3675713666288848e-09
8.7871065584760101e-09
1.2100554879773018e-08
1.6628556088939095e-08
2.2803100357254573e-08
3.1204785845013728e-08
4.2612575906853186e-08
5.8068797032054189e-08
7.8965442714895696e-08
1.0715688378303836e-07
1.4510814863630818e-07
1.9608859583328316e-07
2.6442449716701953e-07
3.5582771970493847e-07
4.7782259391824365e-07
6.4029830575706198e-07
8.5622287510431362e-07
1.1425627993793610e-06
1.5214654475641418e-06
2.0217753511164508e-06
2.6809732766377522e-06
3.5476506739550293e-06
4.6846590956460174e-06
6.1731084699891731e-06
8.1174309407270308e-06
1.0651777198337036e-05
1.3948076584971222e-05
1.8226167150909180e-05
2.3766495710110274e-05
3.0925998490012629e-05
4.0157908580796525e-05
5.2036397110095662e-05
6.7287149249074154e-05
8.6825204580745326e-05
1.1180166683428229e-04
1.4366120940208755e-04
1.8421268588438285e-04
2.3571560122193530e-04
3.0098572450933418e-04
3.8352373346164567e-04
4.8767149096567969e-04
6.1880137163497658e-04
7.8354500137456167e-04
9.9006885232796101e-04
1.2484053692725992e-03
1.5708497043738288e-03
1.9724337184186544e-03
2.4714906868567124e-03
3.0903261377368519e-03
3.8560124610379589e-03
4.8013273739910536e-03
5.9658590145646503e-03
7.3973033639714069e-03
9.1529828757217074e-03
1.1301618598799912e-02
1.3925391716561186e-02
1.7122334257674978e-02
2.1009092735539244e-02
2.5724112597109019e-02
3.1431295550556994e-02
3.8324186022096134e-02
4.6630747076593364e-02
5.6618790017005198e-02
6.8602125427631430e-02
8.2947506499734605e-02
1.0008243790681005e-01
1.2050392509186035e-01
1.4478823938067331e-01
1.7360177361178575e-01
2.0771306072596549e-01
2.4800602372152733e-01
2.9549451927525638e-01
3.5133822886628147e-01
4.1685994013105016e-01
4.9356424713368047e-01
5.8315768098326515e-01
6.8757026151147194e-01
8.0897843631901967e-01
9.4982934522274620e-01
1.1128663158638306e+00
1.3011554599100661e+00
1.5181131989253134e+00
1.7675345047065225e+00
2.0536215909286444e+00
2.3810127416434104e+00
2.7548109080316991e+00
3.1806116484432838e+00
3.6645299289536486e+00
4.2132252433702648e+00
4.8339244539308241e+00
5.5344416981194495e+00
6.3231946544966338e+00
7.2092164127544454e+00
8.2021621520467480e+00
9.3123097987927004e+00
1.0550553812457272e+01
1.1928391237171178e+01
1.3457899160344496e+01
1.5151702738491368e+01
1.7022932987043450e+01
1.9085173586558771e+01
2.1352396033781652e+01
2.3838882563544711e+01
2.6559136387255304e+01
2.9527778935999397e+01
3.2759433960989227e+01
3.6268598530530319e+01
4.0069501169684621e+01
4.4175947614565878e+01
4.8601154895310771e+01
5.3357574717197323e+01
5.8456707374476863e+01
6.3908907702009664e+01
6.9723184840947809e+01
7.5906997861204744e+01
8.2466049539583409e+01
8.9404080832185628e+01
9.6722668796866657e+01
1.0442103090974041e+02
1.1249583887285641e+02
1.2094104512216990e+02
1.2974772531020747e+02
1.3890394005135352e+02
1.4839461917512239e+02
1.5820147163071118e+02
1.6830292402213641e+02
1.7867409052611654e+02
1.8928677665460879e+02
2.0010951897195582e+02
2.1110766246577811e+02
2.2224347680534862e+02
2.3347631220692585e+02
2.4476279506952477e+02
2.5605706295527676e+02
2.6731103787547772e+02
2.7847473621724913e+02
2.8949661301787091e+02
3.0032393767629742e+02
3.1090319759648997e+02
3.2118052569739018e+02
3.3110214721179261e+02
3.4061484074270106e+02
3.4966640816179500e+02
3.5820614763011872e+02
3.6618532380439098e+02
3.7355762917017364e+02
3.8027963042047497e+02
3.8631119387815198e+02
3.9161588414360403e+02
3.9616133043440630e+02
3.9991955546723807e+02
4.0286726220912647e+02
4.0498607438694512e+02
4.0626272728175485e+02
4.0668920603666282e+02
4.0626282946067300e+02
4.0498627810262650e+02
4.0286756618398283e+02
3.9991995780159186e+02
3.9616182862626374e+02
3.9161647511456761e+02
3.8631187400509731e+02
3.8028039557253788e+02
3.7355847475051530e+02
3.6618624479615596e+02
3.5820713864593893e+02
3.4966746349615977e+02
3.4061595442648274e+02
3.3110331306820001e+02
3.2118173739862169e+02
3.1090444872036443e+02
3.0032522176216332e+02
2.8949792362112362e+02
2.7847606696182942e+02
2.6731238250377407e+02
2.5605841537491216e+02
2.4476414939657408e+02
2.3347766280517766e+02
2.2224481832130053e+02
2.1110898985912678e+02
2.0011082754142112e+02
1.8928806205900415e+02
1.7867534880064980e+02
1.6830415158999588e+02
1.5820266531005416e+02
1.4839577618164293e+02
1.3890505799665951e+02
1.2974880219628147e+02
1.2094207933222802e+02
1.1249682915894988e+02
1.0442197637746796e+02
9.6723568887581919e+01
8.9404935303092344e+01
8.2466858442112667e+01
7.5907761518063964e+01
6.9723903822220350e+01
6.3909582800667813e+01
5.8457339581650352e+01
5.3358165197515518e+01
4.8601704962608629e+01
4.4176458708214206e+01
4.0069974831773749e+01
3.6269036384103714e+01
3.2759837689491420e+01
2.9528150264070046e+01
2.6559477062970000e+01
2.3839194342173581e+01
2.1352680663108007e+01
1.9085432793775041e+01
1.7023168467216983e+01
1.5151916144572542e+01
1.3458092094670462e+01
1.1928565244403561e+01
1.0550710373877983e+01
9.3124503278733730e+00
8.2022879911976698e+00
7.2093288311544619e+00
6.3232948469019234e+00
5.5345307845476306e+00
4.8340034801174312e+00
4.2132951818966289e+00
3.6645916809487917e+00
3.1806660457665505e+00
2.7548587158483544e+00
2.3810546613118295e+00
2.0536582631234763e+00
1.7675665127098508e+00
1.5181410720242343e+00
1.3011796768464889e+00
1.1128873082886781e+00
9.4984750111406624e-01
8.0899410332911703e-01
6.8758375021445572e-01
5.8316926800040492e-01
4.9357417811787813e-01
4.1686843259757361e-01
3.5134547486039314e-01
2.9550068787075057e-01
2.4801126334810808e-01
2.0771750132543129e-01
1.7360552862553294e-01
1.4479140757281478e-01
1.2050659221388775e-01
1.0008467821081936e-01
8.2949384107919438e-02
6.8603695566728962e-02
5.6620100126554614e-02
4.6631837799865024e-02
3.8325092088607744e-02
3.1432046559694941e-02
2.5724733710650899e-02
2.1009605288134638e-02
1.7122756292677312e-02
1.3925738455037799e-02
1.1301902848515486e-02
9.1532153866988823e-03
7.3974931363156469e-03
5.9660135647562852e-03
4.8014529636835838e-03
3.8561142936402401e-03
3.0904085267709851e-03
2.4715571991037800e-03
1.9724872961837362e-03
1.5708927689032674e-03
1.2484399080339144e-03
9.9009649286618470e-04
7.8356707332954837e-04
6.1881895848823457e-04
4.8768547362853333e-04
3.8353482641074820e-04
3.0099450579816991e-04
2.3572253754618126e-04
1.8421815296355373e-04
1.4366550915360961e-04
1.1180504115797810e-04
8.6827846927617298e-05
6.7289213926285512e-05
5.2038006925378089e-05
4.0159160997772276e-05
3.0926970834984847e-05
2.3767248899200165e-05
1.8226749327045740e-05
1.3948525651034116e-05
1.0652122808239708e-05
8.1176963327116305e-06
6.1733118328751972e-06
4.6848145468002264e-06
3.5477692914085751e-06
2.6810635944968792e-06
2.0218439347354044e-06
1.5215174347455297e-06
1.1426020265868365e-06
8.5625247279898365e-07
6.4032058634150596e-07
4.7783929482611846e-07
3.5584024770299916e-07
2.6443383158851115e-07
1.9609554460654703e-07
1.4511334506004052e-07
1.0716072970327095e-07
7.8968287187206648e-08
5.8070878786359228e-08
4.2614092721805859e-08
3.1205918165226557e-08
2.2803920717772902e-08
1.6629163615966732e-08
1.2100973207204834e-08
8.7873575274157626e-09
6.3677491495031107e-09
4.6047114477931222e-09
3.3228052172344695e-09
2.3927631235016447e-09
1.7194191136574039e-09
1.2329588713754452e-09
8.8228460353199193e-10
6.3001555339857731e-10
4.4892929379356776e-10
3.1920548419310183e-10
2.2648664511568259e-10
1.6038482203329870e-10
1.1332187982338579e-10
7.9891911466444297e-11
5.6204579208835346e-11
3.9450484014824102e-11
2.7625072236689045e-11
1.9302338118647310e-11
1.3451115003547400e-11
9.3621569351177623e-12
6.4844403099796255e-12
4.4675965483201130e-12
3.0857013977842506e-12
2.1172496042469984e-12
1.4257421105374204e-12
9.6373922243201521e-13
6.2852130199719343e-13
4.2417184145450040e-13
2.8865704315312064e-13
1.6249184591544742e-13
7.8893656536936399e-14
1.8010929708804543e-14
-4.4972329333898404e-14
-6.9060049921736190e-14
-9.9817180592506876e-14
-8.4011205040192227e-14
-8.1668881623396838e-14
-1.0419275583002580e-13
-8.0905634111447703e-14
-8.8047507171666548e-14
-8.2369806469818157e-14
-8.2264324691695026e-14
-1.0769416704234814e-13
-7.5399267873030962e-14
-4.8724321518406209e-14
-4.8660643376696413e-14
-1.7671537559796827e-14
-2.5369301827684171e-14
-3.6351143919601625e-14
-2.5301867651481007e-14
-3.7352648500350128e-14
-1.7554050592219056e-14
-2.1912875766554185e-15
-1.7506467430289600e-14
-8.7412757351495293e-15
2.1823191451582602e-15
-6.5379273495845233e-15
4.3525778033098464e-15
-1.7386068435385344e-14
0.0000000000000000e+00
-8.6686707161901682e-15
-8.6564290371718046e-15
-1.7288295391641740e-14
-1.7263653820234896e-14
-3.0168134144787437e-14
-2.5821203639737254e-14
-4.2973150368453187e-14
-2.5746461098989514e-14
-4.2848194890455902e-14
-3.4228344518690962e-14
-3.4177981502145500e-14
-5.1191201623407705e-14
-5.9634407257162788e-14
-6.8051983171410463e-14
-5.0962546434520162e-14
-3.3923923151610498e-14
-5.0809003598698161e-14
-5.0731904392132191e-14
-3.3769725635836597e-14
-6.7436076175782330e-14
-5.0499311776842752e-14
-3.3614235827595651e-14
-6.7124245840301510e-14
-5.0264805050155655e-14
-6.6914956146714326e-14
-6.6809895894293246e-14
-6.6704561126696717e-14
-6.6598953663573077e-14
-8.3116344158851474e-14
-8.2983659927298113e-14
-6.6280513334869143e-14
-4.9630375001663929e-14
-9.9100334663352534e-14
-6.5959684488850840e-14
-6.5852219311530615e-14
-9.8616744122828855e-14
-6.5636516640289967e-14
-6.5528282829159296e-14
-6.5419796492901636e-14
-9.7966589216796357e-14
-1.3040414726456393e-13
-1.3018568161245107e-13
-1.2996672570309938e-13
-1.2974728324368296e-13
-1.2952735794473721e-13
-1.2930695352005512e-13
-9.6814555264938253e-14
-9.6648541623242765e-14
-9.6482177007165068e-14
-9.6315464211049129e-14
-9.6148406031295395e-14
-6.3987336844189148e-14
-9.5813264716296042e-14
-4.7822593591719793e-14
-4.7738387735784855e-14
-7.9423360321844273e-14
-4.7569480367245522e-14
-6.3313042216694933e-14
-6.3199895311964876e-14
-4.7314901237325222e-14
-6.2972963105256409e-14
-7.8573976942995280e-14
-6.2745192207239748e-14
-4.6973247705909912e-14
-4.6887448225798738e-14
-7.8002495206852047e-14
-6.2287194413704034e-14
-6.2172194258810127e-14
-4.6542748185748458e-14
-4.6456204695651404e-14
-3.0913011089687879e-14
-4.6282685413331997e-14
-3.0797141628789090e-14
-3.0739066090246881e-14
