-2.2403194701634302e-14
-3.5072183557210210e-14
-3.0522287103330369e-14
-2.1994110917271164e-14
-1.8175559575291847e-14
-2.6568517878596496e-14
-2.5092758519629487e-14
-5.5171582267597501e-15
-2.7687043774148784e-14
-1.5574054723864433e-14
-3.1006754988276081e-15
-4.6380936132652715e-16
-6.8545815599383802e-17
-1.3320283248297457e-14
-3.5139536598375376e-15
-2.5865201298703918e-15
-1.4069305126620544e-14
-7.0620789708069865e-15
2.9624912016524150e-16
-7.9895680528291042e-15
1.1304586187501041e-14
7.1803080567860896e-15
1.4108398336121463e-14
2.4049120779841360e-14
1.8734668144051692e-14
3.9808780222725753e-14
4.3564008230190089e-14
5.2438676618214256e-14
6.6554358910201207e-14
4.7958658312083680e-14
7.8243720024787993e-14
7.2026232444366654e-14
4.1944476211798675e-14
4.0749171671488154e-14
3.5418544116560900e-14
5.2570574902825767e-14
6.8200762067443509e-14
4.5017661323484239e-14
5.8534924551182871e-14
6.3960408924730460e-14
2.3164079281076334e-14
1.2110780234215343e-14
2.0461307152792244e-14
8.8884681401521036e-15
1.0823597674858541e-14
2.5552189271061965e-14
1.4675521357816066e-14
3.5686742093696282e-14
-2.2031462059447302e-15
7.9769444998188260e-15
7.4562800424057415e-15
4.1433620705431729e-16
3.8732160909447589e-15
2.2994338873822902e-15
1.1360662308826075e-14
1.6450550122528685e-14
-2.7754308843155745e-15
7.3829928849361567e-15
2.0739224942924682e-14
2.9553469555143196e-14
3.3819548690413804e-14
3.3286338804994000e-14
3.1458398063635564e-14
4.3802452801952216e-14
4.1056320938372606e-14
6.8344382753889044e-14
7.3401320865920559e-14
7.3068785923482728e-14
7.4022939438391781e-14
7.5722526873167105e-14
7.5306701307032998e-14
8.5686436714863957e-14
7.4356142338140303e-14
7.3081429524494309e-14
8.7912055886831766e-14
8.8048785549210616e-14
9.7418977333480627e-14
8.8182559787781298e-14
9.3622035702159023e-14
9.9580812336173172e-14
5.7479817255583385e-14
7.0137329736551387e-14
5.2017916098050121e-14
4.2249909542618744e-14
5.0311577939807151e-14
1.8378498956587090e-14
4.1690234176043669e-14
5.7261120888205492e-14
3.3928359480030840e-14
5.1966814502079022e-14
6.7156387007141566e-14
6.5119686624208858e-14
5.1985568635629582e-14
7.0397218063644128e-14
5.5080680894745951e-14
6.9119727567483922e-14
2.8227621446389132e-14
3.9554331436988756e-14
1.8951552458542976e-14
6.6150043709573588e-15
2.6769708095444112e-14
2.5193796828500767e-14
5.6552684656071696e-14
7.0485899209418057e-14
8.4848054900258727e-14
9.7307291018583865e-14
9.9969483826427017e-14
8.8545117483863488e-14
1.0137847054371945e-13
8.5877645192234558e-14
7.4880775574685975e-14
4.2043633829153023e-14
8.9504273136151723e-15
1.3601687172916674e-14
-1.2704101948193553e-14
-3.1314997959860937e-14
-2.8086296926543429e-14
-4.1519054001812439e-14
-5.1858306585137439e-14
-4.6699448582906158e-14
-6.2485207412818654e-14
-5.1649157755607660e-14
-6.8934658343879473e-14
-8.4139373613231376e-14
-8.3881756472517728e-14
-7.4051481351061369e-14
-9.3771105553842263e-14
-8.7787097137266565e-14
-9.6535503328729415e-14
-1.2083027764725512e-13
-1.2299164472570538e-13
-1.4512153789402516e-13
-1.4817036773717442e-13
-1.4062902866416562e-13
-1.5371108878798494e-13
-1.7322676983944777e-13
-1.7149830701832301e-13
-1.9220648633590913e-13
-2.1502664542083269e-13
-2.5890776015070813e-13
-2.9061134151787390e-13
-3.1562580209404689e-13
-3.5398221035887887e-13
-4.0490830689174304e-13
-4.8964128553427228e-13
-5.4615879212889794e-13
-6.2705774649966505e-13
-6.6142352358430294e-13
-7.0926438109187436e-13
-7.2416664094602273e-13
-7.8604974876858012e-13
-8.3472207661852143e-13
-8.9561916205075843e-13
-9.8150965004197732e-13
-1.0869262216579530e-12
-1.1966395164887628e-12
-1.3204672751193494e-12
-1.4015115699202942e-12
-1.5770686486799767e-12
-1.7339057419041955e-12
-1.8975413562454277e-12
-2.1136338158480284e-12
-2.3543933454005118e-12
-2.5852726434544813e-12
-2.8479408187405754e-12
-3.0941037083165519e-12
-3.4492327826352194e-12
-3.7986480503658358e-12
-4.1445871529354045e-12
-4.5775243061723532e-12
-5.0541758648270095e-12
-5.5980871223449009e-12
-6.2073405359529206e-12
-6.8478524418478818e-12
-7.5919575228948008e-12
-8.4114064853178923e-12
-9.2861134382834356e-12
-1.0256033037131174e-11
-1.1300815103614423e-11
-1.2410878622107441e-11
-1.3610159083719843e-11
-1.4855636588824311e-11
-1.6247930710685823e-11
-1.7707901677421672e-11
-1.9280331824506603e-11
-2.0936708145840398e-11
-2.2733296911518780e-11
-2.4615890396238882e-11
-2.6634691481985909e-11
-2.8727267606738843e-11
-3.0982693021981830e-11
-3.3316446786790286e-11
-3.5812816846184648e-11
-3.8354244102366731e-11
-4.1016896830387794e-11
-4.3724570964235794e-11
-4.6563447163584923e-11
-4.9393909093373238e-11
-5.2350892117716774e-11
-5.5311611509353135e-11
-5.8354696936871890e-11
-6.1416085198575422e-11
-6.4525504989387239e-11
-6.7642136788782336e-11
-7.0774210181158556e-11
-7.3877275561517631e-11
-7.6972816152873088e-11
-8.0005634603565159e-11
-8.3013145420634349e-11
-8.5945611700341711e-11
-8.8795612915400569e-11
-9.1517233277844937e-11
-9.4158776231396957e-11
-9.6602089592615615e-11
-9.8939598213127205e-11
-1.0113303399094941e-10
-1.0311866295348329e-10
-1.0495246862196793e-10
-1.0655649756649431e-10
-1.0795332436164435e-10
-1.0917497026122898e-10
-1.1011718675671379e-10
-1.1085645888972758e-10
-1.1138947168448836e-10
-1.1166982918801561e-10
-1.1171907615790264e-10
-1.1156066976352400e-10
-1.1110056376559214e-10
-1.1050161276937441e-10
-1.0961649450880793e-10
-1.0848847597571102e-10
-1.0718794215664294e-10
-1.0569090461421246e-10
-1.0395821113895562e-10
-1.0208372183137673e-10
-9.9998341586870385e-11
-9.7779025358625612e-11
-9.5371084068058451e-11
-9.2849612989856424e-11
-9.0203810728650049e-11
-8.7401379560926442e-11
-8.4549078339430184e-11
-8.1624142271916923e-11
-7.8644598119279022e-11
-7.5618787405581683e-11
-7.2543558075199327e-11
-6.9478380977198952e-11
-6.6433723921586239e-11
-6.3365451769534345e-11
-6.0364774930538809e-11
-5.7349325011873233e-11
-5.4414422390744698e-11
-5.1495603504806018e-11
-4.8648480261836781e-11
-4.5850907757717767e-11
-4.3141491894953214e-11
-4.0457469594615178e-11
-3.7902394668995599e-11
-3.5443440325846726e-11
-3.3071070526421373e-11
-3.0825551396107439e-11
-2.8675421419993170e-11
-2.6614958106432623e-11
-2.4684770415460859e-11
-2.2838995168902669e-11
-2.1119671235462368e-11
-1.9455878325821828e-11
-1.7874402617988439e-11
-1.6426504325581220e-11
-1.5045100390949123e-11
-1.3758016727600733e-11
-1.2551880656461686e-11
-1.1400629210297703e-11
-1.0368879236818158e-11
-9.3873348613148119e-12
-8.5141582529086784e-12
-7.7000512808458999e-12
-6.9730094681374585e-12
-6.3137649390381524e-12
-5.7014615675660930e-12
-5.1467242545714812e-12
-4.6523559974540006e-12
-4.1878477636659483e-12
-3.7677518801496329e-12
-3.4018727036671605e-12
-3.0729247402881856e-12
-2.7094368344459179e-12
-2.4467406352652747e-12
-2.1909217634131952e-12
-1.9527981826829610e-12
-1.7293892767253642e-12
-1.5507544677787831e-12
-1.3938531666195733e-12
-1.2601527009034254e-12
-1.0860297784906380e-12
-9.6066105293521352e-13
-8.3666962454306015e-13
-7.1966628802958247e-13
-6.2108715254822429e-13
-5.1472251341524484e-13
-4.3324387792531772e-13
-3.7744705087177520e-13
-3.0019911057393773e-13
-2.2786575645291112e-13
-1.8991711106573100e-13
-1.5413206996004930e-13
-1.2504378743726994e-13
-1.0794720012218501e-13
-1.0908731360458358e-13
-1.0580190851104847e-13
-8.1262364501365448e-14
-9.0523318191983234e-14
-7.6666414016846275e-14
-9.5231105948636728e-14
-1.0057292318221789e-13
-1.0586865459053186e-13
-1.2091183100674451e-13
-9.2051304763492099e-14
-6.4595140637858238e-14
-6.1324700334364043e-14
-6.0386143161714266e-14
-5.9281335110680019e-14
-5.3999815081744764e-14
-6.8196865405058168e-14
-6.0333967686986555e-14
-5.1701790577617387e-14
-4.5295127073103235e-14
-4.8282863049835618e-14
-4.6381487457164683e-14
-4.0878468854147434e-14
-5.3008923524524986e-14
-6.6647863254792907e-14
-3.6420918218140901e-14
-4.9047234246073965e-15
6.1821843338598674e-16
6.6574761489223609e-15
5.9052047844653757e-14
5.8265993718134889e-14
8.0577076084608682e-14
8.4130036207340007e-14
6.4977665055967714e-14
1.1411164278162997e-13
1.2409805953334388e-13
1.1256023890659622e-13
1.4315020885383337e-13
1.3408996171524119e-13
9.4986350222062826e-14
9.2796182904891236e-14
1.0654339121863417e-13
1.1137542498432586e-13
1.2291268881787251e-13
1.0979012868082721e-13
1.4978664953960055e-13
1.3395357954753825e-13
1.5372393627657847e-13
1.2782991176015262e-13
1.3427264725755973e-13
1.3257120308292998e-13
9.6293680226417676e-14
6.9658627979655237e-14
4.3472167147768268e-14
2.0353670152661450e-15
-3.5589708686486593e-14
-6.0224136576726030e-14
-6.1023439686248738e-14
-4.9503391095971125e-14
-3.3581993094316098e-14
-3.8968099603717243e-14
8.7121413528566004e-15
-1.3386053660994030e-14
9.6468945186776901e-16
9.5007670357080631e-15
-6.2833640580427320e-16
1.2926540742997710e-14
3.6072261565144681e-14
2.7809817919539364e-14
3.9074881734307068e-14
2.9668653727366071e-14
1.9720786282340384e-14
1.8387460785569302e-14
1.8668108716416786e-14
1.4918082372277224e-14
1.5896836737137592e-14
-1.1174188158402189e-14
1.1864313158055041e-15
-1.2481686161588406e-14
-5.1929076360285601e-15
-7.5063381879809665e-15
8.1668257914401163e-15
-2.1535092468190742e-14
-1.4836755512132459e-15
-1.9670468637069225e-14
5.0245062227764093e-15
8.7242793143605288e-15
1.3042687244624603e-15
1.7995172289136630e-15
-4.6442022185656154e-15
-2.7547821994118122e-16
-8.2393592057992904e-15
-1.4091305865665166e-14
3.5542421496741132e-15
1.5394242765819169e-14
2.3009829627832158e-14
3.7095733222802970e-14
3.8832338646673844e-14
1.6431931827791852e-14
5.4316912148517639e-15
-2.4790005115204100e-15
5.5930754526817167e-15
9.0009114787585691e-15
2.1744157081953122e-14
3.6973901868034692e-15
2.6855786492236176e-14
1.6959848246370109e-14
-6.3845199308708163e-15
5.1677652921055431e-15
2.8553198841628342e-14
4.0646211611922922e-14
5.7501897534844728e-14
4.7726373811397322e-14
4.5309101558286458e-14
4.0016551189443784e-14
2.6646731035087798e-14
2.7448137244911899e-14
4.9207279990570730e-14
6.4782776739394954e-14
5.0793549315868195e-14
6.5848746765229842e-14
7.6416385515132600e-14
5.1056563788151599e-14
5.7990588556464069e-14
5.1864337600649600e-14
5.9073182142573232e-14
7.0928400896099128e-14
7.9041553506988447e-14
9.1799024994528716e-14
8.8439199938009005e-14
5.4265694430269411e-14
3.6751645162860500e-14
4.3654050187726017e-14
5.7897104987521794e-14
5.6563506361814557e-14
6.8980897517642217e-14
8.1396347131568172e-14
8.5223208803822307e-14
6.5260287390024983e-14
5.2725684556062127e-14
4.6916262864553089e-14
6.0247188754799542e-14
7.0628470642168858e-14
7.2553043402336762e-14
7.2982378633504465e-14
8.5076784429866464e-14
6.5327000126094084e-14
5.0355077481929777e-14
3.9637601971112158e-14
4.8386500747502545e-14
4.6235920616967088e-14
4.5161585992979705e-14
5.1995990408412932e-14
5.4591012637089821e-14
3.4028892411322361e-14
3.3261835877138239e-14
2.5044714194917685e-14
4.5285052768542344e-14
4.9778322933430890e-14
5.9980984721123590e-14
5.1154844390525043e-14
6.5973895241902588e-14
3.5878436935397926e-14
3.5295239224453587e-14
4.0326557079703134e-14
2.2262669350937355e-14
2.8686393843143151e-14
3.4120502576789587e-14
4.0793046262382082e-14
5.0441712982504401e-14
2.0850724648497057e-14
4.6207707997140294e-15
2.2521696618377792e-14
1.7012674336026697e-14
1.9184091518355243e-14
3.0622481126853126e-14
1.7523918336907434e-14
3.3115113244333596e-14
3.6496835482897724e-14
1.9835788894021240e-14
2.8392807123021611e-14
1.4042696945056147e-14
-1.4197904338185609e-15
2.5899906453794640e-14
2.1373699872580376e-14
1.2104933469509531e-14
-2.7071496283251283e-15
-1.0976985495079646e-16
1.9536128335345008e-14
-7.7361864312969022e-15
-8.9507417402268477e-15
-2.6328192461267653e-15
-3.2827293360560174e-16
1.2927463706857808e-14
-6.2018932390424614e-15
-1.1118809028951144e-14
-2.4575993696834882e-15
-2.0771110473383238e-14
-1.0345742393464298e-14
-1.1409036652774782e-14
-4.0788317918514342e-15
1.6182877898468021e-15
-3.4312643711694915e-14
-2.1329652078866039e-14
-6.0737271803121790e-15
