5.3811068695292064e-02
6.3909757284871874e-02
7.5336314548728439e-02
8.8292483397369545e-02
1.0300563625267807e-01
1.1972961442835091e-01
1.3874404196800347e-01
1.6036031490463007e-01
1.8492280204610709e-01
2.1281390688436122e-01
2.4445654372399481e-01
2.8031901234903117e-01
3.2091832930714354e-01
3.6682522404763918e-01
4.1866814433121358e-01
4.7713850314977535e-01
5.4299525178075669e-01
6.1707041747718128e-01
7.0027415237724611e-01
7.9360054253204049e-01
8.9813302909633608e-01
1.0150504194362546e+00
1.1456325507975123e+00
1.2912663864145548e+00
1.4534517564156100e+00
1.6338073732569383e+00
1.8340764429550580e+00
2.0561323842480350e+00
2.3019840576988275e+00
2.5737809224794876e+00
2.8738175838398874e+00
3.2045380719823413e+00
3.5685393625147217e+00
3.9685744159229830e+00
4.4075542840041164e+00
4.8885495089577722e+00
5.4147903949058582e+00
5.9896663360944515e+00
6.6167238102627142e+00
7.2996631896890021e+00
8.0423340063694706e+00
8.8487288016026717e+00
9.7229752256598250e+00
1.0669326505120253e+01
1.1692149975682446e+01
1.2795913794982914e+01
1.3985171569569163e+01
1.5264545017199184e+01
1.6638704440060771e+01
1.8112347146258138e+01
1.9690173642188974e+01
2.1376861758425047e+01
2.3177038584304483e+01
2.5095250407381190e+01
2.7135930590521060e+01
2.9303365623315447e+01
3.1601659342062312e+01
3.4034695600742907e+01
3.6606099450908808e+01
3.9319197161654884e+01
4.2176975201254294e+01
4.5182038560677583e+01
4.8336568601565922e+01
5.1642280855166987e+01
5.5100383010115635e+01
5.8711533555781457e+01
6.2475801365478041e+01
6.6392626716998237e+01
7.0460784069039931e+01
7.4678347108954796e+01
7.9042656409453755e+01
8.3550290211907750e+01
8.8197038675094518e+01
9.2977882091015431e+01
9.7886973387978898e+01
1.0291762538663585e+02
1.0806230308945180e+02
1.1331262141267916e+02
1.1865934858038007e+02
1.2409241551259286e+02
1.2960093134601792e+02
1.3517320532352821e+02
1.4079677509165785e+02
1.4645844153052818e+02
1.5214431004149313e+02
1.5783983829298788e+02
1.6352989022585774e+02
1.6919879618752407e+02
1.7483041886757988e+02
1.8040822477170005e+02
1.8591536077924127e+02
1.9133473539395618e+02
1.9664910411396872e+02
2.0184115841453408e+02
2.0689361766502921e+02
2.1178932337572701e+02
2.1651133501177418e+02
2.2104302669567909e+02
2.2536818397775718e+02
2.2947109995014731e+02
2.3333666985616168e+02
2.3695048345697697e+02
2.4029891431281501e+02
2.4336920526105405e+02
2.4614954928798286e+02
2.4862916513130583e+02
2.5079836688314194e+02
2.5264862701788823e+02
2.5417263221864650e+02
2.5536433154300514e+02
2.5621897643248377e+02
2.5673315224693732e+02
2.5690480097969072e+02
2.5673323499284305e+02
2.5621914159383675e+02
2.5536457846103437e+02
2.5417295991078032e+02
2.5264903418411225e+02
2.5079885191485826e+02
2.4862972612165976e+02
2.4615018404475290e+02
2.4336991132055442e+02
2.4029968895635938e+02
2.3695132372783337e+02
2.3333757257901541e+02
2.2947206175047799e+02
2.2536920130363481e+02
2.2104409583885561e+02
2.1651245213108550e+02
2.1179048451914650e+02
2.0689481879392054e+02
2.0184239542589955e+02
1.9665037286480339e+02
1.9133603172294346e+02
1.8591668053049418e+02
1.8040956381520604e+02
1.7483177312167987e+02
1.6920016163748301e+02
1.6353126294452068e+02
1.5784121445694987e+02
1.5214568594947860e+02
1.4645981361674549e+02
1.4079813994156922e+02
1.3517455968409502e+02
1.2960227213865414e+02
1.2409373984013283e+02
1.1866065373713555e+02
1.1331390488808162e+02
1.0806356257525469e+02
1.0291885877729766e+02
9.7888178785163277e+01
9.2979057800880838e+01
8.8198183210341938e+01
8.3551402286226590e+01
7.9043734937447098e+01
7.4679391198056209e+01
7.0461793017706810e+01
6.6393600004459032e+01
6.2476738648626842e+01
5.8712434657140037e+01
5.5101247913884670e+01
5.1643109693793811e+01
4.8337361651415073e+01
4.5182796227583069e+01
4.2177698016263449e+01
3.9319885765918627e+01
3.6606754591934504e+01
3.4035318116937937e+01
3.1602250159903971e+01
2.9303925741818162e+01
2.7136461079702094e+01
2.5095752392870693e+01
2.3177513247455558e+01
2.1377310321235331e+01
1.9690597369379223e+01
1.8112747330624160e+01
1.6639082406829463e+01
1.5264902109886680e+01
1.3985509156922440e+01
1.2796233257384449e+01
1.1692452715003748e+01
1.0669613931691222e+01
9.7232487714031617e+00
8.8489899075785754e+00
8.0425841396343092e+00
7.2999038314378719e+00
6.6169564769721090e+00
5.9898925683202515e+00
5.4150117834365110e+00
4.8887676843925343e+00
4.4077709488790111e+00
3.9687913352982784e+00
3.5687584033614876e+00
3.2047611951640351e+00
2.8740468924952847e+00
2.5740186560047431e+00
2.3022326514761815e+00
2.0563944665449734e+00
1.8343549091937170e+00
1.6341053871747164e+00
1.4537728432404546e+00
1.2916144402154595e+00
1.1460119525670194e+00
1.0154660533456321e+00
8.9859043379604686e-01
7.9410594006902890e-01
7.0083464433002929e-01
6.1769403163263537e-01
5.4369119952956668e-01
4.7791725064986385e-01
4.1954175474237071e-01
3.6780746165129236e-01
3.2202512111681542e-01
2.8156859486086766e-01
2.4587009597263665e-01
2.1441574814625178e-01
1.8674127835609450e-01
1.6242804603980554e-01
1.4109919997510451e-01
1.2241618022223054e-01
1.0607533237997681e-01
9.1804870050486320e-02
7.9361926551827791e-02
6.8529955088778891e-02
5.9116189016974900e-02
5.0949450294856848e-02
4.3877983987280676e-02
3.7767642446639667e-02
3.2500057393207202e-02
2.7971167214725551e-02
2.4089690221133015e-02
2.0775965182252158e-02
1.7960691901249146e-02
1.5584060559657163e-02
1.3594730426350388e-02
1.1949231986272485e-02
1.0611161463220189e-02
9.5508517633245728e-03
8.7447698915704957e-03
8.1754698325701806e-03
7.8311925802492192e-03
7.7061387262527441e-03
7.8002877694251897e-03
8.1200648301782662e-03
8.6784184381527747e-03
9.4960124419444861e-03
1.0601630153163007e-02
1.2034114500589709e-02
1.3843197523106841e-02
1.6092571807293350e-02
1.8861256265627672e-02
2.2248491678725533e-02
2.6375656611260900e-02
3.1394334739601792e-02
3.7488947462871687e-02
4.4880986419378169e-02
