-9.3507633465725003e-13
4.3995258703186645e-14
2.0095332655335101e-12
-9.4141240240154796e-13
-1.7478206398499841e-12
-2.3067137628364045e-12
2.8738471692505070e-12
-2.7946504964755327e-12
4.3313687675867729e-13
-4.9073024256424468e-13
1.0656084547624448e-12
-9.9021007475353201e-13
9.9196056529634310e-13
-1.6407407799078437e-12
-2.3165442919962521e-13
-3.4696774785886601e-13
5.9091798232990430e-13
-1.6039260731761045e-12
7.1172105032902282e-13
5.8457813687221935e-13
-8.0263261364914863e-13
-1.5372778150453045e-12
-1.0680566973627573e-13
1.6190133608732073e-12
8.4267284284824369e-13
-1.2888048718166303e-12
-3.4431188566367924e-13
-1.4121165625407297e-15
2.1852003839048386e-12
-2.8715983906466575e-12
3.2188726636403003e-13
-1.8862369568193199e-13
-1.1797914579143088e-12
-1.4119593726407163e-12
-1.8152169678663245e-13
-1.1679075665318276e-12
3.0129587551416479e-12
-6.9627626991087216e-13
5.0231357029760680e-14
1.4877833546723045e-12
1.3249058902309769e-12
-6.1154280272603554e-13
-1.0413756987451720e-12
1.4506617090032137e-13
3.0475557478756919e-12
-6.1229601077210901e-13
9.6347578673106175e-13
-3.4400849435022687e-13
1.2337986200285905e-12
2.9247752880444889e-12
6.0993589817393739e-13
3.2379686276478231e-13
5.3950674203368356e-13
-1.8125213409062193e-12
-4.9089796242256177e-13
-2.5992947458123960e-13
4.7720827050878566e-13
2.3614888455171247e-14
7.8220386282245319e-14
6.4399478765228686e-13
1.1449157362935261e-12
3.8944376628193317e-12
7.0953924309749504e-12
9.8836283785857058e-12
1.4933800018959506e-11
2.3461882609288153e-11
3.0162888927601698e-11
4.6901245771236018e-11
6.4923044145935837e-11
9.4896472355400085e-11
1.3434190457059165e-10
1.9041642188957267e-10
2.6444536792857240e-10
3.6902475621834137e-10
5.1036716204585509e-10
7.0196066924976736e-10
9.5796310750984583e-10
1.3020432586732857e-09
1.7536801501391063e-09
2.3441488902491007e-09
3.1145024309106632e-09
4.1024274300695314e-09
5.3507416463683981e-09
6.9146729323798413e-09
8.8366469495520742e-09
1.1158761187324072e-08
1.3897623504693837e-08
1.7024255728670988e-08
2.0436003401956467e-08
2.3916502763568043e-08
2.7062347635663858e-08
2.9180527730146735e-08
2.9167956033314182e-08
2.5313030207968128e-08
1.5013589877148780e-08
-5.5490208273480715e-09
-4.1930391122582973e-08
-1.0208182665172658e-07
-1.9721413335868731e-07
-3.4297819714351299e-07
-5.6099441837453328e-07
-8.8081985194742923e-07
-1.3425515127652125e-06
-2.0000847898112622e-06
-2.9253138974886322e-06
-4.2133987011770939e-06
-5.9893816534569531e-06
-8.4163677779529577e-06
-1.1705618166767983e-05
-1.6128858261244137e-05
-2.2033123539295602e-05
-2.9858552388134719e-05
-4.0159421695501183e-05
-5.3628735678083552e-05
-7.1126591794822371e-05
-9.3712407236317883e-05
-1.2268086669188862e-04
-1.5960113199454929e-04
-2.0635851776479810e-04
-2.6519709227357843e-04
-3.3876104249213257e-04
-4.3013158237100964e-04
-5.4285488249900546e-04
-6.8095489545027187e-04
-8.4892305973031836e-04
-1.0516742298002559e-03
-1.2944554857367363e-03
-1.5826908135714633e-03
-1.9217406391685372e-03
-2.3165504363190223e-03
-2.7711572643165372e-03
-3.2880169801846690e-03
-3.8671081180436657e-03
-4.5047612615666541e-03
-5.1921548413577630e-03
-5.9134103367348761e-03
-6.6432118086045240e-03
-7.3438668380267462e-03
-7.9617190406920061e-03
-8.4228164221783839e-03
-8.6277360903385687e-03
-8.4454645007108527e-03
-7.7062350046171475e-03
-6.1932312188591222e-03
-3.6330775113895988e-03
3.1494256166867974e-04
6.0709712506000837e-03
1.4147959240537652e-02
2.5166291912562748e-02
3.9869545342118090e-02
5.9141184953956240e-02
8.4021932811069774e-02
1.1572742813898873e-01
1.5566569026316218e-01
2.0545376329677703e-01
2.6693278024114292e-01
3.4218053127993070e-01
4.3352046102080993e-01
5.4352585557184974e-01
6.7501781805082528e-01
8.3105547657193657e-01
1.0149167292356420e+00
1.2300677149415571e+00
1.4801191163027509e+00
1.7687673620423223e+00
2.0997188124451598e+00
2.4765950936081413e+00
2.9028179062432153e+00
3.3814718834946635e+00
3.9151444191872957e+00
4.5057418416666604e+00
5.1542818746481158e+00
5.8606630080628248e+00
6.6234121982108576e+00
7.4394132221843972e+00
8.3036190164875219e+00
9.2087524184535692e+00
1.0145000879983776e+01
1.1099711908567832e+01
1.2057097177151331e+01
1.2997954392618515e+01
1.3899417077953608e+01
1.4734743356206618e+01
1.5473155573550022e+01
1.6079743109220995e+01
1.6515440938873567e+01
1.6737096392177335e+01
1.6697636028787738e+01
1.6346343607714228e+01
1.5629258712911282e+01
1.4489703702894102e+01
1.2868944269001171e+01
1.0706986026938928e+01
7.9435062579998181e+00
4.5189162084433860e+00
3.7554531585431006e-01
-4.5410655519978969e+00
-1.0280779180947620e+01
-1.6887407185554167e+01
-2.4397211352589537e+01
-3.2837391263691941e+01
-4.2224591910493203e+01
-5.2563468029212125e+01
-6.3845344152213649e+01
-7.6047010756994510e+01
-8.9129697260335860e+01
-1.0303826185085811e+02
-1.1770063619898347e+02
-1.3302755988481991e+02
-1.4891263493505863e+02
-1.6523272519435031e+02
-1.8184871845239795e+02
-1.9860666142749261e+02
-2.1533926903454056e+02
-2.3186780004572026e+02
-2.4800428152465912e+02
-2.6355405454983480e+02
-2.7831860403059102e+02
-2.9209862616297482e+02
-3.0469727857873380e+02
-3.1592355080632115e+02
-3.2559568656689538e+02
-3.3354458491884839e+02
-3.3961710455028526e+02
-3.4367919475881519e+02
-3.4561877795453609e+02
-3.4534831191387735e+02
-3.4280696547229809e+02
-3.3796234877739090e+02
-3.3081174846839878e+02
-3.2138282897928207e+02
-3.0973377329735200e+02
-2.9595284961883726e+02
-2.8015740405665559e+02
-2.6249229348096725e+02
-2.4312778630106115e+02
-2.2225697212235676e+02
-2.0009273334317936e+02
-1.7686434252999098e+02
-1.5281375850596146e+02
-1.2819170123781331e+02
-1.0325359060285366e+02
-7.8255436824714479e+01
-5.3449770717894104e+01
-2.9081699889035939e+01
-5.3851727909798486e+00
1.7420473829654895e+01
3.9133616791185588e+01
5.9573040191773153e+01
7.8580174670440897e+01
9.6020847980607584e+01
1.1178652528134064e+02
1.2579503037158237e+02
1.3799075171799367e+02
1.4834434920094799e+02
1.5685198869764787e+02
1.6353414164887914e+02
1.6843399537660423e+02
1.7161552694769574e+02
1.7316129868681978e+02
1.7317003696071438e+02
1.7175405757777082e+02
1.6903660111812067e+02
1.6514913982986414e+02
1.6022871454096614e+02
1.5441535552704190e+02
1.4784963565532891e+02
1.4067039762812797e+02
1.3301269002001618e+02
1.2500593929002639e+02
1.1677237729505286e+02
1.0842573626186187e+02
1.0007021590200557e+02
9.1799720558501605e+01
8.3697358109826340e+01
7.5835186946450747e+01
6.8274192765750854e+01
6.1064473256557292e+01
5.4245605986779488e+01
4.7847172957840307e+01
4.1889414312246046e+01
3.6383983516799596e+01
3.1334776915273423e+01
2.6738811758105872e+01
2.2587128570292961e+01
1.8865695903035054e+01
1.5556298020811919e+01
1.2637388795016875e+01
1.0084897907143265e+01
7.8729783142773666e+00
5.9746867152905718e+00
4.3625914059579411e+00
3.0093043674824052e+00
1.8879366503937820e+00
9.7247806313618901e-01
2.3810383179936756e-01
-3.3858774298981659e-01
-7.7940154213866553e-01
-1.1044299278790661e+00
-1.3319887051340940e+00
-1.4785980917384729e+00
-1.5590019891103284e+00
-1.5862189735088370e+00
-1.5716187092215343e+00
-1.5250178877839728e+00
-1.4547902907120343e+00
-1.3679861292277593e+00
-1.2704564068621298e+00
-1.1669786569099270e+00
-1.0613810067621072e+00
-9.5666209902851429e-01
-8.5510494232116729e-01
-7.5838326288767521e-01
-6.6765937554804677e-01
-5.8367298481910224e-01
-5.0682066296414985e-01
-4.3722603197749610e-01
-3.7480090297770591e-01
-3.1929780282362552e-01
-2.7035444832912731e-01
-2.2753081816086598e-01
-1.9033952667212933e-01
-1.5827022796495624e-01
-1.3080877781242517e-01
-1.0745186034840884e-01
-8.7717750727053567e-02
-7.1153838278856754e-02
-5.7341480535093810e-02
-4.5898700330842104e-02
-3.6481178435981851e-02
-2.8781935002842374e-02
-2.2530036064940199e-02
-1.7488607946973666e-02
-1.3452393058021688e-02
-1.0245036211785827e-02
-7.7162511585792031e-03
-5.7389827771285144e-03
-4.2066509266787044e-03
-3.0305373942106652e-03
-2.1373568695167789e-03
-1.4670365156675873e-03
-9.7071563060396610e-04
-6.0896698049878585e-04
-3.5023383767611048e-04
-1.6947159840939420e-04
-4.6979343421547675e-05
3.2595482037615324e-05
8.1096881037439128e-05
1.0756247345573368e-04
1.1880530442938520e-04
1.1989159000712765e-04
1.1452954970597852e-04
1.0538299622015645e-04
9.4321866178758974e-05
8.2620508625661572e-05
7.1112997562440821e-05
6.0313534890591750e-05
5.0508690342928050e-05
4.1827162053256506e-05
3.4291868047357024e-05
2.7858131552069734e-05
2.2441205139180515e-05
1.7935628985396092e-05
1.4228467109510532e-05
1.1207979504950027e-05
8.7689970309149106e-06
6.8159481490953898e-06
5.2642357500856086e-06
4.0405205467457637e-06
3.0823121586876522e-06
2.3371233672099962e-06
1.7614397880039515e-06
1.3195828323309563e-06
9.8260073639344939e-07
7.2720877944951676e-07
5.3486904156437222e-07
3.9091518642873977e-07
2.8384934967594077e-07
2.0472641162986872e-07
1.4663021668804312e-07
1.0424895616296813e-07
7.3542497522282038e-08
5.1452982656411079e-08
3.5675789038468944e-08
2.4494254846138013e-08
1.6635655491212015e-08
1.1158866649586824e-08
7.3800441293533731e-09
4.8010938352322846e-09
3.0593257628535181e-09
1.8963227021380315e-09
1.1364964249515266e-09
6.4799320739351055e-10
3.3906188774217170e-10
1.5549883637445689e-10
4.5766205525964519e-11
-1.5015283890505616e-11
-4.2718515595420332e-11
-5.3111476586190773e-11
-5.9172457597797293e-11
-5.0713401616150518e-11
-4.3034358012563233e-11
-3.7681966849374324e-11
-2.8612655024306883e-11
-2.2000406464436297e-11
-1.8711622022946073e-11
-1.3154736892723278e-11
-8.4786049848501712e-12
-8.9433533395877531e-12
-6.0097871284048680e-12
-3.2711192426688156e-12
-3.9112713811603926e-12
-4.1087777902022409e-12
-1.6821987978683117e-12
-1.1647861071086802e-12
-1.8563212430267122e-12
-1.2272469626656899e-12
-3.0183323394970354e-13
-2.3859914393572548e-12
-2.5804532854609706e-13
-2.2550288031387295e-13
-2.2883683318781733e-12
-1.1635299200705059e-12
1.8760050640728752e-12
-2.1280701101950159e-12
-4.1752739390314544e-13
3.5958859793307970e-13
-1.7651123819283942e-12
-6.5338578245760957e-13
5.9202014471851038e-13
-1.7646435715232733e-13
-1.9749865469937133e-12
1.5092821912123800e-12
-3.9285474397717114e-13
-1.1462115433873351e-12
1.5833857473130021e-12
1.5444680207572616e-12
-2.6586668201023527e-12
2.8158381951058890e-12
1.1191732878872135e-12
-1.8663142455851060e-13
-1.5153550620581121e-14
3.2913288575780136e-13
-1.0572064691387887e-12
1.7878976483370406e-12
1.0981418379365981e-14
-1.3175330157190388e-12
6.4938024470086688e-13
-3.4581943723347332e-13
-4.6260726167873952e-13
-5.6847645720453431e-13
1.3441830551739137e-12
-2.9181473628265646e-13
-8.8309316794673577e-13
6.4664772665839583e-13
-1.4239922867350841e-12
6.8921116880292453e-13
9.5939222009403933e-13
-5.8179971647882553e-16
3.7566794451005047e-13
2.1937975152612052e-12
-5.7889931670933836e-14
-1.6791625982205608e-12
3.5541468522425486e-13
1.0059748224594191e-12
-5.7324924422931691e-13
-1.2355270582052195e-12
2.5726098206396129e-12
4.2596093113507265e-13
-1.4700920271334444e-12
-1.1377823567666443e-12
5.2039641753736009e-14
-1.5443087029899286e-13
9.8537635804029380e-13
-2.1990070425770640e-12
-8.9253615038307212e-13
1.7126635974272814e-12
6.7486284747557426e-13
-1.3222992545700989e-12
9.0728712381923231e-13
1.5607199837971793e-12
6.8414131734868870e-13
-2.6151503234740800e-12
2.4484354572959404e-12
-9.4198403840607205e-13
-2.3364043477545987e-13
-5.1558328488445540e-13
8.5177819893554447e-13
4.3330679368527995e-13
7.6865074940560963e-13
-1.6542530639800646e-13
1.0126400282012833e-12
1.0907676031400675e-12
-5.6851859811325462e-13
-1.1648765172760568e-12
-1.0620077916857663e-12
-1.3746813997735856e-13
2.0423342528920801e-13
-6.4992741337365849e-13
2.5782766984328775e-13
-1.4277918186426133e-12
-8.0245386194738313e-14
9.1314907126675686e-13
-2.8502842446152302e-12
1.6279206908749018e-13
-6.2069583062614051e-13
-8.4708089237505535e-13
-1.1133723918303918e-12
5.6704488983931501e-13
2.2940709201228226e-12
-3.7066002206414796e-13
-2.8577713560294962e-12
