1.2463057842648501e-12
-5.9495674363112556e-14
-4.1255652085326304e-13
-7.5117328902263826e-13
-3.4077322433656264e-13
-8.0790860336774170e-13
5.5764377960726019e-13
-1.0656917924341329e-12
-1.3753752840607577e-12
1.8642418629312957e-13
1.2003160288057960e-13
7.7407168535777616e-14
3.8428099530221302e-13
1.9500661182185146e-12
-2.8515005302542848e-12
3.4349808191992800e-13
-1.2103478759208913e-12
7.2655515514683027e-13
-9.4317972118650802e-13
-2.4128562237273036e-13
-3.7393786602970458e-13
5.7046447945511211e-13
-6.3962867096829051e-13
-4.5222879535904647e-13
-9.8465484153557088e-13
-1.3640607130877109e-13
1.6513636608756240e-13
-1.0960721636447312e-12
1.9697037753304669e-12
-6.6675715990330725e-13
-4.3126813741431484e-13
6.8353036896072802e-13
-3.9377996325654587e-13
-9.5207970605550345e-13
-4.0372997260360902e-13
1.2417628872225988e-13
4.5327213919719687e-13
1.6632015828520408e-12
-6.4572097362530676e-13
-4.7342825806400187e-13
-8.7908493664755857e-14
3.4264597929581601e-13
-1.0527820018114832e-12
-4.0633345101997162e-13
1.4659056830978485e-12
9.6313786890740752e-13
6.3992530882211024e-13
1.3002040186749600e-12
1.8522207921283332e-12
3.9323695337729555e-12
7.0232837524901651e-12
9.8940768798454104e-12
1.4002360289555923e-11
1.7070146906637051e-11
2.8141283962150471e-11
3.6590058007051270e-11
5.2780462673177437e-11
7.0362300302046034e-11
9.6952239575744828e-11
1.3013471708349527e-10
1.7162363870389957e-10
2.2355414874356722e-10
2.9175231177770135e-10
3.7300803880265874e-10
4.6535473617705061e-10
5.7654585083196395e-10
6.9282369965797636e-10
8.0371701846872568e-10
8.8635286718388429e-10
9.1107249604984594e-10
8.1161394192759648e-10
4.9569254814777289e-10
-1.7523119109073225e-10
-1.4213869158790570e-09
-3.5569449688171461e-09
-7.0430813573506670e-09
-1.2546532953503254e-08
-2.1007507592731597e-08
-3.3749900642634556e-08
-5.2623742450887687e-08
-8.0170902092701376e-08
-1.1987973633697679e-07
-1.7648423728321938e-07
-2.5635512296013026e-07
-3.6801134061781139e-07
-5.2274892510173936e-07
-7.3543936210147978e-07
-1.0255086281830541e-06
-1.4181489215978371e-06
-1.9457853518498239e-06
-2.6498091497520713e-06
-3.5826495042526545e-06
-4.8101621896238263e-06
-6.4143337502602182e-06
-8.4963013693380759e-06
-1.1179577602052312e-05
-1.4613360423506782e-05
-1.8975736915286602e-05
-2.4476404395309995e-05
-3.1358462958068319e-05
-3.9898571768449993e-05
-5.0404558873777295e-05
-6.3209174428921879e-05
-7.8658350300741219e-05
-9.7091736737570442e-05
-1.1881272480595430e-04
-1.4404435222065758e-04
-1.7286663188545857e-04
-2.0512971132159607e-04
-2.4033612351456659e-04
-2.7748383787329779e-04
-3.1486031108732043e-04
-3.4977592905880805e-04
-3.7822326528033130e-04
-3.9444650860300917e-04
-3.9040340499084988e-04
-3.5509982127661420e-04
-2.7377520001915930e-04
-1.2691543064728269e-04
1.1093147965805683e-04
4.7256207465636268e-04
9.9977104886826143e-04
1.7452745640596519e-03
2.7749224576965161e-03
4.1702128183075896e-03
6.0311138525038005e-03
8.4791865549035464e-03
1.1660986017098989e-02
1.5751699532997678e-02
2.0958954872403186e-02
2.7526701800994292e-02
3.5739033629974624e-02
4.5923773124783789e-02
5.8455597883623069e-02
7.3758424891958926e-02
9.2306712255279366e-02
1.1462526907707614e-01
1.4128709317045568e-01
1.7290868218770719e-01
2.1014218954250694e-01
2.5366372416008931e-01
3.0415702708502429e-01
3.6229170159746849e-01
4.2869513207633381e-01
5.0391720572667886e-01
5.8838695642775141e-01
6.8236028793975656e-01
7.8585801120678755e-01
8.9859355436900124e-01
1.0198898808499706e+00
1.1485853865721949e+00
1.2829288471983122e+00
1.4204638535489149e+00
1.5579036105857178e+00
1.6909974815008866e+00
1.8143912306049113e+00
1.9214835504669883e+00
2.0042821397559050e+00
2.0532633144498385e+00
2.0572398681756394e+00
2.0032426245807979e+00
1.8764218189320521e+00
1.6599750765082337e+00
1.3351092875775559e+00
8.8104407517181249e-01
2.7506477408272251e-01
-5.0736715246420083e-01
-1.4924385763658137e+00
-2.7077368990619157e+00
-4.1819236796407591e+00
-5.9443245959352531e+00
-8.0244321946332722e+00
-1.0451319808780863e+01
-1.3252967301773493e+01
-1.6455501914922902e+01
-2.0082360413408839e+01
-2.4153381890187028e+01
-2.8683843928479178e+01
-3.3683458254657495e+01
-3.9155345432466454e+01
-4.5095011441432419e+01
-5.1489352020254920e+01
-5.8315713306575631e+01
-6.5541039430326720e+01
-7.3121139183676462e+01
-8.1000104567357042e+01
-8.9109913785522068e+01
-9.7370250031246229e+01
-1.0568856509950280e+02
-1.1396041344071392e+02
-1.2207007771683789e+02
-1.2989150127335051e+02
-1.3728953626587503e+02
-1.4412150859334642e+02
-1.5023909244736748e+02
-1.5549047838731857e+02
-1.5972280962723931e+02
-1.6278485193975968e+02
-1.6452985353512778e+02
-1.6481854276571448e+02
-1.6352220384995877e+02
-1.6052576431122131e+02
-1.5573082277466537e+02
-1.4905854241967160e+02
-1.4045233396501916e+02
-1.2988025273735028e+02
-1.1733703724726094e+02
-1.0284572181056238e+02
-8.6458763070191125e+01
-6.8258629685722383e+01
-4.8357815775111575e+01
-2.6898251656482842e+01
-4.0500997186743186e+00
1.9990061538212956e+01
4.5001646539878529e+01
7.0743030256041223e+01
9.6955024609590581e+01
1.2336479952669833e+02
1.4969017151910703e+02
1.7564417156500332e+02
2.0093979514635805e+02
2.2529483092621942e+02
2.4843666094839352e+02
2.7010692456638452e+02
2.9006594061571968e+02
3.0809678759369268e+02
3.2400894966580097e+02
3.3764144694830799e+02
3.4886538140575720e+02
3.5758584446095409e+02
3.6374314859249381e+02
3.6731336229623906e+02
3.6830814529066254e+02
3.6677389822183943e+02
3.6279025785238645e+02
3.5646798430924127e+02
3.4794630097221329e+02
3.3738975962333888e+02
3.2498471323305802e+02
3.1093548600198500e+02
2.9546033486218028e+02
2.7878729851612911e+02
2.6115002929030339e+02
2.4278369972390760e+02
2.2392107010068375e+02
2.0478879532895519e+02
1.8560404000473480e+02
1.6657145951999428e+02
1.4788059309543985e+02
1.2970370203074046e+02
1.1219407367861288e+02
9.5484799051516262e+01
7.9688019921200862e+01
6.4894630093449948e+01
5.1174405507149828e+01
3.8576529138014479e+01
2.7130469544448335e+01
1.6847166378248602e+01
7.7204723384815823e+00
-2.7120114039695870e-01
-7.1630877708787217e+00
-1.3002172284781452e+01
-1.7845248498439940e+01
-2.1756976403534214e+01
-2.4807980793680052e+01
-2.7073028873854987e+01
-2.8629318713679559e+01
-2.9554904509448058e+01
-2.9927278616812725e+01
-2.9822124392300523e+01
-2.9312248202991515e+01
-2.8466693669739342e+01
-2.7350036414637827e+01
-2.6021853372796869e+01
-2.4536357160479564e+01
-2.2942183096790398e+01
-2.1282314260445379e+01
-1.9594128410989299e+01
-1.7909549679679799e+01
-1.6255287588417808e+01
-1.4653146122947321e+01
-1.3120386197747740e+01
-1.1670125828719950e+01
-1.0311763598140686e+01
-9.0514124778399623e+00
-7.8923326982798478e+00
-6.8353540457624877e+00
-5.8792796773709393e+00
-5.0212652110325608e+00
-4.2571684334716338e+00
-3.5818664372385842e+00
-2.9895383241027278e+00
-2.4739127787819046e+00
-2.0284808149986868e+00
-1.6466748224941701e+00
-1.3220157022050578e+00
-1.0482303758060056e+00
-8.1934230633609817e-01
-6.2973788427960298e-01
-4.7421163383282688e-01
-3.4799319499931508e-01
-2.4675895598646699e-01
-1.6663106430519639e-01
-1.0416634996235481e-01
-5.6337465220775644e-02
-2.0508295589918495e-02
5.5945624164881313e-03
2.3912720283572712e-02
3.6088027676626458e-02
4.3494665314079549e-02
4.7270470495185485e-02
4.8346862654933043e-02
4.7476910251937128e-02
4.5261231189941187e-02
4.2171545942863431e-02
3.8571807791698803e-02
3.4736918577249545e-02
3.0869103760071726e-02
2.7112068982436691e-02
2.3563094265426750e-02
2.0283243381067326e-02
1.7305877115540758e-02
1.4643662129331939e-02
1.2294263477040457e-02
1.0244900476809796e-02
8.4759338084825289e-03
6.9636376445552668e-03
5.6822952898010195e-03
4.6057410725235089e-03
3.7084556637175759e-03
2.9663069822994242e-03
2.3570149778672444e-03
1.8604056994878182e-03
1.4585086053697477e-03
1.1355408799099528e-03
8.7781380457266594e-04
6.7358854586049269e-04
5.1290247943705004e-04
3.8738187740473915e-04
2.9005244366079957e-04
2.1515576132522248e-04
1.5797702486775375e-04
1.1468722133623099e-04
8.2201474722727038e-05
5.8053986945850913e-05
4.0289289999216948e-05
2.7368839767181015e-05
1.8091813163812032e-05
1.1528639669671665e-05
6.9657925121864288e-06
3.8603801119227550e-06
1.8031654127343232e-06
4.8870349480539836e-07
-3.0857498856134827e-07
-7.5328318892663430e-07
-9.6400525307853255e-07
-1.0248917579346888e-06
-9.9461531765649326e-07
-9.1322738194933696e-07
-8.0735247652594570e-07
-6.9406499003581213e-07
-5.8378125737851849e-07
-4.8235693091994742e-07
-3.9262888737277579e-07
-3.1547397545764446e-07
-2.5059813183905244e-07
-1.9702189514233671e-07
-1.5344584827181583e-07
-1.1847058062602424e-07
-9.0721817795368180e-08
-6.8934167867935494e-08
-5.1991499248122283e-08
-3.8935273748678137e-08
-2.8955626942782956e-08
-2.1387664658673180e-08
-1.5693156739794523e-08
-1.1438307849826377e-08
-8.2817884683516327e-09
-5.9578962683805011e-09
-4.2559786046334969e-09
-3.0186198536390025e-09
-2.1298416656092392e-09
-1.4892021419598175e-09
-1.0330601208731715e-09
-7.1177479344902671e-10
-4.8779384209382395e-10
-3.3059531974451050e-10
-2.2353044563300720e-10
-1.4768487769531227e-10
-9.6377545176204766e-11
-6.2164100351234495e-11
-4.0616983329339829e-11
-2.5146188996576392e-11
-1.3412178950218710e-11
-1.1709639228749120e-11
-5.5521971927503174e-12
-4.0096477584406724e-12
-2.8713275182241680e-12
-9.0724448675847483e-13
5.2418571284303162e-13
-2.0747443252739717e-13
9.1095101789492209e-13
-3.0705289720164627e-13
-8.8559780280644401e-13
1.5275089242409382e-12
1.8510568412948633e-12
-5.2926890473151682e-13
3.6063471787186538e-13
1.1146380697528915e-12
7.7334784080466954e-13
5.7831829479097300e-13
1.0767557351360532e-12
7.8819198866950498e-13
-9.4939140911633073e-13
5.7507132837935001e-13
8.8101929846394753e-13
-8.8978444643320539e-13
1.1453011740794759e-12
-1.1093102356540832e-12
-6.5389450232513809e-13
7.7397164960442130e-13
-6.2798109009149450e-13
-1.7738833715782784e-12
1.4127865045538168e-12
1.7805882811259904e-12
-4.8775307725202858e-13
-3.4889449635917287e-14
-1.5951077855316115e-13
3.6981350307993953e-13
-1.1628383789406743e-12
1.9403914438303438e-13
2.9130092740597892e-13
1.6378270939881895e-12
5.4007698883199387e-13
-6.3100913262014063e-13
-1.9047741052695898e-12
1.0221229067505513e-12
-1.2072744343042772e-13
-9.5389380748069618e-13
5.5871453637605031e-13
6.6525116197291185e-13
-1.0343073840199948e-12
1.3510088830927060e-13
6.3356270739612510e-13
5.4342207471613367e-13
3.4495749604355166e-13
5.3083937652092971e-13
-1.1763347050903628e-12
3.7730153591865454e-14
6.6271936640558149e-13
-7.5839617314363333e-13
-1.3903056199380750e-12
7.0965380734202332e-16
-1.5359140269842673e-12
7.7303357207009571e-13
-3.1010385276653586e-13
-3.7339766371701817e-13
-1.0195986494204687e-12
2.2306547781737562e-13
2.7327685230019700e-13
-1.4253686586984942e-12
4.3226650534156847e-13
1.0429338606300529e-12
4.0896534359461345e-13
-5.6412506196050610e-13
9.9567897629793652e-13
3.5056653260664482e-13
4.7847303351962680e-13
5.1785413492135519e-14
-1.1713879332420346e-12
8.7157079632963821e-13
8.4513294360799033e-13
1.4960771533648506e-12
-1.5688875232283240e-13
2.0649782993098016e-12
3.1772926093536013e-13
4.3799397327903817e-13
2.2637114776849712e-12
7.0785360595227760e-13
-1.2881536578920182e-14
-1.3474557101047876e-12
3.7199545731712452e-13
-2.6610333785012237e-13
1.1671372167789464e-12
9.2863472614740003e-13
1.1188288243722238e-12
1.8892974306704799e-15
2.5672474969047149e-12
-1.7775539087007175e-13
-6.8122974990810225e-13
7.3027750056067817e-13
-5.2673664870288641e-13
-6.0395426731582251e-13
1.3723127813298999e-12
-1.9400216969595072e-13
-9.7249564597782221e-13
6.7861533085183867e-13
-4.9957532762765726e-13
-7.5869164343618743e-14
1.2901150629452869e-12
7.9469671859499255e-13
-9.9883346439610201e-13
1.0355939503498074e-12
5.8208708398734545e-13
7.3321363798969064e-14
-1.2529376459742624e-13
2.2154593731468984e-13
-1.8164236775551353e-13
1.5690568776454046e-12
1.4993701994400456e-12
-5.6018178964006636e-13
-1.6460723700027275e-12
