2.2368407631112495e-03
3.0922366065962701e-03
4.0714141353372733e-03
5.2006593048738517e-03
6.4983425014455377e-03
7.9900876486808138e-03
9.7169872525576066e-03
1.1725324122831794e-02
1.4066454659052355e-02
1.6802601431055407e-02
2.0000256554363105e-02
2.3733838881436844e-02
2.8088265294364364e-02
3.3163340656565940e-02
3.9073513587591688e-02
4.5945145955098333e-02
5.3923627092019470e-02
6.3180036054484370e-02
7.3911359826110842e-02
8.6332866966747995e-02
1.0068182684931290e-01
1.1723111398886173e-01
1.3629132663787627e-01
1.5820843631378456e-01
1.8336649503030389e-01
2.1219512727420858e-01
2.4517737548539900e-01
2.8285466182479929e-01
3.2582401521878945e-01
3.7474548456358681e-01
4.3035317805724888e-01
4.9345483242738630e-01
5.6494515090324626e-01
6.4581890026623734e-01
7.3716301732801048e-01
8.4015843647479727e-01
9.5609650188745243e-01
1.0863848112812053e+00
1.2325526521738781e+00
1.3962655061869731e+00
1.5793331420553081e+00
1.7837011614399008e+00
2.0114591701516247e+00
2.2648562529275722e+00
2.5463012586374099e+00
2.8583705339583929e+00
3.2038207066612521e+00
3.5855871481116210e+00
4.0067773164901022e+00
4.4706741776765035e+00
4.9807467242873997e+00
5.5406436996954813e+00
6.1541916449856426e+00
6.8253857415840846e+00
7.5583919875638870e+00
8.3575504574443418e+00
9.2273535054733955e+00
1.0172430137980024e+01
1.1197538209296173e+01
1.2307546093943783e+01
1.3507419393104907e+01
1.4802187936342696e+01
1.6196917574758608e+01
1.7696697716946396e+01
1.9306614696395126e+01
2.1031712306093691e+01
2.2876956750438730e+01
2.4847201290253800e+01
2.6947145704052492e+01
2.9181296681054413e+01
3.1553926600880008e+01
3.4069023112626923e+01
3.6730245992774073e+01
3.9540875273621417e+01
4.2503763507223098e+01
4.5621288780567014e+01
4.8895303721737008e+01
5.2327081886569246e+01
5.5917268359718243e+01
5.9665835853718242e+01
6.3572035858283058e+01
6.7634354462064238e+01
7.1850469129144017e+01
7.6217217629925216e+01
8.0730569835402676e+01
8.5385587478432853e+01
9.0176405272527674e+01
9.5096211954108099e+01
1.0013723081402910e+02
1.0529071698731124e+02
1.1054696193025343e+02
1.1589530465990015e+02
1.2132414248600604e+02
1.2682095084576902e+02
1.3237232115573698e+02
1.3796400314906776e+02
1.4358094792513981e+02
1.4920736323095258e+02
1.5482677346684278e+02
1.6042209662801278e+02
1.6597572365905953e+02
1.7146959715062908e+02
1.7688530726515143e+02
1.8220418705356093e+02
1.8740740511760211e+02
1.9247608667462828e+02
1.9739142956921441e+02
2.0213480978340777e+02
2.0668789428864810e+02
2.1103275931678812e+02
2.1515200189637815e+02
2.1902885298434231e+02
2.2264729891756096e+02
2.2599219001058788e+02
2.2904933723422027e+02
2.3180561504958561e+02
2.3424905231917543e+02
2.3636891245349941e+02
2.3815577262605220e+02
2.3960160752476472e+02
2.4069984415160212e+02
2.4144539968527044e+02
2.4183472785512163e+02
2.4186584215771427e+02
2.4153833123358316e+02
2.4085336623593946e+02
2.3981369057305497e+02
2.3842360778154759e+02
2.3668894867291834e+02
2.3461702858360317e+02
2.3221660370388869e+02
2.2949780575584697e+02
2.2647207045881294e+02
2.2315205890327891e+02
2.1955156322283455e+02
2.1568541765872388e+02
2.1156939430293050e+02
2.0722009406892187e+02
2.0265484062427484e+02
1.9789155647138404e+02
1.9294864622625832e+02
1.8784489554948277e+02
1.8259934936824754e+02
1.7723118773321778e+02
1.7175961120910327e+02
1.6620373016882013e+02
1.6058245045824688e+02
1.5491437472172211e+02
1.4921771090848574e+02
1.4351017307181982e+02
1.3780889245240488e+02
1.3213034203678023e+02
1.2649026111244723e+02
1.2090358908703742e+02
1.1538441852448022e+02
1.0994595835739105e+02
1.0460048137733726e+02
9.9359294107278615e+01
9.4232719907428447e+01
8.9230078118858486e+01
8.4359681766298024e+01
7.9628841743819990e+01
7.5043878040061330e+01
7.0610134096804586e+01
6.6331993682891408e+01
6.2212913331869693e+01
5.8255459455258041e+01
5.4461340409637366e+01
5.0831445272650313e+01
4.7365886314451139e+01
4.4064053397598130e+01
4.0924665242079364e+01
3.7945813745820054e+01
3.5125017720899947e+01
3.2459279444514394e+01
2.9945129306372653e+01
2.7578689439043888e+01
2.5355728180732061e+01
2.3271705716449567e+01
2.1321822844759893e+01
1.9501067663092218e+01
1.7804262486491062e+01
1.6226109451230602e+01
1.4761228220854745e+01
1.3404190753769511e+01
1.2149558277967955e+01
1.0991916882558694e+01
9.9259022750345132e+00
8.9462307676221080e+00
8.0477204222406176e+00
7.2253154832605428e+00
6.4741009571789929e+00
5.7893171302984472e+00
5.1663757644319874e+00
4.6008672543502884e+00
4.0885643470979520e+00
3.6254324289535198e+00
3.2076456970402600e+00
2.8315830145433476e+00
2.4938162448104748e+00
2.1911171343246463e+00
1.9204536841785986e+00
1.6789902118215461e+00
1.4640782199643756e+00
1.2732412203543340e+00
1.1041820921058711e+00
9.5478188552496446e-01
8.2308451072117417e-01
7.0728948550078430e-01
6.0574094554599633e-01
5.1692709612143517e-01
4.3947493779664293e-01
3.7213213322749900e-01
3.1375323247468273e-01
2.6330242565683243e-01
2.1984565900763386e-01
1.8253988456239389e-01
1.5063362402128083e-01
1.2345904064707035e-01
1.0041018769154017e-01
8.0942655186575757e-02
6.4575264887440767e-02
5.0881578955166679e-02
3.9485323984634377e-02
3.0063304254716688e-02
2.2333573064711742e-02
1.6039592535151713e-02
1.0954811569736975e-02
6.8871368771070956e-03
3.6668814389273999e-03
1.1516243254771612e-03
-7.7707424704598371e-04
-2.2196730320104660e-03
-3.2651937411354174e-03
-3.9903768885648722e-03
-4.4567681433137166e-03
-4.7145610713244784e-03
-4.8100842856768980e-03
-4.7854543672486548e-03
-4.6725862624026849e-03
-4.4891212431598529e-03
-4.2513138746465328e-03
-3.9764188415153199e-03
-3.6776764999247795e-03
-3.3610705953379680e-03
-3.0300183883533046e-03
-2.6859769754335235e-03
-2.3317228151630317e-03
-1.9671172488760569e-03
-1.5860504704031963e-03
-1.1830333690794983e-03
-7.4901154168984820e-04
-2.7199056441531397e-04
2.5311141654385880e-04
8.3160777900933723e-04
1.4858180694139486e-03
