1.7445578784096831e-12
-8.8550702968337872e-13
-2.3063515269945565e-12
-4.9932680216560168e-13
1.9759256014331925e-14
-2.2383257823707797e-13
-7.8354011878094494e-13
6.2977232700613016e-13
-7.9663103561038634e-14
-8.1856017121846062e-14
-3.5272539229866928e-13
6.2171101111982538e-13
2.3293473937572610e-13
4.4190621494393558e-13
-1.8273312067245575e-12
-5.0498217891372306e-14
2.1494683697156316e-13
1.0322980556217790e-12
-1.2158912219148801e-12
3.2989058907629682e-13
-1.7866639383211497e-12
-6.7658080067144467e-13
9.5407880016326823e-13
-4.5280057141973025e-13
-1.2308130679298468e-12
1.1097694673770774e-13
-9.7667194372320269e-13
-2.5485618752190721e-12
-7.2271009980185128e-13
-8.4209213338300670e-13
-8.2117999024807538e-13
-1.6023813179551732e-13
3.2196770137988390e-13
9.4025217492075126e-14
1.1160860353231220e-12
1.5524388081617375e-12
-1.6635300039065344e-12
5.9507475469631371e-13
1.2567517035285886e-12
2.8154735960538877e-13
1.8075506354451740e-13
1.7734446047786969e-12
-5.9187824140390151e-13
2.6753604329602746e-13
-4.5175658138778477e-13
-4.9791485766786221e-13
-8.0922400940123244e-13
3.5321638689720714e-13
1.2624583447571486e-12
2.4546337638801203e-12
3.2804596528485375e-12
3.4897032458350340e-12
3.5075169633354147e-12
5.1588556429609943e-12
8.0388752973820791e-12
8.2075194322832334e-12
1.4046527198034641e-11
2.0966596469074961e-11
2.5487179994614206e-11
3.6389703835501888e-11
4.7919073905584916e-11
6.3299764243819832e-11
8.4089921882390760e-11
1.1226130123539357e-10
1.4300008616388731e-10
1.8456859119824584e-10
2.3237332634003698e-10
2.8656228604274107e-10
3.4286068193834967e-10
3.9844311463819579e-10
4.3637992721302316e-10
4.4278664431088402e-10
3.8479894019600255e-10
2.0914383320286095e-10
-1.5808743067066943e-10
-8.3692494630072791e-10
-1.9978439249113273e-09
-3.8914108411733635e-09
-6.8859565408929538e-09
-1.1497686843516428e-08
-1.8464891344232531e-08
-2.8810954363594442e-08
-4.3964511297039522e-08
-6.5885639629162705e-08
-9.7249275384905156e-08
-1.4166952574862336e-07
-2.0401502122278188e-07
-2.9075847074624254e-07
-4.1048590352192527e-07
-5.7445383829080495e-07
-7.9735570215809723e-07
-1.0981972997402830e-06
-1.5013885244509652e-06
-2.0380245164546922e-06
-2.7474072614987441e-06
-3.6787686994213645e-06
-4.8932522185901951e-06
-6.4660255613062451e-06
-8.4885718467803309e-06
-1.1070928223667609e-05
-1.4343767112894141e-05
-1.8459994604159273e-05
-2.3595457263953813e-05
-2.9948233868796401e-05
-3.7735654453506000e-05
-4.7188059983445405e-05
-5.8537876138632773e-05
-7.2002212582158195e-05
-8.7756638359193161e-05
-1.0589719396046494e-04
-1.2638696732547672e-04
-1.4898260624755336e-04
-1.7313522298427551e-04
-1.9785884639152940e-04
-2.2155835070945294e-04
-2.4180722889246707e-04
-2.5506401071576670e-04
-2.5631433968352940e-04
-2.3862408476972983e-04
-1.9258690104381838e-04
-1.0564814914461654e-04
3.8714412945442065e-05
2.6197379580690365e-04
5.9172194887749982e-04
1.0630436351343779e-03
1.7201153552580189e-03
2.6180457070262499e-03
3.8249688615382498e-03
5.4243958313373074e-03
7.5178185225480360e-03
1.0227548577594349e-02
1.3699756327545397e-02
1.8107654135845537e-02
2.3654742719930823e-02
3.0578007877990969e-02
3.9150918621205830e-02
4.9686035155596470e-02
6.2536987021197019e-02
7.8099527769447064e-02
9.6811313637008373e-02
1.1914999037588847e-01
1.4562910635883652e-01
1.7679130275598029e-01
2.1319816550463103e-01
2.5541606198984201e-01
3.0399723106368287e-01
3.5945535278550256e-01
4.2223479858966073e-01
4.9267275894207940e-01
5.7095346964742821e-01
6.5705381604975244e-01
7.5067969251328792e-01
8.5119263910333354e-01
9.5752647410670066e-01
1.0680938948717091e+00
1.1806833346522199e+00
1.2923467420503172e+00
1.3992793930842606e+00
1.4966933516961605e+00
1.5786867585990803e+00
1.6381117424154616e+00
1.6664443999333902e+00
1.6536609686736321e+00
1.5881249955918835e+00
1.4564909670813053e+00
1.2436304807579914e+00
9.3258757763748890e-01
5.0457028089817513e-01
-6.1014331368820847e-02
-7.8647409411626568e-01
-1.6956874608306804e+00
-2.8138940203386151e+00
-4.1674135625301121e+00
-5.7832884073406747e+00
-7.6888450206239698e+00
-9.9111725926570227e+00
-1.2476518249232928e+01
-1.5409600888687780e+01
-1.8732848263201134e+01
-2.2465564807386937e+01
-2.6623040803242517e+01
-3.1215616684078189e+01
-3.6247719532535335e+01
-4.1716892016081466e+01
-4.7612837013092822e+01
-5.3916503890291885e+01
-6.0599244669128481e+01
-6.7622070034589498e+01
-7.4935036168758771e+01
-8.2476793615776359e+01
-9.0174328701906063e+01
-9.7942926361268249e+01
-1.0568638049723518e+02
-1.1329747421439181e+02
-1.2065874739419181e+02
-1.2764356320481130e+02
-1.3411747831813381e+02
-1.3993991398131959e+02
-1.4496611682410628e+02
-1.4904938958067675e+02
-1.5204356300468294e+02
-1.5380567142401136e+02
-1.5419878590330572e+02
-1.5309495115484597e+02
-1.5037816545940910e+02
-1.4594733721681547e+02
-1.3971914760760544e+02
-1.3163074644771100e+02
-1.2164220784749791e+02
-1.0973867388426444e+02
-9.5932118239001980e+01
-8.0262667643373589e+01
-6.2799426967484941e+01
-4.3640763716365861e+01
-2.2914019382928874e+01
-7.7462824936282138e-01
2.2595361503003293e+01
4.6989354515642681e+01
7.2178837648249257e+01
9.7916531750565966e+01
1.2394001100425106e+02
1.4997572161230588e+02
1.7574331973160389e+02
2.0096023859877928e+02
2.2534638713858155e+02
2.4862887724725243e+02
2.7054667461167332e+02
2.9085506847141806e+02
3.0932985917489771e+02
3.2577116864737155e+02
3.4000678780968900e+02
3.5189498630534143e+02
3.6132672327465804e+02
3.6822721295496478e+02
3.7255681512793097e+02
3.7431123738562661e+02
3.7352105333203997e+02
3.7025055766097512e+02
3.6459599505635316e+02
3.5668321458186733e+02
3.4666481424818289e+02
3.3471685141544293e+02
3.2103520332811223e+02
3.0583166819254518e+02
2.8932990068500288e+02
2.7176127659858253e+02
2.5336077956615060e+02
2.3436299857914412e+02
2.1499831857802755e+02
1.9548937800163927e+02
1.7604785718150600e+02
1.5687165022364303e+02
1.3814246092548825e+02
1.2002385072966865e+02
1.0265975411249659e+02
8.6173464517364053e+01
7.0667082314368201e+01
5.6221405598718107e+01
4.2896235184331964e+01
3.0731057102717408e+01
1.9746059420619989e+01
9.9434353235474084e+00
1.3089211994250838e+00
-6.1864831338708806e+00
-1.2584664961358596e+01
-1.7938471496958798e+01
-2.2309753902266145e+01
-2.5767427687119817e+01
-2.8385590096435774e+01
-3.0241729841558428e+01
-3.1415058841037567e+01
-3.1984989703969472e+01
-3.2029776715035737e+01
-3.1625332242705131e+01
-3.0844224947051845e+01
-2.9754861042429084e+01
-2.8420845276726173e+01
-2.6900514299456649e+01
-2.5246631754331464e+01
-2.3506231770813507e+01
-2.1720595542473625e+01
-1.9925344345587181e+01
-1.8150631628745582e+01
-1.6421416639090026e+01
-1.4757802377421074e+01
-1.3175421420153496e+01
-1.1685854234336571e+01
-1.0297065965345267e+01
-9.0138492195619850e+00
-7.8382620256292785e+00
-6.7700518719952907e+00
-5.8070584279988076e+00
-4.9455892111280120e+00
-4.1807640239010917e+00
-3.5068254183611840e+00
-2.9174137315213327e+00
-2.4058063567389967e+00
-1.9651218663778778e+00
-1.5884903798574048e+00
-1.2691921827586197e+00
-1.0007670569590326e+00
-7.7709709084288792e-01
-5.9246591877209132e-01
-4.4159740617835219e-01
-3.1967676886665164e-01
-2.2235701001218783e-01
-1.4575339249797217e-01
-8.6428454009800829e-02
-4.1369831579104344e-02
-7.9629046136306756e-03
1.6039999090737441e-02
3.2552351239045749e-02
4.3186893251683720e-02
4.9288832945682835e-02
5.1967987941948797e-02
5.2129289809842168e-02
5.0501233027916100e-02
4.7661999143498182e-02
4.4063109046394204e-02
4.0050556874967849e-02
3.5883458798835151e-02
3.1750311181342722e-02
2.7782997312374463e-02
2.4068712506817882e-02
2.0659995746777640e-02
1.7583064794274537e-02
1.4844652421260733e-02
1.2437535980921255e-02
1.0344942776435832e-02
8.5440006208834535e-03
7.0083880301619970e-03
5.7103224948858661e-03
4.6220090450791165e-03
3.7166553673991906e-03
2.9691445989563016e-03
2.3564428547638442e-03
1.8578056683004687e-03
1.4548360617835593e-03
1.1314368966054292e-03
8.7369140999134297e-04
6.6969836727630381e-04
5.0938207661155310e-04
3.8429228136592139e-04
2.8740482125413897e-04
2.1293050543536114e-04
1.5613713846008185e-04
1.1318744050410940e-04
8.0994274795026731e-05
5.7093348122883612e-05
3.9532865123729917e-05
2.6779037383946283e-05
1.7636182964282429e-05
1.1179759710352701e-05
6.7009113452093167e-06
3.6609226844213820e-06
1.6541741448410969e-06
3.7827363122397505e-07
-3.8979448062510401e-07
-8.1257005803345704e-07
-1.0069652708539808e-06
-1.0557941887306849e-06
-1.0166861819911214e-06
-9.2888492293590582e-07
-8.1838775100874361e-07
-7.0179180341247859e-07
-5.8916140872291667e-07
-4.8608883051722460e-07
-3.9520046555859090e-07
-3.1724696174460951e-07
-2.5181691379992115e-07
-1.9786203561383556e-07
-1.5402687218146121e-07
-1.1887350108989930e-07
-9.1005504371843350e-08
-6.9135963126460830e-08
-5.2139218643814832e-08
-3.9041291486789824e-08
-2.9035568304537680e-08
-2.1448623921025753e-08
-1.5740253977117076e-08
-1.1472315907308311e-08
-8.3118648082647521e-09
-5.9796246599896881e-09
-4.2738441686451232e-09
-3.0335717786642261e-09
-2.1401272358271884e-09
-1.4973076223481999e-09
-1.0409281130969333e-09
-7.1794307796567871e-10
-4.9165753509679142e-10
-3.3381887544159254e-10
-2.2417438229297426e-10
-1.4857789073425160e-10
-9.8505867020685218e-11
-6.3764481085669820e-11
-4.0610748342403079e-11
-2.4889763713875939e-11
-1.7163495221779885e-11
-9.6184187567077399e-12
-5.7643189105153817e-12
-4.0549947282636639e-12
-8.3899671770345657e-13
1.2824921930242259e-13
5.2492194201059241e-13
1.0436038224017618e-12
9.3959244725922937e-13
7.4377343547968207e-13
7.6028733634487591e-14
7.5048499275603637e-13
-1.8169407056351297e-12
8.0915913790930583e-13
3.4748515264027195e-13
-1.0326085085470108e-12
-4.9359743655945239e-14
3.1295485828384227e-13
-4.8342765736439884e-13
-9.3294133949151894e-13
3.8581004665516527e-13
-6.8936703865545522e-13
-1.1211447136831319e-12
1.0832406008162218e-12
-9.3278738844689442e-13
-6.2808243854323265e-13
7.1151170165017871e-14
-1.9772020831514557e-14
-1.7579452882296954e-12
1.8800936677699859e-12
-1.3347616370207133e-12
1.2727375244132275e-12
8.9210674331151770e-13
-5.7372078946632863e-14
-1.6675643420174281e-12
-5.3690266363105184e-13
-3.4740591276748407e-13
-6.7123877324565652e-13
-8.8793936103360990e-13
2.0143953132406103e-12
1.6094044524268848e-13
6.1191354109809479e-13
-7.5272576098273502e-13
-3.0181357444149079e-14
-2.7613189409815058e-12
8.7694676172460831e-13
-8.5116381570582799e-13
3.0543744450323771e-13
1.5046074312739128e-12
-4.5547211676957915e-13
-1.2425000578383371e-12
-2.2407412283877778e-13
1.7568874342668138e-14
-4.3132106447393876e-15
-5.4161551817120764e-13
1.7863911029171945e-12
-5.0664306614771282e-13
3.5806728570986706e-13
1.8386350483440566e-12
6.6332686325938125e-13
-4.9495067598697102e-15
8.5958063656369185e-13
-4.7949775391596050e-13
-1.0113109387050434e-12
1.8769595121132852e-12
-8.0292580218766855e-13
-3.2769323625043291e-13
7.2691526823023744e-13
1.7218832835683875e-12
-9.0947691667791531e-13
8.3400207334967054e-13
9.0916500074076467e-13
-2.3806742556353475e-12
-5.9583678061742955e-13
8.6654191421028556e-14
-8.4063489133310651e-13
-4.3619250386507352e-13
1.3802716316921113e-12
9.8301663481237103e-14
-1.7586637396771962e-12
-2.5271916457932356e-14
7.9644655562010048e-13
1.5620941869551209e-13
5.9029857714072233e-13
-7.3907953651384799e-13
-1.2661852486851390e-12
2.6884149870755150e-13
2.4444863284581649e-13
-2.3162568396782055e-12
5.9309024789460450e-13
6.8266491196590512e-13
6.8679269935818558e-13
-4.8762256402011640e-13
2.4160795576995716e-13
-1.7473332251011849e-12
-1.4944394243300941e-13
-4.9574760960746705e-13
-1.6798777364637590e-12
1.5816228294672524e-12
-3.0530338361419337e-13
3.6616827022532797e-13
-1.9692163253953603e-12
1.3492352385359079e-13
1.6432712179874065e-12
-1.3916152497951476e-12
-4.4227546827270287e-13
-5.4834559887987271e-13
-2.5054614972127396e-12
4.7771373692238855e-14
-4.3394561820640095e-13
3.9517170286875005e-13
1.8912769035276662e-12
6.1387628390369575e-13
-1.3369140014701642e-13
-1.5339587126281329e-12
