-2.1497265824775152e-15
9.4108870750905075e-15
1.1913246449782875e-14
1.3193327934068521e-14
1.5064548519921987e-14
1.2989471537883856e-14
1.5361119691981839e-14
2.5823912657743631e-14
4.0705004020303512e-16
1.1911718982166324e-14
7.0064821932131888e-15
2.6861053842353315e-14
1.1159870060426060e-14
1.1886028892260546e-14
2.1469755232290742e-14
2.7605059652224430e-14
2.5123549007218509e-14
3.2460217351852032e-14
4.1956707040818243e-14
3.9341870556807458e-14
2.7870930228399114e-14
4.9889562049305781e-14
7.4672540365624757e-14
7.8638876164595620e-14
7.2257021432690976e-14
6.8010882599466923e-14
7.4493766302479144e-14
7.8342425589941698e-14
8.9002556703118610e-14
8.5012807822182038e-14
7.1042555206318839e-14
5.4558415014844145e-14
5.8144869100520979e-14
5.6070389242671380e-14
7.3025127529056791e-14
7.6430392697308512e-14
8.5517753405875984e-14
6.4408277129255037e-14
7.7138318353833840e-14
7.8647182174039301e-14
3.2823822869337900e-14
1.9379971314353486e-14
7.2508490783544275e-15
2.1728046741964823e-14
2.5507188074251278e-14
1.6122984963873311e-14
2.5455381807628116e-14
1.6035730672707327e-14
1.0944674578061027e-14
2.4238756411264239e-14
3.2116457468715339e-14
3.1180663905668290e-14
3.9001540272278268e-14
8.6694838898908334e-15
1.5413522798496782e-14
2.5399771504800119e-14
3.4653526414823013e-15
1.3900254934668740e-14
7.8387506167466466e-15
-3.2143675673081063e-15
3.5806501910725248e-14
2.5993846794678382e-14
2.3666263817610751e-14
3.9997182912334016e-14
3.7772297427271164e-14
4.2030926674083476e-14
4.9014762841470580e-14
4.9071877399081402e-14
8.5218180390060682e-14
6.0552566559880595e-14
6.5489650403833631e-14
7.2177845969779456e-14
5.9914105708713249e-14
9.3992867650290880e-14
9.0031451870353386e-14
7.8064854763824727e-14
1.1457997336846580e-13
8.0921674386904946e-14
9.1080252299925037e-14
8.5985345878979384e-14
6.2141865328254463e-14
5.5298253906938382e-14
5.4652505701878252e-14
4.8434129869904521e-14
4.4920624834327011e-14
7.4649952630585168e-15
2.2316162546384986e-14
1.4483185528084505e-14
3.4815299937766969e-14
2.5527232124583805e-14
2.1103704427915561e-14
1.2533770446800985e-14
4.9470004135796487e-14
1.5772232939657648e-14
1.8281674349578804e-14
2.6984129466135858e-14
2.1824799546559895e-14
3.8481057147537659e-15
5.7471857989255503e-15
-1.4421161968468023e-14
-6.3173574962166320e-15
-4.5329805726592660e-14
-1.4631613722737906e-14
-1.5201456902873691e-14
1.9934203608678916e-15
1.6815251533412946e-14
4.5622075080870307e-14
2.5668711298802157e-14
4.8716270285242955e-14
3.9225750401246989e-14
4.9014986144325368e-14
2.1190151477955317e-14
-1.2099872930615024e-14
-3.7934525218977900e-14
-2.5895552279765498e-14
-6.9752202287904027e-14
-8.6134920379409385e-14
-1.0729534309405358e-13
-8.5597323630199714e-14
-9.0312005674332218e-14
-9.6637837943844252e-14
-9.6316290205516453e-14
-9.7087532240268941e-14
-9.7611870627664883e-14
-1.0290997819400510e-13
-1.0371907789460682e-13
-1.1354743294305194e-13
-1.2308480254343476e-13
-1.2469491912049354e-13
-1.3112020527401022e-13
-1.1611985458006321e-13
-1.5393819176158154e-13
-1.7642716206906557e-13
-1.6911429132134204e-13
-1.8616549477518632e-13
-2.0385839182957155e-13
-2.1571597899017765e-13
-2.2735395078876480e-13
-2.3552873364169634e-13
-2.7714007642769042e-13
-3.1974687974477155e-13
-3.3389947542822533e-13
-3.6269777544445442e-13
-4.2997781377587647e-13
-4.7499776402202709e-13
-5.5094657231370585e-13
-5.8503766391381379e-13
-6.4271422831029705e-13
-6.7578674505312756e-13
-7.0583129325218951e-13
-7.5266097737100307e-13
-8.1306589956262304e-13
-8.6532116160500265e-13
-9.0529315381464828e-13
-9.9278347276755315e-13
-1.0981979088234838e-12
-1.1812059961020187e-12
-1.2757053656131174e-12
-1.3814041780751404e-12
-1.5645044060536766e-12
-1.7004826292023212e-12
-1.8776969160859073e-12
-2.0587602508412275e-12
-2.2500812549561140e-12
-2.4750866437536229e-12
-2.7088615620644675e-12
-2.9899727702110031e-12
-3.2787528333706740e-12
-3.5801975218138895e-12
-3.9407322370825610e-12
-4.3549245975356165e-12
-4.8298711607274801e-12
-5.3269432894534898e-12
-5.8638193932060086e-12
-6.4903600362231302e-12
-7.1579224398126605e-12
-7.9161242000920420e-12
-8.7220983999528972e-12
-9.5820382250215087e-12
-1.0512196030745546e-11
-1.1515874016002176e-11
-1.2584374658887308e-11
-1.3730535136096003e-11
-1.4963933324823908e-11
-1.6290425445297153e-11
-1.7697491616812379e-11
-1.9198409045780784e-11
-2.0803211006645298e-11
-2.2502200685222412e-11
-2.4292672335815834e-11
-2.6173563797229886e-11
-2.8175487157079022e-11
-3.0270306062836954e-11
-3.2423013816370413e-11
-3.4689342224898408e-11
-3.6982530796581739e-11
-3.9361708198788256e-11
-4.1768095658373038e-11
-4.4265978310398075e-11
-4.6787393990739844e-11
-4.9361162631416142e-11
-5.1985240022110762e-11
-5.4642691021135131e-11
-5.7312127317767378e-11
-5.9990920993103666e-11
-6.2618403760464969e-11
-6.5253470266313132e-11
-6.7854067656452607e-11
-7.0445762879105424e-11
-7.2948233881779520e-11
-7.5411924367977952e-11
-7.7753684008722707e-11
-7.9990015026241027e-11
-8.2101167881323772e-11
-8.4119744813100832e-11
-8.5999232905325357e-11
-8.7730657180841562e-11
-8.9303713467131958e-11
-9.0701046921768189e-11
-9.1944249916669662e-11
-9.2980511506393382e-11
-9.3841099583270761e-11
-9.4498612724711995e-11
-9.4976029595880654e-11
-9.5232826125198600e-11
-9.5299912889912295e-11
-9.5175336782599659e-11
-9.4853251328901006e-11
-9.4340339021876733e-11
-9.3590762400123907e-11
-9.2664721826302015e-11
-9.1581577802642462e-11
-9.0303694136485396e-11
-8.8860471041179104e-11
-8.7263102217802845e-11
-8.5573548866110254e-11
-8.3656638608368564e-11
-8.1607524930289563e-11
-7.9481121900424393e-11
-7.7215153847321678e-11
-7.4849365317658727e-11
-7.2448166496911195e-11
-6.9975964707377715e-11
-6.7443549436662443e-11
-6.4870767872730322e-11
-6.2247191292626960e-11
-5.9658609335616173e-11
-5.7061363961134428e-11
-5.4458391894375318e-11
-5.1887043170059203e-11
-4.9333326211200478e-11
-4.6830320456600660e-11
-4.4350530508231875e-11
-4.1887509224916134e-11
-3.9521804537043404e-11
-3.7195632273435379e-11
-3.4893150146813823e-11
-3.2712625350601588e-11
-3.0608757909486891e-11
-2.8602444136555782e-11
-2.6676477371883599e-11
-2.4836132576658358e-11
-2.3081628217734877e-11
-2.1428782824281201e-11
-1.9843366904657442e-11
-1.8336107983437327e-11
-1.6923713421496491e-11
-1.5598613370787003e-11
-1.4330215438675145e-11
-1.3143642530143723e-11
-1.2047617899557136e-11
-1.1016203040986210e-11
-1.0015241712685081e-11
-9.1036285903173554e-12
-8.2800796977417406e-12
-7.5008202303670573e-12
-6.8120192759986658e-12
-6.1754899090381291e-12
-5.6061848290015922e-12
-5.1007860923725202e-12
-4.6074146563834791e-12
-4.1717864099643953e-12
-3.7742160133049168e-12
-3.3998321250510987e-12
-3.0678943420385484e-12
-2.7426733387280360e-12
-2.4885586869334068e-12
-2.2274500845243020e-12
-1.9839179378220288e-12
-1.7866462763761876e-12
-1.5982080167503442e-12
-1.4547835706524809e-12
-1.2952695173641022e-12
-1.1494232559030157e-12
-1.0060018171154004e-12
-8.9492132557579409e-13
-7.4677690284129584e-13
-6.5226180392771721e-13
-5.5635731468894429e-13
-4.6110182223015327e-13
-3.6776327646466889e-13
-2.9875615004156677e-13
-2.3906984267871984e-13
-1.9983439506142085e-13
-1.4605090971471310e-13
-1.0693470968837309e-13
-8.8534853429554951e-14
-7.9681936254228652e-14
-6.6328662421771659e-14
-4.9737127168085608e-14
-5.2318062722679155e-14
-5.6353434063283502e-14
-4.5424318623695169e-14
-7.3539881263401424e-14
-7.5068110088611207e-14
-7.2083910108892501e-14
-7.9588392630857472e-14
-5.0801964569148844e-14
-3.3683081789807187e-14
-1.6423130128958707e-14
-1.5451113485798416e-14
-1.7905390539180323e-14
-2.4405035920817220e-14
-3.1283747865579876e-14
-2.1009886671842817e-14
-1.9333183307712247e-14
-1.4225983821585276e-14
-7.3096554429527093e-15
4.8446086469877221e-16
-2.6013216729193586e-14
-3.7071874263747607e-14
-1.5216183804138152e-14
-1.8671108993189404e-14
1.3063438969901443e-15
1.1696642870126076e-14
4.7420782245716515e-14
7.7520107557583252e-14
9.7720153454845741e-14
9.6932762845271747e-14
9.0451331102577883e-14
1.0038888483064506e-13
1.3024777778588387e-13
1.3162736781775772e-13
1.3715715071228774e-13
1.4404919736427167e-13
1.3450504407804052e-13
1.1633258188607591e-13
1.3470252050957673e-13
1.0401079932462071e-13
1.3771557161896888e-13
1.4010606168658673e-13
1.3517295017478477e-13
1.4338382763977126e-13
1.5228804075299023e-13
1.5404765555251246e-13
1.6078804443310994e-13
1.2832877803010725e-13
1.5678016672671048e-13
1.3332047945953554e-13
1.0580102908435947e-13
4.2205456132703395e-14
1.6561935842971550e-14
-8.6958255616761045e-15
-1.4932663544250480e-14
-5.9173602765195555e-14
-6.8439837489472321e-14
-7.2183604192985111e-14
-7.2627530113660927e-14
-2.5092017326464803e-14
-2.3560655223752556e-14
-3.8410130286272308e-14
-1.4448051286810020e-14
-3.6988724072578805e-15
-4.1850595593465702e-15
-3.0565834004282093e-15
-1.4143524386841851e-14
1.2882567607199284e-14
6.6421003118253724e-15
5.9597541114601294e-15
2.5271207953055247e-14
5.1697887339287071e-16
-6.7619762776746954e-15
-2.9042543251590519e-15
-2.4999347878868100e-14
-2.5493485319959876e-14
-4.0724956655816427e-14
-3.5685530068672394e-14
-1.5817604466013709e-14
-4.6101922639647021e-14
-3.9081567405075579e-14
-3.6526069925637400e-14
-4.3754378392949550e-14
-2.7123236261411405e-14
-4.2424997767766342e-14
-3.6125416204964824e-14
-1.5157343697470897e-14
-2.7123779695839200e-14
-1.2646665711123833e-14
-2.0865998915584870e-14
-1.9024501029320573e-14
-1.9350456960256863e-14
-2.5380914248863696e-14
-3.8261068841724673e-14
-2.7371377544497024e-14
-2.1098691192534516e-14
-4.8241573087149294e-14
-4.5429739515812005e-14
-3.6905286758942075e-14
-2.0938056746686631e-14
-2.9834089294345637e-14
-1.8808739701199703e-14
-1.4986218959758246e-14
-2.6732509939426873e-14
-4.8757449969073482e-14
-2.7047234829060018e-14
-3.4055107926443243e-15
-1.7739035997110916e-14
-6.4847054145126280e-15
-1.6391867750026168e-14
2.5826586180380240e-16
-4.1632114699156430e-15
-7.3653332506419390e-15
-8.1839337359493631e-15
-6.7835334419462123e-15
2.7748294339360360e-14
2.7767801566371427e-14
4.2319306615761158e-14
4.7533669638355000e-14
4.2322180895395676e-14
1.9989863491395532e-14
1.5804425511571518e-14
2.8568456626842095e-14
1.4881140223115826e-14
1.2306801870247298e-14
1.5431581846461632e-14
2.7541045087199782e-14
2.8384217449783686e-14
1.6901790371479367e-14
3.7432464281334518e-15
1.5307578756980793e-14
2.0549502401331881e-14
2.1680158523681840e-14
4.1817602200585153e-14
4.6488504498200470e-14
3.9803817177233757e-14
1.1281818858423606e-14
-3.7723649566509111e-15
1.5587493303328419e-14
1.3604320972282026e-14
2.0518814089098295e-14
1.9890800431385811e-14
3.4739929787972805e-14
4.2124706359337659e-14
1.7481840856280626e-14
1.4697683089528923e-14
9.0183321693372886e-15
1.3594557650323791e-14
1.7171688320584069e-14
2.7349246488438680e-14
3.0652205582754688e-14
4.6192092570254906e-14
9.8029547324643459e-15
-2.3739253657918972e-17
-3.1125428612380120e-15
2.4492349998294751e-15
9.4348679111379948e-15
3.2086973505032684e-14
3.3682581413106132e-14
2.7288791956661875e-14
2.3606956095435729e-14
6.8527326125820166e-15
3.1473913488144200e-14
-4.0234961044789865e-15
1.9082646281842501e-14
2.0352233984330412e-14
3.1376481705897771e-14
1.3741149180640932e-14
1.9290321230908253e-14
9.8796458797891583e-15
3.1889602164480401e-14
7.7941508336514948e-15
1.3596296534876700e-14
3.3769569811855338e-15
9.7194496736562455e-15
3.2654838004330561e-14
3.2367081509157076e-14
2.3083654969547560e-15
2.1700235175042533e-14
3.5956327853925253e-15
6.1152302006561447e-16
-2.5208955823721730e-15
3.4836163731749909e-14
8.6552985546772813e-15
5.1842540005419670e-15
9.0797095538637755e-15
9.9022018748325780e-15
-9.9723658995294909e-15
4.7411840798285587e-15
6.5212689187998205e-15
1.1203143235838384e-14
1.4075168918189610e-15
5.2854890314756866e-15
1.5953925476503498e-15
6.3212620288677441e-15
-9.9715311200814384e-15
2.7245582203913481e-15
1.2985177207119307e-15
4.9910059498626812e-15
1.2763938271971722e-14
4.6306857587318859e-15
1.8788663857992995e-14
1.8298833837521428e-14
