-3.0641616634235141e-04
-6.0285740683451057e-04
-9.1323046905506650e-04
-1.2368240952537416e-03
-1.5743471000090601e-03
-1.9352703231768262e-03
-2.3270552061564367e-03
-2.7516598380086573e-03
-3.2105463112887252e-03
-3.7042466055257281e-03
-4.2307759799327755e-03
-4.7925297279607110e-03
-5.3959307824346147e-03
-6.0509684119920536e-03
-6.7732413386996778e-03
-7.5735780317995318e-03
-8.4562042933329449e-03
-9.4297686782646335e-03
-1.0504291479766179e-02
-1.1692874269830142e-02
-1.3006656882542385e-02
-1.4455414020648531e-02
-1.6054238040316030e-02
-1.7822007840979634e-02
-1.9776617445799092e-02
-2.1930316517790937e-02
-2.4298249982476539e-02
-2.6901893362514410e-02
-2.9758251656077917e-02
-3.2886475916193071e-02
-3.6314204282207885e-02
-4.0068539613606992e-02
-4.4182697414962203e-02
-4.8696368327294577e-02
-5.3647947796439617e-02
-5.9071796893797761e-02
-6.5000377490884581e-02
-7.1474967608950404e-02
-7.8543456996640268e-02
-8.6248244735270971e-02
-9.4626502716407504e-02
-1.0371943605782581e-01
-1.1357497211003137e-01
-1.2424118333120589e-01
-1.3576402496368120e-01
-1.4819116053797671e-01
-1.6156915056445004e-01
-1.7593556547263040e-01
-1.9132519140721213e-01
-2.0776904602445573e-01
-2.2529018127220468e-01
-2.4391046908914607e-01
-2.6365115463359534e-01
-2.8453383313172892e-01
-3.0656898149165196e-01
-3.2975124232732189e-01
-3.5406941782820683e-01
-3.7950933013413296e-01
-4.0604565887052796e-01
-4.3363371865770994e-01
-4.6221031740094559e-01
-4.9170338458859869e-01
-5.2202581505793999e-01
-5.5306734260495427e-01
-5.8470247666606501e-01
-6.1678833389801824e-01
-6.4915491836226669e-01
-6.8161907388547793e-01
-7.1397961384083930e-01
-7.4600675324242804e-01
-7.7744691702902569e-01
-8.0801980204949564e-01
-8.3742081153151682e-01
-8.6532276129261909e-01
-8.9137709916973806e-01
-9.1521255105646182e-01
-9.3643092123406702e-01
-9.5461369931800089e-01
-9.6932238561274731e-01
-9.8009688585636101e-01
-9.8646083382920324e-01
-9.8792857097317877e-01
-9.8400765153464209e-01
-9.7419244020944917e-01
-9.5797405435499716e-01
-9.3484265241947007e-01
-9.0428239191614568e-01
-8.6577739975592827e-01
-8.1881690842879706e-01
-7.6290488542213986e-01
-6.9756535584461576e-01
-6.2234211299988262e-01
-5.3680616615001786e-01
-4.4055462206973717e-01
-3.3321990026348897e-01
-2.1447458006015982e-01
-8.4032886873215223e-02
5.8344540036836583e-02
2.1284175539681080e-01
3.7958037148143670e-01
5.5862604234614510e-01
7.4998400597340231e-01
9.5358590478813754e-01
1.1692992788631411e+00
1.3969249929889158e+00
1.6361900108172842e+00
1.8867512436536515e+00
2.1481908918675576e+00
2.4200112936435412e+00
2.7016341477007439e+00
2.9924073012259189e+00
3.2916148199276796e+00
3.5984702598854721e+00
3.9121125706902777e+00
4.2316139701978726e+00
4.5559935044248743e+00
4.8842149466778970e+00
5.2151920558365443e+00
5.5477979862312550e+00
5.8808662890342651e+00
6.2131939416777922e+00
6.5435527591444256e+00
6.8706958966220810e+00
7.1933696016893638e+00
7.5103283927579927e+00
7.8203355995283044e+00
8.1221711229384841e+00
8.4146402189121243e+00
8.6965737620239398e+00
8.9668424528602504e+00
9.2243668278440722e+00
9.4681246348939609e+00
9.6971496746247183e+00
9.9105426274807922e+00
1.0107479223094817e+01
1.0287208834497648e+01
1.0449063978123986e+01
1.0592470832016073e+01
1.0716948686445058e+01
1.0822111149190521e+01
1.0907667954734416e+01
1.0973419725837980e+01
1.1019259844112305e+01
1.1045178832471196e+01
1.1051259101348835e+01
1.1037684377382194e+01
1.1004736451299806e+01
1.0952782040613785e+01
1.0882266511599784e+01
1.0793718195719507e+01
1.0687748802912587e+01
1.0565041487025402e+01
1.0426339847975671e+01
1.0272445442896373e+01
1.0104214072382780e+01
9.9225412003482791e+00
9.7283585384636631e+00
9.5226353142301381e+00
9.3063596124712600e+00
9.0805364443644070e+00
8.8461899450934691e+00
8.6043501291664093e+00
8.3560468408239004e+00
8.1022977911363796e+00
7.8441054583919207e+00
7.5824522008849238e+00
7.3182964061185309e+00
7.0525700621907061e+00
6.7861697877223204e+00
6.5199546135108770e+00
6.2547468104526773e+00
5.9913232063941049e+00
5.7304103662732606e+00
5.4726832425959788e+00
5.2187737995455157e+00
4.9692622497844976e+00
4.7246773871034060e+00
4.4855034290894924e+00
4.2521768271984905e+00
4.0250832947160156e+00
3.8045561344208378e+00
3.5908747657944788e+00
3.3842717248872307e+00
3.1849306395880679e+00
2.9929957957297897e+00
2.8085702381210731e+00
2.6317155077050463e+00
2.4624547180493668e+00
2.3007777793619160e+00
2.1466413051088922e+00
1.9999666112096663e+00
1.8606523342988730e+00
1.7285771559936498e+00
1.6035893272723460e+00
1.4855202200898874e+00
1.3741885730929679e+00
1.2693946571672485e+00
1.1709320633555551e+00
1.0785875170266246e+00
9.9213264149479097e-01
9.1132739633420379e-01
8.3592698020480527e-01
7.6569178585921494e-01
7.0038284377041438e-01
6.3975315018284773e-01
5.8355466327402439e-01
5.3154806088587758e-01
4.8350339093902622e-01
4.3919313975763535e-01
3.9839303693755695e-01
3.6088733693960573e-01
3.2646567813204880e-01
2.9491880231451417e-01
2.6604830961678033e-01
2.3966355891558946e-01
2.1558266030728382e-01
1.9363709684562377e-01
1.7367191388664954e-01
1.5554363636532162e-01
1.3910967874084262e-01
1.2423000599504980e-01
1.1077913347545779e-01
9.8644921631911076e-02
8.7719459307665046e-02
7.7894655183477240e-02
6.9069255676246721e-02
6.1153835755793383e-02
5.4064548772280577e-02
4.7720932033088727e-02
4.2054966951004503e-02
3.7004096625331794e-02
3.2507035061094466e-02
2.8514868432095421e-02
2.4981373351948263e-02
2.1858347505937431e-02
1.9098852931692004e-02
1.6659841703104125e-02
1.4507849856823662e-02
1.2612348336332901e-02
1.0943638798851792e-02
9.4736005872382463e-03
8.1775763857594216e-03
7.0384984744620216e-03
6.0366187392597668e-03
5.1490300540181083e-03
4.3597082312847191e-03
3.6586138269378283e-03
3.0372149007467952e-03
2.4899343587430805e-03
2.0118559039821768e-03
1.5934687486332346e-03
1.2241409362888183e-03
8.8972472506706655e-04
5.7447056904690627e-04
2.7324995406926471e-04
-1.7561148356441762e-05
