-5.6779012717027614e-16
-6.9339134382996056e-13
-9.3720140609404221e-13
7.7370713383226514e-14
9.7962486354388353e-14
3.7683039648369752e-13
-1.2865409960682527e-12
-2.5259650614311266e-13
8.4293862947583770e-13
7.4462272275286690e-13
-1.1694971991781553e-13
2.0403195801974534e-12
6.9537261396495957e-13
-9.9208529838232571e-13
1.6898905527732958e-12
-1.2509034258924131e-13
2.0981578345777643e-12
1.4906358562943402e-12
4.9420205498085460e-12
6.1633035157061818e-12
1.1514975940607510e-11
1.2788606473388062e-11
1.7158316590880243e-11
2.6727581385022639e-11
3.7990611165652036e-11
5.2381221484804817e-11
7.4630189028506160e-11
1.0593953392392014e-10
1.4912958838461311e-10
2.0858174187005923e-10
2.9204378101479597e-10
4.0727356172786746e-10
5.6879063347370928e-10
7.9018076827630726e-10
1.0956393567781115e-09
1.5169758328124311e-09
2.1006457685993787e-09
2.8979726492356699e-09
3.9892415257004192e-09
5.4790450712734708e-09
7.5120052026373278e-09
1.0270738298132445e-08
1.4022161676660226e-08
1.9093130093363835e-08
2.5950564495660892e-08
3.5193861281964665e-08
4.7624093663978219e-08
6.4307166177672772e-08
8.6653343779562937e-08
1.1651252489150453e-07
1.5632382397496543e-07
2.0929278071799318e-07
2.7961103893128933e-07
3.7275217565705611e-07
4.9585750640665184e-07
6.5821185380498762e-07
8.7185025932619096e-07
1.1523608640550155e-06
1.5198641510101673e-06
2.0002679182393635e-06
2.6268883142935430e-06
3.4424148348732246e-06
4.5014567178352639e-06
5.8736877411338520e-06
7.6477974984894655e-06
9.9364067768709094e-06
1.2882185283835957e-05
1.6665440239331091e-05
2.1513483645006929e-05
2.7712210927713638e-05
3.5620318557463531e-05
4.5686755641178802e-05
5.8472068402079721e-05
7.4674438472557820e-05
9.5161326777835076e-05
1.2100791256894756e-04
1.5354351690431871e-04
1.9440763906339518e-04
2.4561730364904433e-04
3.0964784955860882e-04
3.8952946044681685e-04
4.8896226180279799e-04
6.1245306739362302e-04
7.6547739177853743e-04
9.5467079340933055e-04
1.1880541639215426e-03
1.4752981536365274e-03
1.8280325074488311e-03
2.2602068536424391e-03
2.7885099810183783e-03
3.4328556350441707e-03
4.2169433308024600e-03
5.1689036272977171e-03
6.3220379112783340e-03
7.7156635684879028e-03
9.3960759361461400e-03
1.1417639150632706e-02
1.3844018374668825e-02
1.6749566268380249e-02
2.0220876700088281e-02
2.4358518614471497e-02
2.9278962638606573e-02
3.5116712273171403e-02
4.2026650569888739e-02
5.0186611518844092e-02
5.9800183590113153e-02
7.1099750150808355e-02
8.4349768406466352e-02
9.9850284676367349e-02
1.1794067926804927e-01
1.3900362894478943e-01
1.6346926887808974e-01
1.9181952915905312e-01
2.2459261322140020e-01
2.6238757714374350e-01
3.0586895958521820e-01
3.5577140228892812e-01
4.1290419065779183e-01
4.7815563310466419e-01
5.5249718669171710e-01
6.3698722537277752e-01
7.3277433616384591e-01
8.4110001779274779e-01
9.6330064653557412e-01
1.1008085650200494e+00
1.2551521423241414e+00
1.4279546479552847e+00
1.6209317788844848e+00
1.8358876778266184e+00
2.0747092831458684e+00
2.3393588562485306e+00
2.6318645416655007e+00
2.9543088284312726e+00
3.3088147991748844e+00
3.6975300758349028e+00
4.1226083980805610e+00
4.5861888025500477e+00
5.0903724077402783e+00
5.6371968507448589e+00
6.2286084674713793e+00
6.8664323574104289e+00
7.5523405263340813e+00
8.2878183553085556e+00
9.0741297007728736e+00
9.9122809872601554e+00
1.0802984710511254e+01
1.1746622823006131e+01
1.2743210524663066e+01
1.3792361027617664e+01
1.4893251903747961e+01
1.6044593655662482e+01
1.7244601174855305e+01
1.8490968762981264e+01
1.9780849392901171e+01
2.1110838873824832e+01
2.2476965559009965e+01
2.3874686194031472e+01
2.5298888448766306e+01
2.6743900606512327e+01
2.8203508799536639e+01
2.9670982082616611e+01
3.1139105525667773e+01
3.2600221384955603e+01
3.4046278281178395e+01
3.5468888174469775e+01
3.6859390783034250e+01
3.8208924946774395e+01
3.9508506292786620e+01
4.0749110418873698e+01
4.1921760677684617e+01
4.3017619520840761e+01
4.4028082252534908e+01
4.4944871948551238e+01
4.5760134222404822e+01
4.6466530467370816e+01
4.7057328174074364e+01
4.7526486919130093e+01
4.7868738642604058e+01
4.8079660880751270e+01
4.8155741696107185e+01
4.8094435148181802e+01
4.7894206273861847e+01
4.7554564695052179e+01
4.7076086139480104e+01
4.6460421346017633e+01
4.5710292024811018e+01
4.4829473751046002e+01
4.3822765885110961e+01
4.2695948826924152e+01
4.1455729123893732e+01
4.0109673155635399e+01
3.8666130310370299e+01
3.7134146743383091e+01
3.5523370963548111e+01
3.3843952626457558e+01
3.2106436019384340e+01
3.0321649801870823e+01
2.8500594614967998e+01
2.6654330190965482e+01
2.4793863583825615e+01
2.2930040099079669e+01
2.1073438431853845e+01
1.9234271424866360e+01
1.7422293737077631e+01
1.5646717571216657e+01
1.3916137448086609e+01
1.2238464840758876e+01
1.0620873297083591e+01
9.0697544876584963e+00
7.5906854233480523e+00
6.1884068951657820e+00
4.8668130038877546e+00
3.6289514707415562e+00
2.4770342570860491e+00
1.4124578730936244e+00
4.3583262531778688e-01
-4.5298005724936941e-01
-1.2548231683414670e+00
-1.9711935579199362e+00
-2.6041863162777887e+00
-3.1564351943670630e+00
-3.6310501480439785e+00
-4.0315530758341342e+00
-4.3618127833933888e+00
-4.6259801545580705e+00
-4.8284244410803296e+00
-4.9736715031954608e+00
-5.0663447432453479e+00
-5.1111093775297860e+00
-5.1126205894489472e+00
-5.0754760027664423e+00
-5.0041728092064286e+00
-4.9030697821374272e+00
-4.7763543095729659e+00
-4.6280144867773831e+00
-4.4618162228347424e+00
-4.2812852379026340e+00
-4.0896937591901885e+00
-3.8900516646921197e+00
-3.6851017747819603e+00
-3.4773189527211907e+00
-3.2689126461340621e+00
-3.0618324820171954e+00
-2.8577765172884027e+00
-2.6582017447512136e+00
-2.4643364596356481e+00
-2.2771941039529771e+00
-2.0975882234645722e+00
-1.9261481945401011e+00
-1.7633354043772673e+00
-1.6094595969768648e+00
-1.4646951282269449e+00
-1.3290969054287729e+00
-1.2026158188587255e+00
-1.0851135049146230e+00
-9.7637631125865265e-01
-8.7612836390616378e-01
-7.8404366366725431e-01
-6.9975716480726258e-01
-6.2287481163135294e-01
-5.5298252910713963e-01
-4.8965418127749111e-01
-4.3245852634029219e-01
-3.8096520961810398e-01
-3.3474984573737099e-01
-2.9339824886946425e-01
-2.5650987534367475e-01
-2.2370054651586274e-01
-1.9460452145481633e-01
-1.6887598923138791e-01
-1.4619004950248662e-01
-1.2624324794303821e-01
-1.0875372995068550e-01
-9.3461072341197535e-02
-8.0125848513825995e-02
-6.8528977950523026e-02
-5.8470906174317862e-02
-4.9770656421475712e-02
-4.2264789515200268e-02
-3.5806303713470523e-02
-3.0263501952594394e-02
-2.5518849516900446e-02
-2.1467841503135406e-02
-1.8017895654946679e-02
-1.5087283041024345e-02
-1.2604106119496904e-02
-1.0505331186780636e-02
-8.7358800000818734e-03
-7.2477834546550001e-03
-5.9993986606557284e-03
-4.9546893228360218e-03
-4.0825683867101005e-03
-3.3563009799079950e-03
-2.7529650569177461e-03
-2.2529666640388408e-03
-1.8396064722972039e-03
-1.4986939269770690e-03
-1.2182053874861033e-03
-9.8798253236284986e-04
-7.9946742589017035e-04
-6.4547072888622924e-04
-5.1996973680417150e-04
-4.1793306463693464e-04
-3.3516904979567807e-04
-2.6819514457171190e-04
-2.1412581003348889e-04
-1.7057660272938076e-04
-1.3558243128030273e-04
-1.0752811990347528e-04
-8.5089599183166745e-05
-6.7184292307711455e-05
-5.2929396636776287e-05
-4.1606871958114607e-05
-3.2634206174818699e-05
-2.5540060487481837e-05
-1.9944013508824011e-05
-1.5539814137190272e-05
-1.2081551215689402e-05
-9.3722496770005687e-06
-7.2545475596646439e-06
-5.6030253684962555e-06
-4.3179911240587989e-06
-3.3203834060130898e-06
-2.5476683838224846e-06
-1.9505038632066853e-06
-1.4900477960979505e-06
-1.1358062351058436e-06
-8.6389177716267917e-07
-6.5563957923514738e-07
-4.9650455914691675e-07
-3.7517882728974142e-07
-2.8287727529150228e-07
-2.1282339953639721e-07
-1.5976929891858399e-07
-1.1968025469832662e-07
-8.9453393195374485e-08
-6.6718547276484499e-08
-4.9653063319095124e-08
-3.6870441459736678e-08
-2.7321517672678514e-08
-2.0201532170426746e-08
-1.4902851107253919e-08
-1.0974427843951883e-08
-8.0609105878413150e-09
-5.9075109984030918e-09
-4.3233216137215475e-09
-3.1560376923382407e-09
-2.2955852786614720e-09
-1.6680631367381808e-09
-1.2098584826323830e-09
-8.7669998192635620e-10
-6.3396425144486715e-10
-4.5626212747118651e-10
-3.2924052996815109e-10
-2.3531501226568334e-10
-1.6866611874201233e-10
-1.1993106511432968e-10
-8.5431296845070947e-11
-6.4112420183095278e-11
-4.2924609517952372e-11
-3.1286874379673783e-11
-2.1842937284699538e-11
-1.6121332587782282e-11
-9.3231482836246670e-12
-7.7304230606662184e-12
-5.6431828707639376e-12
-3.8223525702086198e-12
-3.6945368952207103e-12
-1.0873664767958968e-12
-1.5455505663127262e-12
-1.0423484252748443e-12
-1.5304697365755026e-12
-1.1409603762899098e-12
-1.8770913859411632e-12
-1.2298832082999481e-12
4.8122534143919614e-13
1.0952258352933037e-12
1.4432643108092044e-13
2.7770610601590658e-13
-9.2416809772895180e-13
-5.7827300143533561e-13
-5.5854682937838731e-13
-2.6619400383283592e-13
-7.8459163101259818e-13
-3.8597221956131251e-13
1.0521986123658638e-12
-4.8809785067628728e-13
-2.2369402721842919e-13
9.6667225116170292e-13
-1.0261087502720126e-12
8.8640351530476816e-13
9.3350699224365832e-14
3.3974777090745476e-14
5.6676160146157727e-13
-6.0903111671665941e-13
-1.8811259003336302e-12
-4.4583110139044109e-13
4.0089746060614978e-13
-2.0834479484865505e-13
-2.9887398486835966e-13
8.3841541560879915e-13
3.4937521302046178e-13
-1.5546115965549637e-12
1.1882376597973405e-12
-9.7308362248148525e-13
7.8677606101578628e-14
4.3125924196721549e-13
1.4376093659711079e-12
-1.7704312572831612e-12
-1.1897504881300580e-13
-7.1728604905855013e-13
-2.5554129237268729e-12
3.0041827162461460e-13
-3.0732102692637534e-13
-1.5419335882683375e-13
1.3215345758604106e-12
5.2028510817764142e-13
-2.1099008085156222e-12
1.0999768808086734e-14
7.3129908602304206e-13
-3.0420241346505576e-13
-5.6155899035246015e-13
6.7965031220715132e-13
-2.8345780048657534e-13
-2.0791221339777027e-14
2.1984345017171520e-12
-3.9990484329374681e-14
-6.0331236942278295e-14
3.3019480217487061e-13
-1.8175928467761744e-12
-8.8267089076780530e-13
1.5232291014745975e-12
8.4363182581228748e-13
1.2651665439959926e-13
-1.0826892819049203e-12
5.1125804420423289e-13
-1.5699893823167277e-12
-2.2842744864904070e-13
1.9144944078415498e-13
-1.5554962293528415e-12
9.8058360089405492e-13
-1.7875163788433400e-13
-2.2183146429597349e-12
-1.7969457325007917e-15
7.0250101175399564e-13
-6.1469547121174646e-13
-4.5411293588072105e-13
-1.5764522493916442e-13
-1.3853525923695103e-12
-1.3669055069971334e-12
-6.2805612903334310e-13
-1.6773283841656558e-13
-1.1946349174079460e-12
1.4010247090761869e-12
-9.7945743438447601e-13
3.4496586158541979e-13
7.3541858537497725e-13
-1.0041028454046403e-12
-1.4213583795532027e-12
-6.3548453292850044e-14
9.0535437819364294e-13
-9.7580112878037351e-13
7.0890403027838433e-13
-5.5863633762754711e-13
-1.4888664505659156e-12
-7.4124110928710955e-13
-8.7667982198817971e-13
6.7866294042671378e-13
-1.0493136532008876e-12
7.6172426070688513e-13
7.6071328548701541e-14
5.5087990856425164e-13
6.7144302506602546e-13
-7.3572131078255946e-13
-1.4742273349223509e-12
1.3481466835169028e-12
-6.2352929041659912e-13
-1.1468652139472991e-12
-4.2242964343519128e-13
-2.1685378633324902e-13
5.9240675988892599e-13
-2.6823512632065443e-14
1.2471171581555887e-12
-9.6516260826714292e-13
-8.9766753107179462e-13
-8.7916832586009560e-13
-5.8415215151392522e-13
3.1181761032980827e-13
5.2955539589677793e-13
-2.6625248893087986e-13
1.6010807736515187e-13
6.9529413624923377e-13
-8.1250509728918680e-13
-1.1653784285541886e-12
2.2336721653968734e-13
8.2602401708098454e-13
-1.2981813908721506e-12
8.7746309693033648e-14
-8.9233411915491112e-13
5.9993574421123542e-13
2.3014519337891749e-13
2.7193427846551122e-13
1.7345271997694995e-14
-3.2017089712136331e-13
1.0906466217274934e-12
-1.4003934983304628e-12
5.0894136604256034e-13
3.7506878234749408e-13
4.1739228253381577e-13
-3.0280418245153941e-12
7.2973204860213346e-13
3.0627682512107171e-13
