-7.7113712249040232e-14
-1.3030511052110176e-13
-1.9928910470775435e-13
-2.8987099969378195e-13
-3.3775217609559238e-13
-3.8102002119764958e-13
-4.4394772904066333e-13
-5.1809002203638249e-13
-5.4553771337500796e-13
-5.9781952472874524e-13
-6.7014721463350240e-13
-7.5368423995870066e-13
-8.3672949371987730e-13
-9.0956724084521569e-13
-9.9540584609949235e-13
-1.1110643029729192e-12
-1.1921610282149720e-12
-1.2864191285403445e-12
-1.3881018301408923e-12
-1.5092169051459632e-12
-1.6148911027575736e-12
-1.6909198665893192e-12
-1.7871478043129541e-12
-1.8648994473800370e-12
-1.9110435743718463e-12
-1.9814443885710824e-12
-2.0210704481637788e-12
-2.0730200175517188e-12
-2.0943601783980241e-12
-2.1001420802283449e-12
-2.1364867794610744e-12
-2.1275363263472675e-12
-2.0932549814097129e-12
-2.0573309319389494e-12
-1.9760155133436436e-12
-1.9109871306153819e-12
-1.7956008543103871e-12
-1.6591501383910554e-12
-1.5410316214721669e-12
-1.3520616037291593e-12
-1.0910513217701378e-12
-8.6827098517881322e-13
-6.3127691269713500e-13
-3.9763666688994127e-13
-1.9133792534879745e-13
4.7744753725430206e-14
2.2833734855843760e-13
4.6984222455619126e-13
6.7548771104063497e-13
8.5086575154632364e-13
1.0857326335091140e-12
1.3468233978335971e-12
1.6046650791699670e-12
1.8802882618256908e-12
2.1451961727015244e-12
2.5226901600275504e-12
2.8627476696001678e-12
3.2099597384031674e-12
3.5741872290460067e-12
3.9758588504564778e-12
4.3454991680348835e-12
4.7166440665033000e-12
5.0754558767845871e-12
5.5077207283586432e-12
5.8771399275400472e-12
6.3016870907270589e-12
6.7779067617008655e-12
7.2786692003193972e-12
7.7636984854709959e-12
8.2569382499073501e-12
8.7446941927584691e-12
9.2993855407670345e-12
9.8483100032599047e-12
1.0441145163511884e-11
1.1069147736159361e-11
1.1706047647515148e-11
1.2327071420886361e-11
1.2912189381667548e-11
1.3513301744553609e-11
1.4123576661840934e-11
1.4661552347570342e-11
1.5232068820801238e-11
1.5792715078874881e-11
1.6410436250449834e-11
1.6991895790313883e-11
1.7541399985028143e-11
1.8102717524377858e-11
1.8724954354345480e-11
1.9271387893869016e-11
1.9842678015046303e-11
2.0398163593556226e-11
2.0974627122604473e-11
2.1511095167297202e-11
2.1997717806259307e-11
2.2496456982279323e-11
2.3002617025533333e-11
2.3445522551419897e-11
2.3883971083408163e-11
2.4321658024794678e-11
2.4790965848861007e-11
2.5191613533694714e-11
2.5524454651988769e-11
2.5840652160110300e-11
2.6153127945427199e-11
2.6396016472764305e-11
2.6632987981151949e-11
2.6848562764545876e-11
2.7041699583685720e-11
2.7176053992433883e-11
2.7263302827270237e-11
2.7326794720391284e-11
2.7328747009688648e-11
2.7257012582330271e-11
2.7175544322458768e-11
2.7018211855312455e-11
2.6865339468323637e-11
2.6653839239793710e-11
2.6377875147758260e-11
2.6085100039082325e-11
2.5758192812912545e-11
2.5413095383415613e-11
2.5035320984726584e-11
2.4608697253137808e-11
2.4145071202010256e-11
2.3660087679963315e-11
2.3123411998563150e-11
2.2578283344432997e-11
2.2027791991532448e-11
2.1478710034376956e-11
2.0902613688768235e-11
2.0303561231717899e-11
1.9704162843951052e-11
1.9101439072565839e-11
1.8467816013582847e-11
1.7828689395174388e-11
1.7178324316111567e-11
1.6546402009837663e-11
1.5925112756889854e-11
1.5312158798118809e-11
1.4716409473770756e-11
1.4135390136075176e-11
1.3564631766067970e-11
1.3030604684615406e-11
1.2502230261557762e-11
1.2036966306827649e-11
1.1544314721421387e-11
1.1058457069284533e-11
1.0567357480206809e-11
1.0091765767933842e-11
9.6032817152361519e-12
9.1230015879129210e-12
8.6328445112902681e-12
8.2028084099310954e-12
7.7911194460677349e-12
7.3676586572099923e-12
6.9460834275342926e-12
6.5267765704734975e-12
6.1230745560613524e-12
5.7598216357786312e-12
5.3851209141959441e-12
5.0642173470638236e-12
4.7591772733748389e-12
4.4285641074427856e-12
4.0958607115276745e-12
3.7851686264220714e-12
3.4813623033564579e-12
3.2160289472643766e-12
2.9363843234132040e-12
2.6720162131621173e-12
2.4261975410884675e-12
2.1519892948944425e-12
1.8886244313735597e-12
1.6547098738015406e-12
1.3967852436926521e-12
1.1939569425792657e-12
9.8105075670320387e-13
8.4586992968065609e-13
7.3720972975831799e-13
6.3123380711778678e-13
5.0887527169643041e-13
3.8325900303672705e-13
2.8960356263786970e-13
2.1361573576866369e-13
7.9806044986082854e-14
-6.2687754652495144e-15
-5.6824430494134578e-14
-9.0397593351258212e-14
-1.1496486085344837e-13
-1.1479159320387889e-13
-8.4758460114176354e-14
3.8766511008202278e-15
3.8145714154554987e-14
1.3731517373994627e-13
2.0638109066713176e-13
2.7026576634245554e-13
3.3025092563154504e-13
3.7449774421796287e-13
4.4109548778772847e-13
5.4473769742863479e-13
6.1587563553927822e-13
6.3868203571944792e-13
6.4855798333972355e-13
6.5095914247447800e-13
6.4803327901120739e-13
6.5760119095379311e-13
6.8803678625638164e-13
6.9187471358268496e-13
7.1900691335816426e-13
7.3071314506718064e-13
7.6067995164066187e-13
8.0913222339794036e-13
8.3652689002539300e-13
8.7735117551701602e-13
9.4298302008606412e-13
1.0203723093394775e-12
1.0380343343734942e-12
1.0509739709826849e-12
1.0532618261092483e-12
1.0539611880641531e-12
1.0543124733890413e-12
1.0643849167047373e-12
1.0991498910597087e-12
1.1211993081926507e-12
1.1046202989278935e-12
1.0781458741320953e-12
1.0401637865647383e-12
9.8020099255213178e-13
9.1281093838749892e-13
8.3723884546448875e-13
8.0033650858025554e-13
7.5749857262567381e-13
6.5437219518771798e-13
5.2623855754334501e-13
4.0993756752438867e-13
3.1482206896708351e-13
2.2482138498137331e-13
1.7715441676967608e-13
1.5867576776895568e-13
1.5017559953121001e-13
1.3926168050142075e-13
1.4478636217055841e-13
1.4837993625098197e-13
1.5254516170952606e-13
1.2604088268905533e-13
1.5082016129830241e-13
1.7601421128524322e-13
1.9687499101616184e-13
1.8647110479816981e-13
1.7213487945705072e-13
1.3946985626816791e-13
1.2009075792921701e-13
8.1618205538098481e-14
6.9615330858151196e-14
7.3358009773803495e-14
3.3403004661883989e-14
-1.8926748284253689e-14
