-3.0880579254043487e-13
-1.2928552439405442e-13
3.7485874873323061e-13
1.1583458892266774e-12
6.1211455471021158e-13
9.4590281873169969e-13
-1.2825698161595724e-12
6.5327323059828669e-14
2.6795202812563972e-12
-2.7977811264886776e-12
3.6959018401718143e-12
3.0264861833034274e-14
5.4768515627862577e-13
1.5628465392011314e-12
6.7924753368925834e-13
-8.8702267978991032e-13
-6.7602468148441297e-13
7.6715764778703437e-13
-7.5704440106208435e-13
9.6990637582904518e-13
6.5422272084573606e-13
7.8337909630882458e-13
-1.4153849610264210e-13
4.6529575888446395e-13
-1.9701356440986542e-13
-3.4636001686737041e-13
8.1065250401958030e-13
-7.0968054923142741e-13
1.2850658734229858e-12
2.5653316071609822e-12
1.3595932081370860e-12
-8.3509971622497290e-13
-8.9247330682650533e-13
9.0643424914501315e-13
-2.1731013116306300e-12
9.1784330360522181e-13
1.9276604689963750e-12
1.5788293642122442e-14
-1.0242097366142389e-13
1.3522608320049687e-12
-1.0918938521358709e-12
-6.4936739431227998e-14
-1.1202737697879125e-12
-8.3383709286057823e-13
3.0962253192952114e-14
3.2421744461901861e-13
-7.4985081646302791e-13
3.6633993131635276e-13
1.0848405734714844e-13
1.1463100977047740e-12
-1.4644846834368926e-12
1.8997204059699177e-12
-1.2413715754650109e-12
-2.1749624809909800e-13
-1.2596069056252479e-13
3.6685917278734365e-13
-1.0332193585405329e-12
7.1245067006347273e-14
1.8240700980142939e-12
1.6398404603630125e-13
1.8607902407466386e-12
7.2023657061074794e-13
-1.6866642838863903e-12
8.4770012702487814e-13
-1.0515354678308333e-12
-8.1284628037008055e-13
6.7849271465813133e-14
1.4076312695275203e-12
9.9720372134716616e-14
-6.9632540453919632e-13
4.9613268968326292e-13
8.4296599969871714e-13
-2.4861328735235715e-12
-1.0170072683349611e-12
-2.4533231172535946e-12
-1.7181773173366100e-12
-8.5272478560799319e-15
-2.6768702648020944e-12
-2.0000312661121946e-12
-9.8659327249622164e-13
3.6470197353336781e-13
1.5696041680110297e-12
1.0051803713827138e-11
1.6188183878504713e-11
2.8783882607781122e-11
5.3154768387859772e-11
8.7113829423489167e-11
1.3956074473923947e-10
2.2439727822531939e-10
3.5239782787493087e-10
5.4124984064213212e-10
8.2506193903836046e-10
1.2407181762740933e-09
1.8470226925420504e-09
2.7275496266360537e-09
4.0031144034883625e-09
5.8272099057076370e-09
8.4305300951721441e-09
1.2121045901596382e-08
1.7322879370277919e-08
2.4624522227752893e-08
3.4828346650086521e-08
4.8999527127871819e-08
6.8615215840456274e-08
9.5628808890868815e-08
1.3267430936061347e-07
1.8325375818078577e-07
2.5202886698401488e-07
3.4513526949385274e-07
4.7068213428163897e-07
6.3926573404185705e-07
8.6472055417510752e-07
1.1650164708911984e-06
1.5633821885903141e-06
2.0897173505129917e-06
2.7823419460320762e-06
3.6901138125232031e-06
4.8750613271346953e-06
6.4155240548774254e-06
8.4099782765107163e-06
1.0981540538682410e-05
1.4283369498423498e-05
1.8504885732320602e-05
2.3879062435243281e-05
3.0690680437338418e-05
3.9285649858015945e-05
5.0081259094638353e-05
6.3577273011424209e-05
8.0367522342764445e-05
1.0115153373285648e-04
1.2674550463241088e-04
1.5809159836331749e-04
1.9626405417904201e-04
2.4247025339526186e-04
2.9804403592800598e-04
3.6442781411474156e-04
4.4313906696372103e-04
5.3571544243715872e-04
6.4363117657865868e-04
7.6817586050061777e-04
9.1028423890479973e-04
1.0703032428457826e-03
1.2476794869793442e-03
1.4405469737335966e-03
1.6451907502772355e-03
1.8553578594894694e-03
2.0613817385007832e-03
2.2490807545304916e-03
2.3983853109707035e-03
2.4816414310179146e-03
2.4615315636563840e-03
2.2885460640274767e-03
1.8979312874534847e-03
1.2060326210004285e-03
1.0594372191237085e-04
-1.5376333873352700e-03
-3.8944184098062247e-03
-7.1755780289477662e-03
-1.1641853532716457e-02
-1.7612897551256158e-02
-2.5477922781509441e-02
-3.5707757855110087e-02
-4.8868392820767693e-02
-6.5636078412985049e-02
-8.6814018390731856e-02
-1.1335066201572286e-01
-1.4635956320066429e-01
-1.8714072346493624e-01
-2.3720327673895880e-01
-2.9828930514068258e-01
-3.7239849530294683e-01
-4.6181325550401875e-01
-5.6912381453108074e-01
-6.9725271481851148e-01
-8.4947799664945567e-01
-1.0294542483667237e+00
-1.2412305723106511e+00
-1.4892643906244543e+00
-1.7784298926073165e+00
-2.1140198103244048e+00
-2.5017391066262489e+00
-2.9476890750830167e+00
-3.4583402901894682e+00
-4.0404928155263580e+00
-4.7012220833178526e+00
-5.4478089078036840e+00
-6.2876521937202972e+00
-7.2281630556535070e+00
-8.2766392795683963e+00
-9.4401193387861788e+00
-1.0725215526316191e+01
-1.2137926184623968e+01
-1.3683427502833023e+01
-1.5365845906863429e+01
-1.7188012684844210e+01
-1.9151203160729068e+01
-2.1254863442197770e+01
-2.3496328511429905e+01
-2.5870536181938810e+01
-2.8369742192975284e+01
-3.0983242432096660e+01
-3.3697108943107601e+01
-3.6493946965041779e+01
-3.9352680730848043e+01
-4.2248376105727019e+01
-4.5152108337934692e+01
-4.8030883204291854e+01
-5.0847619636210482e+01
-5.3561201491117721e+01
-5.6126605473714903e+01
-5.8495111303148143e+01
-6.0614599063034255e+01
-6.2429937266010825e+01
-6.3883463525671246e+01
-6.4915557876649530e+01
-6.5465306747578708e+01
-6.5471253408219226e+01
-6.4872228427020389e+01
-6.3608251339992883e+01
-6.1621492404867418e+01
-5.8857281058816262e+01
-5.5265145579783727e+01
-5.0799866538127148e+01
-4.5422524984030176e+01
-3.9101525010800877e+01
-3.1813569423760612e+01
-2.3544566781156949e+01
-1.4290448099153377e+01
-4.0578720591493695e+00
7.1352013598428137e+00
1.9259087274520198e+01
3.2272118610200891e+01
4.6120568767527125e+01
6.0738764758007875e+01
7.6049397803666665e+01
9.1964034548311773e+01
1.0838382793809862e+02
1.2520042259305019e+02
1.4229704521321307e+02
1.5954976635245029e+02
1.7682891586075993e+02
1.9400063055230490e+02
2.1092850930581773e+02
2.2747534794401466e+02
2.4350492395422555e+02
2.5888379947509691e+02
2.7348311003849824e+02
2.8718030635773681e+02
2.9986081700819477e+02
3.1141960115029747e+02
3.2176256247050503e+02
3.3080779821799297e+02
3.3848666052717579e+02
3.4474461105679529e+02
3.4954185424711272e+02
3.5285373908907439e+02
3.5467092409530380e+02
3.5499930503936679e+02
3.5385970986389418e+02
3.5128736982770590e+02
3.4733118035260111e+02
3.4205276903561548e+02
3.3552539181975476e+02
3.2783268128670801e+02
3.1906727338824163e+02
3.0932934062578107e+02
2.9872506069708430e+02
2.8736504995041514e+02
2.7536279063577990e+02
2.6283307995157043e+02
2.4989052730316439e+02
2.3664812408021191e+02
2.2321590769694944e+02
2.0969973870844873e+02
1.9620020660594713e+02
1.8281167649905481e+02
1.6962148540598463e+02
1.5670929338566191e+02
1.4414659134442627e+02
1.3199636411325963e+02
1.2031290438968975e+02
1.0914177042987161e+02
9.8519878009295823e+01
8.8475715179141091e+01
7.9029666752950831e+01
7.0194434274345781e+01
6.1975536440335731e+01
5.4371874573107100e+01
4.7376347724715892e+01
4.0976502333154919e+01
3.5155201988165949e+01
2.9891303768572111e+01
2.5160328734773465e+01
2.0935115452734109e+01
1.7186446842127243e+01
1.3883642134642960e+01
1.0995107255093121e+01
8.4888384569615312e+00
6.3328755194402016e+00
4.4957022131108202e+00
2.9465930402449074e+00
1.6559064324779995e+00
5.9532562820535073e-01
-2.6195065519822430e-01
-9.4106489851629527e-01
-1.4654013623045514e+00
-1.8565266874793980e+00
-2.1341663293194824e+00
-2.3162124698353477e+00
-2.4187590024393986e+00
-2.4561592356955204e+00
-2.4411021053287074e+00
-2.3847028998660162e+00
-2.2966047803236580e+00
-2.1850876928965208e+00
-2.0571816226247144e+00
-1.9187815018372820e+00
-1.7747614589884566e+00
-1.6290864612105418e+00
-1.4849197590258911e+00
-1.3447248776579006e+00
-1.2103612106507220e+00
-1.0831725547479119e+00
-9.6406817700324265e-01
-8.5359622555335934e-01
-7.5200948335756035e-01
-6.5932362061923466e-01
-5.7536822789566566e-01
-4.9983101014526099e-01
-4.3229559419848052e-01
-3.7227345154436642e-01
-3.1923046741135930e-01
-2.7260869882628924e-01
-2.3184386156097503e-01
-1.9637907138455055e-01
-1.6567534098634790e-01
-1.3921930347820219e-01
-1.1652859745482912e-01
-9.7155310191256797e-02
-8.0687835164772528e-02
-6.6751460022617490e-02
-5.5007961444049666e-02
-4.5154445672788666e-02
-3.6921637975361639e-02
-3.0071791528955533e-02
-2.4396356464179834e-02
-1.9713523063696108e-02
-1.5865729696960835e-02
-1.2717205452222836e-02
-1.0151599962648266e-02
-8.0697381212854868e-03
-6.3875249091444536e-03
-5.0340156636130623e-03
-3.9496589895425156e-03
-3.0847131858324807e-03
-2.3978322999276603e-03
-1.8548145177147901e-03
-1.4275029357222564e-03
-1.0928274771456858e-03
-8.3197569204239181e-04
-6.2967989923787000e-04
-4.7360834368521910e-04
-3.5384842744318282e-04
-2.6247069781556808e-04
-1.9316316290273112e-04
-1.4092632208356467e-04
-1.0182034645841393e-04
-7.2756486170524905e-05
-5.1326118089264315e-05
-3.5661240540628875e-05
-2.4321347630844232e-05
-1.6202134135774731e-05
-1.0462256767737928e-05
-6.4648838368948826e-06
-3.7313081964266770e-06
-1.9043509490092428e-06
-7.1963245117291578e-07
1.6836037830677612e-08
4.4600083575532877e-07
6.6916514242593016e-07
7.5823693973311480e-07
7.6350200541714525e-07
7.1950867845768619e-07
6.4949523294629171e-07
5.6863072882973963e-07
4.8644165647029104e-07
4.0856849160893102e-07
3.3803793597803565e-07
2.7614839601424783e-07
2.2312976996698784e-07
1.7855595811288801e-07
1.4165835493019242e-07
1.1150740748222864e-07
8.7149878294132671e-08
6.7657215512385179e-08
5.2198477746455876e-08
4.0039337740810460e-08
3.0543561078548781e-08
2.3172567153401488e-08
1.7495011313996668e-08
1.3142820600548080e-08
9.8279949378707343e-09
7.3149721757401822e-09
5.4211703017969745e-09
3.9979130113565967e-09
2.9370513521472119e-09
2.1506686114179544e-09
1.5655746060612474e-09
1.1364636188777943e-09
8.2250363697582094e-10
5.8912295458436259e-10
4.2368046193346066e-10
3.0380371548104201e-10
2.1456722932959062e-10
1.5375500022655474e-10
1.0860457725129681e-10
7.4981100139421510e-11
5.1249590338423428e-11
3.7852455592058348e-11
2.6380035253974218e-11
1.7120033743627517e-11
1.3773568499932581e-11
7.2876171464339702e-12
5.4205873916164354e-12
3.9396438921944493e-12
3.3106999912738609e-12
-1.1776461240300610e-12
3.1771083801132754e-12
2.6957960376783604e-12
-1.5498381157322802e-12
-1.8209646997784778e-12
9.6495342618050205e-13
-1.6094424103713671e-12
-1.2099940386890181e-12
7.8603378210585506e-13
1.1585121930234987e-12
-1.2240822106515397e-12
-6.8755038604148202e-14
-1.3506673285612006e-12
1.2363926210635331e-12
2.6143119506761058e-12
1.6073223249496914e-12
-1.9273852956830507e-12
3.1017065446767492e-12
-4.2671988027441040e-13
-9.7075467046426593e-13
-3.7038405742583598e-13
2.5486299274820299e-12
-3.1715965413191532e-13
1.8434589240351254e-12
2.1575858815010835e-13
1.1366202715726649e-13
-3.8782578321065737e-13
1.1789993265319562e-12
-3.3190135170739251e-12
1.0243144160383917e-12
-3.9815458313425684e-13
-7.3292285478819324e-13
1.4943991284180110e-13
2.7456853246276761e-13
-9.2198288246511612e-13
-2.3134528785786059e-12
4.4641693345222179e-13
1.4071232660719097e-12
-1.8615381424689671e-12
-2.6927005543042795e-13
1.1587404149197681e-12
-7.9758115882860074e-13
1.9323580966971679e-13
2.6344996672677212e-12
-1.7019894675842650e-12
-5.3589771498599799e-13
-1.2739108012663063e-12
-1.6165220824777873e-12
4.3065561667858182e-13
2.4344433412427360e-12
-2.2533304930844570e-12
-5.7958075318923057e-13
6.6037091242056064e-13
-5.9755595194806993e-13
6.3950713440277934e-13
-1.0555065107563130e-12
-9.9327018209555264e-13
-2.5981127411032170e-12
-1.1454063731012483e-12
9.4461898065090584e-13
-1.0877267516409775e-12
1.8960945546999922e-12
1.5957893400545173e-12
1.5884042101100783e-13
-5.0495213601835232e-13
-1.2830717940409312e-13
-2.0470536705130411e-12
-1.3081650913892922e-12
5.3076906555336147e-13
-3.0763291160977487e-13
8.9468375886866593e-13
1.8906218494711712e-12
-4.3727375553249161e-13
-2.5014136322117225e-12
7.3730860883294156e-13
-5.5463423922863941e-13
-2.7005738447836285e-12
-6.1260563145663860e-13
2.7393643931242177e-12
-2.0647562960197475e-12
-9.2543064628622643e-13
2.8779557980491488e-13
-4.1053537076117368e-13
-1.6200822801046820e-13
-1.3002621897524500e-13
-3.6751160037247789e-13
