1.2257205174807637e-12
-2.9226086474571719e-12
1.1660429647498491e-12
1.4980961806761956e-12
8.3197937930769076e-13
4.7982635172617236e-13
-8.3149436665427594e-13
-5.0881685875257310e-13
-1.3432036169497445e-14
1.2149921350711070e-12
-5.0279360483569471e-13
1.9834165261778585e-13
1.1858157763178804e-13
-3.8972587415591387e-13
7.9983344687113966e-13
6.7189519273141144e-13
5.1705323453866630e-13
-1.3650705237364857e-12
1.4681787772661170e-12
5.8162647278965809e-13
-8.8970591892723164e-13
3.2199812603512321e-13
9.2280499984993313e-14
-1.9855467051117923e-12
1.5670726519992687e-12
1.4846054460621979e-12
-1.6267190312088534e-13
3.6069847603084198e-13
1.7251143805114097e-12
9.1817915802843928e-13
-7.6734362682250963e-13
1.4542488935303431e-13
-1.1013983825866061e-12
-1.1957417613854859e-12
1.2102599360786879e-12
1.6632970658670247e-12
1.8986255406019594e-13
8.6497853231061347e-14
1.2799980493527716e-12
-1.3029426951971378e-12
7.2648883329339976e-13
-1.8125104735519991e-13
-8.2907308798500985e-13
1.3581918505689675e-12
5.9930703267741637e-13
-1.9179210995492696e-12
-1.6941174033349961e-12
1.1622975008783583e-12
-4.8616166932924915e-13
-4.4057110714297590e-13
-1.1707829446645876e-12
-1.3886347918431644e-12
-6.7319481418596035e-14
1.0551738362619090e-12
-1.3097432888696648e-12
2.9913449981451902e-13
-8.2084350020917912e-13
-1.9914197682221513e-13
-1.6853278503441724e-12
5.4329336542842800e-13
7.0964161427017945e-13
3.8067676743123591e-13
8.0523996322989257e-13
1.1686377354464961e-12
-8.0032409189640256e-13
7.6380763305281884e-13
-9.6013303303960771e-14
-2.2418285755892276e-12
2.2289579900365278e-12
5.3630635718464793e-13
-2.1172057384303217e-12
-2.4208937405137618e-13
-8.4966782544508366e-13
-7.3959815855838376e-13
-1.5229276602157782e-12
-1.6944212316986426e-13
-1.4705641110113485e-13
1.8272413943704386e-13
3.4117912270778333e-13
-5.2794267324089035e-14
1.0587916317315719e-12
3.3974658271222410e-12
1.6040492943919778e-13
1.4158975891232035e-12
4.1017972402640399e-12
5.7377248216294331e-12
8.5078535941325769e-12
1.2853218947014629e-11
2.1065128380855913e-11
3.1688916334261091e-11
4.9169929310002628e-11
7.2958408801258554e-11
1.1218882116635568e-10
1.6853246563689847e-10
2.4954216292420574e-10
3.6808496712697508e-10
5.4606655510103630e-10
7.9668730018927106e-10
1.1594806813796582e-09
1.6807642547459686e-09
2.4266317790304773e-09
3.4860753486623697e-09
4.9920846895081410e-09
7.1185526154940098e-09
1.0112579959265950e-08
1.4314971800328621e-08
2.0193674614883445e-08
2.8382881819127283e-08
3.9760419412872239e-08
5.5518809024964097e-08
7.7270615220117946e-08
1.0720051939003397e-07
1.4826143146182371e-07
2.0441696854607334e-07
2.8099701492602217e-07
3.8510444332348950e-07
5.2622835183319557e-07
7.1697706681260265e-07
9.7405379555222029e-07
1.3195235521573816e-06
1.7824737737240951e-06
2.4011042378637366e-06
3.2254528021418610e-06
4.3208688640282411e-06
5.7724777129699974e-06
7.6907933270157651e-06
1.0218944078830729e-05
1.3541712289208519e-05
1.7897010027682293e-05
2.3590267929440681e-05
3.1012470337206242e-05
4.0662708425774970e-05
5.3176243169468496e-05
6.9359350896083590e-05
9.0232434263125920e-05
1.1708320190604871e-04
1.5153205484300526e-04
1.9561217008689483e-04
2.5186734435982252e-04
3.2347106673040227e-04
4.1437098404033414e-04
5.2946353820311628e-04
6.7480441498542047e-04
8.5786117755574909e-04
1.0878155774805445e-03
1.3759239422380868e-03
1.7359452917200815e-03
2.1846480417402883e-03
2.7424074753930280e-03
3.4339075807776299e-03
4.2889623515541256e-03
5.3434730093724660e-03
6.6405392740828406e-03
8.2317440637127235e-03
1.0178632542095821e-02
1.2554407431579304e-02
1.5445863632866487e-02
1.8955585759103857e-02
2.3204432417558107e-02
2.8334330772476497e-02
3.4511404007570648e-02
4.1929452443604055e-02
5.0813806420075436e-02
6.1425565233533153e-02
7.4066231201828509e-02
8.9082741425262332e-02
1.0687289162244544e-01
1.2789113626248957e-01
1.5265473736370780e-01
1.8175022022180981e-01
2.1584007795973356e-01
2.5566964829192940e-01
3.0207406510494106e-01
3.5598516415742298e-01
4.1843819708981889e-01
4.9057818065879277e-01
5.7366567920850264e-01
6.6908178822732067e-01
7.7833205596747590e-01
9.0304904901983307e-01
1.0449932373190403e+00
1.2060518452675872e+00
1.3882352892864782e+00
1.5936707995235404e+00
1.8245928059668151e+00
2.0833296578110128e+00
2.3722862415677173e+00
2.6939220692213617e+00
3.0507244243244194e+00
3.4451761826940142e+00
3.8797179669622466e+00
4.3567043514106452e+00
4.8783539068265620e+00
5.4466929651016134e+00
6.0634930903945614e+00
6.7302023681176193e+00
7.4478707644172584e+00
8.2170699661398086e+00
9.0378082832994355e+00
9.9094413807087438e+00
1.0830579799871533e+01
1.1798994433333444e+01
1.2811521317519251e+01
1.3863967311843370e+01
1.4951018426661951e+01
1.6066152744845756e+01
1.7201560045005220e+01
1.8348070372889200e+01
1.9495093914296330e+01
2.0630574592033661e+01
2.1740959834224931e+01
2.2811188936691689e+01
2.3824702362210484e+01
2.4763474180464776e+01
2.5608069651158296e+01
2.6337729686912880e+01
2.6930483601939159e+01
2.7363291158175908e+01
2.7612214465539765e+01
2.7652619781771694e+01
2.7459408697053398e+01
2.7007277587284438e+01
2.6271003588375613e+01
2.5225754693871181e+01
2.3847420923555969e+01
2.2112962865915062e+01
2.0000773278409330e+01
1.7491046852823789e+01
1.4566152734667881e+01
1.1211003942521696e+01
7.4134174802937594e+00
3.1644586872614187e+00
-1.5412367600958563e+00
-6.7051697835263786e+00
-1.2324720232251872e+01
-1.8392930789441994e+01
-2.4898338223912479e+01
-3.1824857199115083e+01
-3.9151721160467545e+01
-4.6853484004710154e+01
-5.4900085304360609e+01
-6.3256980831845048e+01
-7.1885339021174062e+01
-8.0742302841379171e+01
-8.9781315360053625e+01
-9.8952506072137936e+01
-1.0820313388621560e+02
-1.1747808152452303e+02
-1.2672039503060999e+02
-1.3587186111592757e+02
-1.4487361423714427e+02
-1.5366676460124927e+02
-1.6219303776375193e+02
-1.7039541613100283e+02
-1.7821877251147461e+02
-1.8561048588863613e+02
-1.9252102981141647e+02
-1.9890452421367382e+02
-2.0471924207349750e+02
-2.0992806309428914e+02
-2.1449886751534984e+02
-2.1840486421986978e+02
-2.2162484847924563e+02
-2.2414338592797532e+02
-2.2595092067528932e+02
-2.2704380679879947e+02
-2.2742426380235008e+02
-2.2710025792583048e+02
-2.2608531244122477e+02
-2.2439825123050923e+02
-2.2206288099392197e+02
-2.1910761836130939e+02
-2.1556506895786987e+02
-2.1147156609586949e+02
-2.0686667721734787e+02
-2.0179268649448409e+02
-1.9629406210440050e+02
-1.9041691663725754e+02
-1.8420846887834912e+02
-1.7771651483735266e+02
-1.7098891539566245e+02
-1.6407310732189407e+02
-1.5701564368546067e+02
-1.4986176889858569e+02
-1.4265503275912823e+02
-1.3543694697172805e+02
-1.2824668671387624e+02
-1.2112083890679841e+02
-1.1409319796745220e+02
-1.0719460897470435e+02
-1.0045285739521245e+02
-9.3892603795360131e+01
-8.7535361325500944e+01
-8.1399513209749685e+01
-7.5500367013544960e+01
-6.9850242095672783e+01
-6.4458586381175749e+01
-5.9332118415146205e+01
-5.4474990570940619e+01
-4.9888969284055463e+01
-4.5573628257935930e+01
-4.1526550732006484e+01
-3.7743537106145624e+01
-3.4218814470031916e+01
-3.0945244880226575e+01
-2.7914529552914171e+01
-2.5117406485845923e+01
-2.2543839380320758e+01
-2.0183196094371876e+01
-1.8024415213903620e+01
-1.6056159672596142e+01
-1.4266956678115088e+01
-1.2645323506645164e+01
-1.1179879006201375e+01
-9.8594408990899041e+00
-8.6731091928665212e+00
-7.6103361969092393e+00
-6.6609837978691750e+00
-5.8153687723138594e+00
-5.0642970103831209e+00
-4.3990875918012460e+00
-3.8115876972662774e+00
-3.2941793567716302e+00
-2.8397790340812539e+00
-2.4418310267507062e+00
-2.0942956257550085e+00
-1.7916329316771358e+00
-1.5287831673004653e+00
-1.3011442624275724e+00
-1.1045474178419676e+00
-9.3523128380520881e-01
-7.8981531589132647e-01
-6.6527279922437665e-01
-5.5890396255371089e-01
-4.6830953678884663e-01
-3.9136505022194368e-01
-3.2619609452429216e-01
-2.7115474270794848e-01
-2.2479725257448113e-01
-1.8586314693909725e-01
-1.5325572499082055e-01
-1.2602402742447835e-01
-1.0334625129147292e-01
-8.4514588374089455e-02
-6.8921443054632991e-02
-5.6046971837049687e-02
-4.5447876176711893e-02
-3.6747372949202439e-02
-2.9626262250952117e-02
-2.3815009873181775e-02
-1.9086761127639407e-02
-1.5251204095336311e-02
-1.2149202368317045e-02
-9.6481209195783662e-03
-7.6377725889061540e-03
-6.0269173253745039e-03
-4.7402509727560516e-03
-3.7158256135396352e-03
-2.9028482741000569e-03
-2.2598098932752443e-03
-1.7529010899715155e-03
-1.3546760267672642e-03
-1.0429296988752371e-03
-7.9975820106908502e-04
-6.1077510229606119e-04
-4.6446044272179920e-04
-3.5162191642134553e-04
-2.6495064253396127e-04
-1.9865618992572892e-04
-1.4816793762705634e-04
-1.0989155366845261e-04
-8.1011229153118370e-05
-5.9329613771110224e-05
-4.3138827784669843e-05
-3.1116861413132588e-05
-2.2244697123924155e-05
-1.5740301759269016e-05
-1.1006226094276897e-05
-7.5881732015236918e-06
-5.1424075643780698e-06
-3.4101905881274036e-06
-2.1978287055491888e-06
-1.3611593951650867e-06
-7.9355915181107794e-07
-4.1669906595194816e-07
-1.7344909968317214e-07
-2.2491959259066563e-08
6.5794291236647860e-08
1.1242536824932399e-07
1.3213256597296943e-07
1.3509908259242534e-07
1.2825295979592500e-07
1.1619663799988381e-07
1.0190514393168430e-07
8.7242782257332579e-08
7.3297789527954499e-08
6.0649603498066695e-08
4.9548890761771644e-08
4.0043020500375221e-08
3.2056563691828080e-08
2.5450630870860158e-08
2.0053199550795507e-08
1.5691839481108716e-08
1.2203116451888834e-08
9.4369736959418820e-09
7.2567183113985526e-09
5.5511119501751634e-09
4.2289932971326840e-09
3.2060195776581552e-09
2.4200581721481578e-09
1.8172828504248704e-09
1.3602335411240839e-09
1.0136847309387534e-09
7.5458489544085695e-10
5.5776074720635917e-10
4.1083381952464637e-10
3.0392991360550458e-10
2.2242879599659024e-10
1.6190917563905648e-10
1.1712512819307524e-10
8.6914112689792875e-11
6.1058154692176698e-11
4.3882972715165628e-11
3.1338640052175660e-11
2.3135623960693267e-11
1.6475416391738525e-11
1.1063350461032339e-11
8.4786995958584020e-12
4.3879159584525057e-12
5.8722705255624144e-12
3.9462180009028509e-12
2.6581415288275516e-12
8.9521666553095676e-13
1.1595598010004338e-12
-1.0181833285136398e-12
1.3104654596689343e-12
8.9073575449193956e-13
-3.1838398798699348e-13
-1.0523871948664629e-12
1.1605611506215110e-12
-1.0988572298597934e-12
7.1277883840915031e-13
6.8061666660594159e-14
-2.8086940080323822e-13
5.1082376336136269e-13
5.7574729169339514e-13
5.3085507135322312e-13
6.4635372079431750e-13
3.1865521053834521e-13
-8.2665704770466392e-14
6.8204063164408850e-13
2.1498930153211285e-12
2.3016749428690134e-13
-1.3244234801039534e-13
-8.3988611717717357e-13
5.3029912590024622e-13
4.6051519235463415e-13
1.9211659200878874e-13
5.0851994539190394e-13
-3.3473922960745433e-13
4.7801356736386112e-13
1.0147407298473848e-12
-1.6209909511803103e-12
1.3130466795327144e-13
1.9435597312369880e-12
-5.8217189082976902e-13
-1.8630536977232984e-12
4.1797218077362493e-13
3.5589194814739909e-13
5.5406612764199899e-13
-7.0763945560477316e-13
-1.4213096326612399e-13
-7.9086094413734374e-13
9.2279345381296650e-13
-4.6298417478141661e-13
-2.4103241507130670e-13
-8.9724277794882367e-13
1.9003138783709664e-12
4.7614655611737168e-13
1.2856777612702796e-12
8.8381160318310173e-13
7.3639494867621394e-13
1.8185192088113435e-14
-5.5213152177784956e-13
-1.3126221248213095e-12
-2.7547658961448852e-13
1.2117028941801953e-12
-6.4760700562491085e-13
-4.7145119104821043e-14
-1.0121830763565260e-13
1.7841751903603157e-13
1.1494825912010378e-13
-1.1233950521583975e-13
-7.8234078271907946e-13
-1.4396743405434525e-12
2.0581961411891496e-12
5.0452001402407045e-13
-8.9235719220353045e-13
1.0981472926073990e-12
3.7647139118591434e-13
1.5148277907398295e-13
-3.9516501152262832e-13
-1.0710229936629957e-12
-4.9431177673912811e-13
1.4091003062746659e-12
-1.4315183985527320e-13
7.0233355245500756e-13
-2.8277323667475629e-13
1.6640227065415090e-12
6.1875719766096242e-13
-1.8746923042748190e-12
6.6951237438918427e-13
