0.0000000000000000e+00
-8.5570861509316174e-15
1.7139277998762486e-14
2.5746461162952972e-14
3.4378520380171144e-14
1.7214135802590935e-14
2.5858400759773648e-14
1.2947740397343012e-14
1.2966221575944058e-14
2.1641072646693711e-14
2.6006012213178782e-14
1.3021308805406650e-14
4.3465171196446461e-14
8.7051556282464265e-15
1.9613782097481251e-14
1.3093914903479550e-14
3.2779784088247498e-14
3.2824626513341161e-14
4.8208326806186016e-14
4.8273639248531461e-14
6.5916438693789745e-14
2.9702192534225142e-14
4.1858893102321673e-14
3.7502446273224410e-14
5.4119083911329025e-14
4.9766567213441191e-14
5.0939063532157438e-14
2.7165912757037805e-14
5.2181709933662477e-14
1.8342721091691098e-14
2.3931768155415786e-14
1.6717881150077502e-14
3.6547027913553357e-14
5.3074058061358784e-14
8.5304825195270409e-14
8.2050943793098415e-14
1.2953802682108352e-13
1.2183764935160520e-13
1.2226852068029525e-13
1.4971585357638573e-13
1.7356604481246049e-13
2.4881563967617628e-13
3.4571058874479851e-13
4.8751483765620110e-13
7.2478132302260609e-13
1.0260988217268142e-12
1.4927156688013624e-12
2.1638450115412462e-12
3.1107329065269026e-12
4.4994916903890745e-12
6.5004062361429900e-12
9.3621569583767240e-12
1.3441970839115064e-11
1.9222235980707128e-11
2.7496764762058646e-11
3.9234870094192294e-11
5.5855539633605516e-11
7.9399957902766024e-11
1.1259234504281007e-10
1.5935268280021554e-10
2.2505899564093417e-10
3.1715290219417296e-10
4.4602856296301860e-10
6.2594095181747049e-10
8.7659686026871275e-10
1.2250600930724760e-09
1.7084495654722147e-09
2.3775798826729757e-09
3.3018513538518788e-09
4.5757913934773074e-09
6.3279751329271890e-09
8.7328106134934122e-09
1.2026302477829780e-08
1.6527209921600411e-08
2.2665006965604596e-08
3.1017082812336399e-08
4.2357948452508775e-08
5.7724195905031140e-08
7.8499984417381854e-08
1.0652954674857014e-07
1.4426447100808015e-07
1.9495641884979321e-07
2.6290841161201336e-07
3.5380193717784186e-07
4.7512148591798463e-07
6.3670450175376890e-07
8.5145160448445182e-07
1.1362418695806802e-06
1.5131096446866797e-06
2.0107533114058292e-06
2.6664654173567703e-06
3.5285957115125822e-06
4.6596857462904182e-06
6.1404489951123780e-06
8.0748118008319276e-06
1.0596280930217199e-05
1.3875968261007402e-05
1.8132676258144625e-05
2.3645543193512859e-05
3.0769855676609581e-05
3.9956772446419872e-05
5.1777862511443454e-05
6.6955554702909228e-05
8.6400823808318071e-05
1.1125971196545283e-04
1.4297060529627146e-04
1.8333456698750231e-04
2.3460147330935164e-04
2.9957522203109718e-04
3.8174189166235241e-04
4.8542543599052379e-04
6.1597631610892762e-04
7.7999941261269203e-04
9.8562863836848882e-04
1.2428569028596112e-03
1.5639314755746011e-03
1.9638263754663491e-03
2.4608051870494245e-03
3.0770896908292305e-03
3.8396519021643536e-03
4.7811495542578923e-03
5.9410277423840550e-03
7.3668123723278885e-03
9.1156242263684666e-03
1.1255945866457642e-02
1.3869677224629258e-02
1.7054519560449795e-02
2.0926731463991675e-02
2.5624304704686074e-02
3.1310611914436293e-02
3.8178582275180561e-02
4.6455465468426847e-02
5.6408248029582116e-02
6.8349789807291880e-02
8.2645751312937998e-02
9.9722385187652571e-02
1.2007526662784813e-01
1.4427903818376697e-01
1.7299824364896271e-01
2.0699932354388451e-01
2.4716384069527478e-01
2.9450299835139498e-01
3.5017350485714194e-01
4.1549482785885655e-01
4.9196786702339251e-01
5.8129505706801887e-01
6.8540189224877635e-01
8.0645983912257491e-01
9.4691057619825159e-01
1.1094914668981546e+00
1.2972621360023460e+00
1.5136319794655000e+00
1.7623883932963653e+00
2.0477254592992296e+00
2.3742727742416965e+00
2.7471240549164597e+00
3.1718650952353951e+00
3.6546005937089832e+00
4.2019793113664541e+00
4.8212169624589878e+00
5.5201161844230446e+00
6.3070828809725263e+00
7.1911381843952498e+00
8.1819252418253861e+00
9.2897099972338069e+00
1.0525375117969897e+01
1.1900406203797003e+01
1.3426869419369114e+01
1.5117379709837122e+01
1.6985058795481986e+01
1.9043482196518163e+01
2.1306614614855377e+01
2.3788733096718104e+01
2.6504337519342641e+01
2.9468048086824322e+01
3.2694489684454702e+01
3.6198163126927248e+01
3.9993303542408526e+01
4.4093726359891669e+01
4.8512661609066093e+01
5.3262577497141955e+01
5.8354994492013539e+01
6.3800291411609251e+01
6.9607505290465213e+01
7.5784127061198049e+01
8.2335895344941861e+01
8.9266590884937926e+01
9.6577834375105155e+01
1.0426889062427591e+02
1.1233648215063397e+02
1.2077461541373971e+02
1.2957442295775959e+02
1.3872402475408194e+02
1.4820841199006020e+02
1.5800935644972620e+02
1.6810534846953968e+02
1.7847156622631613e+02
1.8907987882543520e+02
1.9989888530664564e+02
2.1089399127506178e+02
2.2202752440055335e+02
2.3325888951535038e+02
2.4454476348441315e+02
2.5583932943435173e+02
2.6709454931398318e+02
2.7826047313358896e+02
2.8928558260198929e+02
3.0011716626269038e+02
3.1070172263492344e+02
3.2098538730479606e+02
3.3091437939818417e+02
3.4043546241207804e+02
3.4949641399569606e+02
3.5804649896654695e+02
3.6603693962814788e+02
3.7342137733206374e+02
3.8015631920231692e+02
3.8620156401801512e+02
3.9152060143118172e+02
3.9608097897998556e+02
3.9985463173942384e+02
4.0281816992643928e+02
4.0495312033682183e+02
4.0624611812752659e+02
4.0668904615900169e+02
4.0627911986505046e+02
4.0501891640878222e+02
4.0291634769755677e+02
3.9998457765222872e+02
3.9624188494094284e+02
3.9171147317995144e+02
3.8642123135858475e+02
3.8040344794873550e+02
3.7369448279821631e+02
3.6633440147084724e+02
3.5836657717452346e+02
3.4983726580408563e+02
3.4079515991293272e+02
3.3129092761243345e+02
3.2137674247999706e+02
3.1110581053596417e+02
3.0053190022921166e+02
2.8970888115642555e+02
2.7869027693711655e+02
2.6752883728394613e+02
2.5627613385551024e+02
2.4498218396719835e+02
2.3369510567673944e+02
2.2246080716672924e+02
2.1132271272921079e+02
2.0032152702959584e+02
1.8949503870089967e+02
1.7887796370584641e+02
1.6850182831452480e+02
1.5839489098853846e+02
1.4858210194745834e+02
1.3908509872697357e+02
1.2992223562621476e+02
1.2110864458859383e+02
1.1265632476903690e+02
1.0457425781211337e+02
9.6868545700356563e+01
8.9542567928815487e+01
8.2597154718193423e+01
7.6030772991399587e+01
6.9839721902663470e+01
6.4018334819504773e+01
5.8559184810227094e+01
5.3453290877219537e+01
4.8690322392992698e+01
4.4258799435244782e+01
4.0146286973128035e+01
3.6339581123234233e+01
3.2824885964934104e+01
2.9587979675287940e+01
2.6614369008987939e+01
2.3889431404444466e+01
2.1398544239526242e+01
1.9127200986565235e+01
1.7061114223622273e+01
1.5186305645870538e+01
1.3489183386078173e+01
1.1956607095899592e+01
1.0575941359871909e+01
9.3350981119751602e+00
8.2225688010708424e+00
7.2274471075470155e+00
6.3394430504154018e+00
5.5488893434909006e+00
4.8467408628668025e+00
4.2245680775089989e+00
3.6745452723147136e+00
3.1894343603083462e+00
2.7625650396307919e+00
2.3878120034026802e+00
2.0595698580930897e+00
1.7727263502553778e+00
1.5226344438294410e+00
1.3050837319101376e+00
1.1162716090601703e+00
9.5277457384285102e-01
8.1151997705551948e-01
6.8975847978840821e-01
5.8503743740571579e-01
4.9517538119918908e-01
4.1823772902602957e-01
3.5251381983822461e-01
2.9649533465921651e-01
2.4885613821112906e-01
2.0843355091783300e-01
1.7421104022003578e-01
1.4530230282247825e-01
1.2093669538814908e-01
1.0044596003262558e-01
8.3252182458944265e-02
6.8856914425182769e-02
5.6831388162024626e-02
4.6807748078197292e-02
3.8471224340401053e-02
3.1553173445199062e-02
2.5824912474268102e-02
2.1092276142331216e-02
1.7190828806737932e-02
1.3981667151962458e-02
1.1347753136303731e-02
9.1907208701254607e-03
7.4281052743247330e-03
5.9909445580023021e-03
4.8217126785958207e-03
3.8725419531904460e-03
3.1036998258832846e-03
2.4822874354333206e-03
1.9811310418174906e-03
1.5778405512222118e-03
1.2540123126459548e-03
9.9455605234093623e-04
7.8712826046829895e-04
6.2165656245324202e-04
4.8994160056636273e-04
3.8532473406275355e-04
3.0241145293003337e-04
2.3684180316639356e-04
1.8510035841855506e-04
1.4435935640404863e-04
1.1234956401895893e-04
8.7254256533644264e-05
6.7622407761844429e-05
5.2297799332603604e-05
4.0361284116596747e-05
3.1083886409904482e-05
2.3888805148328470e-05
1.8320710797578691e-05
1.4020999946095526e-05
1.0707903063193091e-05
8.1605353734272599e-06
6.2061411477377395e-06
4.7099188146877521e-06
3.5669250218338388e-06
2.6956487836577644e-06
2.0329252453386142e-06
1.5299184851820634e-06
1.1489574547026072e-06
8.6105001495955317e-07
6.4393434063415805e-07
4.8055550960780339e-07
3.5787747080438257e-07
2.6595851482937913e-07
1.9723421041966430e-07
1.4596187230173998e-07
1.0779172095199110e-07
7.9436503508429563e-08
5.8417578118958609e-08
4.2870231275315636e-08
3.1394772476276804e-08
2.2942852220255259e-08
1.6731162268481073e-08
1.2175701005487966e-08
8.8419888020338556e-09
6.4075862509441694e-09
4.6337169000518546e-09
3.3438663151334935e-09
2.4080558673810408e-09
1.7304748357958915e-09
1.2409594775036810e-09
8.8804048372486454e-10
6.3415263073069553e-10
4.5190630108118467e-10
3.2134580472531028e-10
2.2801808287520431e-10
1.6146995137472938e-10
1.1408823712599678e-10
8.0443635510335897e-11
5.6588063772033413e-11
3.9723442285368150e-11
2.7812951207951832e-11
1.9441944833445295e-11
1.3542557015462184e-11
9.4352274517103976e-12
6.5437422777172764e-12
4.5291085977182177e-12
3.1198352705547789e-12
2.1479343864563843e-12
1.4609316089333487e-12
9.8528163102828909e-13
6.6023048644090517e-13
4.4453209094869381e-13
2.9091659020191387e-13
1.6474867751801240e-13
8.9037126884314152e-14
1.2382514205565737e-14
-2.8669860021586471e-14
-6.7937122449512570e-14
-9.3087932693938816e-14
-9.4652624580434350e-14
-8.2228257729211483e-14
-1.0167872175965578e-13
-8.5648378392831143e-14
-8.8604770095410766e-14
-8.0143595683252880e-14
-1.0338624615316801e-13
-7.4941817457919507e-14
-6.2647921256025960e-14
-6.7549627727426145e-14
-4.9766567213441191e-14
-2.8716248606011319e-14
-2.2060262513661414e-14
-2.8640295280535885e-14
-2.9702192534225142e-14
-2.6366575477515899e-14
-1.3165537976872218e-14
0.0000000000000000e+00
0.0000000000000000e+00
2.1853189392164998e-15
1.0911595752899625e-14
1.5255163853596528e-14
0.0000000000000000e+00
-1.3039551358933939e-14
0.0000000000000000e+00
0.0000000000000000e+00
-8.6564290586774845e-15
-1.2966221575944058e-14
-1.7263653863124014e-14
-3.4477867679698195e-14
-2.5821203703886401e-14
-4.2973150475213930e-14
-5.1492922325905944e-14
-1.7139277998762486e-14
-2.5671258452794851e-14
-1.7088990793527940e-14
-3.4127467833723359e-14
-4.2596005289511481e-14
-4.2532489587797517e-14
-5.9456304321317678e-14
-6.7847846471779418e-14
-3.3872669149950654e-14
-5.0731904518168467e-14
-5.0654588579599090e-14
-5.0577057257488330e-14
-5.0499311902301190e-14
-6.7228471822210977e-14
-5.0343184505296684e-14
-6.7019740233375320e-14
-5.0186217234716347e-14
-6.6809896060273026e-14
-8.3380701615518504e-14
-6.6598953829028801e-14
-6.6493075492273866e-14
-4.9790196080075602e-14
-8.2850641874417174e-14
-9.9260750249927217e-14
-9.9100334909553372e-14
-9.8939526979077587e-14
-1.3170443895026238e-13
-9.8616744367828277e-14
-9.8454775205031997e-14
-9.8292424487932630e-14
-6.5419796655427910e-14
-1.3062211928024074e-13
-6.5202073794267343e-14
-1.3018568193587907e-13
-9.7475044519487563e-14
-1.2974728356602183e-13
-9.7145518699897281e-14
-9.6980215380975035e-14
-9.6814555505460391e-14
-9.6648541863352461e-14
-6.4321451497907642e-14
-9.6315464450331354e-14
-6.4098937513441727e-14
-6.3987337003156675e-14
-6.3875509969553745e-14
-7.9704322850880489e-14
-6.3651183805845542e-14
-6.3538688415328346e-14
-7.9282467475708668e-14
-1.1079782415447771e-13
-7.8999869336220150e-14
-7.8858168924787388e-14
-7.8716204077129840e-14
-6.2859181710561007e-14
-7.8431490453901676e-14
-4.6973247822608334e-14
-4.6887448342284003e-14
-4.6801497240382965e-14
-4.6715395926335851e-14
-6.2172194413268197e-14
-4.6542748301377367e-14
-6.1941606414753744e-14
-3.0913011166486903e-14
-5.3996466449700606e-14
-3.0797141705300254e-14
-4.6108599249920650e-14
