1.2115767968852583e-13
4.8543067673293992e-13
1.0973535440003090e-12
2.0196046711311671e-12
-1.0786756249592958e-12
7.8549749488636704e-13
-3.1826954618730636e-13
1.2662257016673250e-13
1.6033370568654087e-12
-7.5604769709412822e-13
8.1307168625015448e-13
7.7556971486590622e-13
-4.5780508464384212e-13
9.5507022967620510e-13
8.5131771877429959e-13
1.2216845816816362e-13
-1.1647625858780479e-12
-1.4989880967413938e-13
6.8870411973650299e-13
-1.0440829871419098e-12
-1.7921881675365792e-12
3.1704084728612039e-13
-2.0094141417033845e-12
-8.2538829684854931e-13
-1.4633783192487554e-12
-2.1701246382113200e-13
6.3341420462612645e-13
7.9088008866499000e-13
-4.5897644736848745e-13
1.3689523881017669e-14
3.7240489586107615e-13
-1.4807039741319517e-12
5.6564967162988643e-14
8.3314597083012289e-13
-4.8819633966475366e-13
-6.2093760099104498e-13
1.9503052856021533e-12
-2.3772428202248565e-12
-1.3017086226518956e-14
1.1340527425443588e-13
-2.4823991535484961e-12
-2.9634632805138854e-13
-1.2444294534618127e-12
-1.3508883042170380e-12
-1.5021894979491721e-12
-4.2297526519643849e-12
-3.5068601639579163e-12
-5.0948042593579384e-12
-8.0044044522858339e-12
-1.0202517081865744e-11
-1.7205893517112117e-11
-1.9361060914718994e-11
-2.7297812476821080e-11
-4.2193802435164782e-11
-5.5773289456923032e-11
-7.3103174486657479e-11
-1.0212448288858421e-10
-1.3528059907426514e-10
-1.7821563548596416e-10
-2.3383694134603829e-10
-3.0396622744514080e-10
-3.8894011152018077e-10
-4.8866099993894017e-10
-6.0104699701157107e-10
-7.2160167059511516e-10
-8.4292849115755727e-10
-9.3530223565300449e-10
-9.6315984607379711e-10
-8.7094758158673833e-10
-5.5642847067973228e-10
1.2431789046178986e-10
1.3892366896145566e-09
3.5639799757838516e-09
7.1272177261818941e-09
1.2753007881084357e-08
2.1414317555506373e-08
3.4472510750870074e-08
5.3823168905706343e-08
8.2079531448982371e-08
1.2283738309261711e-07
1.8095408691948207e-07
2.6298801618239039e-07
3.7770559890378440e-07
5.3673255833223547e-07
7.5537118189027532e-07
1.0536423769300796e-06
1.4574896793676059e-06
2.0003288373441970e-06
2.7248436842050826e-06
3.6851133413390339e-06
4.9491018396458806e-06
6.6014971326711139e-06
8.7468172798306161e-06
1.1512832469567787e-05
1.5054032707019253e-05
1.9555063780215662e-05
2.5233651769886479e-05
3.2342684988674563e-05
4.1170656967582136e-05
5.2039550050261890e-05
6.5298924748818059e-05
8.1314436228946128e-05
1.0044862768307881e-04
1.2303112871778679e-04
1.4931459019347073e-04
1.7941183617442000e-04
2.1320861018722702e-04
2.5024496322662877e-04
2.8955691777970266e-04
3.2946843420572798e-04
3.6732178288537761e-04
3.9913251608760024e-04
4.1915310081056320e-04
4.1932703011886003e-04
3.8861318282687110e-04
3.1215803200560123e-04
1.7029164692649115e-04
-6.2677985136890666e-05
-4.1989819084427586e-04
-9.4365811556415514e-04
-1.6873522723011662e-03
-2.7177416120025633e-03
-4.1175267729496659e-03
-5.9882400547086930e-03
-8.4534509170555040e-03
-1.1662264438836795e-02
-1.5793072480392037e-02
-2.1057492357002168e-02
-2.7704397430895287e-02
-3.6023907709709896e-02
-4.6351165513701477e-02
-5.9069671932230977e-02
-7.4613903614485097e-02
-9.3470867212258460e-02
-1.1618018071572069e-01
-1.4333219877535830e-01
-1.7556362360329603e-01
-2.1354996732944700e-01
-2.5799415780604162e-01
-3.0961051175321530e-01
-3.6910324061391975e-01
-4.3713861081259398e-01
-5.1430985632300952e-01
-6.0109394393485494e-01
-6.9779932677149181e-01
-8.0450389635077024e-01
-9.2098246442948117e-01
-1.0466232801721309e+00
-1.1803333214389755e+00
-1.3204323968398413e+00
-1.4645364611686515e+00
-1.6094309834635605e+00
-1.7509357130949841e+00
-1.8837627631964566e+00
-2.0013705648679845e+00
-2.0958169308662433e+00
-2.1576151895736442e+00
-2.1755980907451899e+00
-2.1367949213596953e+00
-2.0263279759470509e+00
-1.8273351699734630e+00
-1.5209261330468440e+00
-1.0861795332365134e+00
-5.0018962585185800e-01
2.6182995041811086e-01
1.2263773287287327e+00
2.4214212284122256e+00
3.8760809646944026e+00
5.6202223632610213e+00
7.6839658236519508e+00
1.0097104678041859e+01
1.2888434255951740e+01
1.6084994670558920e+01
1.9711233252908066e+01
2.3788095723666434e+01
2.8332058539357689e+01
3.3354118295679811e+01
3.8858757512958128e+01
4.4842909453979026e+01
5.1294947705605537e+01
5.8193728959986650e+01
6.5507719620479094e+01
7.3194238396791604e+01
8.1198847812683979e+01
8.9454927411404057e+01
9.7883460309185423e+01
1.0639306254081960e+02
1.1488028131707266e+02
1.2323018386084561e+02
1.3131725293315890e+02
1.3900659857026773e+02
1.4615548803889439e+02
1.5261518773219322e+02
1.5823310186735290e+02
1.6285518363949029e+02
1.6632858519801539e+02
1.6850450373013959e+02
1.6924117236556518e+02
1.6840693686851981e+02
1.6588335246336095e+02
1.6156822993894426e+02
1.5537855665603925e+02
1.4725321646380348e+02
1.3715543298745109e+02
1.2507486339203727e+02
1.1102927460101193e+02
9.5065741025177971e+01
7.7261312033174178e+01
5.7723108489146917e+01
3.6587820442928638e+01
1.4020592163058717e+01
-9.7867042270407119e+00
-3.4617789640339112e+01
-6.0234860888741721e+01
-8.6381987675061694e+01
-1.1278896146957850e+02
-1.3917552097142070e+02
-1.6525586758238481e+02
-1.9074337521482053e+02
-2.1535539213752926e+02
-2.3881802867941457e+02
-2.6087082361880965e+02
-2.8127118405263923e+02
-2.9979849843319516e+02
-3.1625783015373412e+02
-3.3048310933762446e+02
-3.4233975303401542e+02
-3.5172665846623676e+02
-3.5857752987628942e+02
-3.6286151637339816e+02
-3.6458315551226144e+02
-3.6378163457261064e+02
-3.6052939817101350e+02
-3.5493014641892728e+02
-3.4711628190292060e+02
-3.3724587591574732e+02
-3.2549923429418942e+02
-3.1207515068377393e+02
-2.9718693990094147e+02
-2.8105834623770426e+02
-2.6391942107861877e+02
-2.4600246118535119e+02
-2.2753809363904759e+02
-2.0875158597067818e+02
-1.8985945076798831e+02
-1.7106640338017226e+02
-1.5256271963306111e+02
-1.3452202811715756e+02
-1.1709955901786194e+02
-1.0043085900567930e+02
-8.4630969753181574e+01
-6.9794056515745623e+01
-5.5993463179729495e+01
-4.3282161467018696e+01
-3.1693554754594551e+01
-2.1242591328171617e+01
-1.1927137889088572e+01
-3.7295617658926368e+00
3.3815305120261918e+00
9.4494499456995804e+00
1.4527526766608881e+01
1.8677203610903529e+01
2.1966162554322313e+01
2.4466523521674414e+01
2.6253146171585854e+01
2.7402061613112384e+01
2.7989054436213344e+01
2.8088409717532301e+01
2.7771834061674536e+01
2.7107554496027600e+01
2.6159594269545455e+01
2.4987220399712303e+01
2.3644554227065399e+01
2.2180333306861048e+01
2.0637810701797338e+01
1.9054776124993154e+01
1.7463682386735929e+01
1.5891860174082602e+01
1.4361804279589538e+01
1.2891514925254281e+01
1.1494878727287334e+01
1.0182075040217171e+01
8.9599948305181325e+00
7.8326607887986306e+00
6.8016390289403903e+00
5.8664343831733365e+00
5.0248629315025415e+00
4.2733969596933550e+00
3.6074789865383807e+00
3.0218028134034141e+00
2.5105607085816177e+00
2.0676568359325498e+00
1.6868878682794364e+00
1.3620923931305280e+00
1.0872712292170970e+00
8.5668113739614560e-01
6.6490464338323996e-01
5.0689880719990432e-01
3.7802579276800974e-01
2.7406802710888356e-01
1.9123060909265582e-01
1.2613344816967959e-01
7.5795398816768181e-02
3.7612419271036840e-02
9.3315349211958287e-03
-1.0977862615988874e-02
-2.4954093140359429e-02
-3.3973585183666478e-02
-3.9180749811926249e-02
-4.1516681315620287e-02
-4.1746207175337460e-02
-4.0482958770769337e-02
-3.8212261112073195e-02
-3.5311745052957755e-02
-3.2069670282792978e-02
-2.8701013835597963e-02
-2.5361428716534382e-02
-2.2159212796259920e-02
-1.9165451132821202e-02
-1.6422507996267315e-02
-1.3951049373279291e-02
-1.1755774748248978e-02
-9.8300302067710899e-03
-8.1594643736410781e-03
-6.7248758926564747e-03
-5.5043869384336129e-03
-4.4750624877498025e-03
-3.6140802247814187e-03
-2.8995417350829275e-03
-2.3110022460925759e-03
-1.8297837043123987e-03
-1.4391249321011722e-03
-1.1242127601139721e-03
-8.7212919539982276e-04
-6.7174253782406937e-04
-5.1356389060412092e-04
-3.8958542084044758e-04
-2.9311232674878910e-04
-2.1859711604722544e-04
-1.6148197457225855e-04
-1.1805292115089254e-04
-8.5307808771422136e-05
-6.0838998561846962e-05
-4.2730718113741979e-05
-2.9470476269086172e-05
-1.9873596884060486e-05
-1.3019566015265291e-05
-8.1990194284797285e-06
-4.8699496359309226e-06
-2.6218786143812385e-06
-1.1468825495618269e-06
-2.1626317333181883e-07
3.3797877017817936e-07
6.3777688845849097e-07
7.7042903856726681e-07
7.9747851160893470e-07
7.6151298262181378e-07
6.9135312302594394e-07
6.0594068945816520e-07
5.1726079046002801e-07
4.3246412917369950e-07
3.5543875871614191e-07
2.8794298821231496e-07
2.3034571352681816e-07
1.8222138764182635e-07
1.4270660351150837e-07
1.1073202354627989e-07
8.5185393705486053e-08
6.5007256941065817e-08
4.9230555947975987e-08
3.7009907587783908e-08
2.7627230707809914e-08
2.0479407271698085e-08
1.5079345639048632e-08
1.1029587982186050e-08
8.0167359879515272e-09
5.7839037436365167e-09
4.1492359864049760e-09
2.9569807526727207e-09
2.0922289836166040e-09
1.4695575900306692e-09
1.0264321557421294e-09
7.1057078441873175e-10
4.8622342405600707e-10
3.3052153022694688e-10
2.2223759867524619e-10
1.4951139475912314e-10
9.8752636759032218e-11
6.3433233284792061e-11
4.0142702904013729e-11
2.5653436468039163e-11
1.5195409145107276e-11
7.6417713838490066e-12
5.8800694611280387e-12
3.4783466490793222e-12
1.9260101501944960e-12
5.2798520571374272e-13
1.2689651936159980e-12
-3.3866451445599167e-13
-7.7265603703357070e-13
-1.0223247556217530e-13
1.9905108870111605e-13
3.2181311120819556e-13
2.0266205235515413e-12
1.8478131111933888e-12
5.9816551671529938e-13
1.4535712055068971e-12
-1.0037291969785652e-12
3.7598096390281585e-13
-6.9359385942436778e-13
4.4236652805826199e-13
-2.7689218308442052e-12
1.6470820577879592e-12
5.3233169129443527e-13
6.1345033429926074e-13
-6.8110157830998462e-13
1.8225080313944048e-12
-3.7335547170089362e-13
-3.9330201264950876e-13
2.1940263423231960e-12
1.3779252661157721e-12
-6.0576202364751910e-14
1.1617169145839748e-12
-6.1078089686186473e-13
-8.1353579171952803e-14
1.1868077306864400e-12
-5.0199916215262040e-13
-5.3687878258717597e-13
1.4129530222115361e-12
-6.7069253400368344e-13
4.4238552827951303e-13
-1.7026047946492089e-12
3.4848709968421815e-13
-5.5392834002722387e-13
2.6007145432880795e-12
-1.3843708774166938e-12
1.5579177538712083e-12
-9.9657655603063135e-13
8.4760543339346887e-13
-1.0713169304631470e-12
6.0363790975441069e-13
1.7701390554073780e-12
-2.0487688174383467e-12
7.2295818277320447e-13
1.0387820087380584e-12
-1.2011596695814231e-12
3.5871902598861458e-13
1.2976025378188810e-12
-1.1862325294081565e-12
-1.4116506699449444e-13
6.3341039221714249e-13
1.2601105045077076e-13
-4.7872079321930197e-14
4.7374392188127484e-13
-8.6204692656633878e-13
5.5985452091158749e-13
6.5743664066218835e-13
5.6120562504297006e-13
-1.4361975430397827e-12
1.0101904906072022e-12
2.9163433192475826e-13
5.5084393947651945e-13
-1.7610767908381105e-13
1.0421053954096356e-12
-6.7047805302013946e-14
-4.4255830130361515e-13
-1.6674200107524917e-12
-3.0796595170060986e-13
1.2182832917743704e-12
7.8134049680931766e-13
-7.7130299830109075e-13
3.9310345069522787e-13
4.1798598818762420e-13
2.8664694588631268e-13
-2.2996441181821395e-12
-4.7641831458316420e-14
-1.1117839705387545e-12
-1.6271940688926291e-12
7.3202310815723532e-14
-1.5163902622978558e-12
-4.8577071256751343e-13
1.7352721803790306e-13
3.8055714373815402e-13
-1.3924867583987191e-13
-7.5482844917746616e-13
1.0016846335688490e-13
-2.1642169362334008e-13
-1.2978040451566801e-12
2.7085630219321820e-13
1.7400354325207818e-13
-1.2574453798589613e-12
1.4884530958433883e-12
-1.3346509462706573e-12
4.0607831892554279e-13
1.9500132414212440e-12
5.0528115779654321e-13
-4.8969208638818575e-13
7.5675942592888997e-13
-8.1947229157789366e-14
4.7236328023623381e-13
-1.5898581848818627e-12
5.2853922710346774e-13
1.4295650670808286e-12
1.8259374596216885e-12
1.5029494202140063e-12
6.6093897824182321e-14
-2.3117553107529861e-13
5.9532870593486045e-13
-5.8879410816219207e-13
-7.9007060570182667e-13
2.3555893685106560e-13
7.4988602075586499e-13
