7.5409637485460536e-03
9.5504419879381425e-03
1.1783521180131486e-02
1.4289505642668439e-02
1.7124074874662127e-02
2.0351544712540304e-02
2.4031020228758911e-02
2.8229839975663900e-02
3.3022997994323920e-02
3.8492812185759874e-02
4.4732342759972420e-02
5.1854418490623118e-02
5.9983397374263905e-02
6.9248544079244051e-02
7.9791829236731421e-02
9.1767558438349300e-02
1.0535118811646664e-01
1.2073868412542778e-01
1.3813785365934195e-01
1.5777706037133091e-01
1.7991119358275573e-01
2.0481627935468064e-01
2.3279180711944092e-01
2.6415911541085008e-01
2.9926061266824916e-01
3.3846327268095489e-01
3.8215785393028640e-01
4.3075925138359877e-01
4.8470866466560092e-01
5.4447278027941026e-01
6.1054646956077008e-01
6.8345331266390419e-01
7.6373979469630149e-01
8.5197784599164561e-01
9.4876377129312039e-01
1.0547116516707391e+00
1.1704510452868730e+00
1.2966142201743063e+00
1.4338373675270615e+00
1.5827680239318727e+00
1.7440473711495250e+00
1.9183004548669202e+00
2.1061360154967783e+00
2.3081378300970212e+00
2.5248551334152345e+00
2.7567886345008179e+00
3.0043789800300420e+00
3.2679934522613125e+00
3.5479130467159403e+00
3.8443235552993125e+00
4.1573017923903173e+00
4.4868050579062846e+00
4.8326479207697188e+00
5.1944801475724933e+00
5.5717733811635854e+00
5.9638046968469514e+00
6.3696432251406749e+00
6.7881349951076020e+00
7.2178864487091179e+00
7.6572445106260041e+00
8.1042775343343845e+00
8.5567617637343059e+00
9.0121670725373662e+00
9.4676527379932658e+00
9.9200555374533685e+00
1.0365870141542064e+01
1.0801252128731994e+01
1.1222020341869527e+01
1.1623649244863939e+01
1.2001271908476770e+01
1.2349685825211180e+01
1.2663359304693916e+01
1.2936444259568475e+01
1.3162796437895519e+01
1.3336000185512290e+01
1.3449393067847399e+01
1.3496097004648609e+01
1.3469049313859710e+01
1.3361047680997316e+01
1.3164798715263171e+01
1.2872959487620090e+01
1.2478185236342494e+01
1.1973187952712079e+01
1.1350794423460060e+01
1.0604008090361265e+01
9.7260694335878863e+00
8.7105232807223203e+00
7.5512863080548360e+00
6.2427171756298314e+00
4.7796878405765737e+00
3.1576524343508341e+00
1.3727235589637730e+00
-5.7826871676613367e-01
-2.6977252147535964e+00
-4.9872050760894426e+00
-7.4473684109316913e+00
-1.0077932428444267e+01
-1.2877625738877308e+01
-1.5844145523989280e+01
-1.8974125643288016e+01
-2.2263115801193941e+01
-2.5705561157502601e+01
-2.9294795758865824e+01
-3.3023051518722667e+01
-3.6881469749742926e+01
-4.0860119456026815e+01
-4.4948027407449011e+01
-4.9133220148872070e+01
-5.3402772244423872e+01
-5.7742867566509481e+01
-6.2138875768367051e+01
-6.6575429595429654e+01
-7.1036501450947469e+01
-7.5505506189972593e+01
-7.9965405912593823e+01
-8.4398810530950200e+01
-8.8788089587175378e+01
-9.3115492691835357e+01
-9.7363263770486157e+01
-1.0151375570236191e+02
-1.0554956255658190e+02
-1.0945364696555598e+02
-1.1320945229465092e+02
-1.1680102093561624e+02
-1.2021309885643404e+02
-1.2343124992353810e+02
-1.2644196863964892e+02
-1.2923276074544006e+02
-1.3179222499779078e+02
-1.3411013950174001e+02
-1.3617752771253794e+02
-1.3798672352665167e+02
-1.3953141022945138e+02
-1.4080664463786161e+02
-1.4180889563358653e+02
-1.4253605929183024e+02
-1.4298745181462664e+02
-1.4316380029874915e+02
-1.4306721608224908e+02
-1.4270117108544233e+02
-1.4207046217305080e+02
-1.4118114747549006e+02
-1.4004048288773652e+02
-1.3865685474729000e+02
-1.3703970177731642e+02
-1.3519942368472974e+02
-1.3314729688037207e+02
-1.3089538636707297e+02
-1.2845643757499644e+02
-1.2584377501142598e+02
-1.2307120714851352e+02
-1.2015292061565337e+02
-1.1710337465080566e+02
-1.1393719677583692e+02
-1.1066908543521578e+02
-1.0731370973839444e+02
-1.0388561903932097e+02
-1.0039915967861776e+02
-9.6868391561175059e+01
-9.3307004115818287e+01
-8.9728248075829370e+01
-8.6144870963294537e+01
-8.2569056988073825e+01
-7.9012376176865359e+01
-7.5485748867545155e+01
-7.1999404195665122e+01
-6.8562841838935555e+01
-6.5184822572065698e+01
-6.1873358549632087e+01
-5.8635694472941651e+01
-5.5478307575861074e+01
-5.2406909435202145e+01
-4.9426455617960251e+01
-4.6541162561164761e+01
-4.3754529324163293e+01
-4.1069362604201331e+01
-3.8487804530813079e+01
-3.6011362964775230e+01
-3.3640942512791675e+01
-3.1376885540873605e+01
-2.9219012938769747e+01
-2.7166654889756483e+01
-2.5218688500184538e+01
-2.3373581958281349e+01
-2.1629434829026447e+01
-1.9984019275607444e+01
-1.8434815547455663e+01
-1.6979050906133001e+01
-1.5613740053027451e+01
-1.4335722777037635e+01
-1.3141698436437897e+01
-1.2028257973439862e+01
-1.0991920267559575e+01
-1.0029153528045038e+01
-9.1363929745669985e+00
-8.3100769596747881e+00
-7.5466680860718398e+00
-6.8426656151826704e+00
-6.1946243799812990e+00
-5.5991703476430956e+00
-5.0530191225367593e+00
-4.5529879953005530e+00
-4.0960033509275844e+00
-3.6791071689744914e+00
-3.2994590775328576e+00
-2.9543414814635760e+00
-2.6411601029209093e+00
-2.3574549567530179e+00
-2.1009037394217733e+00
-1.8693165405621290e+00
-1.6606330498925976e+00
-1.4729169773395285e+00
-1.3043528763302248e+00
-1.1532460916369771e+00
-1.0180202092054129e+00
-8.9721458549465904e-01
-7.8947845092703128e-01
-6.9356648868761162e-01
-6.0832572007427788e-01
-5.3269599652467592e-01
-4.6571445192307720e-01
-4.0649785424056351e-01
-3.5423239503307047e-01
-3.0817868565063222e-01
-2.6766470407518961e-01
-2.3208516149482664e-01
-2.0089543518613470e-01
-1.7360231767410544e-01
-1.4976279808644369e-01
-1.2898049060632968e-01
-1.1089846745514226e-01
-9.5197042550038524e-02
-8.1588533505542696e-02
-6.9813393067344937e-02
-5.9640351540036586e-02
-5.0862267892186272e-02
-4.3293991489653870e-02
-3.6772584715075329e-02
-3.1153902922795008e-02
-2.6316566478826266e-02
-2.2155752046351330e-02
-1.8572821503119293e-02
-1.5483538990252716e-02
-1.2817784936348260e-02
-1.0510979144284921e-02
-8.5040392841981092e-03
-6.7361828463487388e-03
-5.1528755271940431e-03
-3.7125141413612119e-03
-2.3760873078471100e-03
-1.1053368716166061e-03
1.3777217812029820e-04
1.3908606537018176e-03
2.7056896396897585e-03
4.1342050761098165e-03
5.7339208777261305e-03
