-9.8792452551819905e-13
-7.0448724339908749e-15
-1.0113130322284872e-13
-6.1709740851661996e-13
6.7303840773796597e-13
-8.0657460911602711e-14
-1.0099706070783304e-12
6.8765185163154970e-13
-9.6021655882939629e-13
-1.6656842518606307e-13
-1.0009974149397724e-12
1.0889909414858947e-12
2.6703230151066357e-13
1.8144085186923473e-12
-4.0157790153898189e-13
-2.5345069274667472e-14
-1.0714788784896068e-12
1.1382285744638107e-12
-6.2713371894848286e-13
-4.3032634609214828e-13
-6.3945578801219047e-13
9.2218145962683141e-13
-1.4767193237469304e-12
9.2791332783113604e-13
-7.7783740001862132e-13
7.4236095148657697e-13
5.9757035472509865e-13
-5.8260141957808410e-13
-1.8662676330705037e-12
6.6017396263657012e-14
-3.3196452854771526e-13
-1.2216975901202840e-13
-3.7836676449695100e-13
4.5886419389154565e-13
-1.0950750812569567e-13
-4.7062609648916331e-13
-9.3011285938043756e-13
-1.3813251273865721e-12
-1.5941723012126213e-12
9.5667986254206609e-13
-6.1279183054325657e-13
7.1370883787350409e-13
1.1867355110245684e-12
2.0226102770616648e-13
1.7895233417624479e-13
1.0731461308158000e-12
2.3755163776388028e-13
5.6392045075571546e-13
-2.0382143513024390e-13
-1.0472025406525101e-13
2.1661873691374038e-13
9.2507629905236789e-13
-1.6294657001438105e-13
-7.0759528937179950e-13
2.3582819598344080e-13
8.3365111352660588e-13
-2.7429443187653551e-13
1.1960473715624112e-13
5.9707650875359866e-13
4.1129875018531386e-13
-7.4638980384246498e-13
-5.5624700602121223e-13
2.4794071873106750e-13
5.6721829750906262e-13
1.0916770068786723e-12
-9.3210024153066773e-13
-8.5520267142041100e-13
4.8874001809099293e-13
-1.2908977759330646e-12
-2.1681443765151031e-12
-1.4482831538729466e-12
-2.6881213499680978e-12
-3.1352462975572180e-12
-4.3403899514386378e-12
-4.9622318155616436e-12
-6.4502900440309480e-12
-9.6296722770055065e-12
-1.3591390906711071e-11
-1.9408612035614760e-11
-2.3611545469295476e-11
-3.2062238110253634e-11
-4.1300779539645303e-11
-5.0129686831296565e-11
-6.4695083600681557e-11
-7.9516358418448834e-11
-9.4278226687672925e-11
-1.0595170645166399e-10
-1.1596236017347826e-10
-1.1347677012690676e-10
-8.6849215267727599e-11
-2.6997775056139287e-11
9.5644097459914978e-11
3.1657862224791296e-10
6.9263267713630792e-10
1.3063037961205776e-09
2.2782458644499635e-09
3.7835123488983677e-09
6.0749693563995398e-09
9.5130924972240715e-09
1.4600097475149398e-08
2.2055634617627535e-08
3.2868784108672003e-08
4.8418342996776455e-08
7.0606909186220781e-08
1.0203246829422398e-07
1.4624465622303507e-07
2.0805147975874467e-07
2.9393131915326892e-07
4.1258090421916014e-07
5.7560886639214652e-07
7.9843363945889630e-07
1.1014381712406607e-06
1.5114323405723275e-06
2.0635280804415562e-06
2.8034667511217954e-06
3.7905764857318677e-06
5.1014287213180197e-06
6.8343831970727467e-06
9.1151692775746524e-06
1.2103746091773526e-05
1.6002592039138028e-05
2.1066734199818598e-05
2.7615757903565623e-05
3.6048036380875801e-05
4.6857521821875521e-05
6.0653277543324149e-05
7.8182005402419402e-05
1.0035370807264828e-04
1.2827049123389131e-04
1.6325835207866852e-04
2.0690155684702235e-04
2.6107885452260137e-04
3.2800031153007794e-04
4.1024295629167460e-04
5.1078261754609596e-04
6.3301835312328306e-04
7.8078456908684478e-04
9.5834447008433287e-04
1.1703563650815260e-03
1.4218022515882168e-03
1.7178651363001654e-03
2.0637382815362013e-03
2.4643456791647454e-03
2.9239484853080121e-03
3.4456068991012283e-03
4.0304610526943644e-03
4.6767877459018802e-03
5.3787824285927519e-03
6.1250076173993140e-03
6.8964402134584742e-03
7.6640406722664313e-03
8.3857572691476059e-03
9.0028688110389311e-03
9.4355591317728579e-03
9.5776074789609734e-03
9.2900703381424837e-03
8.3938233434413465e-03
6.6608268729972421e-03
3.8039770567547381e-03
-5.3459460184059331e-04
-6.7969034814375842e-03
-1.5524294642128365e-02
-2.7374526300178659e-02
-4.3140827803277604e-02
-6.3772970668115020e-02
-9.0400345960107459e-02
-1.2435698511497617e-01
-1.6720839305153171e-01
-2.2077998175593849e-01
-2.8718679877976749e-01
-3.6886413840562871e-01
-4.6859850373681089e-01
-5.8955825681855967e-01
-7.3532315229899703e-01
-9.0991180024939733e-01
-1.1178059487262648e+00
-1.3639703194807486e+00
-1.6538665760585813e+00
-1.9934598569972493e+00
-2.3892161744309535e+00
-2.8480888665079385e+00
-3.3774922084812351e+00
-3.9852602396285053e+00
-4.6795888598363842e+00
-5.4689592989518836e+00
-6.3620411720339014e+00
-7.3675735120821875e+00
-8.4942224255502907e+00
-9.7504143503876843e+00
-1.1144144315648697e+01
-1.2682759107633263e+01
-1.4372715839548665e+01
-1.6219317096456610e+01
-1.8226424578444352e+01
-2.0396153982244435e+01
-2.2728554731842312e+01
-2.5221279074368201e+01
-2.7869245978171506e+01
-3.0664306180914149e+01
-3.3594915609477106e+01
-3.6645825200255700e+01
-3.9797795856020386e+01
-4.3027347850548026e+01
-4.6306554401308084e+01
-4.9602889340862724e+01
-5.2879138798869690e+01
-5.6093386531244114e+01
-5.9199081978678848e+01
-6.2145199286485997e+01
-6.4876494362214018e+01
-6.7333865585103254e+01
-6.9454822020356048e+01
-7.1174060948930887e+01
-7.2424154228157263e+01
-7.3136340488705656e+01
-7.3241417497650716e+01
-7.2670726234148276e+01
-7.1357215400235432e+01
-6.9236572298635238e+01
-6.6248403331379009e+01
-6.2337444890374798e+01
-5.7454783207130561e+01
-5.1559059885435310e+01
-4.4617638434989665e+01
-3.6607706225775452e+01
-2.7517285951799842e+01
-1.7346130975817832e+01
-6.1064798557517399e+00
6.1763530567880389e+00
1.9463571808390103e+01
3.3702695807811040e+01
4.8827574072144820e+01
6.4758627265304355e+01
8.1403323592310500e+01
9.8656889817001485e+01
1.1640325363887727e+02
1.3451620852043871e+02
1.5286078693258355e+02
1.7129482301847531e+02
1.8967068100305283e+02
2.0783712142842560e+02
2.2564127359937285e+02
2.4293067958950490e+02
2.5955537288303947e+02
2.7536995328520794e+02
2.9023561917925633e+02
3.0402211856862579e+02
3.1660958162227456e+02
3.2789019961548468e+02
3.3776971817937545e+02
3.4616871656560261e+02
3.5302364910270296e+02
3.5828763005163927e+02
3.6193094852911923e+02
3.6394130591470315e+02
3.6432377404113777e+02
3.6310047833322534e+02
3.6031001575746313e+02
3.5600662282784606e+02
3.5025911384876900e+02
3.4314961394492468e+02
3.3477211512962515e+02
3.2523088661748881e+02
3.1463877273787585e+02
3.0311541311891898e+02
2.9078542028044393e+02
2.7777654941251046e+02
2.6421789396312516e+02
2.5023813877307282e+02
2.3596389995440614e+02
2.2151817760452531e+02
2.0701894388412961e+02
1.9257788507625639e+02
1.7829931210205419e+02
1.6427924971365016e+02
1.5060471032950528e+02
1.3735315433113385e+02
1.2459213470037827e+02
1.1237912023106986e+02
1.0076148827137349e+02
8.9776675102254529e+01
7.9452469676570530e+01
6.9807434559512984e+01
6.0851436535936543e+01
5.2586268480658696e+01
4.5006343706730725e+01
3.8099444085304491e+01
3.1847503729387363e+01
2.6227410904957711e+01
2.1211812022599489e+01
1.6769903013173423e+01
1.2868195041694536e+01
9.4712433050074019e+00
6.5423295323299397e+00
4.0440907083736199e+00
1.9390884163257376e+00
1.9031500769425413e-01
-1.2383654905570625e+00
-2.3818422550662040e+00
-3.2734474506689604e+00
-3.9447088146747125e+00
-4.4251618992864374e+00
-4.7422179883497959e+00
-4.9210830542868225e+00
-4.9847226557317867e+00
-4.9538673852255375e+00
-4.8470533449304636e+00
-4.6806921397852044e+00
-4.4691650129306133e+00
-4.2249359883707109e+00
-3.9586792102179267e+00
-3.6794160573425332e+00
-3.3946580478150441e+00
-3.1105520120478398e+00
-2.8320244910141734e+00
-2.5629227926197724e+00
-2.3061506034884220e+00
-2.0637964949645249e+00
-1.8372540738235164e+00
-1.6273329038521853e+00
-1.4343596605247515e+00
-1.2582692751308258e+00
-1.0986860763724084e+00
-9.5499514692205689e-01
-8.2640428176000269e-01
-7.1199706639900973e-01
-6.1077768965056012e-01
-5.2170817083773391e-01
-4.4373871921583613e-01
-3.7583195746912706e-01
-3.1698173565822352e-01
-2.6622724034576128e-01
-2.2266306952502501e-01
-1.8544590046712894e-01
-1.5379832754728262e-01
-1.2701039330089173e-01
-1.0443928001145467e-01
-8.5507573442915222e-02
-6.9700455889570440e-02
-5.6562133809952446e-02
-4.5691756914938618e-02
-3.6739040938889272e-02
-2.9399766101753533e-02
-2.3411287446068112e-02
-1.8548161883416379e-02
-1.4617969689029885e-02
-1.1457385259548286e-02
-8.9285328026260762e-03
-6.9156469863937116e-03
-5.3220459654902165e-03
-4.0674145254953791e-03
-3.0853875259298932e-03
-2.3214185886571014e-03
-1.7309152354084453e-03
-1.2776194092798776e-03
-9.3221119731294458e-04
-6.7111332031736235e-04
-4.7547439568824425e-04
-3.3030984153157287e-04
-2.2378065758562251e-04
-1.4659176011462476e-04
-9.1493158201868950e-05
-5.2868968705466553e-05
-2.6400914573004011e-05
-8.7944558445768419e-06
2.4426287761453084e-06
9.1781700924417260e-06
1.2797668285996137e-05
1.4316922430368283e-05
1.4470749406661744e-05
1.3782348931058873e-05
1.2617178467277950e-05
1.1224382685771509e-05
9.7684795069247454e-06
8.3533087770826748e-06
7.0399878328791493e-06
5.8602074924965035e-06
4.8259706670268108e-06
3.9366212021188889e-06
3.1838149223177687e-06
2.5549895685393931e-06
2.0357062116757566e-06
1.6111806481222870e-06
1.2672342363571540e-06
9.9084008554937449e-07
7.7038727236562120e-07
5.9577089747256896e-07
4.5836010809214925e-07
3.5088669857134985e-07
2.6731670891992480e-07
2.0269215401356598e-07
1.5298699025084183e-07
1.1495063561146520e-07
8.5989890510074601e-08
6.4043197618014998e-08
4.7494136927896250e-08
3.5071707626863144e-08
2.5788278498352160e-08
1.8882435816467363e-08
1.3769115843282046e-08
9.9977574097204542e-09
7.2288885174500936e-09
5.2041198179918185e-09
3.7312677567707345e-09
2.6650722469301856e-09
1.8938639353786016e-09
1.3403996717131283e-09
9.4358163571682139e-10
6.6298720614915308e-10
4.6372302495785924e-10
3.2130849661504183e-10
2.2187324647616472e-10
1.5385000287192354e-10
1.0369433588383101e-10
7.0732088692807372e-11
4.7413293024763760e-11
3.2384690033900041e-11
2.1210061729911255e-11
1.4660246111767143e-11
9.5623334891184278e-12
6.5394222235669695e-12
3.9367195988440793e-12
3.2593607796706353e-12
5.8108376138688110e-13
1.4901694844940705e-12
4.9032846856599009e-13
6.6401164614376704e-13
-1.0774605257481036e-13
1.4830272275064942e-12
-6.6195017906115663e-13
-1.4555658337322350e-13
-3.2665015023154278e-13
-4.8333455496495889e-13
-5.6474011105019759e-13
2.8939242795150758e-13
-9.4509481329542233e-13
-1.0301299307349136e-12
5.6805328651658309e-13
7.5548567333834642e-14
-3.4017599886508348e-14
-5.4417736777084313e-13
8.6626279699022661e-15
-3.0901611569773172e-13
2.8802331051975881e-13
-2.5659271217494869e-13
-9.8689175476204168e-13
1.1509239841495189e-12
8.5537414756401731e-13
3.7151754960333425e-13
-2.5769926453789121e-12
-8.4429508580095682e-14
-4.9612266675353066e-13
-6.9435970126939479e-13
-1.0574343472213586e-13
1.0556875302808968e-12
2.5935818138374141e-13
6.5192688654516079e-13
-1.1016269466044156e-12
1.3239463428970548e-13
9.3513497178310239e-13
7.7864684467340772e-13
-8.7359250477868565e-13
1.5114052141907422e-13
1.1636350389271526e-12
3.6287081415368471e-13
3.0708877258296104e-13
-5.3163985727910998e-13
-5.5768036766938457e-13
2.2430915685853142e-13
6.6314108935743645e-13
-1.2180692340283727e-12
-2.1380959668799444e-12
-5.9820666486196903e-13
-4.0701232377562217e-13
2.5902915611657020e-13
-8.0964811255036220e-13
-1.1545906877482645e-12
-1.6283652861934233e-13
-3.5391143669088238e-13
-4.4816854441297987e-13
-2.9416000702209417e-13
1.5128951827173045e-13
1.9881083478068442e-13
-1.3443834389127041e-12
-4.0753226708504949e-13
9.1215050708442571e-13
-6.8606765397789993e-13
7.3154607913837017e-13
6.6771641538137871e-13
-9.9191544289998798e-13
-7.8954601957213284e-13
-8.7377226771754705e-13
2.5795670800784661e-13
-3.0780491171592721e-13
1.1283796620324417e-12
-1.2736003782372961e-12
4.8189268145034281e-13
-5.1108672257404458e-13
9.4293722903995257e-13
-7.2304176179725193e-13
-1.5229828481081162e-12
-2.2912227189438622e-13
-1.4307263050013153e-12
5.8379282091500025e-13
2.0273409601552355e-13
-2.7957192988105132e-13
-1.1954971346626924e-12
3.0708818714880803e-13
-3.6647434410074148e-13
4.6389988504795344e-13
-1.3188467415902160e-12
-7.2963684562764022e-13
