1.1407982480938814e-12
9.0495081689536629e-14
1.9441296341712567e-12
4.3997577126589976e-13
-8.6364704244137924e-13
-3.4137910239559789e-13
-1.7762967053974744e-12
-2.3977368070729015e-13
-1.1203947064891434e-12
-3.4899626657220535e-13
8.8276840161654767e-13
7.3726212060620535e-13
2.5658845143316042e-12
1.2269413173970764e-12
-1.2671983880069185e-12
4.9274565858574915e-13
-1.2745330376386868e-12
1.5860959326728209e-12
1.8072774739796888e-12
2.3878653875715444e-12
8.6426730516510918e-14
-2.2198994022808026e-12
-1.4572109589099775e-12
-5.3947502447189546e-13
1.3074763974451407e-12
-1.2911149291787112e-12
9.3365964809329061e-13
-1.8770239940558582e-12
1.4447888479748814e-12
-1.2340623218473110e-12
-1.8020389435075810e-12
2.5152464321316461e-13
-6.6637137223780534e-13
-2.8498046731715800e-12
-1.4287631470765002e-12
-5.4029765417713079e-12
-9.0468391616908164e-12
-1.4641694686072837e-11
-2.1466611081699042e-11
-3.6272640473350668e-11
-5.3809541330616200e-11
-8.5574196657788202e-11
-1.2709811961010912e-10
-1.9027938862564247e-10
-2.8123552799202340e-10
-4.1759908109278238e-10
-6.1025218924602825e-10
-8.8461844045040953e-10
-1.2729236218018365e-09
-1.8227401199438873e-09
-2.5933872414244484e-09
-3.6729283653445610e-09
-5.1700533517328629e-09
-7.2348785439476370e-09
-1.0075351250668421e-08
-1.3956589665565069e-08
-1.9225042021186840e-08
-2.6347231961193849e-08
-3.5916149640523787e-08
-4.8701239562894885e-08
-6.5688186134712092e-08
-8.8126313485933592e-08
-1.1758312055244656e-07
-1.5601753351044743e-07
-2.0582864424897561e-07
-2.6995062037263312e-07
-3.5189731358448022e-07
-4.5581678622808739e-07
-5.8650403115989380e-07
-7.4936897260004436e-07
-9.5030940072714362e-07
-1.1954439498019139e-06
-1.4906654381649509e-06
-1.8408998449380973e-06
-2.2489562070858409e-06
-2.7138228010114216e-06
-3.2281968545031017e-06
-3.7749724218381261e-06
-4.3223476293740582e-06
-4.8170960917314311e-06
-5.1754309040227715e-06
-5.2707795196955770e-06
-4.9175381147569712e-06
-3.8497186972312376e-06
-1.6931629513161605e-06
2.0703535177547762e-06
8.1490922581487484e-06
1.7499746693916353e-05
3.1401092246828062e-05
5.1546150691552773e-05
8.0156660591819469e-05
1.2012422975501878e-04
1.7518309473748539e-04
2.5011997448080609e-04
3.5102705345051101e-04
4.8560462447829291e-04
6.6352019126675419e-04
8.9683105075950332e-04
1.2004772580132574e-03
1.5928512990129578e-03
2.0964499612452455e-03
2.7386122000862341e-03
3.5523444068718108e-03
4.5772312009495567e-03
5.8604252757886045e-03
7.4577039740914121e-03
9.4345726083575106e-03
1.1867385304859772e-02
1.4844442427945331e-02
1.8467009838707533e-02
2.2850188822904922e-02
2.8123546175106207e-02
3.4431391974716875e-02
4.1932567541444379e-02
5.0799578249363785e-02
6.1216875335119068e-02
7.3378058203063784e-02
8.7481734045475726e-02
1.0372573622559149e-01
1.2229936736896141e-01
1.4337329905928761e-01
1.6708672877513417e-01
1.9353136853699085e-01
2.2273182038905018e-01
2.5462188425849624e-01
2.8901634652416475e-01
3.2557781592815582e-01
3.6377821035663765e-01
4.0285455710374241e-01
4.4175885353935301e-01
4.7910184795917937e-01
5.1309074451809933e-01
5.4146101412735115e-01
5.6140270639174972e-01
5.6948190690872769e-01
5.6155826956078314e-01
5.3269987224902304e-01
4.7709699424043484e-01
3.8797678847312261e-01
2.5752121557989593e-01
7.6791008939115432e-02
-1.6434115927385110e-01
-4.7724475664903104e-01
-8.7456880571582729e-01
-1.3702584230257795e+00
-1.9795460324564047e+00
-2.7189126536852641e+00
-3.6060146258578838e+00
-4.6595712146493664e+00
-5.8992087876426051e+00
-7.3452576463205448e+00
-9.0184981882146502e+00
-1.0939853851476808e+01
-1.3130029272787221e+01
-1.5609093269701004e+01
-1.8396007634174442e+01
-2.1508104282238314e+01
-2.4960515024470183e+01
-2.8765560073229413e+01
-3.2932103347179307e+01
-3.7464884624539934e+01
-4.2363840578966467e+01
-4.7623428643673257e+01
-5.3231969422801853e+01
-5.9171024932039337e+01
-6.5414831228967500e+01
-7.1929804913755476e+01
-7.8674143472002342e+01
-8.5597539428281962e+01
-9.2641027725403603e+01
-9.9736984595637438e+01
-1.0680929441665985e+02
-1.1377369863315955e+02
-1.2053833778273136e+02
-1.2700449401836632e+02
-1.3306753732056620e+02
-1.3861807391188859e+02
-1.4354329032078286e+02
-1.4772848120509528e+02
-1.5105874357371914e+02
-1.5342081458658615e+02
-1.5470502483105466e+02
-1.5480733403462119e+02
-1.5363141175093958e+02
-1.5109072181393717e+02
-1.4711056645075604e+02
-1.4163004401787489e+02
-1.3460387349520715e+02
-1.2600403923121294e+02
-1.1582121103744682e+02
-1.0406589760643438e+02
-9.0769295357542461e+01
-7.5983800145271474e+01
-5.9783155697963217e+01
-4.2262220056757968e+01
-2.3536339484900616e+01
-3.7403281117067508e+00
1.6972939263385069e+01
3.8434304503908322e+01
6.0460447769115611e+01
8.2856318882279680e+01
1.0541783580945778e+02
1.2793480047433141e+02
1.5019397611849527e+02
1.7198226572581095e+02
1.9308992781855008e+02
2.1331376431353738e+02
2.3246021516202509e+02
2.5034829620212153e+02
2.6681231998959976e+02
2.8170434425500468e+02
2.9489629892759001e+02
3.0628175019226745e+02
3.1577726858933249e+02
3.2332337748454790e+02
3.2888506806171165e+02
3.3245187704318732e+02
3.3403753334239730e+02
3.3367918952020011e+02
3.3143626299124742e+02
3.2738892016905385e+02
3.2163624394000448e+02
3.1429413084547735e+02
3.0549296899620657e+02
2.9537515095776598e+02
2.8409247758887875e+02
2.7180350909066556e+02
2.5867091838247154e+02
2.4485889944803893e+02
2.3053067961939735e+02
2.1584618004066260e+02
2.0095986295941753e+02
1.8601879822666311e+02
1.7116097465437198e+02
1.5651387489188997e+02
1.4219332544480827e+02
1.2830262656730585e+02
1.1493196019069707e+02
1.0215806796460393e+02
9.0044186017187286e+01
7.8640218292376616e+01
6.7983126373432114e+01
5.8097510600899554e+01
4.8996355058893570e+01
4.0681907628750878e+01
3.3146665761411455e+01
2.6374438844441567e+01
2.0341458964726051e+01
1.5017513406070288e+01
1.0367074275226837e+01
6.3504031165081907e+00
2.9246111481370320e+00
4.4658727621650803e-02
-2.3357192716959232e+00
-4.2631724088086980e+00
-5.7839851789043379e+00
-6.9434234491689768e+00
-7.7851785587385667e+00
-8.3509084301610947e+00
-8.6798729485321253e+00
-8.8086590898047650e+00
-8.7709898316581132e+00
-8.5976097589139631e+00
-8.3162394704469449e+00
-7.9515903882631527e+00
-7.5254313372199757e+00
-7.0566982763823791e+00
-6.5616387875733730e+00
-6.0539833286155602e+00
-5.5451358026330828e+00
-5.0443766465365973e+00
-4.5590723679365421e+00
-4.0948862303393003e+00
-3.6559855736619382e+00
-3.2452420374092910e+00
-2.8644217069733613e+00
-2.5143629129945997e+00
-2.1951400672445218e+00
-1.9062125071101705e+00
-1.6465578385277815e+00
-1.4147897119397868e+00
-1.2092603370514323e+00
-1.0281483422986910e+00
-8.6953281752212119e-01
-7.3145454894804152e-01
-6.1196557000822427e-01
-5.0916821677970503e-01
-4.2124489979532614e-01
-3.4647979168665044e-01
-2.8327358940244207e-01
-2.3015244716773769e-01
-1.8577209730560162e-01
-1.4891808655852196e-01
-1.1850295936166051e-01
-9.3561121403635136e-02
-7.3242019053766844e-02
-5.6802176342020373e-02
-4.3596542364237732e-02
-3.3069519937180124e-02
-2.4745972131179628e-02
-1.8222437109410402e-02
-1.3158723728015988e-02
-9.2700109421217664e-03
-6.3195319335207865e-03
-4.1118893847129209e-03
-2.4870205190818816e-03
-1.3148084462290227e-03
-4.9031975804056816e-04
7.0363879028708211e-05
4.3376059922752437e-04
6.5209552131976838e-04
7.6594836417721911e-04
8.0649034700241507e-04
7.9735825781764144e-04
7.5621119500316099e-04
6.9601280290528520e-04
6.2607820949142580e-04
5.5292123875837445e-04
4.8093359062594974e-04
4.1292403901800102e-04
3.5054201061963291e-04
2.9460658094735754e-04
2.4535882529100165e-04
2.0265271862338920e-04
1.6609715425369440e-04
1.3515969131869618e-04
1.0924049261680366e-04
8.7723517058710382e-05
7.0010483748936771e-05
5.5542116553887111e-05
4.3810080789074089e-05
3.4362343866311646e-05
2.6804052522187069e-05
2.0795406823061140e-05
1.6047720482459823e-05
1.2318524720457161e-05
9.4062043912884191e-06
7.1446815510849016e-06
5.3983055830770301e-06
4.0571741470399192e-06
3.0328811751461922e-06
2.2548547091545693e-06
1.6671260714118138e-06
1.2255931843329159e-06
8.9573940742184344e-07
6.5070736056720289e-07
4.6973135972591287e-07
3.3685917140454164e-07
2.3989033431744069e-07
1.6957797374584975e-07
1.1891569487886834e-07
8.2679058137748065e-08
5.6937035450656610e-08
3.8794777206777633e-08
2.6119690727527327e-08
1.7340996071585846e-08
1.1324238504388029e-08
7.2476688953128697e-09
4.5157812531333381e-09
2.7213008404378363e-09
1.5614697670873724e-09
8.2729614257770582e-10
3.7475823303865603e-10
1.1035877333306907e-10
-3.4804797044097065e-11
-1.0806320211587207e-10
-1.4076721272863638e-10
-1.3948521982498544e-10
-1.2911051844898680e-10
-1.1224861950128799e-10
-9.4578465403162335e-11
-7.9920569111927262e-11
-6.2860880277181445e-11
-4.7864799846488399e-11
-3.7144993566589633e-11
-2.9351225207674398e-11
-1.8030058741684300e-11
-1.6223290838521749e-11
-1.3063818708176203e-11
-9.7594557370270870e-12
-5.2312830785173845e-12
-5.1460859949722941e-12
-2.5216896431100117e-12
-2.2195966177683828e-12
-5.2059415430504562e-13
-2.5194666304495447e-12
9.0541615770196915e-14
-1.8473819083712027e-12
1.0537519368177050e-12
8.7391165100882794e-13
-9.6784184418011059e-13
-2.0191357493214475e-12
5.2863723055436067e-13
5.4823948680470976e-13
-1.3639014824174543e-12
-1.5256701477376897e-12
9.8132772155170897e-14
-1.5176447439574217e-12
2.2245190820489442e-12
-1.2072733931373303e-12
-1.0277425985136759e-12
-3.3490683492950462e-13
-2.4802040844636675e-13
-1.9678382319507874e-12
1.5779954128419541e-12
-7.1370795982427098e-13
-1.1686969840665529e-12
-2.2040490650501493e-13
1.0881415397914290e-12
-1.4585620500503350e-12
-4.2233731786997915e-13
-1.3000237748076705e-12
4.1684007942813613e-13
-3.8112565922737944e-13
-4.4534492791856468e-13
-6.3950330567116584e-14
-6.5474782989270443e-13
1.4275175446675957e-12
-9.4848411754798719e-13
-1.5843136431505396e-12
7.2971074246009267e-13
-3.8417368284772502e-13
-8.9453664582702288e-13
2.3347861107549213e-12
-2.8471742977661771e-13
9.3958907340655158e-15
2.9472819220131672e-13
-2.6284757538795693e-12
-1.8957881091287197e-12
5.1542525658412628e-13
-1.1055131623437636e-12
-1.0589903245234235e-12
1.6104592750704103e-12
1.3864139255627171e-12
-1.3104756366020429e-12
-2.4641855658065568e-12
-4.0170450343488777e-14
-2.8304138789161453e-12
-2.3589101307393133e-12
1.1201913901708865e-12
-5.8125118280524823e-13
2.5987883909706808e-14
2.0874305900855603e-12
-9.2463078855650666e-13
1.0159410174665406e-12
5.3317812173716899e-13
-1.2055321224135387e-12
-1.4771961142531962e-12
-2.2132944788823214e-13
3.7591804053477896e-13
-2.0829176718927825e-12
8.5547260705344469e-13
2.5382369347381220e-12
9.1430927357967248e-13
1.3758075726496462e-12
3.2517835632813161e-13
-7.1928610005935680e-13
7.9319788356906010e-13
-6.1930232401363884e-13
6.7315119532106236e-13
1.0507431029590197e-12
1.2693423059199265e-12
5.0909495953742996e-13
9.7690541465260451e-14
3.6203540840366833e-14
-9.6164100539608915e-14
-1.4784931027678357e-12
-1.2628041728681591e-12
1.3636465523077380e-12
-1.4854055760680389e-12
-1.3013455520923556e-13
2.4069046266000287e-13
-2.6709625962593194e-13
1.0341589662387557e-12
-7.6383415938726066e-13
-1.0827289000992440e-12
1.1095768509472648e-12
-1.8538817067042867e-13
-1.4081952376275422e-12
5.8790616638620082e-13
-2.3630120260782345e-13
-2.2934632242639333e-12
-1.8277785406646598e-12
1.6245822228796196e-12
3.0514123512905794e-12
-2.5999815061321080e-12
-9.2749941450563197e-13
-1.1987803554894758e-12
-1.1472324872369329e-12
9.3299875753130383e-13
5.6050502212801706e-13
-1.4509432647020569e-13
6.3361757881499050e-13
-1.6382262492872773e-12
5.3487058566863571e-13
-1.0091695715692147e-12
3.3218461705294392e-12
-2.0775702452106410e-12
-5.3552119266848892e-13
-4.5738291354983829e-13
5.8350662327741220e-13
5.0652123235596002e-13
1.0503036291836386e-12
5.3419092791988496e-13
1.8000828029530499e-12
1.1623318180184882e-12
2.2934642701573089e-12
8.0692822440482917e-13
6.7249682008571041e-14
-2.6183353258726239e-13
-1.8868744800359359e-12
-1.2777830433503035e-12
