-1.4376288617467074e-12
-1.3003830362459295e-12
-5.4859012759754843e-13
1.0382024147547947e-13
-3.3034600709878441e-13
-2.9340215610340010e-12
6.2742723739889141e-13
7.5522213835174875e-13
-5.6642789989296214e-13
1.7730625563665789e-12
-6.8423476320521790e-14
-1.5129423892171688e-12
-6.6353108688715956e-13
3.8650509215177950e-13
-2.7343434183671159e-12
2.0843597689943680e-13
-3.5887265586215759e-13
-1.6874362907328525e-12
-2.5182954433283207e-12
-3.9478863738028358e-12
-5.0614861939494661e-12
-6.6837168721839556e-12
-1.1524343354486504e-11
-1.9691163497681944e-11
-2.7006149243935423e-11
-3.3968842436684773e-11
-5.4933805609743604e-11
-7.8126821278167889e-11
-1.1150569848775320e-10
-1.5711345911539702e-10
-2.2753569408708514e-10
-3.2289650881509666e-10
-4.5921638311494391e-10
-6.5220517719278733e-10
-9.2303911484746835e-10
-1.3051129176732309e-09
-1.8354527128945816e-09
-2.5757704967227537e-09
-3.6077622097418507e-09
-5.0403449570946453e-09
-7.0217544852402791e-09
-9.7550860127112775e-09
-1.3520831102229293e-08
-1.8691477847981867e-08
-2.5770835189911368e-08
-3.5444056456402204e-08
-4.8624782690171310e-08
-6.6534580579503221e-08
-9.0817514844386350e-08
-1.2364772523925772e-07
-1.6792197683198250e-07
-2.2748211893824455e-07
-3.0738922971429591e-07
-4.1432811992340698e-07
-5.5707227731649857e-07
-7.4711879073102076e-07
-9.9949728391988552e-07
-1.3337910518747327e-06
-1.7754481464498060e-06
-2.3574508352417245e-06
-3.1224247182336515e-06
-4.1253068526444362e-06
-5.4366871186935049e-06
-7.1470510014513552e-06
-9.3720163513742470e-06
-1.2258924215385325e-05
-1.5994991532991508e-05
-2.0817442213134479e-05
-2.7025963116996708e-05
-3.4998089940451692e-05
-4.5208027060640829e-05
-5.8249648684340134e-05
-7.4864501158393613e-05
-9.5975776832054279e-05
-1.2272933701917789e-04
-1.5654312225299888e-04
-1.9916640199377767e-04
-2.5275051505709104e-04
-3.1993304446818223e-04
-4.0393753707070176e-04
-5.0869108206632175e-04
-6.3896244134496087e-04
-8.0052346161966711e-04
-1.0003368771299363e-03
-1.2467736966041798e-03
-1.5498635581725959e-03
-1.9215814262383186e-03
-2.3761741094895064e-03
-2.9305297307919663e-03
-3.6045932254517654e-03
-4.4218301702545646e-03
-5.4097406914261799e-03
-6.6004241011954840e-03
-8.0311934346918024e-03
-9.7452373322125096e-03
-1.1792324411860233e-02
-1.4229542277428259e-02
-1.7122060000757788e-02
-2.0543898546199976e-02
-2.4578688592831431e-02
-2.9320389529014508e-02
-3.4873936305158088e-02
-4.1355773204867746e-02
-4.8894224757715932e-02
-5.7629644002166962e-02
-6.7714267502453421e-02
-7.9311694394965715e-02
-9.2595893950818964e-02
-1.0774963223054035e-01
-1.2496219410226928e-01
-1.4442626188183613e-01
-1.6633379684364683e-01
-1.9087075508154014e-01
-2.1821045484197638e-01
-2.4850539949350964e-01
-2.8187734889817678e-01
-3.1840542312156966e-01
-3.5811201651508212e-01
-4.0094629850731245e-01
-4.4676508039823942e-01
-4.9531083626818434e-01
-5.4618668145882454e-01
-5.9882813523249423e-01
-6.5247152569130651e-01
-7.0611893597078446e-01
-7.5849964179117368e-01
-8.0802805209824236e-01
-8.5275823752554480e-01
-8.9033521565610541e-01
-9.1794325755240247e-01
-9.3225158672361030e-01
-9.2935795824734879e-01
-9.0473073169884211e-01
-8.5315018484339145e-01
-7.6864995392016044e-01
-6.4445962825478798e-01
-4.7294966895925244e-01
-2.4557996022395326e-01
4.7146566794209477e-02
4.1572367715253833e-01
8.7167327784121196e-01
1.4275668176917613e+00
2.0970348351783592e+00
2.8947628201165094e+00
3.8364715630024802e+00
4.9388802132826015e+00
6.2196503591188597e+00
7.6973095800635489e+00
9.3911531128226269e+00
1.1321122510667529e+01
1.3507660470131658e+01
1.5971541342933534e+01
1.8733677245355825e+01
2.1814900117246598e+01
2.5235720564101513e+01
2.9016064830455214e+01
3.3174991794196444e+01
3.7730392428150935e+01
4.2698674737368080e+01
4.8094437734818207e+01
5.3930138551704566e+01
6.0215757277004322e+01
6.6958464569918348e+01
7.4162297473932441e+01
8.1827849168211571e+01
8.9951978607754384e+01
9.8527546115837438e+01
1.0754318099065600e+02
1.1698308706380053e+02
1.2682689189607350e+02
1.3704954491185003e+02
1.4762126925779364e+02
1.5850757152706169e+02
1.6966931272356399e+02
1.8106284296151895e+02
1.9264020141698967e+02
2.0434938198635842e+02
2.1613466398100823e+02
2.2793700601982522e+02
2.3969450009469983e+02
2.5134288160505349e+02
2.6281609001119602e+02
2.7404687366986019e+02
2.8496743141467545e+02
2.9551008255444816e+02
3.0560795620620559e+02
3.1519569027861036e+02
3.2421012999209864e+02
3.3259101557887959e+02
3.4028164875823478e+02
3.4722952773603009e+02
3.5338694083211470e+02
3.5871150939136658e+02
3.6316667137425225e+02
3.6672209793760140e+02
3.6935403638743219e+02
3.7104557409147804e+02
3.7178681925469095e+02
3.7157499585772064e+02
3.7041445150734046e+02
3.6831657841704367e+02
3.6529964919471547e+02
3.6138857053094011e+02
3.5661455922650777e+02
3.5101474624296014e+02
3.4463171558064704e+02
3.3751298576238901e+02
3.2971044250982459e+02
3.2127973182945414e+02
3.1227962316724643e+02
3.0277135253918289e+02
2.9281795560048675e+02
2.8248360048238152e+02
2.7183292991099472e+02
2.6093042164071414e+02
2.4983977559996896e+02
2.3862333538003256e+02
2.2734155081816775e+02
2.1605248745842627e+02
2.0481138764072506e+02
1.9367028689575329e+02
1.8267768823452701e+02
1.7187829584004461e+02
1.6131280861678152e+02
1.5101777305191251e+02
1.4102549390833590e+02
1.3136400041842737e+02
1.2205706489280902e+02
1.1312427000837963e+02
1.0458112050219009e+02
9.6439194575476932e+01
8.8706330005779648e+01
8.1386839773335439e+01
7.4481751925474796e+01
6.7989068423700132e+01
6.1904037833547740e+01
5.6219436917637566e+01
5.0925856466079168e+01
4.6011987034381292e+01
4.1464900644202274e+01
3.7270324925386561e+01
3.3412906625858007e+01
2.9876461878190952e+01
2.6644211077074129e+01
2.3698996680670426e+01
2.1023482692445914e+01
1.8600335000854244e+01
1.6412382146070648e+01
1.4442756441194279e+01
1.2675015695699534e+01
1.1093246069766359e+01
9.6821468276207590e+00
8.4270979563499555e+00
7.3142117743176280e+00
6.3303697720902221e+00
5.4632460108116776e+00
4.7013184511001151e+00
4.0338696028405945e+00
3.4509778766815655e+00
2.9435009845150213e+00
2.5030526832192312e+00
2.1219740866668944e+00
1.7933006890753058e+00
1.5107261517492079e+00
1.2685638079828172e+00
1.0617067402218239e+00
8.8558718229550382e-01
7.3613589916312572e-01
6.0974209981564431e-01
5.0321434625218298e-01
4.1374283499092174e-01
3.3886334727424838e-01
2.7642309132841486e-01
2.2454859457381107e-01
1.8161574593802460e-01
1.4622203820963053e-01
1.1716101751794163e-01
9.3398911163478565e-02
7.4053375598591126e-02
5.8374283210101172e-02
4.5726448539884390e-02
3.5574181734232158e-02
2.7467548250366257e-02
2.1030208948744345e-02
1.5948712786004054e-02
1.1963115127044911e-02
8.8587976738544790e-03
6.4593703622670747e-03
4.6205417264009452e-03
3.2248506295439270e-03
2.1771599370453624e-03
1.4008201538604460e-03
8.3441905128346574e-04
4.2904091283323787e-04
1.4596674754544797e-04
-4.5246076027710230e-05
-1.6835937802630354e-04
-2.4177307550746655e-04
-2.7960982738178944e-04
-2.9260217533960925e-04
-2.8881422234494446e-04
-2.7422528750787228e-04
-2.5319914569338662e-04
-2.2885890756426573e-04
-2.0338449733510320e-04
-1.7824706913575482e-04
-1.5439228954674240e-04
-1.3238244158026439e-04
-1.1250561474328166e-04
-9.4858709227539753e-05
-7.9409798350304510e-05
-6.6044360751681721e-05
-5.4598978434184186e-05
-4.4885413456309149e-05
-3.6707348845939507e-05
-2.9871664341105784e-05
-2.4195634947070244e-05
-1.9511147326726404e-05
-1.5666821137581872e-05
-1.2528664801629231e-05
-9.9797370917327567e-06
-7.9191871794848515e-06
-6.2609510621153019e-06
-4.9322240409805041e-06
-3.8719378560870524e-06
-3.0292391391332149e-06
-2.3620638130464446e-06
-1.8358191843175126e-06
-1.4222570363239117e-06
-1.0983937981709097e-06
-8.4565727232116273e-07
-6.4908779709403754e-07
-4.9671559602794328e-07
-3.7898767408037799e-07
-2.8831356224697868e-07
-2.1870100686746369e-07
-1.6542029946747582e-07
-1.2476683113430977e-07
-9.3837247166440549e-08
-7.0380238979542784e-08
-5.2640238764296566e-08
-3.9264229529488346e-08
-2.9208750540649642e-08
-2.1667015612969063e-08
-1.6032845620153391e-08
-1.1830528241371526e-08
-8.7055337773965658e-09
-6.3896958273874102e-09
-4.6778622583093788e-09
-3.4146073347311964e-09
-2.4893552945480542e-09
-1.8070912377465550e-09
-1.3101890218000747e-09
-9.4542598197304103e-10
-6.8050093185817241e-10
-4.8763016053076457e-10
-3.5171506431550033e-10
-2.5253224970556496e-10
-1.8097680681229732e-10
-1.2802389485177081e-10
-9.2847847941885760e-11
-6.4858992231710191e-11
-4.4666254799241310e-11
-3.2667973081047164e-11
-2.1602086865218756e-11
-1.5807241577069076e-11
-1.0817535278811332e-11
-6.6087387040327091e-12
-5.8210719992600553e-12
-5.5256396432111874e-12
-1.5158942025558319e-12
-8.4981358825368144e-13
-2.3246997832847699e-12
-8.9826677070203338e-13
-3.4570606926617519e-13
7.3452346987286150e-13
-2.1405002663872179e-12
7.5494373227498456e-13
-2.3252309801996733e-13
2.1042965792499904e-12
2.2114964021220551e-12
-2.1717812321634529e-12
-9.5959274000298706e-13
-2.2849823926173873e-13
3.2469218814419164e-13
1.1391239171845578e-12
3.6023099408840112e-14
4.5228187429744213e-13
-1.5251508862433421e-12
-2.7606679029161094e-13
4.5140388229878771e-13
-1.9198862867564194e-13
1.6245781244113381e-13
8.5919093463103293e-13
-1.9315539096657254e-12
1.4786202146098479e-12
-3.1664003418082377e-13
-3.4033129574136160e-12
-1.5206455675336732e-12
-8.5847162822483885e-13
-1.3886649353651966e-12
3.0151168886003736e-13
1.3258181866474075e-12
1.7603361655702502e-13
1.7538406118744837e-12
-5.2660748725695994e-13
-5.1172911928689351e-13
-8.1642976807367873e-13
1.4736702654176321e-12
-7.5753879584443346e-13
6.0183239109704461e-13
4.5512778187972853e-13
9.5510124513986573e-13
-1.1829302800343273e-12
-1.2798313840992802e-12
-8.6667927369211071e-13
-8.7996206301099153e-13
1.5879015746150967e-13
5.0255319248387007e-14
5.9095239875232688e-13
-2.7000515032862820e-13
-9.1140877693343022e-13
-2.0939300183788701e-12
-9.9812224819546175e-13
-3.2080597844216270e-13
-1.4017601792125911e-12
-7.2072953608593074e-13
2.1056555925158362e-12
-5.1656774651656210e-13
2.5496186944332734e-12
-2.0161591595718889e-13
4.5816959063737481e-13
5.8841551935074524e-13
-8.8253097790092784e-14
-6.5375622333393685e-14
2.4128304182178555e-13
-1.3521917516278908e-12
1.0842089217353520e-12
3.4555952570262498e-13
-2.0249656092615914e-13
3.8182297843093877e-13
7.5590580985153132e-13
-6.3629662572876651e-13
1.5810879927930479e-12
-1.7988271672478493e-13
1.7507764751625122e-12
7.7503054713793983e-13
6.3073294287143176e-13
-1.6056362717752520e-12
7.0779864971161366e-13
-9.3380240373115576e-15
2.1467189021317843e-14
-5.2836017238838268e-13
1.4350092004457671e-12
-5.3869758137057928e-13
6.6636341641282113e-13
-4.3318883873608438e-14
-4.0648727646064047e-13
1.6954350938618419e-12
3.3808575133543386e-14
-1.7682025605044814e-12
1.2557924610072046e-12
3.3054124007460721e-13
2.0681645713705740e-13
3.5333041121006960e-13
-1.1586986949630543e-12
4.0290801922909243e-13
2.9234019814620172e-13
2.0695874864959429e-12
-8.6722459427289411e-13
9.7664856078519185e-13
3.6782428592929331e-13
5.6584822682099949e-13
-8.7543668573949355e-13
-1.5001072228173595e-13
-1.7899541875046277e-12
-1.2912298165383018e-12
-4.7818603870603826e-13
-6.6518739405799111e-13
4.1490871747361691e-13
3.8096731248919551e-13
-2.6754174455049064e-13
1.2030643060443516e-13
1.0414232022754273e-12
-9.8301345233739596e-13
1.0727774919853873e-13
1.3545299235721722e-12
-1.5159966346320783e-12
-9.8816755201052187e-13
-3.4361154329507678e-14
3.2005778033544666e-12
-5.0077100390747416e-13
1.0759396034417415e-12
2.8040539751055384e-13
-1.6313309135998097e-12
8.7417544023784838e-13
-3.5841930877263014e-14
-1.0927521727228209e-12
4.6386107447148018e-13
1.1709545529127434e-12
-7.5883368197155243e-13
-3.0584528034965839e-13
2.1553607784351755e-12
2.0422257189288476e-13
-1.8689318746731111e-12
5.0893388607582355e-13
1.5715507580843258e-13
1.1252395271661668e-12
-1.1289240454632139e-12
1.1021110548300942e-12
3.7042833212448643e-13
1.5855512094993856e-13
