1.2951844648004962e-01
1.4957636393130577e-01
1.7111011476282392e-01
1.9436534609539319e-01
2.1941979755259094e-01
2.4642776671499617e-01
2.7548672660781004e-01
3.0671448773451715e-01
3.4018983066722924e-01
3.7598988792236993e-01
4.1414733019015793e-01
4.5467841209376758e-01
4.9755962273526055e-01
5.4273293497393693e-01
5.9008679443835355e-01
6.3946243492168431e-01
6.9063885369712363e-01
7.4333448149678882e-01
7.9718084861250460e-01
8.5172387779919967e-01
9.0640824613305815e-01
9.6056876360739096e-01
1.0134210252066242e+00
1.0640476575920745e+00
1.1113740667413248e+00
1.1541726420447573e+00
1.1910511492212739e+00
1.2204340371114202e+00
1.2405371717581100e+00
1.2493642996152943e+00
1.2446970230095511e+00
1.2240798936722830e+00
1.1848102454431513e+00
1.1239277926119173e+00
1.0381979400272854e+00
9.2411564852362127e-01
7.7789424644386829e-01
5.9545337326089265e-01
3.7241823402332092e-01
1.0412388865005748e-01
-2.1437978567632054e-01
-5.8833140316419730e-01
-1.0232531696867195e+00
-1.5249344257111523e+00
-2.0994180636165738e+00
-2.7529761771093479e+00
-3.4920919388791112e+00
-4.3234264345501492e+00
-5.2537875286302018e+00
-6.2901089470563392e+00
-7.4394073420908589e+00
-8.7087235428608345e+00
-1.0105077646496358e+01
-1.1635428396828203e+01
-1.3306615709529920e+01
-1.5125301108185139e+01
-1.7097906269369052e+01
-1.9230542131574808e+01
-2.1528946137703755e+01
-2.3998402049130846e+01
-2.6643677582580558e+01
-2.9468959648354527e+01
-3.2477773754521010e+01
-3.5672902034590635e+01
-3.9056322942784632e+01
-4.2629150876922395e+01
-4.6391569319369616e+01
-5.0342763686826864e+01
-5.4480868263002492e+01
-5.8802912940126205e+01
-6.3304775758613474e+01
-6.7981146168097652e+01
-7.2825498897463774e+01
-7.7830062436582779e+01
-8.2985819761979343e+01
-8.8282511730379909e+01
-9.3708635597688286e+01
-9.9251459542078848e+01
-1.0489705637314948e+02
-1.1063034045339670e+02
-1.1643512422110796e+02
-1.2229418068282810e+02
-1.2818932337717570e+02
-1.3410148505027118e+02
-1.4001081740141998e+02
-1.4589679799645290e+02
-1.5173833023828931e+02
-1.5751386352264342e+02
-1.6320153805970827e+02
-1.6877931776436151e+02
-1.7422512514717036e+02
-1.7951698486282100e+02
-1.8463317059748127e+02
-1.8955234668532060e+02
-1.9425372323966960e+02
-1.9871719664643118e+02
-2.0292348772440147e+02
-2.0685428779367874e+02
-2.1049239112553744e+02
-2.1382181548539185e+02
-2.1682792043556131e+02
-2.1949751372433249e+02
-2.2181895481408998e+02
-2.2378223563767793e+02
-2.2537904891459053e+02
-2.2660284442233586e+02
-2.2744887793840621e+02
-2.2791423495358643e+02
-2.2799784659568869e+02
-2.2770049850861878e+02
-2.2702481406949954e+02
-2.2597522516649462e+02
-2.2455793455270737e+02
-2.2278085956899625e+02
-2.2065356785214388e+02
-2.1818719324882576e+02
-2.1539433842330803e+02
-2.1228897918292017e+02
-2.0888635228649619e+02
-2.0520283521062203e+02
-2.0125582784815026e+02
-1.9706361196395599e+02
-1.9264521584560174e+02
-1.8802029259763989e+02
-1.8320898149789230e+02
-1.7823175466723760e+02
-1.7310927849386016e+02
-1.6786228567356611e+02
-1.6251144423153622e+02
-1.5707722973798948e+02
-1.5157980840817123e+02
-1.4603892155407985e+02
-1.4047377521902550e+02
-1.3490294989987649e+02
-1.2934430624815775e+02
-1.2381488996368729e+02
-1.1833086894929286e+02
-1.1290748443591147e+02
-1.0755899636360064e+02
-1.0229863227924676e+02
-9.7138560222598883e+01
-9.2089865170284057e+01
-8.7162535491248335e+01
-8.2365466061072866e+01
-7.7706456970763156e+01
-7.3192224983260360e+01
-6.8828433124663079e+01
-6.4619711565030727e+01
-6.0569692442123454e+01
-5.6681049028529010e+01
-5.2955541050185815e+01
-4.9394065620569684e+01
-4.5996705332703641e+01
-4.2762777351134453e+01
-3.9690890557873452e+01
-3.6779005638176599e+01
-3.4024488081016187e+01
-3.1424168500979171e+01
-2.8974410332948406e+01
-2.6671161453646210e+01
-2.4510010794463394e+01
-2.2486243740637409e+01
-2.0594898068532959e+01
-1.8830815946772656e+01
-1.7188686736834931e+01
-1.5663086981937260e+01
-1.4248529534467453e+01
-1.2939498191778815e+01
-1.1730483616353414e+01
-1.0616020809462501e+01
-9.5907113325773974e+00
-8.6492489635242311e+00
-7.7864587416331803e+00
-6.9973111056071717e+00
-6.2769267229931209e+00
-5.6205928370169449e+00
-5.0237780008045378e+00
-4.4821403408234959e+00
-3.9915370442188869e+00
-3.5480294279832618e+00
-3.1478880452791955e+00
-2.7875861655465082e+00
-2.4638050143185990e+00
-2.1734287003564252e+00
-1.9135290923750907e+00
-1.6813700785542220e+00
-1.4744108456804839e+00
-1.2902938064896705e+00
-1.1268373838673642e+00
-9.8202772632482227e-01
-8.5400886293016942e-01
-7.4107231342533275e-01
-6.4165415207478838e-01
-5.5432304418475620e-01
-4.7776824484364716e-01
-4.1080428137533770e-01
-3.5236475610364038e-01
-3.0148231325239672e-01
-2.5727664187806254e-01
-2.1895750831759622e-01
-1.8582263857238368e-01
-1.5724317185354317e-01
-1.3266010345818000e-01
-1.1157197497776085e-01
-9.3532337460199066e-02
-7.8143403111848211e-02
-6.5047447426918786e-02
-5.3935116886952988e-02
-4.4540400616596615e-02
-3.6621309260980922e-02
-2.9958186930472037e-02
-2.4363625183216588e-02
-1.9679249043710139e-02
-1.5768193202864045e-02
-1.2514475685903945e-02
-9.8154539330922545e-03
-7.5838140032848450e-03
-5.7379121391721109e-03
-4.2073495487195949e-03
-2.9371538050380289e-03
-1.8796705030609576e-03
-9.8975805995212712e-04
-2.2902316575281129e-04
4.3149281918546096e-04
1.0110069554125052e-03
1.5310538894173925e-03
2.0106059995850497e-03
2.4665885134808191e-03
2.9160734867109878e-03
3.3724232077272783e-03
3.8475809983516090e-03
4.3628778682921893e-03
4.9337710769907584e-03
5.5686982349403688e-03
6.2755324453888268e-03
7.0742493576019146e-03
7.9861929781547252e-03
9.0322049152780359e-03
1.0234131667901504e-02
1.1618097666999633e-02
1.3210599139756375e-02
1.5051491134554605e-02
1.7177558283717725e-02
1.9635828141612948e-02
2.2480875128855545e-02
2.5782724746327583e-02
2.9615487638521343e-02
3.4073933893422864e-02
3.9261268636581734e-02
4.5320432596969572e-02
5.2401399706372413e-02
6.0706300957568765e-02
7.0435872176471362e-02
8.1882870177784811e-02
9.5299359756217158e-02
1.1117392637927354e-01
