-1.1731686220724163e-01
-1.3633084137567528e-01
-1.5703040210429051e-01
-1.7973418653567977e-01
-2.0462211117786558e-01
-2.3195237383068298e-01
-2.6195631534909836e-01
-2.9491400097039899e-01
-3.3108829342675805e-01
-3.7076453195680875e-01
-4.1422978746896166e-01
-4.6180121762564103e-01
-5.1381095177332170e-01
-5.7060955324254314e-01
-6.3255361132653587e-01
-7.0002204094055809e-01
-7.7340282242522318e-01
-8.5310004472153667e-01
-9.3952673828184685e-01
-1.0331084633386436e+00
-1.1342782231279704e+00
-1.2434759163321023e+00
-1.3611489893231139e+00
-1.4877480979713920e+00
-1.6237140825848071e+00
-1.7694944014747833e+00
-1.9255396689421214e+00
-2.0922955457723251e+00
-2.2701905568281382e+00
-2.4596318784025830e+00
-2.6610107622586074e+00
-2.8746993538722161e+00
-3.1010385505439584e+00
-3.3403391047278630e+00
-3.5928752703676166e+00
-3.8588815003562273e+00
-4.1385461951090932e+00
-4.4320099733501666e+00
-4.7393561624538290e+00
-5.0606125045465893e+00
-5.3957448980720155e+00
-5.7446416675636502e+00
-6.1071190480790376e+00
-6.4829269926560862e+00
-6.8717368528255705e+00
-7.2731322935678797e+00
-7.6866037070933340e+00
-8.1115578622787439e+00
-8.5473100955457468e+00
-8.9930792072499344e+00
-9.4479892441563091e+00
-9.9110705272297057e+00
-1.0381257580834653e+01
-1.0857393934386765e+01
-1.1338230298060575e+01
-1.1822431587374266e+01
-1.2308578295344834e+01
-1.2795165538348241e+01
-1.3280621168508826e+01
-1.3763312540709473e+01
-1.4241539980288406e+01
-1.4713548026704951e+01
-1.5177540070607408e+01
-1.5631685063683022e+01
-1.6074120254147957e+01
-1.6502970052052710e+01
-1.6916360162578748e+01
-1.7312423654039627e+01
-1.7689315749474869e+01
-1.8045224489103504e+01
-1.8378383800707709e+01
-1.8687085146872246e+01
-1.8969689202965338e+01
-1.9224641975143253e+01
-1.9450477491816887e+01
-1.9645834089986074e+01
-1.9809478978620962e+01
-1.9940308862446184e+01
-2.0037355436319213e+01
-2.0099795865218709e+01
-2.0126954680810780e+01
-2.0118311004184775e+01
-2.0073515334245243e+01
-1.9992391386568162e+01
-1.9874936237736680e+01
-1.9721325524517244e+01
-1.9531912341655346e+01
-1.9307227670673523e+01
-1.9047976422909883e+01
-1.8755037063088018e+01
-1.8429451559494730e+01
-1.8072421756790348e+01
-1.7685311009176381e+01
-1.7269620851665771e+01
-1.6826976430836336e+01
-1.6359125264390503e+01
-1.5867930337520640e+01
-1.5355363650649322e+01
-1.4823483586869740e+01
-1.4274416013134754e+01
-1.3710347563520246e+01
-1.3133509580775153e+01
-1.2546161569373298e+01
-1.1950577526875120e+01
-1.1349031077360028e+01
-1.0743780318257523e+01
-1.0137054425554156e+01
-9.5310416337145334e+00
-8.9278683153967489e+00
-8.3295981220079121e+00
-7.7382238255655613e+00
-7.1556426163067020e+00
-6.5836476042437866e+00
-6.0239264819872540e+00
-5.4780526837147780e+00
-4.9474712414034769e+00
-4.4334998749437959e+00
-3.9373300334907886e+00
-3.4600173673052796e+00
-3.0024815949485890e+00
-2.5655048472235644e+00
-2.1497321289254057e+00
-1.7556709759291271e+00
-1.3836967668313878e+00
-1.0340505575946197e+00
-7.0684770090769478e-01
-4.0208855321439624e-01
-1.1964913535262331e-01
1.4071335159521320e-01
3.7934240264617336e-01
5.9667333768402386e-01
7.9321921405498752e-01
9.6956853987423031e-01
1.1263866952527906e+00
1.2644020119445329e+00
1.3843953571170113e+00
1.4871948214373774e+00
1.5736662886603650e+00
1.6447050988874856e+00
1.7012290245666364e+00
1.7441702829845780e+00
1.7744662805593892e+00
1.7930603006175709e+00
1.8008863545617873e+00
1.7988573589175123e+00
1.7878748045237030e+00
1.7688234042124176e+00
1.7425595063796853e+00
1.7099069699897094e+00
1.6716621921942738e+00
1.6285857335016412e+00
1.5813939847684164e+00
1.5307637044908458e+00
1.4773301556647802e+00
1.4216861164273893e+00
1.3643819574221980e+00
1.3059264416724465e+00
1.2467853356303595e+00
1.1873839814979392e+00
1.1281100534726756e+00
1.0693031554586339e+00
1.0112677715036233e+00
9.5428220263397656e-01
8.9858996100670774e-01
8.4439578279118499e-01
7.9186359555854446e-01
7.4112495536116707e-01
6.9229073372558025e-01
6.4544478886891998e-01
6.0064637417535138e-01
5.5793471752328350e-01
5.1733013502945080e-01
4.7883611762079470e-01
4.4244102415115955e-01
4.0812117584546503e-01
3.7583905746300988e-01
3.4554900447378339e-01
3.1720197205387413e-01
2.9073121849717826e-01
2.6605985336698407e-01
2.4311146672768119e-01
2.2180823059818294e-01
2.0207418308160255e-01
1.8383826129188657e-01
1.6702461143631617e-01
1.5155157703413685e-01
1.3733953628978585e-01
1.2430863227027944e-01
1.1238023676008739e-01
1.0147798766049226e-01
9.1527825740349261e-02
8.2459979755591883e-02
7.4205506086142278e-02
6.6703841292024960e-02
5.9897674421323863e-02
5.3723435415760412e-02
4.8125215924678590e-02
4.3057305697963955e-02
3.8476294139387010e-02
3.4338525808651849e-02
3.0608153690500517e-02
2.7254075297542271e-02
2.4241973604555409e-02
2.1538994299326604e-02
1.9115715686499803e-02
1.6943432477753814e-02
1.4996840670229735e-02
1.3252044000305585e-02
1.1687520928390023e-02
1.0285203445187747e-02
9.0243864919953617e-03
7.8897025100572674e-03
6.8746419140163079e-03
5.9649009308367787e-03
5.1420301462480750e-03
4.3909510804452509e-03
3.7053881701848146e-03
3.0797862312973703e-03
2.5037934643743561e-03
1.9702179190042701e-03
1.4749260800858682e-03
1.0122180015251778e-03
5.7746636124924027e-04
1.6532254632069051e-04
-2.2949110136128649e-04
-6.1338390538955121e-04
-9.9098932981476974e-04
-1.3729483792820670e-03
-1.7638386231748219e-03
-2.1652319973303963e-03
-2.5884903001461607e-03
-3.0520549985741481e-03
-3.5710585496726279e-03
-4.1553032836872264e-03
-4.8092534321149145e-03
-5.5468532307723622e-03
-6.3821058745706337e-03
-7.3306401813060407e-03
-8.4098293349151639e-03
-9.6430831427753438e-03
-1.1055203470314433e-02
-1.2679639121760991e-02
-1.4551762965777157e-02
-1.6720179991550534e-02
-1.9232142076616335e-02
-2.2156510325375491e-02
-2.5571496611499305e-02
-2.9567214748030788e-02
-3.4234671443988819e-02
-3.9699227180987839e-02
-4.6100759491512273e-02
-5.3637692689433511e-02
-6.2508996037770839e-02
-7.2999922100973683e-02
-8.5374614319816175e-02
-1.0012496759493217e-01
