6.8079219903550825e-01
7.9007737154930535e-01
9.0894098022190739e-01
1.0388198215274609e+00
1.1803791698789434e+00
1.3347036841616582e+00
1.5026487597987803e+00
1.6848540814029684e+00
1.8816650399523931e+00
2.0935081755068108e+00
2.3207020191962306e+00
2.5633522454757762e+00
2.8215397633644317e+00
3.0955593149289387e+00
3.3856561255086217e+00
3.6918599400519345e+00
4.0141117713152541e+00
4.3524525860612435e+00
4.7066298063417902e+00
5.0760176624746478e+00
5.4598350572819001e+00
5.8573390392610927e+00
6.2674940032771360e+00
6.6888814428340870e+00
7.1201241838187661e+00
7.5598954219639509e+00
8.0066575034780403e+00
8.4585392340659187e+00
8.9137867537734650e+00
9.3707276347195450e+00
9.8273660073104381e+00
1.0281453392182232e+01
1.0730695127274148e+01
1.1172847248995854e+01
1.1605249066498651e+01
1.2024984415802630e+01
1.2429123315188685e+01
1.2814788617209395e+01
1.3179012784864184e+01
1.3518620954956365e+01
1.3830615532681339e+01
1.4112201839506456e+01
1.4360637479592555e+01
1.4573048840898654e+01
1.4746586072009446e+01
1.4878796955293417e+01
1.4967223719880849e+01
1.5009318954039717e+01
1.5002588341155684e+01
1.4944906338619907e+01
1.4834369326466810e+01
1.4668948950352721e+01
1.4446827936564897e+01
1.4166544893511151e+01
1.3827030374197475e+01
1.3427438013889258e+01
1.2967003269598470e+01
1.2445499802578004e+01
1.1863177032944058e+01
1.1220678783225727e+01
1.0518758965327322e+01
9.7584929987511089e+00
8.9416538476331233e+00
8.0703236323408820e+00
7.1467977452034752e+00
6.1736245043927074e+00
5.1537885822655642e+00
4.0908655100496887e+00
2.9885754616733720e+00
1.8508317689970351e+00
6.8182599103317498e-01
-5.1376299828084282e-01
-1.7308184976376833e+00
-2.9643015699359299e+00
-4.2089626279100116e+00
-5.4592039116379008e+00
-6.7091531881376794e+00
-7.9527444640632616e+00
-9.1841250946605602e+00
-1.0397342946301862e+01
-1.1586201190573707e+01
-1.2744433989521673e+01
-1.3865865342039820e+01
-1.4944687419789391e+01
-1.5975082919518236e+01
-1.6951154331495623e+01
-1.7867262670048930e+01
-1.8718000342602036e+01
-1.9498456627522508e+01
-2.0203851964098725e+01
-2.0829429117351840e+01
-2.1370924626679528e+01
-2.1824550906321939e+01
-2.2187008158695075e+01
-2.2455329235247884e+01
-2.2626640155621789e+01
-2.2698694201854920e+01
-2.2669857269786405e+01
-2.2539056379893104e+01
-2.2305629082252487e+01
-2.1969111388248546e+01
-2.1529644242376602e+01
-2.0988086164212763e+01
-2.0345760823369105e+01
-1.9604500216981492e+01
-1.8766308951352286e+01
-1.7833697253215465e+01
-1.6809895842659056e+01
-1.5698495235746524e+01
-1.4503454834245279e+01
-1.3228958463556593e+01
-1.1879405523190275e+01
-1.0459874391253003e+01
-8.9757381647359793e+00
-7.4324969764710858e+00
-5.8358304190690795e+00
-4.1914322945521860e+00
-2.5053974510570116e+00
-7.8419967715892469e-01
9.6579861928622379e-01
2.7382086286875675e+00
4.5267388359415985e+00
6.3250638715806842e+00
8.1265036992906552e+00
9.9244875313125149e+00
1.1712717597295271e+01
1.3485037434067932e+01
1.5235579277984401e+01
1.6958366305138604e+01
1.8647388889012792e+01
2.0297087292585520e+01
2.1902230206763267e+01
2.3457951264267674e+01
2.4959706995591848e+01
2.6402872433883900e+01
2.7783160237676150e+01
2.9096837154405431e+01
3.0340558151798565e+01
3.1511491967952026e+01
3.2607057269029205e+01
3.3624702205966393e+01
3.4562428687358370e+01
3.5418727064264800e+01
3.6192529815450349e+01
3.6883301041342186e+01
3.7490654003245162e+01
3.8014323980367230e+01
3.8454607926630445e+01
3.8812144881514079e+01
3.9088027659447157e+01
3.9283818867625754e+01
3.9401131747276544e+01
3.9441690535658914e+01
3.9407630129913315e+01
3.9301245973911904e+01
3.9125254131432342e+01
3.8882757258824043e+01
3.8576772884986511e+01
3.8210306458671660e+01
3.7786542023517370e+01
3.7308633344163134e+01
3.6780094561912726e+01
3.6204714293701379e+01
3.5586036262296574e+01
3.4927453627845203e+01
3.4232330040132652e+01
3.3503853894343102e+01
3.2745456719972346e+01
3.1960737278275712e+01
3.1153012435204840e+01
3.0325415940320489e+01
2.9480993877335596e+01
2.8622494073656522e+01
2.7752706624640634e+01
2.6874608490023721e+01
2.5991015996192342e+01
2.5104650113187013e+01
2.4218186004916838e+01
2.3333830382203384e+01
2.2453647857228749e+01
2.1579915522742787e+01
2.0714837471404408e+01
1.9860545871367336e+01
1.9019130215465008e+01
1.8192216630999887e+01
1.7381099961095416e+01
1.6587088900444183e+01
1.5811362790514028e+01
1.5054884340816825e+01
1.4318745475987466e+01
1.3603850720480272e+01
1.2910619088050096e+01
1.2239304244023293e+01
1.1589997661215751e+01
1.0962572197820769e+01
1.0357133672579078e+01
9.7739135622581532e+00
9.2129067769790662e+00
8.6739844611486383e+00
8.1570719266914757e+00
7.6618139793209536e+00
7.1877119300041841e+00
6.7345813030716482e+00
6.3022872153432967e+00
5.8906410214428817e+00
5.4995359525549761e+00
5.1286642631232988e+00
4.7773388554024363e+00
4.4448411806598438e+00
4.1305188649697486e+00
3.8335414944088644e+00
3.5531687868140835e+00
3.2890222378011060e+00
3.0405412827036553e+00
2.8069635399163362e+00
2.5875800086443563e+00
2.3817039573734808e+00
2.1884824389081086e+00
2.0072609151226706e+00
1.8377088585653985e+00
1.6794690311192400e+00
1.5322348527125764e+00
1.3958027901792645e+00
1.2697124002853346e+00
1.1532378730174311e+00
1.0457073257077567e+00
9.4652925598661064e-01
8.5492708140195472e-01
7.7036050749712059e-01
6.9264620462783466e-01
6.2152916153715909e-01
5.5661516945387857e-01
4.9766004806215969e-01
4.4448841322077171e-01
3.9660142354790512e-01
3.5357184680631226e-01
3.1527644459215137e-01
2.8163053469111865e-01
2.5246402498222592e-01
2.2782007813580396e-01
2.0788789203923444e-01
1.9259988576165052e-01
1.8179502720758922e-01
1.7547922775679070e-01
1.7365864709151160e-01
1.7628995199763595e-01
1.8356438877618969e-01
1.9607293849009724e-01
2.1440782755202897e-01
2.3929777833201671e-01
2.7164847426979200e-01
3.1256034800918869e-01
3.6284878575187346e-01
4.2361002273893184e-01
4.9589843431362346e-01
5.8167988580462282e-01
