-1.7088990751072340e-14
0.0000000000000000e+00
0.0000000000000000e+00
-8.5821536996629656e-15
8.5946300736904323e-15
0.0000000000000000e+00
4.3097334492552452e-15
0.0000000000000000e+00
4.3220738479103317e-15
1.7312858074343196e-14
4.3343353580949808e-15
1.3021308773056729e-14
1.7386068435384927e-14
8.7051556066194845e-15
2.3972400281809345e-14
3.0552468032214912e-14
3.2779784006809947e-14
3.5012934860578360e-14
5.4782189416384153e-14
5.2662151776655906e-14
5.9324794677025245e-14
3.6302679673863177e-14
4.6265092261310056e-14
4.9635590532424360e-14
2.8716248534669156e-14
3.2071787680094596e-14
4.2080095856804357e-14
3.6036414792256584e-14
5.1626585231639885e-14
3.0015361711833949e-14
3.6732481263566664e-14
3.6222075735178411e-14
3.7662967603604062e-14
7.6817715424279923e-14
9.2017335801701758e-14
1.1173490270345298e-13
1.1551875956211191e-13
1.1678447466439663e-13
1.3632237329337630e-13
1.6547541669963777e-13
2.1244934653160223e-13
2.7138395099072338e-13
3.5587854635315391e-13
5.1862077148502332e-13
7.1458908389228747e-13
1.0295002517273516e-12
1.4893102301154864e-12
2.1502073275551400e-12
3.1243864448065443e-12
4.5336650337362628e-12
6.5300571957338109e-12
9.3895583700495911e-12
1.3496835992682181e-11
1.9336667626801899e-11
2.7661731534671879e-11
3.9496359337824289e-11
5.6227542347912623e-11
7.9912601110593926e-11
1.1335179766497248e-10
1.6040555698119829e-10
2.2652354721671439e-10
3.1922857286336250e-10
4.4894778451507818e-10
6.3002018100007960e-10
8.8230323757169902e-10
1.2329759954449566e-09
1.7194114193255205e-09
2.3927306600778835e-09
3.3227788871714387e-09
4.6046392222653344e-09
6.3676339060374013e-09
8.7872044835012840e-09
1.2100734473327962e-08
1.6628831289918962e-08
2.2803466202907727e-08
3.1205336822800620e-08
4.2613334273973078e-08
5.8069837535125003e-08
7.8966855986102918e-08
1.0715879857647344e-07
1.4511074889598708e-07
1.9609210249198295e-07
2.6442916861996929e-07
3.5583402824293676e-07
4.7783102317363190e-07
6.4030947533499951e-07
8.5623772750653863e-07
1.1425824843885771e-06
1.5214914456586731e-06
2.0218096826247330e-06
2.6810184495803973e-06
3.5477100313834840e-06
4.6847368481437416e-06
6.1732101514320373e-06
8.1175636311340361e-06
1.0651949987576905e-05
1.3948301093306579e-05
1.8226458229998245e-05
2.3766872286682124e-05
3.0926484637740416e-05
4.0158534758892330e-05
5.2037201976566172e-05
6.7288181544246592e-05
8.6826525698293814e-05
1.1180335391698941e-04
1.4366335922809062e-04
1.8421541940023530e-04
2.3571906933962306e-04
3.0099011512856744e-04
3.8352927989534455e-04
4.8767848226446427e-04
6.1881016502068626e-04
7.8355603729942617e-04
9.9008267252587243e-04
1.2484226385703059e-03
1.5708712365369742e-03
1.9724605072043901e-03
2.4715239428070735e-03
3.0903673320394477e-03
3.8560633770686392e-03
4.8013901685087746e-03
5.9659362892225311e-03
7.3973982496100647e-03
9.1530991305329816e-03
1.1301760722832890e-02
1.3925565084805988e-02
1.7122545273953512e-02
2.1009349010327624e-02
2.5724423152074641e-02
3.1431671052943172e-02
3.8324639052760068e-02
4.6631292435106490e-02
5.6619445068070554e-02
6.8602910492741226e-02
8.2948445298576590e-02
1.0008355805262412e-01
1.2050525864556164e-01
1.4478982346813885e-01
1.7360365110860121e-01
2.0771528101393089e-01
2.4800864352109267e-01
2.9549760355705135e-01
3.5134185184480560e-01
4.1686418634283756e-01
4.9356921260097120e-01
5.8316347446324568e-01
6.8757700583011672e-01
8.0898626978641097e-01
9.4983842312536049e-01
1.1128768120271157e+00
1.3011675683223389e+00
1.5181271354113191e+00
1.7675505086363534e+00
2.0536399269449341e+00
2.3810337013862819e+00
2.7548348118374659e+00
3.1806388469900129e+00
3.6645608048228571e+00
4.2132602124904137e+00
4.8339639668651957e+00
5.5344862411574445e+00
6.3232447505046911e+00
7.2092726217400331e+00
8.2022250713865663e+00
9.3123800630747784e+00
1.0550632092885399e+01
1.1928478240479821e+01
1.3457995627173304e+01
1.5151809441169913e+01
1.7023050726739154e+01
1.9085303189745812e+01
2.1352538347992795e+01
2.3839038452375405e+01
2.6559306724596684e+01
2.9527964599486090e+01
3.2759635824658936e+01
3.6268817456702976e+01
4.0069738000082943e+01
4.4176203160712298e+01
4.8601429928251491e+01
5.3357869956619162e+01
5.8457023477299074e+01
6.3909245250549127e+01
6.9723544330771972e+01
7.5907379688802706e+01
8.2466453990000261e+01
8.9404508066778931e+01
9.6723118841356168e+01
1.0442150364273259e+02
1.1249633401503313e+02
1.2094156222633576e+02
1.2974826375239391e+02
1.3890449902317445e+02
1.4839519767757531e+02
1.5820206846960644e+02
1.6830353780532761e+02
1.7867471966268894e+02
1.8928741935616310e+02
2.0011017325610251e+02
2.1110832616193039e+02
2.2224414756287266e+02
2.3347698750567588e+02
2.4476347223275513e+02
2.5605773916488698e+02
2.6731171018950982e+02
2.7847540158951864e+02
2.8949726831957554e+02
3.0032457971941022e+02
3.1090382315871057e+02
3.2118113154839403e+02
3.3110273014048948e+02
3.4061539758518956e+02
3.4966693582967827e+02
3.5820664313883060e+02
3.6618578430117299e+02
3.7355805196133781e+02
3.8028001299758847e+02
3.8631153394278982e+02
3.9161617963032785e+02
3.9616157953164645e+02
3.9991975663578825e+02
4.0286741419798142e+02
4.0498617624625689e+02
4.0626277837272056e+02
4.0668920603819527e+02
4.0626277837276263e+02
4.0498617624634113e+02
4.0286741419810699e+02
3.9991975663595457e+02
3.9616157953185251e+02
3.9161617963057216e+02
3.8631153394307137e+02
3.8028001299790532e+02
3.7355805196168802e+02
3.6618578430155452e+02
3.5820664313924124e+02
3.4966693583011556e+02
3.4061539758565095e+02
3.3110273014097243e+02
3.2118113154889573e+02
3.1090382315922847e+02
3.0032457971994165e+02
2.8949726832011783e+02
2.7847540159006923e+02
2.6731171019006592e+02
2.5605773916544626e+02
2.4476347223331518e+02
2.3347698750623431e+02
2.2224414756342722e+02
2.1110832616247910e+02
2.0011017325664341e+02
1.8928741935669436e+02
1.7867471966320892e+02
1.6830353780583488e+02
1.5820206847009962e+02
1.4839519767805331e+02
1.3890449902363619e+02
1.2974826375283862e+02
1.2094156222676280e+02
1.1249633401544193e+02
1.0442150364312280e+02
9.6723118841727597e+01
8.9404508067131488e+01
8.2466453990333974e+01
7.5907379689117661e+01
6.9723544331068453e+01
6.3909245250827446e+01
5.8457023477559673e+01
5.3357869956862459e+01
4.8601429928478090e+01
4.4176203160922782e+01
4.0069738000277965e+01
3.6268817456883191e+01
3.2759635824825040e+01
2.9527964599638789e+01
2.6559306724736672e+01
2.3839038452503452e+01
2.1352538348109576e+01
1.9085303189852038e+01
1.7023050726835550e+01
1.5151809441257102e+01
1.3457995627251938e+01
1.1928478240550547e+01
1.0550632092948909e+01
9.3123800631316112e+00
8.2022250714373488e+00
7.2092726217852654e+00
6.3232447505449123e+00
5.5344862411930924e+00
4.8339639668967642e+00
4.2132602125182403e+00
3.6645608048473344e+00
3.1806388470114788e+00
2.7548348118562362e+00
2.3810337014026577e+00
2.0536399269591814e+00
1.7675505086486991e+00
1.5181271354219881e+00
1.3011675683315465e+00
1.1128768120350214e+00
9.4983842313206734e-01
8.0898626979218513e-01
6.8757700583504955e-01
5.8316347446742278e-01
4.9356921260451447e-01
4.1686418634582417e-01
3.5134185184730615e-01
2.9549760355915516e-01
2.4800864352286048e-01
2.0771528101539749e-01
1.7360365110979153e-01
1.4478982346914415e-01
1.2050525864637721e-01
1.0008355805326491e-01
8.2948445299086945e-02
6.8602910493150759e-02
5.6619445068332781e-02
4.6631292435326925e-02
3.8324639052892247e-02
3.1431671053050815e-02
2.5724423152133202e-02
2.1009349010359214e-02
1.7122545273905172e-02
1.3925565084731849e-02
1.1301760722740967e-02
9.1530991304313702e-03
7.3973982494890435e-03
5.9659362891050314e-03
4.8013901683524457e-03
3.8560633769312690e-03
3.0903673318918700e-03
2.4715239426658748e-03
1.9724605070198832e-03
1.5708712364256438e-03
1.2484226384590559e-03
9.9008267243122657e-04
7.8355603722419446e-04
6.1881016495117188e-04
4.8767848220583132e-04
3.8352927985205952e-04
3.0099011506368910e-04
2.3571906932531129e-04
1.8421541936949806e-04
1.4366335928231368e-04
1.1180335395310966e-04
8.6826525733220059e-05
6.7288181554326786e-05
5.2037202026162296e-05
4.0158534762180478e-05
3.0926484662497996e-05
2.3766872271992326e-05
1.8226458216480338e-05
1.3948301066293460e-05
1.0651949974081777e-05
8.1175635783562686e-06
6.1732100998553414e-06
4.6847367371947811e-06
3.5477099284093498e-06
2.6810183455440986e-06
2.0218095272843416e-06
1.5214913295449941e-06
1.1425823103746362e-06
8.5623758367625450e-07
6.4030932886553627e-07
4.7783084619596688e-07
3.5583391036697663e-07
2.6442909249046737e-07
1.9609199701999794e-07
1.4511067566727238e-07
1.0715874422880064e-07
7.8966804442715520e-08
5.8069786041533567e-08
4.2613287186206675e-08
3.1205294230418050e-08
2.2803436321913517e-08
1.6628811356371602e-08
1.2100752492350635e-08
8.7871851562910508e-09
6.3676113020831349e-09
4.6045980149304494e-09
3.3227284178103501e-09
2.3927158249716992e-09
1.7193654641380801e-09
1.2329132256820810e-09
8.8225680854772941e-10
6.2998316018793951e-10
4.4889693503089485e-10
3.1917777778877222e-10
2.2647511320910303e-10
1.6036639096849179e-10
1.1329656472665357e-10
7.9859727575540018e-11
5.6199986581018275e-11
3.9429840119472647e-11
2.7615907412192507e-11
1.9281740413753816e-11
1.3428254508979523e-11
9.3484562176515134e-12
6.4787381992601783e-12
4.4721529955900932e-12
3.0788746247802293e-12
2.1047483988541854e-12
1.4143906606127256e-12
9.4673205968319245e-13
6.2285894792513177e-13
4.1059834252794651e-13
2.5589362142536307e-13
1.3428145599956791e-13
6.0860820757063761e-14
-1.4633880388403339e-14
-5.2280332850655639e-14
-6.7937122280730731e-14
-8.3554830945411042e-14
-8.8491802642333691e-14
-9.9568910472358152e-14
-9.8885350037073054e-14
-9.1228077084285388e-14
-7.6902253099301871e-14
-8.2369806469816175e-14
-6.6700803804075454e-14
-7.8827689278417876e-14
-6.2093514718965180e-14
-4.0972724913204244e-14
-3.8707329958734864e-14
0.0000000000000000e+00
0.0000000000000000e+00
1.1015498157454775e-15
-1.1000812022382784e-14
-3.0761004647346424e-14
0.0000000000000000e+00
-1.3147725459932198e-14
-4.3766168575722950e-15
2.1853189337873299e-15
2.1823191451582077e-15
2.1793091165281226e-15
8.7051556066194845e-15
4.3465171088462318e-15
8.6808725153711533e-15
8.6686707161899615e-15
1.7312858074343196e-14
-4.3220738479103317e-15
-4.3159134550586208e-15
-8.6194668985104904e-15
-8.6070678799122124e-15
-1.7189260147380865e-14
-2.5746461098988895e-14
8.5696389780909759e-15
-1.7114172259345071e-14
-2.5633486126608509e-14
-2.5595600811703240e-14
-3.4076804146949343e-14
-5.1038987378556623e-14
-4.2468788695432453e-14
-6.7847846303219369e-14
-3.3872669065797964e-14
-5.0731904392130980e-14
-5.0654588453753681e-14
-5.0577057131835536e-14
-3.3666207851227698e-14
-5.0421353741392271e-14
-5.0343184380224927e-14
-5.0264805050154449e-14
-5.0186217110034552e-14
-5.0107421920718732e-14
-5.0028420845021342e-14
-6.6598953663571486e-14
-6.6493075327079589e-14
-6.6386927941836900e-14
-6.6280513334867553e-14
-8.2717291669437905e-14
-9.9100334663350161e-14
-9.8939526733273893e-14
-9.8778328967293563e-14
-9.8616744122826495e-14
-9.8454774960432609e-14
-1.3105656565831546e-13
-9.8129694739350100e-14
-9.7966589216794009e-14
-1.3040414726456082e-13
-9.7639261209335956e-14
-1.6245840712887032e-13
-1.2974728324367986e-13
-9.7145518458550576e-14
-1.2930695352005201e-13
-6.4543036843290621e-14
-9.6648541623240443e-14
-9.6482177007162758e-14
-9.6315464211046832e-14
-6.4098937354195399e-14
-6.3987336844187608e-14
-6.3875509810862497e-14
-4.7822593591718644e-14
-6.3651183647711608e-14
-4.7654016193105425e-14
-6.3425973822992506e-14
-3.1656521108346703e-14
-6.3199895311963361e-14
-4.7314901237324093e-14
-6.2972963105254895e-14
-4.7144386165796033e-14
-6.2745192207238246e-14
-6.2630996941211723e-14
-6.2516597634396811e-14
-6.2401996165480146e-14
-4.6715395810276905e-14
-3.1086097129404319e-14
-4.6542748185747347e-14
-4.6456204695650294e-14
-3.0913011089687135e-14
-3.8568904511109066e-14
-2.3097856221591267e-14
-2.3054299567684612e-14
