1.5560974596430360e-14
2.1548404640735515e-14
2.0235027618860162e-14
2.7395799806438188e-14
2.8171239641215952e-14
1.7917040837213258e-14
1.9018161751608634e-14
3.7503102829596876e-14
1.5081249796082945e-14
2.4805358849761358e-14
2.7141728683562858e-14
3.7093024305222964e-14
4.4572958297940581e-14
2.6503820211711935e-14
2.7900094744262914e-14
4.3279840317794159e-14
3.8419826658848842e-14
4.7073395072443226e-14
4.9057296159540910e-14
5.0740089573874350e-14
5.5893968178024053e-14
5.1533923733620860e-14
6.2639521367760015e-14
6.3685812020680867e-14
6.3245045336210042e-14
7.2969931869877687e-14
7.3341505374439525e-14
8.1193366782918125e-14
8.2233316545542328e-14
7.9901304204473779e-14
7.8711270926501165e-14
8.5872774373649556e-14
6.7488315836099391e-14
7.2547019683825355e-14
8.1182879474198887e-14
9.3099143690483638e-14
8.4900046215398648e-14
7.5855167295727265e-14
7.6993212941872996e-14
8.4450985583144903e-14
3.5782222647040348e-14
3.9139341461987771e-14
1.5584188034674604e-14
2.5672560292187032e-14
3.5019099537085519e-14
1.7650962910320802e-14
3.5473549981778964e-14
1.8554560585490895e-14
1.7269861347563685e-14
1.2427401828171187e-14
1.3533982845326289e-15
6.8056482474610228e-15
9.4830903444502026e-15
-3.1108154835022619e-15
5.7848149098020781e-15
1.6252519156350058e-14
-1.9471331378959756e-14
-1.7555786818583481e-14
-3.0591334365985730e-14
-1.3746102757886302e-14
4.8882755499302454e-16
1.0123629551352791e-14
7.6835216592542270e-15
5.6367915444815610e-15
6.3026806976150401e-17
1.6834278123606886e-14
1.9615584843674059e-14
2.5514894602846140e-14
4.3396424307405858e-14
2.8038329018669972e-14
4.1093056415938004e-14
4.0560455788832052e-14
3.1800639908965747e-14
4.1002693584971856e-14
3.2528326442224152e-14
5.1363480278258195e-14
6.3849152614871122e-14
5.8421173168040804e-14
6.2297148303871435e-14
5.4278034418920833e-14
4.8241270192757856e-14
5.4579734425653829e-14
5.1176075016769835e-14
5.6086163040845180e-14
6.3024881475952037e-14
3.3354746469031049e-14
7.1724868898672581e-14
5.9372847149117748e-14
4.0644222649589672e-14
4.8929660289515288e-14
5.3181476719700851e-14
6.1727752722196864e-14
3.9611860376994690e-14
3.2043722029506472e-14
3.2306527149094708e-14
4.2771476113468607e-14
9.8874125278883406e-15
1.8687980597008618e-14
7.4648399727146929e-15
-6.9598996258185428e-16
1.9977963038165612e-14
2.7965595971178428e-14
2.3414634163513274e-14
5.2232012471028114e-14
7.0660983485119586e-14
7.3288401877063355e-14
8.5176220366486710e-14
1.1557191446325684e-13
9.2234432920565334e-14
9.4504831927766470e-14
7.7057715435287859e-14
6.1814670673684142e-14
1.8061439102865064e-14
1.0624771330607158e-14
4.9970277948164016e-15
-2.0458609991201941e-14
-2.5470911650827981e-14
-4.0029844156645628e-14
-4.0178745408268932e-14
-1.4378201945608662e-14
-5.4357762355205405e-14
-3.1806820193560791e-14
-2.6540265444115610e-14
-2.6692804705861641e-14
-2.9811279820480291e-14
-3.0960406735506636e-14
-4.2833980146768211e-14
-3.9519410756306323e-14
-3.3570974218325205e-14
-2.3099473385605063e-14
-1.9751099074265021e-14
-3.0006768551451390e-14
-2.3054210282774991e-14
-1.2712812888688087e-14
-3.9736135170950833e-14
-3.7188332529099265e-14
-4.3090706762705662e-14
-5.5464928738269823e-14
-5.7807680731858608e-14
-1.0570606704431069e-13
-1.4170384477273339e-13
-1.4997857364820058e-13
-2.0032578383437225e-13
-2.3492788087735244e-13
-2.8752688479296805e-13
-3.1750619487546899e-13
-3.5258684254262903e-13
-3.9793904586529699e-13
-4.2953499147200931e-13
-4.2483221123936138e-13
-4.7952046001847162e-13
-5.0840990822529993e-13
-5.3899397375736801e-13
-5.5324902088398566e-13
-6.1523917343995346e-13
-6.6891462885259922e-13
-7.0791488713711061e-13
-7.4077315601663055e-13
-8.0220738484779337e-13
-8.4939976373836305e-13
-9.0519793812036248e-13
-9.3489135217287224e-13
-1.0154258659003195e-12
-1.0674841082120487e-12
-1.1170184502184546e-12
-1.1475527937499587e-12
-1.2116883903872006e-12
-1.2838399687744946e-12
-1.3133216968052831e-12
-1.3750620442070831e-12
-1.4665745572684868e-12
-1.5809197666620917e-12
-1.7161763055320021e-12
-1.7709489718552946e-12
-1.9370427622452566e-12
-2.0714321156290399e-12
-2.2387279613462116e-12
-2.4200332609488013e-12
-2.6282960027265054e-12
-2.8335540670040450e-12
-3.0870766092189678e-12
-3.2922698534187851e-12
-3.5843556563955733e-12
-3.8698670852629763e-12
-4.1557816873043557e-12
-4.4860001356232675e-12
-4.8979199560686196e-12
-5.2925096896382662e-12
-5.7529198232900004e-12
-6.2160323880629431e-12
-6.7577795452764567e-12
-7.3470397292196814e-12
-7.9846999584429922e-12
-8.6640016470994932e-12
-9.4260685167550219e-12
-1.0190693912495788e-11
-1.1039304911129422e-11
-1.1896441755959995e-11
-1.2836423843763027e-11
-1.3822536788536142e-11
-1.4881048234870970e-11
-1.5974950306129876e-11
-1.7178921088210986e-11
-1.8392313860094056e-11
-1.9693199390615155e-11
-2.1006163214507354e-11
-2.2409045463327440e-11
-2.3831928281897102e-11
-2.5343338717676218e-11
-2.6864351718666348e-11
-2.8430828994154165e-11
-3.0010155126594048e-11
-3.1602446223730406e-11
-3.3189477845280164e-11
-3.4808083468753106e-11
-3.6431895490922981e-11
-3.8018117217318610e-11
-3.9608575325626211e-11
-4.1198826092275433e-11
-4.2760770232225853e-11
-4.4278183772074473e-11
-4.5756661186497566e-11
-4.7161896478349505e-11
-4.8529552973829265e-11
-4.9881868321329979e-11
-5.1133746334020662e-11
-5.2313176317253107e-11
-5.3389272447528327e-11
-5.4355037958931031e-11
-5.5226377353301786e-11
-5.5968668094331543e-11
-5.6600113992783675e-11
-5.7155970227749699e-11
-5.7579270492292601e-11
-5.7933442825784031e-11
-5.8118754977939462e-11
-5.8197071729660832e-11
-5.8114968137128553e-11
-5.7919830313038196e-11
-5.7596492749730119e-11
-5.7167808500194245e-11
-5.6618535552699727e-11
-5.5993618368382023e-11
-5.5249388822902039e-11
-5.4414516690057427e-11
-5.3456690694316947e-11
-5.2409311072450707e-11
-5.1334963698914472e-11
-5.0179347466319586e-11
-4.8947214316605813e-11
-4.7657034354754669e-11
-4.6338586343837916e-11
-4.4941649021615138e-11
-4.3488820020777685e-11
-4.2001728466993396e-11
-4.0472662514052021e-11
-3.8927094143242212e-11
-3.7396395572572457e-11
-3.5842027523490081e-11
-3.4295783238303318e-11
-3.2747460077588460e-11
-3.1199961647912870e-11
-2.9682430548829873e-11
-2.8205493168675744e-11
-2.6708901821009728e-11
-2.5273438316534072e-11
-2.3859691638625436e-11
-2.2467867854025164e-11
-2.1109634478157508e-11
-1.9816533438534973e-11
-1.8541728949825736e-11
-1.7321652820841855e-11
-1.6105403846209730e-11
-1.4984457913125942e-11
-1.3906788570421609e-11
-1.2895098852352156e-11
-1.1935054831702031e-11
-1.1041374924865129e-11
-1.0200652558381813e-11
-9.4268053051791725e-12
-8.6651215380074230e-12
-7.9823086298265425e-12
-7.3304623415251962e-12
-6.7205279477569114e-12
-6.1585615511724975e-12
-5.6207061250567172e-12
-5.1218064217160977e-12
-4.6736997375749475e-12
-4.2345044097201536e-12
-3.8491178295413900e-12
-3.4799662751076926e-12
-3.1572004600999478e-12
-2.8470518033478575e-12
-2.5877291646832918e-12
-2.3272966987326152e-12
-2.0898999070515347e-12
-1.8350763571289739e-12
-1.6323093126854906e-12
-1.4195812589824547e-12
-1.2395210194416685e-12
-1.0604660726737195e-12
-9.6018709392360606e-13
-8.2167141106575836e-13
-7.4083823333040487e-13
-6.3321062583513783e-13
-5.5915772503168975e-13
-5.0176933600048837e-13
-4.5616846775275682e-13
-3.9390319120790403e-13
-3.8753463885097786e-13
-3.4822760928794359e-13
-3.1713925502712683e-13
-3.0602188443078342e-13
-2.9394630644389667e-13
-2.7818283676756338e-13
-2.5023476103773058e-13
-2.1041486631010935e-13
-2.0006656474496998e-13
-1.6334343932030694e-13
-1.5072512312494245e-13
-1.2103490335240769e-13
-9.8109818493919374e-14
-7.9584259013493621e-14
-7.6812320561013820e-14
-7.1847901721095214e-14
-7.4119815749202361e-14
-5.3567717202531392e-14
-5.7577322249877203e-14
-5.2933954886142736e-14
-6.7440466614846904e-14
-4.8732749811421691e-14
-5.6696981508932144e-14
-5.0658682172494054e-14
-2.8852037652923268e-14
-1.1184423826611490e-14
-2.6340098238809327e-14
2.2181572944610464e-14
2.1779709725451677e-14
1.8225882425168829e-14
2.3182592457046810e-14
2.3368165120221883e-14
4.0798322887217458e-14
3.8876346906784013e-14
4.6664258668254123e-14
6.8408370091371410e-14
4.9510716731121518e-14
5.3722358175958974e-14
4.8677075495136401e-14
6.7004737451131368e-14
9.9962460713247612e-14
1.0011591185069938e-13
8.3429965320627079e-14
1.3154403925713917e-13
1.2670419594281191e-13
1.1539527593644794e-13
1.3413601883740962e-13
1.1414185812147293e-13
1.2194669281649049e-13
1.1731198936653529e-13
6.5054657446077894e-14
1.6019232915583884e-14
-2.1697005053983116e-14
-3.6843592052072981e-14
-7.3974037865407611e-14
-7.0113029923205540e-14
-5.4533105334189107e-14
-5.8241789654555367e-14
-4.6430381579910128e-14
-9.0694381705397619e-15
-2.9878580672068001e-15
1.8147170651248915e-14
2.0046801611613925e-14
2.8469262238212041e-14
6.7449941162005080e-14
6.7267128266782181e-14
5.2342197142191626e-14
8.0013229145561116e-14
4.8755535280693833e-14
6.6962273442035911e-14
4.0402510414956089e-14
2.4235468627049739e-14
3.6289172698720439e-14
2.4982934983937690e-14
1.5001631568312523e-14
5.2825839016652333e-15
-2.1848943052575794e-14
-1.8650356897348998e-14
-2.8286722754551434e-14
-4.0161940547766882e-14
-3.0389597100607180e-14
-3.7269331878763933e-14
-3.4820917843763310e-14
-2.1894292666106230e-14
-3.3394273402482183e-14
-1.7165722304511563e-14
-2.5016233281797543e-14
-3.0901818805793502e-14
-2.9323246792850879e-14
-3.0149590936404458e-14
-1.6379605130947626e-14
-1.0096309480688367e-14
-1.4799529725341664e-14
-5.9768638944168708e-15
-1.1107793358903270e-14
-1.7186240548349448e-14
-1.7197868974570018e-14
-1.2641819509546004e-14
-1.1641369119285981e-14
-3.1393265427790804e-15
-1.5853278763481480e-14
1.3701875361891484e-14
-1.2174721825539872e-14
-1.1215414372652468e-14
-2.2626455825977863e-14
-2.3897266405486153e-14
-2.1261292670657650e-14
9.4128549522933478e-15
-7.9465432609888160e-15
9.4772014262005903e-15
-1.0608720675056246e-15
-9.2905765180157476e-15
-9.4357418692898061e-15
-3.9613864374282678e-15
-5.5763375462941569e-15
2.1801010534832274e-14
1.1764681129629636e-14
4.6063032240052454e-14
3.3775693008453302e-14
3.8369904779829751e-14
1.7079893438079356e-14
2.1080846019956139e-14
1.7863641965148453e-14
1.2210623589476304e-14
2.0640541258076140e-14
3.1827974596949122e-14
4.5690907513702024e-14
4.3815262149554387e-14
5.7379831216075404e-15
5.4716438519642163e-15
1.1002129166409615e-14
2.4931175429008372e-14
2.6713965613105687e-14
5.3306796674061882e-14
5.1766336806373232e-14
4.5613435564914308e-14
1.1554747964825933e-14
2.2130860471751638e-14
1.8057545342203684e-14
1.5357661489086348e-14
1.1298844282244727e-14
2.6435451799192276e-14
3.2628363608367359e-14
3.7397856095095129e-14
1.2547043217744588e-14
1.8259304468031079e-14
1.1959095354770987e-14
1.5608361057646542e-14
3.1429752898594138e-14
2.5562977250770786e-14
3.7235864519660601e-14
4.4032648109251763e-14
2.4771667111893767e-14
3.4622888482386291e-14
2.2009959039826852e-14
5.7207383674494173e-15
7.8165244733986789e-15
1.5212100126072531e-14
3.5253415547102426e-14
2.6197391128240464e-14
1.2151732870709862e-14
-7.5425533815706564e-15
1.9615075093706325e-14
-1.0485737264616241e-14
-5.1120226526123311e-15
-6.1786960927352781e-15
2.5098401477301022e-14
2.8195350962405306e-14
1.4706350393102937e-14
-3.5063881665406754e-15
-2.4389063436745037e-15
6.4740416659224885e-16
9.0288976106359703e-15
3.5261988445312298e-14
3.5244415603190485e-14
3.6617188961617734e-14
3.5642144056775947e-14
2.1674613419042159e-14
2.2909060438435524e-14
1.2209440607607974e-14
1.6328117404444363e-14
2.5614847597143278e-14
2.0854928563353293e-14
3.1855997879795758e-14
1.4527964145194223e-14
1.3581331651883240e-14
2.8766839140332077e-14
1.1342671680259224e-14
-7.9606352108719240e-15
5.7613856944983495e-15
2.9791375443531764e-15
1.5520182173623790e-14
1.0089103983722560e-14
3.1480580400534474e-15
-5.3797496495851609e-15
7.3399374166538354e-15
6.5346106636672074e-15
5.6839215292839123e-15
2.0903188815712583e-14
2.6320536581635394e-14
9.7555326167310287e-15
1.6050668424107291e-14
2.0322426875501427e-14
