1.5650503479408923e-13
7.0279506735921987e-13
1.6685921093114080e-12
-6.4246246794203019e-14
4.2814105397456647e-13
8.4989912106317760e-13
-2.6342533958024485e-12
-2.2437702957896014e-13
8.0830626811962616e-13
1.9665525412752234e-12
-1.2724333645847324e-12
-2.7750380432821766e-13
1.7964271348926692e-12
-1.3430026882421377e-12
2.1027370300760644e-12
3.2874740949585779e-13
1.9474468591642471e-12
3.3575615036510388e-12
5.3423105027818799e-12
6.5372097511107202e-12
6.5442359069923928e-12
1.1416228007752164e-11
1.6228943639447816e-11
2.3065844116119003e-11
3.1985336706586785e-11
4.4017418711909565e-11
6.1333289524945375e-11
8.7903424542731618e-11
1.2022988746889909e-10
1.6696612053987990e-10
2.3221598638005289e-10
3.2146943742214091e-10
4.4348948498725275e-10
6.1118544720165257e-10
8.4107253540617163e-10
1.1500574085548374e-09
1.5714550361485154e-09
2.1403091945299743e-09
2.9097564941162687e-09
3.9425830230614733e-09
5.3318485624781013e-09
7.1870924613338226e-09
9.6677685489227469e-09
1.2966567306908029e-08
1.7343005546856336e-08
2.3135981295573633e-08
3.0772698674324924e-08
4.0823441727212328e-08
5.3999981583038398e-08
7.1229239365517959e-08
9.3676743365112010e-08
1.2284087726105554e-07
1.6060165688294738e-07
2.0933284249076146e-07
2.7199975315345045e-07
3.5232020866743516e-07
4.5488046256736325e-07
5.8535830796541046e-07
7.5071619289108252e-07
9.5944169194518756e-07
1.2218109276415252e-06
1.5501842542121814e-06
1.9592931215020516e-06
2.4665417310504322e-06
3.0922768836010500e-06
3.8599923990274493e-06
4.7964070610463306e-06
5.9314061271579229e-06
7.2976205056657386e-06
8.9296647261434734e-06
1.0862698536421562e-05
1.3130222767094696e-05
1.5760610511692756e-05
1.8772187272640154e-05
2.2166059902057430e-05
2.5916279044105511e-05
2.9956223115808034e-05
3.4160289762862920e-05
3.8319353398046853e-05
4.2108410877479159e-05
4.5044104404545249e-05
4.6429604397733995e-05
4.5283509534870182e-05
4.0248829143544782e-05
2.9477176453813020e-05
1.0482362719040734e-05
-2.0043650807805946e-05
-6.6460875618105879e-05
-1.3446744376327362e-04
-2.3145368661259722e-04
-3.6693812084794523e-04
-5.5310167715903508e-04
-8.0543932697988807e-04
-1.1435512783791401e-03
-1.5920993194246027e-03
-2.1819577604003477e-03
-2.9515925093078401e-03
-3.9487064407122590e-03
-5.2321941051920000e-03
-6.8744541265949519e-03
-8.9641131699938880e-03
-1.1609221218252933e-02
-1.4940983941366994e-02
-1.9118103984990278e-02
-2.4331809041668994e-02
-3.0811650568086806e-02
-3.8832162313815782e-02
-4.8720472939427474e-02
-6.0864970894110242e-02
-7.5725122957859894e-02
-9.3842549115989410e-02
-1.1585345657348851e-01
-1.4250253308387228e-01
-1.7465839513977280e-01
-2.1333067861760083e-01
-2.5968884832672451e-01
-3.1508278788063127e-01
-3.8106521200798610e-01
-4.5941591957737715e-01
-5.5216787654313748e-01
-6.6163508389227477e-01
-7.9044214567328297e-01
-9.4155540675324201e-01
-1.1183154784374068e+00
-1.3244709133208521e+00
-1.5642127280793741e+00
-1.8422094057986484e+00
-2.1636419375882943e+00
-2.5342383881232267e+00
-2.9603073921641569e+00
-3.4487699105208982e+00
-4.0071884955621311e+00
-4.6437932405911404e+00
-5.3675035156341542e+00
-6.1879445269892370e+00
-7.1154576815828925e+00
-8.1611036924121727e+00
-9.3366573304524856e+00
-1.0654592714581097e+01
-1.2128058036440828e+01
-1.3770838644808004e+01
-1.5597307465874868e+01
-1.7622361814486631e+01
-1.9861345758122582e+01
-2.2329957332118113e+01
-2.5044140071477898e+01
-2.8019958522503160e+01
-3.1273457625067213e+01
-3.4820506113154231e+01
-3.8676624364334657e+01
-4.2856797435952089e+01
-4.7375274352113635e+01
-5.2245355047369394e+01
-5.7479166723459947e+01
-6.3087431729116474e+01
-6.9079229421922079e+01
-7.5461754808010582e+01
-8.2240077071719682e+01
-8.9416901394366377e+01
-9.6992337710839976e+01
-1.0496368025558226e+02
-1.1332520189809037e+02
-1.2206796735400309e+02
-1.3117966937501154e+02
-1.4064449196268939e+02
-1.5044300451401324e+02
-1.6055209058629100e+02
-1.7094491466549835e+02
-1.8159092993496230e+02
-1.9245592957314997e+02
-2.0350214356513285e+02
-2.1468838239775971e+02
-2.2597022833300119e+02
-2.3730027422705544e+02
-2.4862840909729974e+02
-2.5990214884835916e+02
-2.7106700976770412e+02
-2.8206692160596282e+02
-2.9284467628428604e+02
-3.0334240753740397e+02
-3.1350209612298409e+02
-3.2326609462150742e+02
-3.3257766533143803e+02
-3.4138152434509720e+02
-3.4962438458336158e+02
-3.5725549038177854e+02
-3.6422713616365002e+02
-3.7049516181204473e+02
-3.7601941756358616e+02
-3.8076419159106297e+02
-3.8469859391490991e+02
-3.8779689087793554e+02
-3.9003878512305528e+02
-3.9140963681748997e+02
-3.9190062275358184e+02
-3.9150883090899652e+02
-3.9023728904881449e+02
-3.8809492697909019e+02
-3.8509647309528589e+02
-3.8126228688897038e+02
-3.7661813006209195e+02
-3.7119487983033031e+02
-3.6502818885774462e+02
-3.5815809703742690e+02
-3.5062860100316158e+02
-3.4248718781317751e+02
-3.3378433968011115e+02
-3.2457301692463056e+02
-3.1490812650094284e+02
-3.0484598348004482e+02
-2.9444377278370354e+02
-2.8375901824433367e+02
-2.7284906573091394e+02
-2.6177058663939914e+02
-2.5057910750958396e+02
-2.3932857091355146e+02
-2.2807093207821896e+02
-2.1685579497244947e+02
-2.0573009082393943e+02
-1.9473780124906969e+02
-1.8391972739605370e+02
-1.7331330573343462e+02
-1.6295247037632637e+02
-1.5286756114472556e+02
-1.4308527590286798e+02
-1.3362866514576424e+02
-1.2451716628583392e+02
-1.1576667465516488e+02
-1.0738964788073685e+02
-9.9395240012651769e+01
-9.1789461589228438e+01
-8.4575361705638315e+01
-7.7753228111299407e+01
-7.1320801390786784e+01
-6.5273499377706941e+01
-5.9604648103727726e+01
-5.4305715788606456e+01
-4.9366546623185364e+01
-4.4775591377982963e+01
-4.0520132176800921e+01
-3.6586499099436416e+01
-3.2960276612600431e+01
-2.9626498165923994e+01
-2.6569827624094149e+01
-2.3774726530289403e+01
-2.1225606505573239e+01
-1.8906966378700947e+01
-1.6803513908098637e+01
-1.4900272199130878e+01
-1.3182671134016580e+01
-1.1636624317380129e+01
-1.0248592196976441e+01
-9.0056321473823093e+00
-7.8954364045049239e+00
-6.9063588126490929e+00
-6.0274313947756051e+00
-5.2483717829049628e+00
-4.5595825512111450e+00
-3.9521434822441086e+00
-3.4177977685818677e+00
-2.9489331113819759e+00
-2.5385586255100252e+00
-2.1802784011154306e+00
-1.8682625054173090e+00
-1.5972161384968970e+00
-1.3623475846305690e+00
-1.1593355279909137e+00
-9.8429622965410923e-01
-8.3375099316236290e-01
-7.0459427910546424e-01
-5.9406276647201939e-01
-4.9970560019863014e-01
-4.1935601077394213e-01
-3.5110444343350861e-01
-2.9327329143919517e-01
-2.4439328986952283e-01
-2.0318159357443519e-01
-1.6852153500763781e-01
-1.3944403422652435e-01
-1.1511061432836715e-01
-9.4797960434572753e-02
-7.7883948755860355e-02
-6.3835063774943121e-02
-5.2195116080566782e-02
-4.2575169992697948e-02
-3.4644588985670632e-02
-2.8123107458002408e-02
-2.2773839251373822e-02
-1.8397136315567733e-02
-1.4825214852565815e-02
-1.1917470687006352e-02
-9.5564105799126296e-03
-7.6441313246298128e-03
-6.0992838380129919e-03
-4.8544646471447832e-03
-3.8539824418033753e-03
-3.0519523870488449e-03
-2.4106755668812292e-03
-1.8992656219756704e-03
-1.4924887591914271e-03
-1.1697871579057142e-03
-9.1445958651951151e-04
-7.1297608089175622e-04
-5.5440665082228345e-04
-4.2994657339227941e-04
-3.3252319752947752e-04
-2.5647129831309046e-04
-1.9726589179458706e-04
-1.5130305199113518e-04
-1.1572061926930612e-04
-8.8252063342276514e-05
-6.7107695925814568e-05
-5.0878451798143036e-05
-3.8458167910685468e-05
-2.8981006935288758e-05
-2.1771259713701705e-05
-1.6303136461382883e-05
-1.2168749953588743e-05
-9.0526244471201065e-06
-6.7114988727776806e-06
-4.9583743452131857e-06
-3.6499604813114649e-06
-2.6767864201385524e-06
-1.9555005048392723e-06
-1.4228331673165596e-06
-1.0309205456805321e-06
-7.4368381984637007e-07
-5.3399944685448281e-07
-3.8156487560764612e-07
-2.7122595851889649e-07
-1.9172310977157756e-07
-1.3471256177525730e-07
-9.4032707192813499e-08
-6.5168051385724859e-08
-4.4806234044044197e-08
-3.0528677212322402e-08
-2.0587252535235092e-08
-1.3718708033386765e-08
-9.0097480872021660e-09
-5.8147729989828167e-09
-3.6714402913154493e-09
-2.2499901506761871e-09
-1.3221741193142321e-09
-7.3089778028900157e-10
-3.6186709847453954e-10
-1.3785281838422788e-10
-9.4950801423702214e-12
5.9548034840294688e-11
9.1214745137949680e-11
9.8123456429298141e-11
9.6377845824498891e-11
8.5544331113382650e-11
7.3035992831087258e-11
6.1911789287293089e-11
5.2094286551546756e-11
3.9796323380835432e-11
3.1335615136667751e-11
2.4545424386766749e-11
1.9411320222624944e-11
1.3066714385810720e-11
1.0236999103465185e-11
8.6505104751315091e-12
5.0679999807587577e-12
4.8172907304725162e-12
4.2886606581140299e-12
8.5795022200660434e-13
3.3167701320458698e-12
-3.4558883148055976e-13
-3.5104815138313665e-13
7.3682044372170066e-14
1.3434478742799606e-12
-8.9310931006399573e-13
2.0900118721944253e-12
-5.7063276046146371e-13
1.8154236936325113e-13
-4.2427985013567024e-13
-4.9235660678391438e-13
-4.5671647316537902e-13
9.1685798125603305e-13
1.8458335042198223e-12
1.1725544745027344e-12
-1.3927336206394891e-13
-1.4530756145356192e-13
-7.8172194034938228e-13
7.3097237766012179e-13
-8.4965465481208593e-13
-9.4649607561597027e-13
-3.2866842531993275e-13
8.6621393453506223e-13
-1.3324120323163202e-12
-1.0759773326982009e-12
1.5455364715999574e-12
1.5802570291931857e-13
-1.4001712723949645e-12
-6.8735644708939723e-14
9.7727719237801316e-13
8.6295575703271053e-13
1.1982064391551328e-12
-1.1459569118167243e-13
-1.0143165087709556e-12
2.9783254954506426e-13
1.1658369227868488e-13
-4.3306197226545227e-13
9.4996931766990028e-13
7.3516204390574425e-13
4.8362077669516990e-13
-2.0374340862634010e-13
-1.2687036446416940e-13
-1.4161936726818313e-12
8.6001271732798408e-14
8.7327681385567892e-13
-1.3627533244141452e-12
1.5075846963794539e-12
4.7992944931252278e-13
-3.0351483627310016e-13
-2.5913821709480088e-12
1.2274844703531823e-12
9.9036095570894071e-14
4.2707836942537882e-14
3.4955290274030520e-13
3.4056888299936087e-13
-1.6376311536381467e-13
-5.3267566723956773e-13
-1.4688910707875840e-12
7.8887793587007987e-13
-6.3669247195926135e-13
1.1986428097431078e-12
-2.1425680230576603e-12
6.7280552617494552e-13
1.5021726056842149e-12
-3.3762238548866469e-13
-1.6776667348101264e-12
-1.7912010018945773e-12
-1.2513139268361553e-12
-1.0432043160253964e-13
-4.3590642476039092e-13
2.2681804172006727e-12
-7.9346309737766662e-13
1.5344382786729886e-12
-9.7047409283407513e-14
-8.0671821990272011e-13
-7.1856899858677461e-13
-2.8571258353608319e-13
-1.4639816905629973e-12
2.2101694342732102e-12
-1.2106168225735022e-12
-7.3672389036379131e-13
-4.0704836879048216e-13
-9.6150460347006540e-13
-1.7949347532956364e-12
6.3033082875770519e-13
1.1443664739914264e-12
-6.8117909549482220e-14
-1.2054169499583849e-12
-9.2489234143894830e-13
6.7786010962520948e-13
-6.9985305751785476e-13
1.6403394342558906e-13
-1.0129245868503707e-12
-1.1301802901629485e-12
2.7592334405405081e-14
-3.9198086639567945e-13
-2.9620169819960761e-12
9.2315237000540118e-13
-1.0124733002890559e-12
-1.4592096541169040e-12
-3.5880913059732770e-13
-9.9150627882080274e-13
-9.8659253794794677e-13
1.0602642684723541e-12
8.2688120444959494e-13
-9.8659080436284403e-14
-5.2351815266445045e-13
1.1394354422179192e-12
2.7213773322087922e-13
3.6611984898814998e-13
5.7026084462158908e-13
9.3512780910739649e-13
-8.3467613150409033e-14
1.9504628487066884e-12
3.6803262498716416e-13
-2.1715344863911905e-12
2.0304218108222972e-12
-6.3277568287994343e-13
-7.0433330762744078e-13
4.7129513673386378e-13
-1.0613362381909273e-12
-8.2999470769169644e-14
-4.2521562203063034e-13
8.5740130828918111e-14
-5.4947893402929080e-13
3.2524356620520471e-12
2.1036653922807819e-12
-1.0374381236161379e-13
1.8279636735361859e-13
7.3516639600749779e-13
1.7738617337097501e-12
-1.7152215502829852e-12
8.9358754363469164e-13
-5.7372377260762864e-13
7.1724562331591136e-13
-9.2672861739146456e-14
-6.6757493678861182e-13
-2.1163883251972464e-13
1.8751880388768457e-12
-6.3804170568336086e-14
-1.8757139757070704e-12
5.7745682991027410e-13
2.3868489823681605e-12
-1.0969912223730885e-12
-7.4058564490808960e-13
-1.4701763562390148e-12
