-1.3256863211821037e-13
-1.8752673477580732e-13
-2.4732090589689250e-13
-3.2482957132153574e-13
-3.9867353814418576e-13
-4.3326551040015932e-13
-4.8637661660229951e-13
-5.4124472236630270e-13
-5.6149230384297357e-13
-6.0754322736209754e-13
-6.5505393707426944e-13
-7.3968215148250099e-13
-8.1001066196486713e-13
-8.6694378552333319e-13
-9.4694911244398296e-13
-1.0173372227647611e-12
-1.0738533133854750e-12
-1.1281104699126888e-12
-1.1848314109488541e-12
-1.2751281271229838e-12
-1.3540486374495714e-12
-1.3977884925750572e-12
-1.4725284211723880e-12
-1.5467876065721204e-12
-1.5879879779779700e-12
-1.6468243156390132e-12
-1.7045419151295210e-12
-1.7630785306225338e-12
-1.8289327870941322e-12
-1.8490223666524878e-12
-1.8764879269714451e-12
-1.8746502103142770e-12
-1.8357039703598183e-12
-1.7971037164148996e-12
-1.7415968442471810e-12
-1.7060286863645795e-12
-1.6605512089780614e-12
-1.5788198417679208e-12
-1.4845703105722443e-12
-1.3521321623284445e-12
-1.1580693697754961e-12
-1.0144269174596338e-12
-8.3616301051116232e-13
-6.7912682810414180e-13
-5.3185217440933927e-13
-3.9281533630603554e-13
-2.6569646253372507e-13
-1.3705300530720146e-13
-1.9779651835527968e-14
1.2768533454598611e-13
2.8597357415531408e-13
4.5387812905167509e-13
6.2795564026273618e-13
8.1231602381273848e-13
1.0088666487280812e-12
1.2472989391945420e-12
1.5197886240593849e-12
1.7982087943167584e-12
2.0583064780390595e-12
2.3668052429229183e-12
2.6265490666087889e-12
2.8988193539827494e-12
3.1404566167304119e-12
3.4100535152771333e-12
3.7046492378068549e-12
4.0279066492587537e-12
4.3712013492770294e-12
4.7429270888603516e-12
5.1023748813431059e-12
5.4195261093867691e-12
5.7678523282007447e-12
6.1428589277081523e-12
6.5218591009866489e-12
6.9182169919236366e-12
7.3141298784396290e-12
7.7830779557071771e-12
8.1870390137210180e-12
8.5582648743228750e-12
8.8894004340843397e-12
9.2108388262531529e-12
9.4965532486384173e-12
9.8171540228557903e-12
1.0135172606952088e-11
1.0507546843075813e-11
1.0860355047280162e-11
1.1156140434897983e-11
1.1493412690735790e-11
1.1837389933835132e-11
1.2148738348606779e-11
1.2479773410555778e-11
1.2810239928518645e-11
1.3151184766700948e-11
1.3447035646605979e-11
1.3736775286515796e-11
1.3996608792146013e-11
1.4268613222232664e-11
1.4528259386257618e-11
1.4784474259809634e-11
1.5030937934090366e-11
1.5324918338341625e-11
1.5557704052538928e-11
1.5750352181104413e-11
1.5936835292480108e-11
1.6108210482302481e-11
1.6242762524788337e-11
1.6365217139320097e-11
1.6445080979272950e-11
1.6548754290124415e-11
1.6603618378156649e-11
1.6613145596104827e-11
1.6611651367456144e-11
1.6579184793053435e-11
1.6490756250937375e-11
1.6393749763537366e-11
1.6258804127749611e-11
1.6112548861778890e-11
1.5941071187703685e-11
1.5707111980065461e-11
1.5472255868117286e-11
1.5210669155586486e-11
1.4916515926238938e-11
1.4589225295684641e-11
1.4267085832328907e-11
1.3906987096185060e-11
1.3539426651381595e-11
1.3126809796989385e-11
1.2712719153638771e-11
1.2320101759075570e-11
1.1897808759113978e-11
1.1476430807562117e-11
1.1057315897106089e-11
1.0627537654104150e-11
1.0197898835221906e-11
9.7579161916460779e-12
9.3704365904277325e-12
8.9812061683432269e-12
8.5982977824683570e-12
8.2321538029199100e-12
7.8787727174317687e-12
7.5237057985809754e-12
7.1901085430767183e-12
6.8344284679172865e-12
6.5622278512057276e-12
6.2641545304704535e-12
6.0084340735673963e-12
5.7336728252823575e-12
5.4635621286348459e-12
5.1598072376986353e-12
4.8816887863798598e-12
4.5820054083131187e-12
4.3223246167034733e-12
4.0631439113898027e-12
3.8228981851764480e-12
3.6076257792484122e-12
3.3934893462232270e-12
3.1643384894812908e-12
2.9562915301976106e-12
2.7230583709111168e-12
2.5392827221658793e-12
2.3564493911009274e-12
2.1965768246132532e-12
2.0363612101505045e-12
1.8646641248634859e-12
1.6872150188737329e-12
1.5481018127506677e-12
1.3884610072855906e-12
1.2413501952879334e-12
1.1040496652690922e-12
9.7159917612751700e-13
8.7390318133008088e-13
7.5403098012023358e-13
6.2711495324079758e-13
5.0462957560432279e-13
3.8810030613078795e-13
2.8804698842736266e-13
2.0371421214197322e-13
1.7899962865612178e-13
1.2767441408088654e-13
8.7162645683814724e-14
4.2058663296630248e-14
3.1161562546072025e-15
-3.9753236541878267e-14
-7.0448648386065065e-14
-1.0188120841454815e-13
-1.4187401437375935e-13
-1.4757097176265323e-13
-1.2901741572874449e-13
-1.0470122506379336e-13
-2.9778704889637122e-14
2.9252839920873397e-14
1.1442169790668577e-13
1.9911466612756240e-13
3.0874784515634834e-13
3.7603858875921767e-13
4.3493856026836979e-13
4.9382795642690746e-13
5.6880334869527725e-13
6.5826632782035275e-13
6.9372327009627993e-13
7.1324179274290844e-13
6.9418287046859295e-13
6.7825011479011206e-13
6.6185878708018501e-13
6.1906976221515570e-13
6.1068071396789772e-13
6.4050894972234243e-13
6.5868597709695535e-13
7.0970518251921975e-13
7.3925736345732627e-13
7.5398074232780885e-13
7.7320652293076378e-13
8.1118778199697462e-13
8.3673547795184040e-13
9.1170254504961312e-13
9.4299615752383464e-13
9.7387967790971696e-13
9.9348735249827420e-13
9.9021044127746782e-13
9.8636499144447729e-13
9.9295812704055377e-13
1.0325189577317242e-12
1.0659866958165622e-12
1.0873627071520351e-12
1.0713015854926936e-12
1.0146208307157064e-12
9.6515315345768260e-13
9.1660470502422440e-13
8.5167959528002042e-13
7.9661681222726544e-13
7.6883976983914933e-13
7.1547863532514377e-13
6.2587025178869334e-13
5.0317459024763175e-13
3.9853478352612569e-13
3.1343638816736881e-13
2.2287487612831573e-13
1.7660631848118580e-13
1.7542268774084487e-13
1.6638071078180259e-13
1.5792185569702785e-13
1.5192691124961674e-13
1.4183193820561992e-13
1.3842566349779009e-13
1.3041189275932225e-13
1.2560429034960282e-13
1.6690809852113145e-13
1.7640601114429258e-13
1.6375788262570679e-13
1.5054635327115761e-13
1.2737252104356225e-13
9.3433527585432688e-14
3.9447471912438673e-14
-9.5784540680905789e-15
-1.6844218672976136e-14
-1.4979122976719616e-14
-6.2390767064326489e-14
