1.3877586977095448e-14
2.1210911643277763e-14
1.9225204259573920e-14
2.2919326231840266e-14
2.6117713401780246e-14
2.4942205671945269e-14
2.8725548345650962e-14
3.1709671450790987e-14
1.0679047931220621e-14
3.5939881972988335e-14
2.8785018411475532e-14
2.8935079318897573e-14
4.3585656355080253e-14
3.9594967447061201e-14
3.6021049827029121e-14
3.3773700353153199e-14
4.0396524963585579e-14
3.0429686887807964e-14
3.2779176240523454e-14
4.0693912776697393e-14
3.7818411221604810e-14
5.1051796348387153e-14
6.1055322408734019e-14
7.2656325145865899e-14
6.9183693075440295e-14
7.8171232822465498e-14
9.0960382289052512e-14
9.3817324484335630e-14
8.2113688716389701e-14
9.7865910212433510e-14
1.0299826967837045e-13
9.2520881786783745e-14
6.6859484004483276e-14
8.0966944479956810e-14
7.1711622419921391e-14
7.7344719269154637e-14
6.5092733541414699e-14
5.8916815095220007e-14
3.2057998279817254e-14
7.0716673560631177e-14
1.1460372681247724e-14
3.7257732328065196e-14
2.3391252950455001e-14
1.2565701628265566e-14
4.3386484675202661e-15
8.6671202349789022e-15
2.4542838932567743e-14
1.8006827027815208e-14
4.0926430014771267e-15
1.7871283634638443e-14
2.2805090583180526e-14
1.9258628834335987e-14
1.7493544587728627e-15
-6.6170008726195916e-15
-4.6500980692007521e-15
1.0251911329994748e-15
-2.6580151123603454e-14
-7.3397884166315028e-15
-1.4132370482197618e-14
-5.2527530349149958e-15
-1.4277759599442013e-14
4.4930209421751779e-15
-1.3297509516745445e-14
8.5229410069390116e-15
-8.1827013852503544e-15
9.1741973900754249e-15
1.7244774561401764e-14
1.8909413229739390e-14
2.9896778548539369e-14
2.0100448925621236e-14
2.7470070372988575e-14
4.2910874383194540e-14
2.8017174787936633e-14
3.6162598892318555e-14
2.7525093471786365e-14
5.0273366418461002e-14
3.5369285425363337e-14
2.4963199697079362e-14
4.0257846674052986e-14
6.0747595376941448e-14
2.4540473325141551e-14
3.8270520351409865e-14
3.6741360706428044e-14
3.4525290250042529e-14
-1.4454063425589273e-15
-2.4773473848416591e-14
-4.6429630622639380e-15
-1.3400464490039569e-14
-2.2886413523254297e-14
-1.5775701177742556e-14
-2.3666005784199638e-14
-3.6867654196474945e-14
-3.1901235083091249e-14
-4.5129279028556118e-14
7.1373225114128999e-16
-3.0951015297756208e-14
-3.6240577110828125e-14
-4.7342751070124288e-14
-3.4220614473117783e-14
-4.4372173825760743e-14
-6.0022279835584284e-14
-4.9091408701027707e-14
-5.1150611294769103e-14
-2.3919463438693412e-14
-2.4297917807008396e-14
-2.0055446053568377e-14
-2.0763071071208799e-14
2.7113525085240500e-15
-1.2850827351643318e-14
1.5242084713995446e-14
1.8613791467821614e-14
-8.1790693541161057e-15
-3.7015675270268333e-14
-6.2139576777947149e-14
-7.5313186575571159e-14
-8.3559630186642915e-14
-1.3370715912677437e-13
-1.1760182759945041e-13
-1.4303781798665204e-13
-1.4029840611164776e-13
-1.4339779779474680e-13
-1.3947384093832849e-13
-1.5869108234437083e-13
-1.7992914891508827e-13
-1.7206677443099973e-13
-1.6264983746447627e-13
-1.7541656783257942e-13
-2.0347661424932412e-13
-1.9680606047133689e-13
-2.0079889704681240e-13
-2.1791475133843222e-13
-2.2611032905722530e-13
-2.4224414436867158e-13
-2.4377294555742701e-13
-2.6664190970583070e-13
-2.6345095670623454e-13
-2.9001936615238701e-13
-3.0329845854288306e-13
-3.2394564205825364e-13
-3.7321955056396041e-13
-4.0365607625543916e-13
-4.1831836987851265e-13
-4.5469309616388112e-13
-4.9699187000268724e-13
-5.7125672288990301e-13
-6.2730040819888730e-13
-6.7936425193605366e-13
-7.3015854411560864e-13
-7.8822038603827095e-13
-7.9358072541943757e-13
-8.8180868995445885e-13
-9.2378139395468371e-13
-9.9759172009436537e-13
-1.0971485504033873e-12
-1.1826415802511697e-12
-1.2942380450540505e-12
-1.4321374999819563e-12
-1.5444195812445952e-12
-1.6835898575534789e-12
-1.8601689020177568e-12
-2.0139904040512473e-12
-2.2280578478768985e-12
-2.4484019514116914e-12
-2.6822118032511914e-12
-2.9360630164662220e-12
-3.2032512743442768e-12
-3.5533470637718644e-12
-3.9158270530166213e-12
-4.3121744872150891e-12
-4.7493277832778059e-12
-5.2356402361732397e-12
-5.7887819063283014e-12
-6.4093126272299305e-12
-7.0663409499585518e-12
-7.8310325535673491e-12
-8.6408704701647105e-12
-9.5543034428493255e-12
-1.0547882869678930e-11
-1.1596792372454747e-11
-1.2730668096347001e-11
-1.3953033301819666e-11
-1.5236097393589424e-11
-1.6656288366821786e-11
-1.8145785442739802e-11
-1.9760049595754251e-11
-2.1469302386385278e-11
-2.3280443031802480e-11
-2.5210724581587264e-11
-2.7259144067193731e-11
-2.9413651814460720e-11
-3.1691558523283345e-11
-3.4087952615398422e-11
-3.6625536717013385e-11
-3.9218689555108315e-11
-4.1944026383613569e-11
-4.4724447519783769e-11
-4.7588267134572213e-11
-5.0486298717047990e-11
-5.3501349478558512e-11
-5.6555827578988551e-11
-5.9647299173553821e-11
-6.2776014280670280e-11
-6.5948286665888492e-11
-6.9142745698982592e-11
-7.2313683254000108e-11
-7.5473276379056811e-11
-7.8645134714316707e-11
-8.1759930440048928e-11
-8.4827356719635880e-11
-8.7829681744126792e-11
-9.0723750538843110e-11
-9.3555596018547446e-11
-9.6210671470827020e-11
-9.8733271977737267e-11
-1.0113118651383827e-10
-1.0334980701128174e-10
-1.0541099676942525e-10
-1.0725838738689161e-10
-1.0891477818643152e-10
-1.1033920361117177e-10
-1.1154577913346075e-10
-1.1253057717730303e-10
-1.1331766219627964e-10
-1.1385577124130397e-10
-1.1414373864985821e-10
-1.1421639398090653e-10
-1.1401310131478667e-10
-1.1361380144998324e-10
-1.1292852746777432e-10
-1.1203380780251544e-10
-1.1092263317801929e-10
-1.0955477044138677e-10
-1.0798149448707134e-10
-1.0625850793620224e-10
-1.0430339049086465e-10
-1.0221172541364601e-10
-9.9931493271049419e-11
-9.7473883074013187e-11
-9.4885342485229583e-11
-9.2152974594756209e-11
-8.9297549755328297e-11
-8.6424657052837871e-11
-8.3394417129312569e-11
-8.0343410232884011e-11
-7.7248034460510066e-11
-7.4118860782423433e-11
-7.1001039285779553e-11
-6.7873464009748753e-11
-6.4758231694680338e-11
-6.1670127742864032e-11
-5.8608211648057753e-11
-5.5583714327199875e-11
-5.2640799640211203e-11
-4.9710576988073069e-11
-4.6877773782479344e-11
-4.4090288085274377e-11
-4.1359159618090187e-11
-3.8755365926857554e-11
-3.6218622509264140e-11
-3.3831737310721345e-11
-3.1501524169338187e-11
-2.9307769754083377e-11
-2.7214453683417912e-11
-2.5238288416276422e-11
-2.3361027623298543e-11
-2.1591315897674253e-11
-1.9885028715397859e-11
-1.8306354795650767e-11
-1.6816914931634691e-11
-1.5394774443413671e-11
-1.4093004579009744e-11
-1.2860446691728269e-11
-1.1708442837298309e-11
-1.0646069021280552e-11
-9.6402129932716518e-12
-8.7385609835280989e-12
-7.9096908095370007e-12
-7.1828933548479612e-12
-6.4902054691253309e-12
-5.8760314807462371e-12
-5.3092466684972169e-12
-4.7985981937413681e-12
-4.3139559694622237e-12
-3.9006412306290765e-12
-3.4840361642539213e-12
-3.1265782278052239e-12
-2.8310678882115296e-12
-2.5532117970623480e-12
-2.2924531633969249e-12
-2.0472440157652748e-12
-1.8381443397529142e-12
-1.6623470416302679e-12
-1.4965703384006795e-12
-1.3440326773825774e-12
-1.1846592005732271e-12
-1.0622790979823955e-12
-8.9908021188653386e-13
-7.8121811831278668e-13
-6.7727778340568483e-13
-5.7996737540802653e-13
-4.9966453817819350e-13
-4.3538971623515764e-13
-3.5862488510745993e-13
-3.2606946329632778e-13
-2.6204967788662582e-13
-2.2727119577741189e-13
-2.2183958748186350e-13
-1.9601122939632081e-13
-1.7046637861510851e-13
-1.5476148948629477e-13
-1.4271749511617124e-13
-1.4638096702246059e-13
-1.3652455631062343e-13
-1.3550630586646934e-13
-1.4756740698349076e-13
-1.3310717681273282e-13
-1.6221691700828754e-13
-1.3239252735050411e-13
-1.2178355837214110e-13
-1.0840837195529638e-13
-9.1612478949683336e-14
-1.0780745459647085e-13
-1.0616505029286551e-13
-1.0436710191306145e-13
-1.1349001065877124e-13
-9.6130998194857176e-14
-9.5275670497233653e-14
-9.9783725425071069e-14
-8.0878038316599484e-14
-8.6131113300216103e-14
-9.5072399086983561e-14
-1.0578516852866302e-13
-8.6881119699373406e-14
-7.0182748340402386e-14
-5.4390855226774381e-14
-6.0682355186568556e-14
1.1533243745263263e-14
1.1914357549743875e-14
-1.7013351963714614e-14
-5.6529003973311738e-15
2.5799964017847822e-14
5.6524621504464233e-14
4.9743871814809817e-14
5.4423710738519467e-14
7.1968534059337341e-14
9.2711596881631497e-14
7.1107523575479114e-14
8.4882737114160612e-14
6.2743188902554114e-14
1.0358587449008655e-13
5.4832862095617294e-14
9.0657919219945204e-14
9.8825009659406738e-14
1.1467857775357292e-13
8.7247205572182864e-14
9.0572096551053409e-14
7.4984949202951165e-14
9.9255666367996919e-14
8.3732377432765011e-14
3.0060856365025048e-14
-1.0559357088813588e-14
-3.3154175155486481e-14
-6.0581995939462839e-14
-9.0974088597221460e-14
-9.2778720066631143e-14
-1.0525521745280880e-13
-1.1521479660962839e-13
-1.0126305743858561e-13
-6.2658757971392853e-14
-4.7081539821320285e-14
-5.9772281264066373e-14
-4.1096207042094360e-14
-2.3166700475356331e-14
-2.0757996543314515e-14
-1.2074513082717231e-14
-1.5943742727023116e-14
7.6101132271037496e-15
-1.7393663846543769e-15
-2.6358697035941263e-16
-1.3869129799779200e-14
6.9158244698709286e-15
-1.0304587736066751e-14
-1.5764611853312151e-14
-2.9155295215547401e-14
-2.8960935238659895e-14
-3.2589846481303462e-14
-3.9353720430986819e-14
-2.8439887131105399e-14
-4.3462917263135363e-14
-4.4714916396419497e-14
-3.8362623621099077e-14
-5.3576284874382367e-14
-2.7689799510360014e-14
-4.4482421114959794e-14
-3.6012440648104371e-14
-3.5856489897181118e-14
-2.7305855096556487e-14
-4.0659616676226348e-14
-3.3006883216609828e-14
-4.4479903307306277e-14
-3.5304852550558290e-14
-1.3852301672776609e-14
-1.5985417024446968e-14
-1.6903642737531919e-14
-1.5374471995987984e-14
-2.8948542583594195e-14
-1.8724017013671033e-14
-2.9484629209896769e-14
2.9750337354856968e-15
-1.4989473001507536e-14
-2.9073663662626726e-14
-2.1772881725316140e-14
-2.2882858327475019e-15
-3.1325828586385994e-14
-3.0729480321586801e-14
-2.7918403025885407e-14
-4.5606619697585083e-15
-8.3996655439451655e-15
9.0157881938033146e-15
2.3399280570279915e-14
2.8909376400111682e-14
4.9532350224499473e-15
4.0434023883091646e-14
1.1967333236270004e-14
5.9827485822983482e-14
4.5243105050090106e-14
5.8056500145611903e-14
7.3825383437533665e-14
8.3308639045291722e-14
5.2271835510562357e-14
4.9984238874587625e-14
4.3596005579653748e-14
4.3266029790325956e-14
6.0765353940299404e-14
5.6658833968087658e-14
6.6233164026790446e-14
6.9034058622599721e-14
3.7129730624308585e-14
4.3279332049827818e-14
2.9100634894882981e-14
5.0621991015885473e-14
5.1374886553525727e-14
6.8652233824549034e-14
7.0405909060393081e-14
9.1982855218573680e-14
3.2067185432566322e-14
4.3377027693351672e-14
4.8526217500240658e-14
4.6490919039315601e-14
4.2332255772033081e-14
6.2829442725180388e-14
7.2421615129760956e-14
7.4347399129318146e-14
4.0730936618024748e-14
4.7158591872701572e-14
5.4955479361049330e-14
6.5005649031123579e-14
4.6596792714075404e-14
5.4333227260991179e-14
8.1575193408583481e-14
5.5478746067206651e-14
3.4448402708307931e-14
3.3014938012931971e-14
3.8522569447585208e-14
3.0426368753325296e-14
3.4121357850411026e-14
4.4844700447883031e-14
6.7383073641549166e-14
6.2775711463113512e-14
3.8719496606727791e-14
4.1451065259061587e-14
4.1131067437117781e-14
3.5126137292953177e-14
3.6702220317407136e-14
5.0490565441008196e-14
4.7218808718616211e-14
3.3658839181150938e-14
7.4643328299833075e-15
3.6483203381646580e-14
6.3272915093162735e-14
4.1608774022146234e-14
4.7393539150502551e-14
3.9091180846996864e-14
5.0873496867246022e-14
5.8725417658280953e-14
3.8640142891284648e-14
6.2261511787411386e-14
5.1173511664606954e-14
2.5932543869409747e-14
3.8356821269585740e-14
2.5654887743341031e-14
3.8360262869633670e-14
5.5305545669691986e-14
3.3022373132419905e-14
2.6475524758697221e-14
3.6964340632258500e-14
3.5919511993278472e-15
2.5237345123984145e-14
2.0032165419803481e-14
-8.5729892354989788e-15
1.7240948329877994e-14
-5.6446826704972391e-15
1.8304445213401793e-14
1.9147116451165989e-14
6.0936018125821665e-16
-1.1312276164488025e-14
-9.0257811084433072e-15
-1.1923819441531163e-14
-1.4899344039692277e-15
-1.2209447338040606e-14
1.2562840814002496e-14
1.4262560091201696e-14
