5.8658849176535285e-13
-5.0277149702219023e-13
-8.9784020143691506e-13
-1.0301183772522514e-12
1.9530561753141616e-13
2.5112772605888581e-13
1.9543676166894051e-13
-1.8181158752134394e-13
1.2796290914567671e-12
3.9789418402396409e-13
1.2110499308391719e-12
-4.0526390789465015e-13
5.0124141647764318e-13
1.7023379616444715e-13
9.1574828822000704e-13
1.7660303210919120e-12
1.0673040413414557e-12
2.6627577675528766e-12
2.3341174972028241e-12
2.5863522183165954e-12
7.3143946626476551e-12
8.5055853970854688e-12
1.1368812316729831e-11
1.8866099920175487e-11
2.6401618503867471e-11
3.5072630742703339e-11
5.0048795288493540e-11
6.9259463390075379e-11
9.5015982616225651e-11
1.3158847678239274e-10
1.8304939024245737e-10
2.5104013182110507e-10
3.4482040440923686e-10
4.7274012107775986e-10
6.4570113072903493e-10
8.7697102035014495e-10
1.1907868535500435e-09
1.6068880145727579e-09
2.1662790663641304e-09
2.9098219792427471e-09
3.8913471894538795e-09
5.1896209868817621e-09
6.8932798396038857e-09
9.1200871448696559e-09
1.2018991775235801e-08
1.5776721369260847e-08
2.0616781451539406e-08
2.6821622983631627e-08
3.4730097584221251e-08
4.4745550562211936e-08
5.7340063938430694e-08
7.3068126214628603e-08
9.2540261341155451e-08
1.1642225647022675e-07
1.4540008351032240e-07
1.8012304443237512e-07
2.2110969724158313e-07
2.6860349257708002e-07
3.2235671683258694e-07
3.8130485672243503e-07
4.4311471795041153e-07
5.0351152659870133e-07
5.5536068028854950e-07
5.8740900337000773e-07
5.8250490966996563e-07
5.1521479849518134e-07
3.4863134656540225e-07
3.0036149461525379e-08
-5.1482315377770029e-07
-1.3893193927097685e-06
-2.7358933655345145e-06
-4.7490957425105034e-06
-7.6924877644393210e-06
-1.1920537390603870e-05
-1.7906778798177411e-05
-2.6279870795060090e-05
-3.7869575096310905e-05
-5.3765122200597959e-05
-7.5388919070204304e-05
-1.0458931986506316e-04
-1.4375683800338731e-04
-1.9596913254537468e-04
-2.6517116439406268e-04
-3.5639814576191205e-04
-4.7605034053570109e-04
-6.3223042014885289e-04
-8.3515602584480198e-04
-1.0976622679793021e-03
-1.4358114047677488e-03
-1.8696297115046176e-03
-2.4239945484108155e-03
-3.1296980901237004e-03
-4.0247179689074418e-03
-5.1557290698759093e-03
-6.5798951979166350e-03
-8.3669840027415596e-03
-1.0601853545663264e-02
-1.3387363997001829e-02
-1.6847773343394167e-02
-2.1132681197707455e-02
-2.6421590131173983e-02
-3.2929158825938443e-02
-4.0911225970876215e-02
-5.0671687620379054e-02
-6.2570313777355127e-02
-7.7031591734577520e-02
-9.4554683964276617e-02
-1.1572458676390447e-01
-1.4122457208740463e-01
-1.7184998842093790e-01
-2.0852348703597226e-01
-2.5231172691713327e-01
-3.0444359448306790e-01
-3.6632995296120774e-01
-4.3958490994330007e-01
-5.2604856038056269e-01
-6.2781112552408658e-01
-7.4723836595034987e-01
-8.8699809873546576e-01
-1.0500875951229740e+00
-1.2398615758410403e+00
-1.4600604569352149e+00
-1.7148384302383646e+00
-2.0087908901721190e+00
-2.3469806434964382e+00
-2.7349622623474170e+00
-3.1788038648371280e+00
-3.6851055336058027e+00
-4.2610135131585949e+00
-4.9142292638226994e+00
-5.6530123964326231e+00
-6.4861764700937616e+00
-7.4230766084864772e+00
-8.4735878811556287e+00
-9.6480734079685639e+00
-1.0957341180375787e+01
-1.2412588654934995e+01
-1.4025334265120806e+01
-1.5807335118824753e+01
-1.7770490302646550e+01
-1.9926729400811684e+01
-2.2287886056838037e+01
-2.4865556658743820e+01
-2.7670944512419403e+01
-3.0714690179983382e+01
-3.4006688996841461e+01
-3.7555897137939311e+01
-4.1370127974738821e+01
-4.5455840842429502e+01
-4.9817924714330836e+01
-5.4459479648190459e+01
-5.9381599218005981e+01
-6.4583157464526394e+01
-7.0060604177844198e+01
-7.5807772555540424e+01
-8.1815703449657533e+01
-8.8072490515435589e+01
-9.4563150595408445e+01
-1.0126952360611850e+02
-1.0817020603526792e+02
-1.1524052189987877e+02
-1.2245253465845282e+02
-1.2977510311217344e+02
-1.3717398377413332e+02
-1.4461198153622243e+02
-1.5204914972860308e+02
-1.5944303985689234e+02
-1.6674900043020619e+02
-1.7392052337475153e+02
-1.8090963558026334e+02
-1.8766733216977121e+02
-1.9414404713814434e+02
-2.0029015609334115e+02
-2.0605650497898850e+02
-2.1139495787978709e+02
-2.1625895633419836e+02
-2.2060408202171965e+02
-2.2438861427303658e+02
-2.2757407358630479e+02
-2.3012574223372098e+02
-2.3201315311876218e+02
-2.3321053830052122e+02
-2.3369722903854566e+02
-2.3345799982505011e+02
-2.3248334965405124e+02
-2.3076971471525107e+02
-2.2831960777825887e+02
-2.2514168072918758e+02
-2.2125070801257115e+02
-2.1666749009035479e+02
-2.1141867742738020e+02
-2.0553651691872838e+02
-1.9905852405779632e+02
-1.9202708547389253e+02
-1.8448899771493174e+02
-1.7649494928614325e+02
-1.6809895395446694e+02
-1.5935774416805330e+02
-1.5033013410271283e+02
-1.4107636231835980e+02
-1.3165742427912932e+02
-1.2213440505614084e+02
-1.1256782239319590e+02
-1.0301698997763381e+02
-9.3539410232150686e+01
-8.4190205242718648e+01
-7.5021593581915653e+01
-6.6082419797385498e+01
-5.7417742237180967e+01
-4.9068483703562045e+01
-4.1071148192818555e+01
-3.3457605719234948e+01
-2.6254945964830089e+01
-1.9485400269958056e+01
-1.3166330309404259e+01
-7.3102807070373137e+00
-1.9250918503780767e+00
2.9859317084454142e+00
7.4238026227318228e+00
1.1393587852933878e+01
1.4904107916879097e+01
1.7967605012128043e+01
2.0599386892819808e+01
2.2817453398738973e+01
2.4642112414346464e+01
2.6095591790678604e+01
2.7201653406521345e+01
2.7985215091720800e+01
2.8471985601264585e+01
2.8688117230808579e+01
2.8659880019921406e+01
2.8413360815881418e+01
2.7974189784926089e+01
2.7367296275214578e+01
2.6616695270778902e+01
2.5745305041494618e+01
2.4774796001433362e+01
2.3725470246310255e+01
2.2616170757231068e+01
2.1464218837841329e+01
2.0285377998503179e+01
1.9093842215760940e+01
1.7902246277701497e+01
1.6721695773950735e+01
1.5561814199916178e+01
1.4430804613714969e+01
1.3335523306136455e+01
1.2281563012581991e+01
1.1273343304976551e+01
1.0314205944240108e+01
9.4065131434837799e+00
8.5517468817135320e+00
7.7506076113290154e+00
7.0031109141349797e+00
6.3086808741962743e+00
5.6662391473132896e+00
5.0742889113947838e+00
4.5309930765593487e+00
4.0342463150783949e+00
3.5817406374647369e+00
3.1710243903784137e+00
2.7995546836044993e+00
2.4647433667881371e+00
2.1639967720597526e+00
1.8947495163370782e+00
1.6544927181106990e+00
1.4407970287662162e+00
1.2513309093634299e+00
1.0838746017130678e+00
9.3633024920995689e-01
8.0672861946932084e-01
6.9323286937775164e-01
5.9413977485749969e-01
5.0787882406679985e-01
4.3300954522361945e-01
3.6821741003143632e-01
3.1230862170259610e-01
2.6420406405015073e-01
2.2293265555368291e-01
1.8762432065685908e-01
1.5750276011101758e-01
1.3187817363796575e-01
1.1014006150902601e-01
9.1750207344083290e-02
7.6235922582688520e-02
6.3183613421646329e-02
5.2232713942136487e-02
4.3070014420394848e-02
3.5424401079046250e-02
2.9062013152820507e-02
2.3781814407300372e-02
1.9411569399004666e-02
1.5804209393579651e-02
1.2834568839820622e-02
1.0396470461049188e-02
8.4001351448093897e-03
6.7698919256776093e-03
5.4421629410848164e-03
4.3636985313442221e-03
3.4900383673693064e-03
2.7841755230604958e-03
2.2154015848944979e-03
1.7583124559485076e-03
1.3919559066982840e-03
1.0991035854841041e-03
8.6563171312805580e-04
6.7999625878855004e-04
5.3278982533575448e-04
4.1636892483564391e-04
3.2454160279841635e-04
2.5230656471927714e-04
1.9563607881367784e-04
1.5129598303075841e-04
1.1669691987054274e-04
8.9771827859787536e-05
6.8875411297726096e-05
5.2701888927886618e-05
4.0217950812363940e-05
3.0608283972906254e-05
2.3231450475886213e-05
1.7584270708227373e-05
1.3273181103811253e-05
9.9912471177676650e-06
7.4997850679280524e-06
5.6137381543303414e-06
4.1900486561459065e-06
3.1184411460595041e-06
2.3141648473187418e-06
1.7122872052312184e-06
1.2631877882346235e-06
9.2907820751033223e-07
6.8126015787982926e-07
4.9799889740577299e-07
3.6289398093542605e-07
2.6359747978802082e-07
1.9084955372414282e-07
1.3771778139020485e-07
9.9043221407404838e-08
7.0980805000848462e-08
5.0689023597339131e-08
3.6064803818433587e-08
2.5566197921532501e-08
1.8050819881152525e-08
1.2693687555704800e-08
8.8893572083319082e-09
6.1982443197708074e-09
4.3003969324642669e-09
2.9718384485309345e-09
2.0420774638510906e-09
1.3961810627498337e-09
9.4875800407721286e-10
6.3928022467684841e-10
4.2800759313434721e-10
2.8481823539134639e-10
1.8734451398663085e-10
1.2340911238875911e-10
7.9688530989999034e-11
5.1354667837156639e-11
3.0555366691864220e-11
1.9242557825693897e-11
1.2155475511216649e-11
5.6112585917965066e-12
3.3558775423863730e-12
2.7555006590074513e-12
-5.1321611730510802e-13
9.7960141860278507e-13
-1.0225581540149278e-13
1.0997614476895797e-13
-1.2087432989876259e-12
3.4766513080001888e-13
-5.8928181833866228e-14
3.6919489379545764e-13
2.6544460937471880e-13
-5.7669394545252086e-13
-6.3380027597272527e-13
1.1796171951570340e-12
2.0131136001294142e-13
-5.6874581293855979e-13
-9.7975963553802760e-13
1.0389639363220559e-12
4.5242823810916320e-13
8.1945182022703483e-13
-1.2293068281177125e-12
4.9741155906301830e-13
-6.9758412201577651e-13
8.8004608352444612e-13
-2.2206878541982452e-12
3.5710144959579291e-13
8.8405706356589094e-15
-1.8865249302572602e-12
-1.4164179604766128e-12
2.6601745918943883e-12
6.8651732338969953e-13
6.1895970620856973e-13
-2.7594598508211483e-13
4.5917823052395611e-13
3.1483782264089191e-13
8.8498396775971516e-13
-2.2396179711325867e-12
-1.1930727935735794e-12
-1.9618469968384221e-13
1.3575796059520346e-13
-7.6493517023287968e-13
1.7173461611015080e-13
4.7972074100690776e-13
-2.6932667149049392e-12
-7.9671603182226754e-14
-4.3768624501269462e-13
-1.2450890406799104e-12
1.0595190757596436e-12
1.6356656456713317e-13
9.6388034873193084e-13
1.5239893363232527e-12
1.3612990235016357e-12
-1.2389103958718100e-12
1.6673376035582311e-13
1.1314906928603909e-12
-5.0902198509798051e-13
-1.0798104927467813e-12
1.4520647682096322e-12
-1.1206532708535645e-12
-7.4303072843778295e-13
-2.5559724713844104e-13
-9.8949504143746124e-13
-8.1083931047570720e-13
6.6207309849471859e-13
-1.2119367694806657e-14
2.5313013684215905e-13
-1.6472407616411671e-14
2.3836248585389692e-12
-1.1567669950678425e-12
1.0926199605338650e-12
-1.6718404060302708e-12
-1.3429904261640285e-12
4.3638968030823118e-14
8.2893269242320384e-13
3.9404884068016105e-13
5.2307688072246632e-13
1.3536339586041560e-12
-6.1372859726227295e-13
-5.0771345327722793e-13
-6.2910075215984324e-13
-1.5023800478828800e-12
1.5171805232786723e-13
-9.9919445756959143e-13
4.4163703811038778e-13
-4.9035369176874303e-13
2.9840189758195660e-13
6.8384501902420614e-13
1.1398528671157394e-12
-2.7179408279159539e-13
-6.9022700619340035e-14
-8.0806266821277822e-13
3.6402317570819070e-14
-2.2704316764704616e-13
-9.9403956211877639e-13
1.1575932795701630e-12
8.8097816990639133e-13
4.4345608308479794e-13
-1.4479123405363284e-12
9.4663019840855245e-13
-1.8639696959897678e-12
-2.3586126469189553e-13
6.7311063543022872e-13
5.8340047230355740e-13
-1.0845085205479202e-12
1.0128907747967696e-12
4.3207516415568099e-14
1.4186997309537668e-12
-8.5008425958419661e-14
-8.5724629145880107e-13
-1.4726766434578055e-12
1.1976227814177168e-12
-8.2584370785425628e-13
3.4913186300997791e-13
6.6170431092277101e-13
2.1031965397645073e-13
-1.1695191903339042e-12
-6.6889809764828727e-13
-6.9430946933231344e-13
2.4641600336442622e-13
-5.0728881426389336e-13
7.7168028970071822e-13
-1.4109855755424792e-13
-1.9222462783293376e-13
-1.7358156327533225e-13
-1.1886519772148937e-12
-1.3550500156127077e-12
2.6918487617471295e-13
-5.1732186768124335e-15
7.3181972959772283e-13
1.0432193237711047e-12
-7.0636152846170785e-13
2.5293897949813955e-13
1.0072208165466959e-12
-1.2205688584559167e-12
5.9043164658517607e-13
-3.3875147961782734e-13
-4.8520332767639214e-13
1.2066702045882204e-13
-8.4684755747031877e-13
4.6680549674372621e-13
-3.5725189769533466e-13
-8.5511377176448057e-14
2.4266190371475652e-12
-6.5892577819342505e-13
-7.7028097648844334e-13
9.1460872891926812e-13
-6.2316492722008648e-13
-1.1385463406800968e-12
-1.8455215155200381e-12
1.4657087337437927e-12
