7.3425799196503279e-13
3.9380861231565118e-13
7.6256958678614890e-13
1.3934520926936492e-12
-7.8223461054932235e-13
4.2163575859848146e-13
1.4576465212999385e-12
-9.4638370622495231e-13
-1.7823323247596115e-13
-1.7293077059952280e-14
-1.4879306245429939e-12
2.6189816211284057e-13
-7.2281434865316550e-14
1.0229216556947930e-12
-2.2731045669061543e-12
2.0503059269163758e-13
-1.8407499599154950e-12
8.2665416472061744e-13
-7.1850391193861079e-13
1.1840240617221515e-12
-6.4786759497974107e-13
2.0893688340249356e-12
1.2093853700243347e-13
-2.2646337130581267e-12
-3.0840705775994265e-14
2.9119482668965471e-12
-1.4356019067334753e-12
-5.7352686651746143e-13
1.9732882830445586e-12
1.8586077179716650e-14
-3.4239210547344220e-12
-3.2422994675307563e-12
-7.0337295407286486e-12
-1.1643152427849333e-11
-1.8369520367969119e-11
-3.2190783547856823e-11
-5.0600688308562378e-11
-7.5030597936397754e-11
-1.1929201021806995e-10
-1.7977008100005245e-10
-2.7111480528378645e-10
-4.0494902468854353e-10
-6.0240745785111779e-10
-8.8556708565692390e-10
-1.2960124042523251e-09
-1.8817327618010888e-09
-2.7193722164650799e-09
-3.9024312709990785e-09
-5.5751248870326605e-09
-7.9134865916297799e-09
-1.1179653500083684e-08
-1.5716724654811544e-08
-2.1981530993588921e-08
-3.0595744964300909e-08
-4.2387250605713295e-08
-5.8453225936604739e-08
-8.0238459756718011e-08
-1.0964653591566219e-07
-1.4916232750234437e-07
-2.0201256041784534e-07
-2.7237109977427765e-07
-3.6560268761006664e-07
-4.8855655091058340e-07
-6.4994099179227931e-07
-8.6072938634316794e-07
-1.1346755825649429e-06
-1.4889047270771706e-06
-1.9445460658677203e-06
-2.5274682293834749e-06
-3.2690561386644585e-06
-4.2069949947660007e-06
-5.3860096685858543e-06
-6.8584898260871578e-06
-8.6848549220880281e-06
-1.0933451907929762e-05
-1.3679814779876247e-05
-1.7004817666024226e-05
-2.0991338799722793e-05
-2.5718771220605102e-05
-3.1254553692627015e-05
-3.7641620546785311e-05
-4.4880441988354977e-05
-5.2903820354525621e-05
-6.1542247130048170e-05
-7.0477016915267008e-05
-7.9177626969369953e-05
-8.6819169353927105e-05
-9.2174550476474857e-05
-9.3475118966554797e-05
-8.8232201164083321e-05
-7.3010413615290707e-05
-4.3142067936148936e-05
7.6299095119701550e-06
8.7595115044598120e-05
2.0762167403938120e-04
3.8182428903886138e-04
6.2837593665801572e-04
9.7048730250891399e-04
1.4375806290751415e-03
2.0666867887866513e-03
2.9040965598212125e-03
4.0072986142546518e-03
5.4472375720563942e-03
7.3109254821471297e-03
9.7044389141111090e-03
1.2756330885381381e-02
1.6621482331943892e-02
2.1485410603431652e-02
2.7569042765247964e-02
3.5133948218918014e-02
4.4488008467285046e-02
5.5991480595221958e-02
7.0063385271759496e-02
8.7188119216009052e-02
1.0792215547858479e-01
1.3290065287831276e-01
1.6284374788686284e-01
1.9856224855211099e-01
2.4096239080788473e-01
2.9104925365332757e-01
3.4992836150670742e-01
4.1880493146143433e-01
4.9898015137983370e-01
5.9184380410403026e-01
6.9886248578978905e-01
8.2156260604609910e-01
9.6150730683393892e-01
1.1202664007982412e+00
1.2993784111628919e+00
1.5003038001878382e+00
1.7243685051102395e+00
1.9726969655462030e+00
2.2461339283360711e+00
2.5451544598885958e+00
2.8697617861712903e+00
3.2193728197926577e+00
3.5926915244131274e+00
3.9875706104577011e+00
4.4008624516511556e+00
4.8282605575780542e+00
5.2641334283735182e+00
5.7013531476043662e+00
6.1311216287865982e+00
6.5427980085737767e+00
6.9237312609359467e+00
7.2591026748863081e+00
7.5317833744773601e+00
7.7222125426831223e+00
7.8083024174999434e+00
7.7653764352501282e+00
7.5661470785224552e+00
7.1807400198155857e+00
6.5767710145301130e+00
5.7194816673349615e+00
4.5719396567832193e+00
3.0953082409763835e+00
1.2491888740233137e+00
-1.0079604628437357e+00
-3.7183300652331606e+00
-6.9241869626124437e+00
-1.0667229407766746e+01
-1.4987871803097116e+01
-1.9924466617541690e+01
-2.5512472075362915e+01
-3.1783576648428578e+01
-3.8764793595756935e+01
-4.6477540901085270e+01
-5.4936723890782204e+01
-6.4149839497735897e+01
-7.4116122500699518e+01
-8.4825755043579989e+01
-9.6259161261829163e+01
-1.0838640885831865e+02
-1.2116673893358278e+02
-1.3454824425352334e+02
-1.4846771441449835e+02
-1.6285066404188254e+02
-1.7761155725115560e+02
-1.9265423814856788e+02
-2.0787257320710901e+02
-2.2315130699870522e+02
-2.3836712808692400e+02
-2.5338993699517957e+02
-2.6808430318372280e+02
-2.8231109302606467e+02
-2.9592924600932326e+02
-3.0879767193229549e+02
-3.2077723787711705e+02
-3.3173281031590869e+02
-3.4153531500083000e+02
-3.5006377537902421e+02
-3.5720728925579533e+02
-3.6286690336137190e+02
-3.6695734639306943e+02
-3.6940858301309470e+02
-3.7016715416012624e+02
-3.6919727282950475e+02
-3.6648164911265775e+02
-3.6202202365586822e+02
-3.5583939467180983e+02
-3.4797393006555490e+02
-3.3848456295439280e+02
-3.2744827569264186e+02
-3.1495908427746764e+02
-3.0112674152968998e+02
-2.8607518353944374e+02
-2.6994074937912757e+02
-2.5287020886812260e+02
-2.3501863710186961e+02
-2.1654717743187493e+02
-1.9762073653301456e+02
-1.7840565607774235e+02
-1.5906740534512349e+02
-1.3976833784624748e+02
-1.2066555279809293e+02
-1.0190889910451909e+02
-8.3639155509386839e+01
-6.5986415897904195e+01
-4.9068703479868027e+01
-3.2990831946078629e+01
-1.7843525806715888e+01
-3.7028061603022793e+00
9.3703577381513288e+00
2.1330136390562270e+01
3.2145678013048666e+01
4.1800711891089428e+01
5.0292936687377932e+01
5.7633216785798794e+01
6.3844612554493331e+01
6.8961272447239367e+01
7.3027216125527715e+01
7.6095038284786085e+01
7.8224562641531350e+01
7.9481474633760200e+01
7.9935959872960581e+01
7.9661373342344774e+01
7.8732961852015251e+01
7.7226659433302444e+01
7.5217972280196136e+01
7.2780966623363611e+01
6.9987369646591034e+01
6.6905790315057288e+01
6.3601063860355048e+01
6.0133720728727937e+01
5.6559578105990795e+01
5.2929449732226402e+01
4.9288967645938797e+01
4.5678507773208352e+01
4.2133209913420714e+01
3.8683081667633751e+01
3.5353175199065241e+01
3.2163825387309025e+01
2.9130937912848374e+01
2.6266316053659075e+01
2.3578015455404326e+01
2.1070716811851078e+01
1.8746107223034997e+01
1.6603261945939323e+01
1.4639019277624925e+01
1.2848342378183382e+01
1.1224662918150628e+01
9.7602024931030602e+00
8.4462687623418180e+00
7.2735242190046110e+00
6.2322263692685693e+00
5.3124388773667146e+00
4.5042139134069492e+00
3.7977465188934789e+00
3.1835022799012171e+00
2.6523199729720028e+00
2.1954911288267813e+00
1.8048186508070716e+00
1.4726567371037020e+00
1.1919343975721324e+00
9.5616483697885890e-01
7.5944290715933749e-01
5.9643272046958040e-01
4.6234737559107580e-01
3.5292258275609140e-01
2.6438579742101070e-01
1.9342228523176477e-01
1.3713935414805348e-01
9.3029806016365402e-02
5.8935484096466088e-02
3.3011628219681496e-02
1.3692597871510547e-02
-3.4061347202985230e-04
-1.0190770491541776e-02
-1.6772497710382153e-02
-2.0837983617404684e-02
-2.3000254861940950e-02
-2.3754048944741611e-02
-2.3494361807554407e-02
-2.2532783155141130e-02
-2.1111758337161550e-02
-1.9416933250449527e-02
-1.7587748356230008e-02
-1.5726451816343169e-02
-1.3905700358151030e-02
-1.2174911383607686e-02
-1.0565521741813175e-02
-9.0952984147363285e-03
-7.7718349102133657e-03
-6.5953549067021208e-03
-5.5609321373717817e-03
-4.6602233357941041e-03
-3.8827990236318796e-03
-3.2171457291770827e-03
-2.6514028910029708e-03
-2.1738881483409946e-03
-1.7734560862974610e-03
-1.4397281382377671e-03
-1.1632243888615658e-03
-9.3542246623386054e-04
-7.4876369035836580e-04
-5.9662240113811220e-04
-4.7325095701963095e-04
-3.7370989767838742e-04
-2.9379049851063446e-04
-2.2993491314483172e-04
-1.7915759780032689e-04
-1.3897060431998027e-04
-1.0731423539492828e-04
-8.2494024222835651e-05
-6.3124361133040871e-05
-4.8078798308520773e-05
-3.6446712650930214e-05
-2.7496049111096861e-05
-2.0641449087880481e-05
-1.5417336175306605e-05
-1.1455349688897918e-05
-8.4655507153319267e-06
-6.2208882504664267e-06
-4.5444784013293181e-06
-3.2992313866828049e-06
-2.3794271293494236e-06
-1.7039732148545776e-06
-1.2109873895232182e-06
-8.5348807612815652e-07
-5.9602097097125926e-07
-4.1195046792012075e-07
-2.8140024399923227e-07
-1.8960918043957559e-07
-1.2569341506018639e-07
-8.1665543293025114e-08
-5.1714381480434608e-08
-3.1636671786308326e-08
-1.8413716258373998e-08
-9.8882835743961726e-09
-4.5495470024014779e-09
-1.3370298304739159e-09
4.9220513709618666e-10
1.4323475453858415e-09
1.8224976900871057e-09
1.8912602899904425e-09
1.7792407872347139e-09
1.5792409346897669e-09
1.3510142108757291e-09
1.1220482030942896e-09
9.1166560395813105e-10
7.3053668024921239e-10
5.7362097932490342e-10
4.4552201634083962e-10
3.4290581554948810e-10
2.6312117750412188e-10
1.9623313000132555e-10
1.4839719041245127e-10
1.1160241783528055e-10
8.0808508563154301e-11
5.9606259620118003e-11
4.3257996173529562e-11
2.9797256397067182e-11
2.3223459136689630e-11
1.7222566296365832e-11
1.1668019938928875e-11
8.1522579207835141e-12
8.7394186800707367e-12
4.4832114908880032e-12
1.5995322655656148e-12
3.4542141232405715e-12
1.4714900752252656e-12
1.8977300196742241e-12
3.7128937882741277e-12
3.0846207004170555e-13
-1.9305546889667893e-13
1.8452067230968922e-12
1.0703914660824589e-12
-1.9136350384605201e-12
1.6326124765607433e-12
4.3304823351953121e-13
-4.9613123951960956e-13
1.2849798140545223e-12
7.3440811473994615e-13
-5.1957804063633392e-13
-1.4494272812886788e-12
4.5364334780171001e-13
-2.0914424230742488e-12
-9.3650010421539293e-14
1.4227380593503409e-12
-3.9000773996862540e-13
1.2376668953899031e-12
2.5369219338510110e-12
-7.8243104801265893e-13
-1.3971782981422036e-12
4.0197014638241358e-13
-2.6794207675714730e-12
-1.4540759701356623e-12
7.4185690019761232e-13
-2.8667820248939204e-13
-1.3578605362049697e-12
-7.8109604970753957e-13
9.6783077782249370e-13
-1.3962172356150760e-12
-1.1711396555459648e-13
2.3873821105684941e-13
7.0541565408915105e-13
8.0044324519141845e-15
7.1047929458660647e-13
-1.1732839737230592e-12
-2.9036733308050849e-14
6.0902033967845684e-13
-2.4059224897413801e-12
-1.1313383566876219e-12
1.4616296808781954e-12
-1.1012855905076601e-12
-1.2907073907158308e-12
1.4165769739833176e-12
-1.3965807515690737e-12
-1.0448426826196271e-12
1.6317528960882061e-13
-3.7142078651406563e-13
-1.3594351082897218e-13
8.8080000136488673e-13
3.7371671565098747e-14
-9.1764209461179407e-13
3.0148824817130492e-13
4.4766427397441125e-14
-2.4692161597877471e-12
4.7370079314077961e-13
-1.6786189512894707e-13
1.8374481760344153e-13
1.2209740817976510e-12
2.2238336285320401e-12
-1.4687544416881208e-12
-1.9813341538684947e-12
1.5217124310580307e-12
-9.6525267714786683e-13
-2.7398896432094200e-12
1.4480101795134964e-12
3.7266720563933638e-14
3.0002102846070422e-13
4.1591100573109681e-13
-5.7750199808463740e-13
-1.9633161338458258e-12
2.4353781751848282e-12
-1.2891696144859227e-12
-6.6469547704934512e-13
-6.4050418883392041e-14
1.6726373836069249e-12
-1.0190245576533800e-12
-6.0153457861616119e-13
1.8310088304165006e-12
-4.1069349705184291e-13
-2.7320283050109962e-12
-5.0569998459403479e-13
-2.8058106741214215e-13
1.0485073497419520e-12
1.7815199599203533e-12
-7.2535416691728292e-13
-3.2744959427010123e-12
1.3540460991307697e-13
-7.3304338997436460e-13
-4.9805502143538698e-13
-1.9669963432881203e-12
7.3952740738660967e-13
-2.9806331526869749e-13
1.1156633591700607e-12
5.6034113368371497e-13
2.1681674096931463e-13
1.0627530221959492e-12
1.5178989250295451e-13
-1.7710098868454250e-12
-5.3633227004414426e-13
1.9217757010606122e-12
-4.4740884184515360e-13
3.3092915913906042e-13
-1.9077007219990993e-14
6.0457257539361043e-13
-5.6197499496104960e-13
1.7900245349899395e-12
2.9780398010225204e-13
-2.1177804772804939e-12
8.2903497621879328e-13
8.0326214976656511e-13
-1.8184966910330478e-12
5.5608849838601366e-13
-2.6655932152019636e-13
-2.6348276874913100e-13
-5.0615861500352285e-13
3.6158926570184940e-13
-1.5710732555174960e-12
-1.5070890769360727e-13
8.5172077018949760e-13
6.9101899035310077e-13
-2.1025424539755385e-12
1.2281856816199313e-12
2.2972647428334871e-12
-1.2155485442138754e-12
-4.5377407440216054e-13
2.2941849425890387e-13
-1.2820966213274371e-12
2.3293688423829733e-13
