-6.9297423570891629e-16
1.5873978658700282e-14
1.0865397217391919e-14
1.8114508063568126e-14
1.3245155533033334e-14
2.3367440358766079e-14
1.0026377538718533e-14
1.9859962049738047e-14
-1.6161348340576353e-15
2.4240319022812742e-14
2.5045639844717673e-14
2.8954558911320667e-14
2.2387717527275844e-14
2.5246121954633888e-14
2.2372337546507070e-14
1.6933840461169066e-14
2.3487372019674263e-14
3.7603549635977886e-14
2.5259978487145886e-14
4.6890752624833145e-14
4.4453008633630368e-14
4.3490287320913367e-14
3.3965989843304206e-14
3.4766901213418892e-14
4.2739676220167826e-14
2.8566548253600872e-14
6.2293087421211080e-14
4.1825324546269238e-14
3.2659660394001263e-14
4.7320493972529863e-14
4.6704041963425913e-14
6.0179224770011739e-14
3.0939493510359250e-14
5.2067297251238359e-14
4.0605717554930027e-14
5.2445038463999967e-14
4.8289852452923678e-14
3.4814638664434320e-14
3.3907156823776695e-14
2.1769335727499427e-14
-1.0561156963624945e-14
9.8243915969428918e-15
-1.1455148046402844e-15
-2.4227918493927772e-14
-2.4330893388575861e-14
-9.0961490152500171e-15
-1.3715857406971831e-14
-7.0656361942219584e-15
-2.1869998492437294e-14
-1.4164374505196677e-14
-1.8699650520264043e-14
-2.0776659596089026e-14
-1.6165695300270375e-14
-3.0340874710079286e-14
-2.1180761001359955e-14
-2.0949848641039110e-14
-5.4090933011387070e-14
-1.9898882392025366e-14
-2.9460970946803799e-14
-4.1701930754688746e-14
-2.9332553040421953e-14
-3.2606703080302424e-14
-5.0099956395154325e-15
-1.6946181745022490e-14
-1.5210634026385698e-14
-9.4626155852543184e-16
5.7695471532901453e-15
1.5135055462175482e-14
3.7363292099602321e-14
8.5869969807356481e-15
3.6047591296886735e-14
3.7001745822877807e-14
1.7523524807868471e-14
3.5009086271203741e-14
3.6103244894411064e-14
2.9053431336428231e-14
5.8103296267370242e-14
5.3029616778222203e-14
4.0170421584841306e-14
5.0178330665386205e-14
2.8718379054073264e-14
2.6573832282051785e-14
1.3432242976749867e-14
2.2412305441086868e-14
2.7167043846354686e-14
-9.3149529738598285e-15
-1.8034701579893807e-16
-1.3408460872484237e-14
-2.6015285008008954e-14
2.0317780866300233e-15
-6.4471530177742630e-15
-2.2923384218901011e-14
-2.8984530268858916e-14
-1.9520565491377713e-14
-2.4152393159697464e-14
-2.4869081038508126e-14
-4.3939031381677050e-14
-7.2389242708919097e-14
-6.4148561576084972e-14
-7.1204697928042874e-14
-6.7454505676392434e-14
-7.7224731444364425e-14
-5.4540890826528708e-14
-4.2138194413567279e-14
-2.7656241113959314e-14
-4.6705279620755121e-15
8.9922346850421068e-16
-3.0046246994538239e-14
-1.0433742367324507e-14
-2.4003709625296494e-14
-3.8473104359465167e-14
-4.6158000818778559e-14
-7.7990533209880687e-14
-1.0717284191701161e-13
-1.2199121306488079e-13
-1.4920455882661676e-13
-1.4083548069487954e-13
-1.6191828559136848e-13
-1.3484078374505484e-13
-1.4837623801938124e-13
-1.5903926041416538e-13
-1.4712626005367053e-13
-1.3953914825056687e-13
-1.6776735692425124e-13
-1.7669251821099756e-13
-1.9142275934340642e-13
-1.9493325616775015e-13
-2.0391379548672124e-13
-2.0859199543017039e-13
-2.2647147133609174e-13
-2.2257052375540436e-13
-2.5118943156300535e-13
-2.5447581426751447e-13
-2.3821090399293922e-13
-2.4622137530038402e-13
-2.7447742908417851e-13
-2.7451710085422258e-13
-2.9446488628540824e-13
-3.2327045985532835e-13
-3.6827590382003142e-13
-3.8335316002996603e-13
-4.0253534358833679e-13
-4.5780585408617405e-13
-5.3328522308050741e-13
-5.5580443308659304e-13
-6.1920712077973300e-13
-6.6807961510266785e-13
-7.1329404900269614e-13
-7.6591906981750162e-13
-7.9713504731857969e-13
-8.3799134719881437e-13
-9.0192999365664024e-13
-9.5788266267231517e-13
-1.0188929159444536e-12
-1.1403474790513831e-12
-1.2134742295519037e-12
-1.3136777807142041e-12
-1.4171226227173497e-12
-1.5576113887738883e-12
-1.7272324875763461e-12
-1.8551026716986652e-12
-2.0562645807580719e-12
-2.2590444448503214e-12
-2.4858382231980149e-12
-2.7056840751882544e-12
-2.9559428752489196e-12
-3.2721625065734209e-12
-3.6010358506227319e-12
-3.9424655157482035e-12
-4.3604866172536383e-12
-4.8384314205942604e-12
-5.2950676520191509e-12
-5.8864387265742509e-12
-6.4712701249854979e-12
-7.1533303045413710e-12
-7.9083902104550634e-12
-8.7174936145404659e-12
-9.6223795431324414e-12
-1.0588760397904573e-11
-1.1623042464462219e-11
-1.2743178709997960e-11
-1.3909498646263477e-11
-1.5206172564561255e-11
-1.6568376344774722e-11
-1.8042841597505348e-11
-1.9594888463197563e-11
-2.1275628100145971e-11
-2.3032715028217235e-11
-2.4921787995631053e-11
-2.6901413668829913e-11
-2.9003885103987528e-11
-3.1190249102954614e-11
-3.3508226810051123e-11
-3.5899956530412223e-11
-3.8401590357334539e-11
-4.0929208759096400e-11
-4.3580505153800361e-11
-4.6244793266580169e-11
-4.9016176431593936e-11
-5.1805995281449762e-11
-5.4668910039453402e-11
-5.7527134608762416e-11
-6.0493165924691714e-11
-6.3386898738643678e-11
-6.6355577113976742e-11
-6.9253731886394578e-11
-7.2149758898436891e-11
-7.5002251045833419e-11
-7.7850292661866546e-11
-8.0602704033790905e-11
-8.3278270007537766e-11
-8.5846725315259982e-11
-8.8312645247315835e-11
-9.0623804444821846e-11
-9.2840131383110152e-11
-9.4894473002385626e-11
-9.6777054174374332e-11
-9.8483399066220380e-11
-1.0003729985301859e-10
-1.0137401356297581e-10
-1.0249248078688029e-10
-1.0341857625352487e-10
-1.0413882439612433e-10
-1.0461948182648669e-10
-1.0490748078539672e-10
-1.0501386798964807e-10
-1.0482528038048508e-10
-1.0447386756479312e-10
-1.0388212897605293e-10
-1.0306723301698637e-10
-1.0203215212099735e-10
-1.0078263416453656e-10
-9.9375563734631653e-11
-9.7777821275036597e-11
-9.6017987894786500e-11
-9.4073579601507863e-11
-9.1987145311522277e-11
-8.9739118739824394e-11
-8.7346339895500588e-11
-8.4863288447644456e-11
-8.2249704377383639e-11
-7.9583331784630069e-11
-7.6835148594920724e-11
-7.4031037571230639e-11
-7.1192183805168149e-11
-6.8335575946905046e-11
-6.5437842766265640e-11
-6.2587225435232344e-11
-5.9720971153177500e-11
-5.6896521829249269e-11
-5.4098724289867331e-11
-5.1331009145992008e-11
-4.8583162421326983e-11
-4.5910795232132464e-11
-4.3271692010122523e-11
-4.0752057415890605e-11
-3.8211722637072790e-11
-3.5818709543914683e-11
-3.3497026725546291e-11
-3.1287299857761041e-11
-2.9162821914128739e-11
-2.7147098116180603e-11
-2.5204665238853451e-11
-2.3406571320624092e-11
-2.1640583527718124e-11
-2.0010964231892412e-11
-1.8441203184423594e-11
-1.6988835927786604e-11
-1.5599341180242339e-11
-1.4299816677990457e-11
-1.3087639732247964e-11
-1.1929076233141370e-11
-1.0867452414205733e-11
-9.8778132407793920e-12
-8.9489628720920113e-12
-8.1318530307888988e-12
-7.3726361851288995e-12
-6.6821196014909070e-12
-6.0217042441405875e-12
-5.4498136128258815e-12
-4.9200878791127314e-12
-4.4655706735929754e-12
-3.9873277508385770e-12
-3.6102655618778992e-12
-3.2306978134685060e-12
-2.8944062081273850e-12
-2.5953898337581106e-12
-2.3107213714610645e-12
-2.0738948397559834e-12
-1.8606842494065792e-12
-1.6640108081645406e-12
-1.4515712863429484e-12
-1.3265340918630245e-12
-1.1523432015364556e-12
-1.0140005100387075e-12
-8.7822509541601645e-13
-7.5482120898928837e-13
-6.2312704435577480e-13
-5.0615433440226061e-13
-4.3219386860892725e-13
-3.2326754049915317e-13
-2.6692917597458565e-13
-2.1252635397346185e-13
-1.5580049853157863e-13
-1.2241319377388659e-13
-8.4385578851042186e-14
-7.4434753746054271e-14
-5.1976969602875524e-14
-5.6805379177270347e-14
-2.2779925999301640e-14
-3.2573125674110698e-14
-3.2281762962638664e-14
-8.7344747916405483e-15
-3.5982638521601867e-14
-4.1225737897023829e-14
-4.4387195468448269e-14
-4.0971743924683325e-14
-5.1982738315425781e-15
-5.3056850752153943e-15
1.1438680294487367e-14
4.6891939957127564e-15
1.2823180610155720e-14
-8.3631889195174724e-16
-1.8612493374631803e-14
-9.1077470709538372e-15
-4.7975151902804527e-15
-1.7437670053838166e-14
1.1063396633057740e-14
-2.3874323984517786e-15
-1.1721086844763045e-14
-1.0613377228138307e-14
-1.1082938220897738e-14
-8.4944070435136516e-15
-7.7101133981721399e-17
2.7710138452180858e-14
3.7949343329598648e-14
7.0539370795089430e-14
8.1928129631446312e-14
8.2043888721912859e-14
6.3852655472989395e-14
8.2272332537150810e-14
1.2678060324880748e-13
1.2236466492952729e-13
1.4965639071979586e-13
1.6396300548762047e-13
1.3789921979249019e-13
1.4279535320994212e-13
1.2607011794607330e-13
1.3343704486696161e-13
1.4286485963591304e-13
1.5164533407306448e-13
1.5082175552490123e-13
1.5865934877367524e-13
1.8414019664806168e-13
1.5180538177131707e-13
1.4470719158049962e-13
1.6182525611158560e-13
1.7894756300570219e-13
1.2068662655030533e-13
9.2605332351563792e-14
5.3191915613037757e-14
8.8006910085955164e-15
8.8418613189127290e-16
-2.7409327680115448e-15
-2.3588915005953505e-14
-2.3483126015935757e-14
2.4429701569421289e-15
-1.8351093183866808e-14
1.7286069932302859e-14
2.8872793745050571e-14
4.1123336621391628e-14
2.8089881843804085e-14
2.2994130939299715e-14
4.9094524978649191e-14
2.8916900407494760e-14
2.2570013224996231e-14
5.2038134287465426e-14
3.0517117350808307e-14
3.7842566236589544e-14
5.0434256577120077e-14
3.5396154471979914e-14
3.4586995005142874e-14
2.4766857135655345e-14
3.6011215539831810e-14
2.4727327499324152e-14
1.7169033153755814e-14
1.1722141077241711e-14
1.2566869597782099e-14
3.7913809514308259e-16
1.5803836188527725e-14
-7.9880834012938853e-16
-1.3326124705064850e-14
1.4356895417577842e-14
5.0487421111236910e-15
1.5023103387983069e-14
9.9367301194877784e-15
6.8913296620601743e-16
-3.1956057330189299e-15
1.4291299504603572e-14
-5.4777179479897704e-16
6.2528701854028580e-15
-6.4009728086734624e-15
1.2548935628348184e-14
-1.4291235759570876e-15
5.0542802242310000e-15
3.9970633926248570e-15
1.2240785842393042e-14
8.4856111970804195e-15
3.0396171864341641e-15
2.0071478163972374e-14
1.8273533737610290e-14
4.2357749298196746e-14
3.2991837862588506e-14
1.1836224448175699e-14
1.1140893984638586e-14
2.2295369169167369e-15
1.3084457016798804e-14
1.1812825265602448e-14
3.5948359620499554e-14
1.2028024512139155e-14
3.0039661002739974e-14
3.3302712888041911e-15
1.5678422887744032e-14
2.5810908051402814e-14
5.1500823340096173e-14
2.7251438501563229e-14
4.7351293684132623e-14
6.8843837398800625e-14
6.8679670732627543e-14
3.0694756581604018e-14
2.1822033405392216e-14
3.6963636408603143e-14
2.2703956992856601e-14
3.0078274317856915e-14
3.6615520110301332e-14
4.5487070321056955e-14
5.8522691312689191e-14
2.3314221518410386e-14
1.4640579350637241e-14
2.7844735591435650e-14
2.2570845922125874e-14
3.3111648209916231e-14
2.8441053610864410e-14
5.3577459635594263e-14
5.6471021111480703e-14
3.8357115491250578e-14
1.8922680407419981e-14
2.2838950725468829e-14
1.9093686873535051e-14
1.6529229619921284e-14
3.7954803907398715e-14
4.5466579143395997e-14
4.7919861574091276e-14
9.7433736822495739e-15
2.5735531950322225e-14
3.4483727226109882e-14
3.6549751329778190e-14
1.2129462842748180e-14
3.3926350756251189e-14
4.5065508711898378e-14
4.4193853493593651e-14
2.5916040619523542e-14
1.3429344484753385e-14
1.5857023304670979e-14
2.0459933414004829e-14
2.5987742973971131e-14
2.7671104538718669e-14
4.8622316797397205e-14
3.9933645497279676e-14
2.3082564573833181e-14
6.2153996132670762e-15
1.8393758858796270e-14
1.5853279198786687e-14
1.3460407787926849e-14
6.8355102711977232e-15
3.3815643728192305e-14
1.4823763221154272e-14
2.1104745007780446e-15
1.8753040024076244e-14
-3.0344438681624177e-15
6.9195334013889230e-15
4.0090558234530565e-14
2.6709722850766310e-14
4.4863629087804296e-14
3.1863823596877716e-14
2.4338379980277087e-14
4.7840419412613963e-14
2.8632147898238551e-14
2.9504590928780344e-14
2.7202234086435198e-14
3.3821531605664447e-14
2.4544848501358204e-14
3.0114331123656781e-14
1.9871605219041773e-14
8.0600684598370366e-15
1.2536682943496741e-14
-6.3798203168645386e-15
2.2623860306348752e-15
6.3747174100175364e-15
1.2148708368177679e-14
1.0399610853018404e-14
-3.0729600982260795e-15
-1.6320206833083246e-15
1.0994137943392178e-14
4.5611574932626356e-16
-2.5191014297337559e-15
1.9638309695739243e-14
1.3245412455714937e-14
1.4046774580919172e-14
2.3009642305985698e-15
-6.1797755090155438e-15
1.2450318784295314e-14
