5.2785476178329007e-15
1.5933827390370160e-14
-5.4821664374823981e-15
2.2622957192422795e-14
2.4033967726071750e-14
1.9208740356895893e-14
2.9686343474248074e-14
2.0866086370985382e-14
1.3446444687460669e-14
1.0555782573952346e-14
2.8697062978644644e-14
2.3794187159455922e-14
3.0306616137140442e-14
3.4678634686166687e-14
2.8174194540679478e-14
1.8517264840319321e-14
1.5144999004627188e-14
2.9218951993679293e-14
2.8395219386902340e-14
4.6840249581312780e-14
3.8703991751812346e-14
3.2584833257652573e-14
6.0758442393445513e-14
3.1513888532664515e-14
4.2457900782775508e-14
6.7796781511742252e-14
5.2252983895467698e-14
4.3488210882637585e-14
4.9309353180307921e-14
3.4655895125377218e-14
4.7103449477631821e-14
5.2167558423475899e-14
4.2520336769504601e-14
3.9140614591973158e-14
2.9685631880109249e-14
5.3232015006833909e-14
4.7215742037807765e-14
5.4616922023540402e-14
3.8681995036748460e-14
3.4638521764597701e-14
-7.6492496378151395e-15
-2.3030950053541990e-14
4.9133056579319129e-15
-5.4204951364893060e-15
-7.8581210814060765e-15
8.6020129252732399e-16
1.1041173678240814e-15
-8.6806014316675739e-16
-1.7504288183700631e-14
-2.4717848424008537e-14
-1.5518285293919516e-14
-3.2514617259178742e-14
-2.5521339436401617e-14
-3.2102803516322694e-14
-2.9386731214484676e-14
-1.5082248355308757e-14
-3.7741961494688873e-14
-3.3072913183370898e-14
-3.4795866901279763e-14
-3.1400000952002172e-14
-1.0418812013790760e-14
-4.0705420431700491e-14
-1.9505605540418752e-14
-2.0989083396093171e-14
-1.9822710733496418e-14
-2.5495115022622010e-14
-3.1234431082953654e-15
-2.4882960526774015e-15
2.2424896194422926e-14
3.4535649626298737e-15
1.0863725870538369e-14
2.6355622602459088e-14
1.7793289882615027e-15
3.4530571990894950e-15
2.2793023096546864e-14
1.7879270966152011e-14
2.3738010075641455e-14
9.7445264961077954e-15
3.3590002621076544e-14
3.3161616851192434e-14
1.5391287666757802e-14
1.7683836863380661e-14
3.5104335115342930e-14
1.5385260860945654e-14
2.0314923566346658e-14
-4.2083219196523799e-15
-3.5638014563104224e-15
-2.2255386199362858e-14
-3.2873999972312366e-14
-1.8219977792057245e-14
-2.9173657816808406e-14
-1.5167707541405178e-14
-1.8441140538562113e-14
-2.6686631586561346e-14
1.1132613954686615e-14
-2.9111433971581357e-15
-4.7971203931492486e-14
-4.0694657271940942e-14
-2.3277956476886248e-14
-4.0591590920010884e-14
-3.6296289869781026e-14
-3.2218192093918508e-14
-2.6650437638657235e-14
-1.8074224455189530e-15
1.8962931227742763e-14
3.7794302634255443e-14
4.5611349800127370e-14
3.7463388345759421e-14
4.8142597908129874e-14
2.8605703687575603e-14
3.7357634588802228e-14
3.8441505647741867e-14
-2.7985071733735687e-14
-1.8249872497195810e-14
-3.1274711322670660e-14
-5.5222251691433916e-14
-5.9258193873683302e-14
-5.6871688677641262e-14
-6.7939710308402799e-14
-4.8757216521755993e-14
-5.1402099322724758e-14
-5.0365305474814960e-14
-3.0530886519425509e-14
-4.8685312359097338e-14
-5.6694521993097848e-14
-6.9911114327036112e-14
-6.3106631378337276e-14
-7.2560921060445552e-14
-7.9523211563286023e-14
-1.0164521379107090e-13
-8.7039431920038145e-14
-1.2113032058431892e-13
-1.2208303291041991e-13
-1.1543412535924350e-13
-1.3059454225171360e-13
-1.2602409299414016e-13
-1.2473948334916274e-13
-1.5269625116180178e-13
-1.6664425401285908e-13
-1.9941182774390471e-13
-2.4142550941778276e-13
-2.9331778647066651e-13
-3.3539616237297317e-13
-3.6379643078386190e-13
-4.1224040856985731e-13
-4.7560264433649238e-13
-5.1634277390697108e-13
-5.4035940452230636e-13
-5.9930977744326380e-13
-6.1149406644858399e-13
-6.7424237749677937e-13
-7.0748565880165061e-13
-7.7487257516089045e-13
-8.3117665884292818e-13
-8.7386247576130615e-13
-9.4864555020783908e-13
-1.0518361497482260e-12
-1.1283334213449036e-12
-1.2292584152525922e-12
-1.3484708110440277e-12
-1.4692606201585314e-12
-1.5831388013974935e-12
-1.7486374571887551e-12
-1.9074350689274892e-12
-2.0693494877834971e-12
-2.2762687058515443e-12
-2.4693416275119922e-12
-2.7041838385291889e-12
-2.9216304999457104e-12
-3.1792200585324269e-12
-3.5088810897286234e-12
-3.8261441415838905e-12
-4.2247856001558784e-12
-4.6463532951588235e-12
-5.1275130385288143e-12
-5.6463965536868331e-12
-6.2117008391849172e-12
-6.8444867743584796e-12
-7.5271610870649485e-12
-8.2364369240995245e-12
-9.0249283608628604e-12
-9.8537384634717493e-12
-1.0742922222695519e-11
-1.1690043886350208e-11
-1.2710575274063196e-11
-1.3774413090918319e-11
-1.4958547739894544e-11
-1.6175228849198397e-11
-1.7488699813530799e-11
-1.8891087547410852e-11
-2.0386121890214095e-11
-2.1928956113942185e-11
-2.3576027092531685e-11
-2.5260761271060435e-11
-2.7027088093205650e-11
-2.8830628137518108e-11
-3.0712021928268055e-11
-3.2612792465254166e-11
-3.4568487189751467e-11
-3.6548718468954638e-11
-3.8562062057839759e-11
-4.0587774358271091e-11
-4.2680900800019676e-11
-4.4744665400233908e-11
-4.6824912514520401e-11
-4.8911337794436402e-11
-5.1019009322284778e-11
-5.3052969136082961e-11
-5.5087024994976928e-11
-5.7057622061249782e-11
-5.8986101141559360e-11
-6.0846116933367477e-11
-6.2633967134845061e-11
-6.4288331253879338e-11
-6.5878141993694528e-11
-6.7348426536771382e-11
-6.8732558071856813e-11
-6.9969536462147458e-11
-7.1083007682060200e-11
-7.2064785418101178e-11
-7.2903678778935942e-11
-7.3583483302097288e-11
-7.4107445484965855e-11
-7.4512780738898028e-11
-7.4722142264598583e-11
-7.4815083198434533e-11
-7.4757298896284883e-11
-7.4501882303773435e-11
-7.4125858532503109e-11
-7.3551158302930359e-11
-7.2844144953424625e-11
-7.1970430892660437e-11
-7.0973782167302992e-11
-6.9858151073039923e-11
-6.8627777759892018e-11
-6.7270000896946942e-11
-6.5795603921542956e-11
-6.4195614913011480e-11
-6.2482624500837146e-11
-6.0726906598689744e-11
-5.8848177976534182e-11
-5.6950847912435151e-11
-5.5011215740398183e-11
-5.3045146108695949e-11
-5.1018793205468035e-11
-4.8974920586582249e-11
-4.6949047052828972e-11
-4.4922276899552855e-11
-4.2889454411517206e-11
-4.0901918856861176e-11
-3.8899635826712705e-11
-3.6970745338271246e-11
-3.5024106212982772e-11
-3.3106306353052592e-11
-3.1225232863479113e-11
-2.9443347560116560e-11
-2.7626001439250371e-11
-2.5920180614983886e-11
-2.4272630782873362e-11
-2.2713227712547416e-11
-2.1175625818619170e-11
-1.9756270927347160e-11
-1.8364794484089120e-11
-1.7086618821622155e-11
-1.5832399945897636e-11
-1.4653663419496389e-11
-1.3531315779880994e-11
-1.2516305931644231e-11
-1.1493626802638328e-11
-1.0564065021486900e-11
-9.6775175639626205e-12
-8.8750925745064036e-12
-8.0758858825708807e-12
-7.3671956650552828e-12
-6.6859469427421942e-12
-6.1130829644533936e-12
-5.5608448220713108e-12
-5.0465827440490135e-12
-4.6035977804038803e-12
-4.2159422432092143e-12
-3.8030270419796747e-12
-3.4739257820091104e-12
-3.1512518277203658e-12
-2.8809329924286507e-12
-2.5844590603401970e-12
-2.3708867870496470e-12
-2.1171822347513747e-12
-1.9216908935603676e-12
-1.7427508302352470e-12
-1.5867747525435459e-12
-1.4277200138456376e-12
-1.3017155513479915e-12
-1.1788053443247609e-12
-1.0709290276203428e-12
-9.3930342008963334e-13
-8.6405730563880068e-13
-7.1198279234346414e-13
-6.3936637415254302e-13
-5.4901775494112374e-13
-4.9078891285128110e-13
-3.9429674197658115e-13
-3.3516035074391553e-13
-2.9520425376810099e-13
-2.6756988527150922e-13
-2.1637839927978639e-13
-1.9938872274411912e-13
-1.7944988045534915e-13
-1.8288869894194103e-13
-1.7029200748062503e-13
-1.5755647894452856e-13
-1.3483842585034789e-13
-1.6364164888449726e-13
-1.3863905690751747e-13
-1.6298898180322900e-13
-1.5487640871307261e-13
-1.6093809455089461e-13
-1.5811640631986506e-13
-1.4115115787661518e-13
-1.3814907661433707e-13
-1.2982459813085500e-13
-1.0389876612133103e-13
-1.0287569126278113e-13
-1.0687263979261419e-13
-9.2330824064703381e-14
-1.0063270430846124e-13
-7.2200090649729590e-14
-7.8188533917092150e-14
-8.2636845058822097e-14
-6.6930156265753792e-14
-7.2019333222616363e-14
-6.5639392997166867e-14
-7.7571635288312082e-14
-7.1475003585273613e-14
-1.7355010769649984e-14
-6.4701613344824212e-15
-6.9394238186795584e-15
2.9490743902592630e-14
4.5473659413817976e-14
2.2284953416847928e-14
4.3022021061000435e-14
6.1642643067239159e-14
9.1101865455705984e-14
1.0530720566760363e-13
1.4067414571644166e-13
1.4341599688715557e-13
1.4457561940875214e-13
1.3341116372582830e-13
1.2032896398647025e-13
1.3050032133660698e-13
1.3566244433697108e-13
1.1940366572371214e-13
1.4578094086002829e-13
1.8164029358228670e-13
1.7529598485900615e-13
1.6557111564757105e-13
1.4822172994584787e-13
1.5239287823846404e-13
1.5633305597567037e-13
1.4829626512634497e-13
1.1903785691985294e-13
7.2360462238949035e-14
2.3824084107620484e-14
4.6823464321791627e-15
-3.3547885833409566e-15
-3.3007330415136875e-14
-1.2070256161700046e-14
-3.0211239853823616e-14
-2.9153351382557582e-14
2.6017271826440271e-14
8.8692338118499783e-15
9.5271538603019234e-15
3.9451863913613253e-14
3.5549673987739687e-14
5.7734209047008250e-14
4.0432264620428279e-14
3.2442103640030385e-14
3.6507449747168179e-14
4.4097125491901074e-14
4.9884266843348247e-14
3.9092707381657929e-14
1.1707146160291630e-14
4.5148600262661407e-14
1.8787822572526280e-14
3.6067397215939212e-14
1.7304895189137706e-14
2.4175166829906096e-14
2.8755663914068334e-14
1.5109656316463000e-14
-4.1847581670886048e-15
1.1351142756606266e-14
1.7868256346888408e-15
-3.0589133001613749e-15
1.1991853779023569e-14
8.8944485982772156e-15
5.5386774834564526e-16
1.5937957308622529e-14
-1.3841476587665686e-14
6.7013792846081722e-15
-1.3849196213683026e-14
1.1052379641771395e-15
2.1170689428414254e-15
7.6195997463884412e-15
-1.1446268570039426e-14
3.0539282005361342e-15
3.6579387256773892e-15
1.8328624811207117e-15
-1.9028503538726668e-14
5.1576813935120194e-15
1.6276707626670908e-14
-7.5383535634908326e-15
1.7074332230660625e-14
3.0566672022965466e-14
4.6305304734296949e-16
3.0439323540331006e-14
2.5923130977926729e-15
3.1363650906924836e-15
1.1274022905194831e-14
-1.0811958221095334e-15
2.9535809295370339e-14
2.1702491310992383e-14
2.0094372082009634e-14
2.2883645628802223e-14
1.1522362371065507e-14
3.4030503234005489e-14
3.6682851371514030e-14
6.5728563995270490e-14
4.0040158369374162e-14
6.0733142416826567e-14
5.3898864271794022e-14
2.7163446705428605e-14
4.4891447408605068e-14
2.9800581930477410e-14
2.6896480778299301e-14
4.3974571831283388e-14
5.2731116838757450e-14
5.6062872070122411e-14
6.0494936063527257e-14
3.4664765092760337e-14
2.6383362778472473e-14
3.3380660155798287e-14
4.6600839167548666e-14
4.4482555683670189e-14
2.9910378087796013e-14
5.2440359619490450e-14
6.1199385184081069e-14
5.0141144945694200e-14
3.3337847392123782e-14
4.0493719134728840e-14
3.4047974021841302e-14
3.9668339862165431e-14
4.1646137247238707e-14
6.2377957501263579e-14
5.7251879949783663e-14
4.3049665871143661e-14
3.0745468835387294e-14
3.8914991994404236e-14
2.1977103404128531e-14
2.0824994248728355e-14
8.9962144367411473e-15
4.4031587212341118e-14
3.3787218865322248e-14
1.0414171952479175e-14
3.8675174724199936e-14
3.2668079254445766e-14
2.6446969864750555e-14
2.2043815780221002e-14
3.5255359595094259e-14
3.6545712066214550e-14
5.4333124215643919e-14
1.2326678654612017e-14
3.0913547485025173e-14
3.1489613334484572e-14
2.5437207575181856e-14
2.2937881993867109e-14
1.0078645929489354e-14
2.7646530703472781e-14
3.6747418775831112e-14
3.9176695633730530e-14
5.1128441478225827e-15
2.3524716831656919e-14
1.4018399607607069e-14
3.5736312477093782e-14
3.6723173933004293e-14
4.3593514296226672e-14
5.7284410357966523e-14
4.9592465057627675e-14
5.0963570262322510e-14
4.4469828736308807e-14
8.0203443595405592e-15
1.4243935568190985e-14
2.5192669919768791e-14
1.5356120870938725e-14
3.0334710500863023e-14
1.9634857604572970e-14
-2.1849226075755123e-16
3.3471575784229353e-14
3.6311937028218253e-16
7.6152797949942431e-15
1.5505202494671217e-14
2.8139022198251146e-14
2.0751911352212232e-14
3.1006126071642604e-15
2.1968819606926086e-14
2.1182174319708517e-14
2.2568221639333228e-16
4.3966449442176964e-15
-1.2721877302671281e-15
1.3030795003492994e-14
7.5537728371412635e-15
7.6053969882030830e-16
1.1094694084886497e-14
1.2571198129780292e-14
