-1.7088990751072867e-14
0.0000000000000000e+00
0.0000000000000000e+00
1.7164307399326461e-14
2.5783890221072089e-14
1.7214135759824955e-14
1.7238933797021511e-14
8.6318269101175082e-15
0.0000000000000000e+00
2.1641072592929660e-14
3.0340347506665796e-14
0.0000000000000000e+00
1.3039551326539098e-14
1.7410311213239506e-14
1.5255163815697325e-14
1.3093914870949653e-14
2.4038508271661372e-14
2.1883084287862150e-15
2.6295450919865207e-14
3.5108101184438352e-14
3.9549863118018058e-14
2.8602111258196122e-14
2.2030996314910228e-14
5.0738603655368695e-14
4.8596728289441603e-14
3.5389558819415828e-14
3.1006386420804167e-14
2.9937944596644849e-14
2.4425481184862633e-14
2.0566081172923898e-14
2.6157979081631620e-14
4.2909228178597286e-14
2.7061539685553383e-14
4.0783223461618964e-14
6.2650100971373340e-14
8.9891989393006298e-14
8.8040996365301612e-14
9.6010313305829029e-14
1.0849574451803067e-13
1.5703279339864071e-13
1.7131193990877734e-13
2.4148093767990268e-13
3.4740524763047052e-13
5.0108833537158662e-13
7.0892672982026276e-13
1.0147607106784229e-12
1.5097428399799224e-12
2.1661179526005408e-12
3.1130084898000619e-12
4.4960743437581867e-12
6.4981253757059725e-12
9.3758576525838544e-12
1.3485405745398820e-11
1.9334378992925490e-11
2.7652566710176856e-11
3.9487184273225273e-11
5.6229838661822212e-11
7.9919497658646887e-11
1.1333798943039624e-10
1.6040325309810287e-10
2.2652354721672137e-10
3.1921241079418444e-10
4.4892235977300024e-10
6.3000629819554658e-10
8.8225324143430056e-10
1.2329413091561665e-09
1.7193793488427136e-09
2.3927018679913297e-09
3.3227192754274833e-09
4.6045448574515352e-09
6.3675129605147541e-09
8.7870101269064742e-09
1.2100485080612723e-08
1.6628502889342418e-08
2.2802991038599480e-08
3.1204685256263720e-08
4.2612430741242102e-08
5.8068630921629673e-08
7.8965218751968126e-08
1.0715656678055413e-07
1.4510776038156426e-07
1.9608808090632359e-07
2.6442379251631605e-07
3.5582686089409576e-07
4.7782144291848734e-07
6.4029678329649754e-07
8.5622085671489465e-07
1.1425601348278259e-06
1.5214619421570437e-06
2.0217707353250071e-06
2.6809671973766024e-06
3.5476427263720142e-06
4.6846486702739319e-06
6.1730947920736639e-06
8.1174131434476318e-06
1.0651754030463302e-05
1.3948046495834624e-05
1.8226128153112394e-05
2.3766445256574679e-05
3.0925933437001128e-05
4.0157824760755428e-05
5.2036289415250745e-05
6.7287011073826258e-05
8.6825027765852182e-05
1.1180144101277505e-04
1.4366092166496003e-04
1.8421232002285688e-04
2.3571513705611611e-04
3.0098513686668572e-04
3.8352299117301732e-04
4.8767055534026336e-04
6.1880019481800892e-04
7.8354352445463168e-04
9.9006700279055887e-04
1.2484030581583938e-03
1.5708468227695655e-03
1.9724301333440587e-03
2.4714862362761269e-03
3.0903206248175776e-03
3.8560056470506470e-03
4.8013189703671501e-03
5.9658486730898002e-03
7.3972906656505468e-03
9.1529673176057851e-03
1.1301599578666353e-02
1.3925368515091531e-02
1.7122306017879532e-02
2.1009058438888121e-02
2.5724071036266834e-02
3.1431245297972282e-02
3.8324125394079755e-02
4.6630674092576811e-02
5.6618702353099140e-02
6.8602020364257832e-02
8.2947380862567616e-02
1.0008228800038610e-01
1.2050374662555557e-01
1.4478802738602300e-01
1.7360152235084381e-01
2.0771276359008636e-01
2.4800567311995675e-01
2.9549410651312358e-01
3.5133774401160811e-01
4.1685937187048205e-01
4.9356358261680222e-01
5.8315690565531264e-01
6.8756935893494953e-01
8.0897738798416374e-01
9.4982813034790481e-01
1.1128649111863265e+00
1.3011538394688194e+00
1.5181113338369658e+00
1.7675323629366850e+00
2.0536191370607160e+00
2.3810099366478097e+00
2.7548077090385172e+00
3.1806080085219421e+00
3.6645257969040794e+00
4.2132205635295765e+00
4.8339191660010288e+00
5.5344357370213624e+00
6.3231879502561235e+00
7.2092088904267637e+00
8.2021537316861206e+00
9.3123003954733861e+00
1.0550543336353384e+01
1.1928379593701724e+01
1.3457886250391013e+01
1.5151688458694437e+01
1.7022917230184252e+01
1.9085156242031676e+01
2.1352376988162831e+01
2.3838861701260679e+01
2.6559113591354659e+01
2.9527754089029745e+01
3.2759406945979464e+01
3.6268569232077539e+01
4.0069469475142327e+01
4.4175913415329184e+01
4.8601118088191598e+01
5.3357535205880914e+01
5.8456665071048484e+01
6.3908862528538378e+01
6.9723136731112248e+01
7.5906946761942933e+01
8.2465995412747702e+01
8.9404023656181209e+01
9.6722608568250863e+01
1.0442096764475845e+02
1.1249577260888822e+02
1.2094097591906205e+02
1.2974765325146396e+02
1.3890386524515833e+02
1.4839454175516968e+02
1.5820139175681643e+02
1.6830284188060742e+02
1.7867400632986198e+02
1.8928669064296625e+02
2.0010943141022426e+02
2.1110757364444299e+02
2.2224338703899059e+02
2.3347622183281115e+02
2.4476270444587718e+02
2.5605697245923750e+02
2.6731094790076367e+02
2.7847464717152587e+02
2.8949652531986055e+02
3.0032385175264818e+02
3.1090311387843690e+02
3.2118044461724242e+02
3.3110206919928532e+02
3.4061476622125411e+02
3.4966633754472412e+02
3.5820608131684401e+02
3.6618526217669296e+02
3.7355757258854510e+02
3.8027957922061609e+02
3.8631114836765835e+02
3.9161584459889127e+02
3.9616129709791460e+02
3.9991952854495838e+02
4.0286724186848016e+02
4.0498606075504989e+02
4.0626272044410240e+02
4.0668920603622507e+02
4.0626283629745274e+02
4.0498629173365714e+02
4.0286758652377841e+02
3.9991998472303959e+02
3.9616186196194747e+02
3.9161651465850127e+02
3.8631191951484487e+02
3.8028044677168810e+02
3.7355853133147667e+02
3.6618630642323114e+02
3.5820720495863856e+02
3.4966753411270560e+02
3.4061602894745664e+02
3.3110339108028796e+02
3.2118181847840458e+02
3.1090453243810788e+02
3.0032530768555830e+02
2.8949801131893457e+02
2.7847615600740750e+02
2.6731247247839559e+02
2.5605850587091027e+02
2.4476424002022981e+02
2.3347775317934767e+02
2.2224490808775832e+02
2.1110907868060332e+02
2.0011091510333273e+02
1.8928814807086243e+02
1.7867543299715246e+02
1.6830423373180182e+02
1.5820274518425134e+02
1.4839585360192027e+02
1.3890513280319797e+02
1.2974887425538381e+02
1.2094214853570689e+02
1.1249689542329833e+02
1.0442203964283632e+02
9.6723629116587517e+01
8.9404992479487319e+01
8.2466912569337325e+01
7.5907812617710860e+01
6.9723951932435128e+01
6.3909627974510620e+01
5.8457381885441009e+01
5.3358204709183539e+01
4.8601741770067619e+01
4.4176492907777956e+01
4.0070006526629534e+01
3.6269065682855768e+01
3.2759864704785848e+01
2.9528175111309523e+01
2.6559499859125417e+01
2.3839215204697368e+01
2.1352699708951704e+01
1.9085450138512353e+01
1.7023184224272086e+01
1.5151930424551413e+01
1.3458105004792367e+01
1.1928576888028468e+01
1.0550720850124952e+01
9.3124597313239246e+00
8.2022964116783985e+00
7.2093363535916968e+00
6.3233015512420740e+00
5.5345367457360419e+00
4.8340087681289381e+00
4.2132998618110484e+00
3.6645958130646679e+00
3.1806696857473251e+00
2.7548619148947688e+00
2.3810574663549091e+00
2.0536607170336478e+00
1.7675686545172029e+00
1.5181429371458153e+00
1.3011812973170611e+00
1.1128887129920131e+00
9.4984871601159171e-01
8.0899515168381997e-01
6.8758465280836201e-01
5.8317004334344102e-01
4.9357484264789153e-01
4.1686900086953266e-01
3.5134595972493932e-01
2.9550110064136437e-01
2.4801161395697738e-01
2.0771779846755140e-01
1.7360577989181913e-01
1.4479161957200945e-01
1.2050677068408297e-01
1.0008482812052230e-01
8.2949509747860237e-02
6.8603800632411061e-02
5.6620187792402452e-02
4.6631910785488943e-02
3.8325152717983146e-02
3.1432096813407806e-02
2.5724775272412924e-02
2.1009639585534361e-02
1.7122784533117340e-02
1.3925761657016261e-02
1.1301921869048078e-02
9.1532309451151320e-03
7.3975058349360174e-03
5.9660239064570752e-03
4.8014613674828479e-03
3.8561211077518167e-03
3.0904140397864654e-03
2.4715616497221508e-03
1.9724908813269506e-03
1.5708956505252761e-03
1.2484422191670231e-03
9.9009834239626999e-04
7.8356855022164635e-04
6.1882013528422280e-04
4.8768640924098445e-04
3.8353556865795325e-04
3.0099509335286442e-04
2.3572300167063845e-04
1.8421851877295267e-04
1.4366579686469466e-04
1.1180526696822431e-04
8.6828023730092669e-05
6.7289352057520491e-05
5.2038114639404034e-05
4.0159244779484543e-05
3.0927035824941250e-05
2.3767299282968079e-05
1.8226788248373937e-05
1.3948555625563958e-05
1.0652145899773610e-05
8.1177140469744569e-06
6.1733254211094329e-06
4.6848249341007135e-06
3.5477772580108603e-06
2.6810696033137613e-06
2.0218485248287583e-06
1.5215208753893431e-06
1.1426046788871369e-06
8.5625446670809970e-07
6.4032205482070800e-07
4.7784039972267529e-07
3.5584105263198139e-07
2.6443441685481636e-07
1.9609598576195228e-07
1.4511366627010313e-07
1.0716095977245766e-07
7.8968436449011784e-08
5.8071008956855302e-08
4.2614171571436939e-08
3.1205982315782905e-08
2.2803937376153111e-08
1.6629190837431207e-08
1.2100986763022265e-08
8.7873867415090932e-09
6.3677447362553436e-09
4.6046909262641231e-09
3.3228029662775925e-09
2.3927331957511236e-09
1.7193862044935183e-09
1.2329374699680795e-09
8.8224985980169619e-10
6.2998547398871775e-10
4.4888075564957760e-10
3.1917777778878209e-10
2.2646819406516555e-10
1.6036639096849672e-10
1.1328275649207735e-10
7.9873520671643510e-11
5.6188505011480703e-11
3.9425252587173750e-11
2.7592995350953675e-11
1.9268008610492391e-11
1.3423682410066431e-11
9.3256216885417578e-12
6.4536489120954895e-12
4.4562054301449263e-12
3.0697722607750609e-12
2.0706542023285335e-12
1.4030392106881081e-12
9.4786587053314161e-13
6.1266671059546660e-13
4.1455727971486789e-13
2.4403100321359879e-13
1.5177189774741544e-13
6.3114925229549548e-14
0.0000000000000000e+00
-6.7458494000848073e-14
-8.8711283639304020e-14
-1.2308916370817643e-13
-9.6892923146355699e-14
-1.0684079719225278e-13
-1.1899762462088821e-13
-1.2526424040013883e-13
-1.2092600668513783e-13
-1.2021539322622191e-13
-1.1116800634012917e-13
-1.2712352707576232e-13
-8.5932989119999114e-14
-8.8589675488011904e-14
-6.1931727933977680e-14
-2.2089421949746184e-14
-2.8678341196512742e-14
-2.6437195577892276e-14
-5.6104141314153930e-14
-4.1747077735685718e-14
-2.1942563240273973e-14
-2.4104163343209772e-14
-1.9694775859075936e-14
-2.1853189337873975e-14
-2.6187829741899305e-14
-1.7434472932225518e-14
-1.3057733409929628e-14
-2.1732585544231829e-14
-2.1702181288428550e-14
-1.7337341432380456e-14
-2.5969287111515594e-14
0.0000000000000000e+00
-1.7263653820235016e-14
-2.1548667246276891e-14
-4.3035339399562389e-14
-6.0162410515834872e-14
-4.2910768498316149e-14
-3.4278555912364964e-14
-5.1342516778036800e-14
-4.2722476877682171e-14
-5.1191201623408058e-14
-5.1115206220425596e-14
-3.4025991585705465e-14
-4.2468788695433759e-14
-5.0885884727416101e-14
-3.3872669065799006e-14
-5.0731904392132545e-14
-3.3769725635836831e-14
-6.7436076175782797e-14
-3.3666207851228733e-14
-5.0421353741393829e-14
-5.0343184380226480e-14
-6.7019740066874677e-14
-5.0186217110036098e-14
-1.0021484384144056e-13
-6.6704561126697184e-14
-6.6598953663573531e-14
-6.6493075327081634e-14
-6.6386927941838945e-14
-6.6280513334869597e-14
-9.9260750003328541e-14
-9.9100334663353216e-14
-9.8939526733276935e-14
-9.8778328967296605e-14
-9.8616744122829536e-14
-9.8454774960435651e-14
-1.3105656565831950e-13
-9.8129694739353130e-14
-9.7966589216797039e-14
-1.3040414726456483e-13
-1.6273210201556496e-13
-1.2996672570310027e-13
-1.2974728324368387e-13
-1.2952735794473810e-13
-1.6163369190007001e-13
-1.9362911052987784e-13
-1.6108090270540574e-13
-1.2864290267622097e-13
-1.2842061894806641e-13
-1.2819787470839476e-13
-9.5981005266284379e-14
-9.5813264716296699e-14
-7.9704322652866859e-14
-6.3651183647713577e-14
-6.3538688257475865e-14
-7.9282467278743075e-14
-4.7484781662521525e-14
-6.3199895311965317e-14
-9.4629802474651101e-14
-7.8716203881571057e-14
-7.8573976942995823e-14
-4.7058894155430129e-14
-7.8288746176517067e-14
-6.2516597634398742e-14
-6.2401996165482064e-14
-6.2287194413704463e-14
-6.2172194258810557e-14
-3.1028498790499180e-14
-6.1941606260868968e-14
-3.8641263862110111e-14
-6.1710247217776421e-14
-5.3894997850381284e-14
-4.6108599135370644e-14
