-2.7016870961560250e-12
3.0069894400114140e-12
7.3880683169690770e-13
-9.8804569538906601e-13
-3.9882934616395342e-14
3.4578076035780346e-13
-1.7596651467628329e-12
5.1727543276573186e-14
-6.5580240351089032e-13
-2.5305601892128890e-13
1.5041315164519194e-12
-2.4111585204107922e-12
2.0773945646340962e-12
-7.4459722381810248e-13
1.6703485578196045e-12
4.2959416940123022e-13
1.9161825734405193e-12
-8.8933182026361577e-13
-1.3270791597192294e-12
4.2299110901957238e-13
9.0890582227596441e-13
1.5044988234678398e-12
4.9590780633941346e-13
1.7071899376399744e-12
-9.1489362210873964e-13
5.5499170092555191e-13
-8.5516227378144397e-13
8.1194958646483875e-13
-4.0288953726923817e-13
7.2294705812541321e-13
2.0948811654360164e-13
1.1844909040267942e-12
3.9462165056233336e-13
-7.7004306867942406e-13
-7.1110674949362756e-13
2.1122851234903111e-13
-7.0674778250446930e-13
9.1244773345282288e-13
-7.6087498773410698e-13
-3.2614152678128029e-14
1.3950115894183617e-12
8.0880472749085524e-13
1.2270819550463363e-13
-1.4882661236191751e-13
-4.2507145990266608e-15
1.2626807877887172e-12
1.4405990431012535e-12
5.2757541054240947e-13
4.3916656587374754e-14
2.0122433569524149e-12
-2.1185326558095958e-12
-1.7745165189111282e-12
-1.6691869587438570e-12
4.0876339038144929e-13
-6.3064328653063945e-13
-3.1931409988290661e-12
-4.6678369649341131e-13
-1.9168197818158533e-12
7.2073641035050511e-13
2.4525598287451750e-13
2.4890534279081099e-12
-7.3379865023264999e-13
2.0247670658747321e-12
3.8965747480645749e-13
-1.1213211792679640e-12
-4.0720601790146578e-13
-2.9186527752581548e-13
-1.9280538088086635e-12
-3.1593883134711292e-12
6.4503755166926516e-13
-5.9833658797542681e-13
1.2151520871689286e-12
-2.5456799365593782e-12
-1.2467448688120896e-12
4.2353021892911382e-13
-1.8849223920351290e-12
2.6743480373713519e-12
2.3994086026259204e-13
2.3894242897507372e-12
2.0939248277674975e-12
1.7981715076693216e-12
4.0370861321037587e-12
4.8786485894776620e-12
5.3624297192333193e-12
1.1475066874173219e-11
1.4418715832994844e-11
2.1736179782018485e-11
3.1373677215046170e-11
4.2335245350171274e-11
6.2041874651577247e-11
8.7416439930526270e-11
1.2342756223371958e-10
1.7782657214527270e-10
2.5257064170039672e-10
3.5372931698487843e-10
4.9743362866961807e-10
6.9972457953174585e-10
9.8572523873629794e-10
1.3760754871891715e-09
1.9236541801662659e-09
2.6811363650283329e-09
3.7288096358731394e-09
5.1762599778469845e-09
7.1725992911476351e-09
9.9107577063448102e-09
1.3670590517781646e-08
1.8811244727122431e-08
2.5837028441739773e-08
3.5406580006108708e-08
4.8418973802444709e-08
6.6068182942355750e-08
8.9960175533925848e-08
1.2223587497796582e-07
1.6572963651517885e-07
2.2422677743070196e-07
3.0271745019068370e-07
4.0781338857630613e-07
5.4822810282246029e-07
7.3541274377481888e-07
9.8440695207471621e-07
1.3148923032236231e-06
1.7525861763959121e-06
2.3309951830155437e-06
3.0936903112810788e-06
4.0971836945421111e-06
5.4146149378716520e-06
7.1404133909083945e-06
9.3962131496608154e-06
1.2338320573603276e-05
1.6167132565755312e-05
2.1138975613249222e-05
2.7580923152409672e-05
3.5909366243698757e-05
4.6653141585173065e-05
6.0482296810178345e-05
7.8243807416601775e-05
1.0100575423098354e-04
1.3011181178570000e-04
1.6724836789504049e-04
2.1452687123323829e-04
2.7458462815216301e-04
3.5070787469487823e-04
4.4698163153389728e-04
5.6847158154023673e-04
7.2144434296718255e-04
9.1363339818980682e-04
1.1545592553311162e-03
1.4559138568842522e-03
1.8320207468564061e-03
2.3003843969941987e-03
2.8823440530924790e-03
3.6038496595355699e-03
4.4963800422770884e-03
5.5980260617691548e-03
6.9547646165661770e-03
8.6219525382833090e-03
1.0666072878803133e-02
1.3166769933766117e-02
1.6219213183684543e-02
1.9936834510739857e-02
2.4454487403372496e-02
2.9932081038253421e-02
3.6558746675868364e-02
4.4557598020810260e-02
5.4191151263789934e-02
6.5767474366800152e-02
7.9647138425259958e-02
9.6251046636573800e-02
1.1606921822647077e-01
1.3967060546625207e-01
1.6771402138388536e-01
2.0096025379303659e-01
2.4028543722004000e-01
2.8669574840329992e-01
3.4134348255584412e-01
4.0554455639528686e-01
4.8079746970347792e-01
5.6880373969486775e-01
6.7148980123917601e-01
7.9103034106392245e-01
9.2987300498229986e-01
1.0907643840355288e+00
1.2767771478877050e+00
1.4913381522160025e+00
1.7382573009933164e+00
2.0217568948053457e+00
2.3465011432191560e+00
2.7176254628621983e+00
3.1407651243599370e+00
3.6220827509160207e+00
4.1682941108007361e+00
4.7866915856409600e+00
5.4851646382359185e+00
6.2722165487678918e+00
7.1569766384336058e+00
8.1492071564747697e+00
9.2593039723011774e+00
1.0498290190704868e+01
1.1877801796975824e+01
1.3410064442476152e+01
1.5107860501124508e+01
1.6984485565854488e+01
1.9053693612526292e+01
2.1329630138744086e+01
2.3826752687465508e+01
2.6559738291159668e+01
2.9543377521626983e+01
3.2792455003537384e+01
3.6321616445309900e+01
4.0145222458113004e+01
4.4277189670282169e+01
4.8730819897965645e+01
5.3518618400007050e+01
5.8652102521973475e+01
6.4141602316398917e+01
6.9996055008759029e+01
7.6222795455244395e+01
8.2827345003977527e+01
8.9813201418400368e+01
9.7181632744489022e+01
1.0493147819515900e+02
1.1305895927911139e+02
1.2155750451156784e+02
1.3041759110437050e+02
1.3962660703846294e+02
1.4916873686730389e+02
1.5902487448292788e+02
1.6917256589401467e+02
1.7958598481682026e+02
1.9023594356517626e+02
2.0108994134715334e+02
2.1211225163608771e+02
2.2326404978788827e+02
2.3450358153082632e+02
2.4578637236642115e+02
2.5706547729936108e+02
2.6829176967162977e+02
2.7941426722173287e+02
2.9038049283716697e+02
3.0113686682912459e+02
3.1162912694658678e+02
3.2180277177477200e+02
3.3160352264383363e+02
3.4097779871925229e+02
3.4987319956693358e+02
3.5823898919348710e+02
3.6602657536394656e+02
3.7318997790157351e+02
3.7968627968247500e+02
3.8547605415363614e+02
3.9052376342710681e+02
3.9479812133315039e+02
3.9827241624726145e+02
4.0092478903263168e+02
4.0273846205327061e+02
4.0370191590158083e+02
4.0380901123656452e+02
4.0305905392988467e+02
4.0145680255300630e+02
3.9901241809234716e+02
3.9574135663592131e+02
3.9166420661688517e+02
3.8680647301158155e+02
3.8119831165622173e+02
3.7487421755359014e+02
3.6787267167549686e+02
3.6023575131793751e+02
3.5200870952366449e+02
3.4323952944479345e+02
3.3397845977051918e+02
3.2427753748993905e+02
3.1419010429612814e+02
3.0377032286792735e+02
2.9307269909336054e+02
2.8215161603032294e+02
2.7106088504308957e+02
2.5985331911777837e+02
2.4858033285609466e+02
2.3729157308712965e+02
2.2603458343367308e+02
2.1485450553590638e+02
2.0379381898417984e+02
1.9289212135702164e+02
1.8218594911295347e+02
1.7170863945638567e+02
1.6149023270023844e+02
1.5155741408969985e+02
1.4193349354136311e+02
1.3263842129653435e+02
1.2368883709193821e+02
1.1509815011897929e+02
1.0687664677657574e+02
9.9031623022893839e+01
9.1567537996996819e+01
8.4486185511491129e+01
7.7786880007018354e+01
7.1466653606302742e+01
6.5520461003065108e+01
5.9941389064636311e+01
5.4720868209985873e+01
4.9848882840538522e+01
4.5314178343401075e+01
4.1104462448137355e+01
3.7206598993346013e+01
3.3606792441171706e+01
3.0290761761169243e+01
2.7243902584174908e+01
2.4451436797523474e+01
2.1898549010700844e+01
1.9570509562215122e+01
1.7452783961162719e+01
1.5531128858686076e+01
1.3791674823516702e+01
1.2220996351704356e+01
1.0806169672495942e+01
9.5348190210544015e+00
8.3951521342582893e+00
7.3759857898843677e+00
6.4667622526992563e+00
5.6575575158023108e+00
4.9390822329014483e+00
4.3026762295779148e+00
3.7402974609136859e+00
3.2445062506827620e+00
2.8084456062966749e+00
2.4258183551951276e+00
2.0908617943664627e+00
1.7983204870668141e+00
1.5434177807058191e+00
1.3218265590026301e+00
1.1296396808879650e+00
9.6334049943198563e-01
8.1977379684130947e-01
6.9611741763866286e-01
5.8985483112173931e-01
4.9874880750236117e-01
4.2081634914856136e-01
3.5430497979473463e-01
2.9767046033648698e-01
2.4955596953518180e-01
2.0877276211218790e-01
1.7428229452558619e-01
1.4517979028154854e-01
1.2067920160839148e-01
1.0009951247702630e-01
8.2852318782658391e-02
6.8430614968449932e-02
5.6398711972049827e-02
4.6383208955642970e-02
3.8064940330818940e-02
3.1171820249858588e-02
2.5472508205767876e-02
2.0770821983924936e-02
1.6900827438573369e-02
1.3722538120263359e-02
1.1118162072659737e-02
8.9888371144405607e-03
7.2518005944761784e-03
5.8379437242559330e-03
4.6897051146967076e-03
3.7592621933696660e-03
3.0069833104067927e-03
2.4001069928585020e-03
1.9116185443031782e-03
1.5192973359786758e-03
1.2049113154232497e-03
9.5353801405406757e-04
7.5299382538621909e-04
5.9335573011357328e-04
4.6656165033113816e-04
3.6607742958860950e-04
2.8662015201919494e-04
2.2392892016007772e-04
1.7457545741971712e-04
1.3580805806965719e-04
1.0542341941774809e-04
8.1661555923142620e-05
6.3120010489197502e-05
4.8683874603134268e-05
3.7468962496408442e-05
2.8775737507543417e-05
2.2052070707580038e-05
1.6863210034884095e-05
1.2867635565829042e-05
9.7977131933054139e-06
7.4442008721605411e-06
5.6438871909426644e-06
4.2697795382251128e-06
3.2232873327409149e-06
2.4280619604329606e-06
1.8250963608130951e-06
1.3689242497866339e-06
1.0245580641206334e-06
7.6517404290160385e-07
5.7022924049152426e-07
4.2403559894175002e-07
3.1464479371149310e-07
2.3297242370733570e-07
1.7212844934660361e-07
1.2689928126730223e-07
9.3351577300071230e-08
6.8528653292404922e-08
5.0195625705070620e-08
3.6686761712717718e-08
2.6758052873820285e-08
1.9472551740502144e-08
1.4141548718906588e-08
1.0246146962586302e-08
7.4111607188033465e-09
5.3427091510510845e-09
3.8478819582246034e-09
2.7647715578446850e-09
1.9842375028459949e-09
1.4168768539825291e-09
1.0138374594716576e-09
7.1922755577149644e-10
5.1483141284162239e-10
3.6223640504181537e-10
2.5529285746677941e-10
1.8198060061978091e-10
1.2790050200187714e-10
8.8992724417239468e-11
6.1438918877421500e-11
4.5972585933154097e-11
3.3948848624959914e-11
2.0305800790226142e-11
1.4137173337847612e-11
8.3991786756382698e-12
7.5534988199275397e-12
4.5401657521791330e-12
3.4845053947490714e-12
1.4204913722993544e-12
4.0082339583099413e-12
5.3726593710876248e-15
8.1170503890439329e-13
-7.1219193704100172e-13
1.7969326461847068e-12
-1.2301057961353398e-12
-1.3470075501663555e-12
3.5967998120451946e-14
-9.1979332303758815e-14
-8.3769374190811331e-13
1.1643083823840450e-13
-1.2410454970323686e-13
2.3105429294070289e-12
8.4881212859498006e-13
1.0229574304828468e-12
-9.3281569653816409e-14
2.6171444273361252e-13
8.6221717160243108e-13
9.3456024671647904e-13
1.5034407645798143e-12
5.5257802516945068e-13
-1.5325858322146788e-12
2.8720314662589230e-12
4.6875955770311769e-13
-1.0099042778370080e-13
2.6493251684489400e-13
1.8447492140194703e-12
-3.7770027185582212e-13
-1.3383046514056062e-14
-5.8423122468688894e-13
-5.1497361943708179e-13
6.8677220951199732e-13
8.5993720624871114e-13
-1.1374301416838091e-13
1.3432693909205593e-12
1.8737622918139408e-12
2.0198092717198913e-12
5.6014224009129549e-13
-2.4652015946364144e-12
-3.6930470978668422e-14
-2.0142602638568614e-12
-4.8154857080161185e-14
-3.5532154519161286e-13
1.8300008886355557e-13
-6.1837744150323526e-13
1.8278535443381924e-12
-2.2869830800497677e-13
-1.4528176730721675e-12
3.1899421647518273e-13
3.9166873958597706e-13
-5.5446664652806916e-13
-1.1898321513097916e-12
-5.4920996857775077e-13
2.9108834537121011e-13
9.8516539382999024e-13
1.6913525166011327e-12
-1.4520762648066055e-12
1.6798202357747570e-13
5.1077111553040363e-13
6.1260453595436095e-13
-9.1970608123889030e-13
1.9200516238829073e-12
2.5297129724313023e-13
1.9170758253548558e-12
-3.0990714202856672e-13
1.2380972166952322e-12
-5.1785538070036184e-13
-7.1257755048320765e-13
1.2727822310336790e-12
-8.3100624989680828e-13
-4.5087804599589790e-14
8.8390853712830215e-13
-8.8034465391807589e-13
-3.8041133364608036e-13
-1.1905192524623776e-12
-2.3437014029095813e-12
3.4076932810418451e-13
1.4817889161854922e-12
-1.2133140237143954e-12
3.7810186688359099e-13
