-8.9902214526506982e-15
-8.7594941509713996e-17
2.6003413259039791e-15
1.6199706568274695e-14
1.7272344588494106e-14
4.4601533801584363e-15
6.3170717821897126e-15
1.3586363857738368e-14
8.7775163339644621e-15
3.8539294434311623e-15
1.2318284507361769e-14
3.0753102826472099e-15
3.4271185953790279e-14
5.9181413112129542e-15
1.9246478285261494e-14
1.4141068212152911e-14
1.0581616213127710e-14
1.9485834098285313e-14
1.6442138277442924e-14
2.9542015462910114e-14
2.4895155604327850e-14
1.7815322495342622e-14
4.0096600685920212e-14
4.4853673465286571e-14
3.9944516530364394e-14
4.3641934314347328e-14
2.9146013346516978e-14
6.7354407673576299e-14
5.7861326083215467e-14
6.3885897823383497e-14
7.1550658480114495e-14
6.1537054364651316e-14
5.7835882030061652e-14
5.7880372350740203e-14
4.8195706708964065e-14
5.8846787880397788e-14
7.3803306643306725e-14
5.7751860699936503e-14
5.7582025538108543e-14
6.5879917872610344e-14
1.1251552400586784e-14
2.8789384598039113e-14
8.9561618103447263e-15
1.7921724975290683e-14
1.2914887680556769e-14
9.9148235059977219e-15
1.7960232325653699e-14
2.2771829059435273e-14
1.0593379065589942e-14
2.0566918604900575e-14
2.4381771686133295e-14
1.4280132584131793e-14
1.7712514182679605e-14
-7.1751494022723422e-15
2.4751735694519182e-14
1.9859893478550771e-14
-8.1081576966554475e-15
-4.7128643540773568e-15
9.4327783588381488e-15
2.5089245192223984e-14
1.5111919653935537e-14
2.6699027433187174e-14
3.9386042156386830e-14
4.2056882538419699e-14
4.2333076844002456e-14
5.0285142017870000e-14
5.2288643090543008e-14
5.8335825278532430e-14
7.9666745266051660e-14
4.3208677945357477e-14
7.2422368722588952e-14
7.8577915700510889e-14
6.8424833068581101e-14
8.3965320944611587e-14
8.5793508001380108e-14
9.8247154445396085e-14
8.3976824265011273e-14
7.1573951924415526e-14
9.1566742017347885e-14
8.0838463615789295e-14
5.8057443436636196e-14
6.3442233575531688e-14
6.7218792034388952e-14
3.9378105263622098e-14
3.6251145621070600e-14
1.4712970852977894e-14
2.2306326551815638e-14
1.7370845757751887e-14
-4.3199929850914673e-15
5.0456934721863690e-14
4.3286564240328637e-14
3.5441913018677482e-14
1.1496346350498080e-14
1.6236888871401211e-14
3.3988523598529837e-14
2.6001799548857135e-14
-3.7987289275684716e-16
5.6349621678071031e-15
-7.2649818513900215e-15
-9.9803835048141002e-15
-3.4066651200663746e-15
-2.1902487042712129e-14
1.4630187282827632e-14
6.8658700197432830e-15
5.9849662804998378e-15
1.4294553167727737e-14
2.5066207458360345e-14
2.3218409729474384e-14
9.5008189561198691e-15
9.3514674357389017e-15
2.4705836424484783e-14
1.0612165151785292e-14
-3.9836281542843131e-14
-3.1736906313627967e-14
-6.4384269845969961e-14
-8.9316184799320820e-14
-1.0907942499999365e-13
-1.1790440574607742e-13
-1.2255912601042743e-13
-1.2078893870609474e-13
-1.3157657157190552e-13
-1.3587307630028310e-13
-1.2460062640509736e-13
-1.5704892066579960e-13
-1.6609470614347312e-13
-1.6400842920696610e-13
-1.7494922558711230e-13
-1.7996533425199298e-13
-1.9853025889281415e-13
-2.0313740225222403e-13
-2.0753599864316581e-13
-2.4112897709548428e-13
-2.5723467628225837e-13
-2.5485388913016512e-13
-2.7743574250847778e-13
-2.9389072972823010e-13
-2.8726779529075186e-13
-3.1024576604750632e-13
-3.2541703351318983e-13
-3.6070832345612441e-13
-4.1913301914672174e-13
-4.3919516337716801e-13
-4.8598970661774708e-13
-5.6850142661274346e-13
-6.0492118053068274e-13
-6.7914716138749425e-13
-7.2742011162321188e-13
-7.8720203692621401e-13
-8.3243372872474850e-13
-8.6558359110350862e-13
-9.2020404727564508e-13
-9.9956055928553328e-13
-1.0551579313622998e-12
-1.1209700324555647e-12
-1.2072164260627842e-12
-1.3288034984634829e-12
-1.4443537675554887e-12
-1.5327074427800764e-12
-1.7037762017810910e-12
-1.8698612770838637e-12
-2.0290150874585745e-12
-2.2040079052799060e-12
-2.4148339781510787e-12
-2.6828513258347254e-12
-2.9263922671423215e-12
-3.1796303864403264e-12
-3.5051190318704097e-12
-3.8663325329363767e-12
-4.1976746664221412e-12
-4.6239567166093195e-12
-5.0868524300866850e-12
-5.6280665486771527e-12
-6.2100297344965139e-12
-6.8450938746710690e-12
-7.5633475543822101e-12
-8.3706083277568418e-12
-9.2170274996882270e-12
-1.0147140113032932e-11
-1.1167127420282190e-11
-1.2245480230154147e-11
-1.3394677924120282e-11
-1.4628054974015727e-11
-1.5987753647242531e-11
-1.7418477576088489e-11
-1.8940214786660633e-11
-2.0571276102149341e-11
-2.2314227492690582e-11
-2.4156640245466738e-11
-2.6130598745121259e-11
-2.8182250509503627e-11
-3.0364038078214435e-11
-3.2637853499512030e-11
-3.5043371769000344e-11
-3.7536581131250678e-11
-4.0106568158357073e-11
-4.2768792796492631e-11
-4.5493253404900257e-11
-4.8283056777549272e-11
-5.1141299975421405e-11
-5.4030997729709152e-11
-5.6982227646920670e-11
-5.9971632823449161e-11
-6.3011387866897693e-11
-6.6069467178100497e-11
-6.9087765466182902e-11
-7.2122805334305344e-11
-7.5145092558368463e-11
-7.8103280083713806e-11
-8.1030224789781894e-11
-8.3871159197379079e-11
-8.6659147676841176e-11
-8.9335006990300886e-11
-9.1860449682627505e-11
-9.4272594210507022e-11
-9.6564094782402895e-11
-9.8678544708711458e-11
-1.0062467132110287e-10
-1.0241152000557777e-10
-1.0399505252393076e-10
-1.0536853712686833e-10
-1.0655222660208930e-10
-1.0747889022004358e-10
-1.0820226916590331e-10
-1.0870377710301754e-10
-1.0896648905173369e-10
-1.0903002107534243e-10
-1.0886106267075791e-10
-1.0844213595149467e-10
-1.0784775369227767e-10
-1.0697211833277083e-10
-1.0586296552067171e-10
-1.0458577725624392e-10
-1.0310483404161490e-10
-1.0145212426770998e-10
-9.9603394269039168e-11
-9.7589052477446896e-11
-9.5418275020198198e-11
-9.3067466852867652e-11
-9.0572512577600569e-11
-8.7992757938120428e-11
-8.5271011929343624e-11
-8.2507932815754886e-11
-7.9645966177696169e-11
-7.6772147837999775e-11
-7.3812466834408481e-11
-7.0830358937386715e-11
-6.7832130305079514e-11
-6.4857567449928642e-11
-6.1867091165427072e-11
-5.8942705095977401e-11
-5.6025755959777527e-11
-5.3153961026571656e-11
-5.0312951023893502e-11
-4.7521405908020629e-11
-4.4784837117770292e-11
-4.2162304623374876e-11
-3.9557629292183261e-11
-3.7067846865654791e-11
-3.4671569958546732e-11
-3.2368796768120489e-11
-3.0166862537292461e-11
-2.8082312085223984e-11
-2.6066749290526476e-11
-2.4196186541324703e-11
-2.2385580892015670e-11
-2.0686167032518078e-11
-1.9077268147538542e-11
-1.7539691492046737e-11
-1.6136535265209619e-11
-1.4752615456506419e-11
-1.3501646427403706e-11
-1.2322555101293592e-11
-1.1202349756653153e-11
-1.0178535080737794e-11
-9.2389510959356987e-12
-8.3614857509775584e-12
-7.5946848421457146e-12
-6.8610668978391980e-12
-6.2044514774542492e-12
-5.5980892108088854e-12
-5.0429631134934386e-12
-4.5682521378115697e-12
-4.1043814354512275e-12
-3.6912037058614672e-12
-3.3020471711801502e-12
-2.9754329443497603e-12
-2.6472444772188261e-12
-2.3689017796769494e-12
-2.1036033265690242e-12
-1.8840421185001599e-12
-1.6754573350741730e-12
-1.4842047704950346e-12
-1.3280870964023631e-12
-1.1964694659465077e-12
-1.0474054267975653e-12
-8.9906272066160396e-13
-7.6057644759644563e-13
-6.4193778905572723e-13
-5.4458940540275305e-13
-4.5536892345368590e-13
-3.9140004026526302e-13
-3.1540718043389555e-13
-2.3734428391692009e-13
-1.7276780676512887e-13
-1.4643182759630705e-13
-1.0104478775535348e-13
-6.7315381436421672e-14
-4.3717982299945830e-14
-4.4938940681797742e-14
-3.2322642881468574e-14
-2.7538008555321232e-14
-3.2794038329764517e-14
-2.8326643400733662e-14
-3.4495014203079378e-14
-4.8831606451774689e-14
-3.2148837561050613e-14
-3.2957233509493899e-14
-2.0662741249226829e-14
-7.2445027069026430e-15
-1.4245543021856165e-14
3.1930371854440380e-15
-9.2077646091963680e-15
-2.4408995866106737e-16
-1.4654242074709333e-14
-1.9932549288020931e-14
3.8684094877139310e-15
6.7926530308027337e-15
-7.5166013748011247e-15
2.4685554045895112e-15
-1.5816785741841208e-14
-2.0863775008081985e-14
-2.8625932905493827e-14
-9.1696098949601928e-15
1.9071053874684842e-14
3.9595129102293673e-14
5.5812740139087774e-14
8.7002460514922071e-14
9.2404428891351305e-14
9.6141156217416491e-14
1.2213809218704297e-13
1.3245454594685057e-13
1.5125846411735040e-13
1.5885026162669766e-13
1.5369481307644356e-13
1.7235788500259898e-13
1.3256215051961700e-13
1.2516760000530724e-13
1.3067963712033705e-13
1.3353749865488692e-13
1.3818258463891191e-13
1.2880762315257909e-13
1.2067105332938178e-13
1.4819227255450151e-13
1.4057675661884373e-13
1.4107930602359474e-13
1.2479031289346339e-13
1.3121990189752626e-13
1.3966489029616628e-13
9.5103673046656107e-14
8.7334669401242037e-14
7.2969344211484024e-14
1.4079212979168105e-14
1.1258257671298043e-14
-1.7337917469618434e-14
-1.7417985047955470e-14
-3.0906916754130532e-14
-4.2567792021617448e-14
-5.6287447037249341e-14
1.1672421658766162e-15
-1.7538223120272496e-14
-9.3034602408077564e-15
-6.8430007761875591e-15
1.3907321120305880e-14
2.5325696939598469e-14
2.0895262530639076e-14
9.4352758127829724e-15
3.2173237264527220e-14
2.8108046074439860e-14
2.5772004451881592e-14
2.1163253602919719e-14
3.2348774838948387e-14
2.1261372248908169e-14
4.3744318309493429e-15
-2.8422028185642248e-16
6.4654349247492106e-15
1.1474262551698332e-14
-1.1062661156988238e-14
3.5797032139375838e-15
-1.1442723258073824e-14
1.8598756233660825e-14
-1.1664420744648197e-14
-8.5150782904052274e-15
-2.1545966353586692e-15
4.0848312227080604e-15
8.4409126996086126e-15
2.1552182481010072e-14
1.3189346751404257e-14
1.7626824781399367e-14
6.4581162219030843e-15
-1.1850519526440520e-15
2.4672272044482237e-14
1.1147709097470843e-14
1.2494346098180010e-14
2.1459271546169122e-14
2.5662524648600582e-14
2.2842561093353471e-14
4.5210145927749169e-16
9.7773577858588033e-15
1.3711936716770090e-14
3.5416214166967285e-14
4.7580734700872961e-14
2.7786415479206402e-14
4.0505164975793565e-14
2.4047234264443437e-14
1.3738510746469716e-14
4.3815355168627323e-14
2.6589568166330873e-14
2.2069314221661535e-14
3.0142776389628401e-14
5.8401853226493890e-14
3.7532247321392180e-14
4.3720183231763018e-14
3.8996638418143842e-14
3.8181342282834774e-14
4.6369196206711807e-14
5.0201551100892983e-14
6.6013014514898071e-14
6.5833436367318056e-14
8.2839570331554874e-14
7.1033221873617846e-14
3.9248121145009308e-14
7.0066656889858383e-14
4.9508883447352084e-14
3.4977364115010613e-14
6.4703254119494062e-14
5.2783156409413001e-14
5.8130512790084671e-14
5.1791988048109958e-14
2.7746092613953809e-14
3.8214245785985275e-14
4.4234384043777398e-14
6.0314681026924309e-14
7.1323421323745008e-14
5.7860974809711162e-14
7.4240889028268627e-14
4.1974653166386528e-14
3.6507408504146401e-14
3.8884545791693518e-14
4.3579212491682177e-14
4.3358612176433142e-14
5.2562267047565606e-14
6.2947033616378914e-14
6.2197433511152134e-14
5.4671534698087170e-14
4.4204584785950424e-14
4.9123597503669998e-14
2.2834121200709096e-14
3.1030102990054277e-14
3.3681651213966348e-14
5.0002529226393242e-14
4.4964154642759841e-14
2.5198137808991269e-14
1.4803928197067710e-14
4.3283658676870188e-14
1.6690841618391960e-14
2.1675413827370316e-14
4.0360495666146419e-14
4.5156712966697024e-14
2.9910073108981167e-14
2.9915808078957250e-14
3.0743109810436313e-14
3.8304069539375084e-14
2.7722605597113011e-14
2.3080128977982577e-14
2.1776159620387416e-14
3.0643847395632946e-14
4.5731758147981322e-14
2.1878813045989186e-14
2.4481704183829752e-14
2.9375676971896318e-14
1.4840236589674954e-14
2.4280051073803632e-14
3.8398654711530532e-14
3.0601809019154495e-14
5.4729895433205374e-14
4.8413426425487648e-14
3.2508536514868148e-14
3.1810499229778588e-14
1.1460167093354121e-14
2.7264318013465929e-14
6.1650784211974750e-15
1.9556413144934056e-14
4.0179536618079884e-14
2.0195542059116119e-14
4.3116560845635385e-15
1.0839551235197333e-14
-4.6999577575245501e-15
1.0297647283067825e-14
-1.1539875589380281e-14
2.5592961028586358e-14
1.1115650419074136e-14
-4.2421231091491329e-15
4.7000322863240813e-15
1.5316822859380017e-14
-7.2853862160431089e-15
-4.0210291897949553e-15
-8.7903087226596517e-15
-4.0946950780441291e-16
4.8151881641465223e-15
-8.5131842209927350e-15
-1.0751431210424747e-14
1.1555709089539900e-14
