-4.8408532535394852e-04
-1.8290257827223602e-03
-3.2730573473538998e-03
-4.8424414115967275e-03
-6.5687680629828065e-03
-8.4832213044737873e-03
-1.0622505602570314e-02
-1.3037196332561871e-02
-1.5777565223558394e-02
-1.8890147730223499e-02
-2.2428621282431921e-02
-2.6451160361574778e-02
-3.1022798319290685e-02
-3.6226426743941706e-02
-4.2152453238844340e-02
-4.8890134114570293e-02
-5.6537406969638326e-02
-6.5202445023240685e-02
-7.5004517018280051e-02
-8.6080812672068879e-02
-9.8582444694123500e-02
-1.1266870996371832e-01
-1.2851060454928034e-01
-1.4629385204743556e-01
-1.6622221072551924e-01
-1.8851456231252806e-01
-2.1340151842702054e-01
-2.4113511365911314e-01
-2.7198736831461040e-01
-3.0624652959390258e-01
-3.4422216757998070e-01
-3.8623830124153119e-01
-4.3262676682042961e-01
-4.8374139751911294e-01
-5.3996025185814700e-01
-6.0167659550991137e-01
-6.6929748067168127e-01
-7.4324033836688008e-01
-8.2393709759683964e-01
-9.1182843133223002e-01
-1.0073550717260575e+00
-1.1109607145704585e+00
-1.2230849229947502e+00
-1.3441599611489747e+00
-1.4746129292796430e+00
-1.6148551177328259e+00
-1.7652675519841501e+00
-1.9261980795485751e+00
-2.0979571958612437e+00
-2.2808122451805253e+00
-2.4749698788122756e+00
-2.6805651723681581e+00
-2.8976691787962245e+00
-3.1262753684744369e+00
-3.3662832567610299e+00
-3.6174874197513467e+00
-3.8795687826158662e+00
-4.1520921691134154e+00
-4.4344798718621208e+00
-4.7259985821734949e+00
-5.0257553023466448e+00
-5.3326848311597344e+00
-5.6455401845329893e+00
-5.9628729088660108e+00
-6.2830316537367175e+00
-6.6041610402291315e+00
-6.9241855387633411e+00
-7.2408052626664912e+00
-7.5514884786637113e+00
-7.8534774497212698e+00
-8.1437838286068640e+00
-8.4191768249115455e+00
-8.6761936996359701e+00
-8.9111452769105455e+00
-9.1201243868141439e+00
-9.2990085459006000e+00
-9.4434701991055459e+00
-9.5490098040462126e+00
-9.6109689211909028e+00
-9.6245466073256125e+00
-9.5848238175726408e+00
-9.4867963047432493e+00
-9.3254090200197499e+00
-9.0955741555054246e+00
-8.7922047109434622e+00
-8.4102611090140531e+00
-7.9447909083681409e+00
-7.3909673481177860e+00
-6.7441343101343403e+00
-5.9998539728610618e+00
-5.1539535801568359e+00
-4.2025712315232404e+00
-3.1421999196774144e+00
-1.9697366225715280e+00
-6.8251728728267680e-01
7.2163259224383358e-01
2.2443430908352351e+00
3.8866681556514320e+00
5.6490509223806065e+00
7.5312863522000635e+00
9.5324881789428098e+00
1.1651065544689502e+01
1.3884706810391105e+01
1.6230362436826546e+01
1.8684229553564066e+01
2.1241749329312462e+01
2.3897602223043531e+01
2.6645710487856615e+01
2.9479268695752520e+01
3.2390764400221393e+01
3.5371994614869578e+01
3.8414102584355632e+01
4.1507617768999388e+01
4.4642494319780944e+01
4.7808170810162395e+01
5.0993631148929687e+01
5.4187460665202565e+01
5.7377914133195290e+01
6.0552990581109043e+01
6.3700504944514329e+01
6.6808165138315701e+01
6.9863651346452428e+01
7.2854697833701877e+01
7.5769174665856298e+01
7.8595172924622858e+01
8.1321086110304449e+01
8.3935687796143995e+01
8.6428202973866235e+01
8.8788385223183980e+01
9.1006587703962467e+01
9.3073831236255216e+01
9.4981865811434318e+01
9.6723224790136015e+01
9.8291267262475287e+01
9.9680221902246771e+01
1.0088522337447465e+02
1.0190234257505227e+02
1.0272860725334367e+02
1.0336201245332659e+02
1.0380152390294960e+02
1.0404707639311980e+02
1.0409956198911600e+02
1.0396081502574373e+02
1.0363358850309561e+02
1.0312151510564598e+02
1.0242907405144561e+02
1.0156155385426915e+02
1.0052499601959390e+02
9.9326141057346931e+01
9.7972373861157109e+01
9.6471651039004129e+01
9.4832441772799342e+01
9.3063675046139579e+01
9.1174662909865674e+01
8.9175025368618464e+01
8.7074623792714192e+01
8.4883486503225171e+01
8.2611744311864513e+01
8.0269568859412828e+01
7.7867107291050388e+01
7.5414417135797891e+01
7.2921405216629182e+01
7.0397775448933317e+01
6.7852985201653240e+01
6.5296183603511651e+01
6.2736166819181420e+01
6.0181350281899149e+01
5.7639732672954729e+01
5.5118869428778197e+01
5.2625848532779877e+01
5.0167267038490138e+01
4.7749217066652172e+01
4.5377275396821311e+01
4.3056501138124979e+01
4.0791433541203922e+01
3.8586086068749822e+01
3.6443958349851791e+01
3.4368058017099330e+01
3.2360904214479184e+01
3.0424538918907629e+01
2.8560544148702469e+01
2.6770068670102262e+01
2.5053852420336842e+01
2.3412233736200967e+01
2.1845180356116447e+01
2.0352322768225520e+01
1.8932979818316117e+01
1.7586185072072180e+01
1.6310706546718102e+01
1.5105086938567711e+01
1.3967670927987490e+01
1.2896622335090848e+01
1.1889951561621773e+01
1.0945538052929134e+01
1.0061161809203906e+01
9.2345172144567744e+00
8.4632269476337871e+00
7.7448713798302826e+00
7.0770052496221671e+00
6.4571760150099502e+00
5.8829315062264707e+00
5.3518371882518760e+00
4.8615020607550710e+00
4.4095792869680324e+00
3.9937739686748386e+00
3.6118510549714729e+00
3.2616489981355161e+00
2.9410861054448310e+00
2.6481488221046807e+00
2.3809008722545206e+00
2.1374943429536004e+00
1.9161697002407896e+00
1.7152530823973959e+00
1.5331550109175247e+00
1.3683799968674546e+00
1.2195257878460732e+00
1.0852750208051800e+00
9.6439195748755124e-01
8.5572396264418193e-01
7.5819164639531345e-01
6.7079156863193901e-01
5.9259673717745887e-01
5.2274844685870081e-01
4.6045358319813995e-01
4.0498192601260785e-01
3.5566987616596218e-01
3.1191171529582778e-01
2.7314277525467717e-01
2.3884538797161733e-01
2.0855047382338701e-01
1.8183056819419471e-01
1.5829939495755213e-01
1.3761294205230890e-01
1.1945595760098254e-01
1.0354352451232936e-01
8.9620434801532603e-02
7.7458229120392061e-02
6.6848278367148489e-02
5.7600668029928172e-02
4.9548148890673722e-02
4.2547633300283320e-02
3.6470543875193141e-02
3.1203707677606291e-02
2.6644656262552247e-02
2.2693638085159486e-02
1.9261437067170126e-02
1.6279095954066184e-02
1.3684355495766937e-02
1.1421209485453564e-02
9.4403565787222650e-03
7.6892124431649379e-03
6.1140178619022998e-03
4.6743856836983502e-03
3.3332708587833666e-03
2.0520327306893494e-03
7.9392770619400913e-04
