-2.5633486126609200e-14
-2.5671258389018299e-14
-8.5696389780912062e-15
-1.7164307399326395e-14
1.7189260147381325e-14
0.0000000000000000e+00
-4.3097334492553611e-15
0.0000000000000000e+00
-8.6441476958208968e-15
-8.6564290371718314e-15
-4.3343353580950975e-15
-1.3021308773057079e-14
0.0000000000000000e+00
-8.7051556066197196e-15
-1.9613782048753632e-14
-2.1823191451582665e-15
-8.7412757351495561e-15
6.5649252863586189e-15
4.3825751533108504e-15
2.1942563240273888e-14
1.7577716941341288e-14
6.6004872134298479e-15
1.5421697420437098e-14
6.6180787376567596e-15
-2.2089421949746101e-15
-4.4236948524269612e-15
-4.4294837744005790e-15
7.7616893398708574e-15
9.4371177305150727e-15
3.8908802219045057e-15
6.6786329570123026e-15
5.5726270361814444e-15
2.0644885945679819e-14
3.2403109051697136e-14
2.7968795076505844e-14
6.1048142329206533e-14
7.7386353493067354e-14
5.8672969242450839e-14
1.1074436098472516e-13
1.2720219106843248e-13
1.6398610037320402e-13
2.2681153492364599e-13
3.1068761983212683e-13
4.7281021260795121e-13
6.9986696330498506e-13
1.0045564130291388e-12
1.4597964603114080e-12
2.1411155418150066e-12
3.1027683302941283e-12
4.5074654619333863e-12
6.5049679085690987e-12
9.3895583700498431e-12
1.3487691794855522e-11
1.9302338118647368e-11
2.7631945855061036e-11
3.9461952845574506e-11
5.6193097639296210e-11
7.9889612617094383e-11
1.1331497570609626e-10
1.6039634144880107e-10
2.2652585359803529e-10
3.1921933739526369e-10
4.4892004843280847e-10
6.2998778778947406e-10
8.8225534505859278e-10
1.2329326876824719e-09
1.7193713530390325e-09
2.3926965073399958e-09
3.3227184406881559e-09
4.6045348604394101e-09
6.3674983431961351e-09
8.7870404420104776e-09
1.2100488108442502e-08
1.6628507696588128e-08
2.2803005797424799e-08
3.1204699081921712e-08
4.2612477854337820e-08
5.8068690296619698e-08
7.8965285168850017e-08
1.0715668771278524e-07
1.4510789674083865e-07
1.9608830960639619e-07
2.6442414477887960e-07
3.5582725602034258e-07
4.7782200624014188e-07
6.4029754322893545e-07
8.5622186022036022e-07
1.1425614586985676e-06
1.5214637235957864e-06
2.0217731014960174e-06
2.6809703417696045e-06
3.5476467828177178e-06
4.6846540421098646e-06
6.1731018663302827e-06
8.1174223133133653e-06
1.0651765988509780e-05
1.3948061986698695e-05
1.8226148256158413e-05
2.3766471308124597e-05
3.0925966998647666e-05
4.0157868000049165e-05
5.2036344909220821e-05
6.7287082299219016e-05
8.6825118933662787e-05
1.1180155745749081e-04
1.4366107002809547e-04
1.8421250868629277e-04
2.3571537635112594e-04
3.0098543985327135e-04
3.8352337391136604e-04
4.8767103779773588e-04
6.1880080166478520e-04
7.8354428605850593e-04
9.9006795653819812e-04
1.2484042499451844e-03
1.5708483087451069e-03
1.9724319820998096e-03
2.4714885313638635e-03
3.0903234677880083e-03
3.8560091609510716e-03
4.8013233040467684e-03
5.9658540060886986e-03
7.3972972140786417e-03
9.1529753408102297e-03
1.1301609387237795e-02
1.3925380479968308e-02
1.7122320580993784e-02
2.1009076125457781e-02
2.5724092468952832e-02
3.1431271212916299e-02
3.8324156659602607e-02
4.6630711730000302e-02
5.6618747560860327e-02
6.8602074544836841e-02
8.2947445652950522e-02
1.0008236530629888e-01
1.2050383865963823e-01
1.4478813671049554e-01
1.7360165192473870e-01
2.0771291682144793e-01
2.4800585392331206e-01
2.9549431937234988e-01
3.5133799404855476e-01
4.1685966491937720e-01
4.9356392530457571e-01
5.8315730548774114e-01
6.8756982438881920e-01
8.0897792860482631e-01
9.4982875685235091e-01
1.1128656355710160e+00
1.3011546751217127e+00
1.5181122956530764e+00
1.7675334674359691e+00
2.0536204025073306e+00
2.3810113831691027e+00
2.7548093587422837e+00
3.1806098856100196e+00
3.6645279277800928e+00
4.2132229768985763e+00
4.8339218929583669e+00
5.5344388111280205e+00
6.3231914075973972e+00
7.2092127696512893e+00
8.2021580740214866e+00
9.3123052447153682e+00
1.0550548738824721e+01
1.1928385598177366e+01
1.3457892907985803e+01
1.5151695822710264e+01
1.7022925355913333e+01
1.9085165186512725e+01
2.1352386809887982e+01
2.3838872459830522e+01
2.6559125347080464e+01
2.9527766902481080e+01
3.2759420877477737e+01
3.6268584341135416e+01
4.0069485819851046e+01
4.4175931051695720e+01
4.8601137069429505e+01
5.3357555581659213e+01
5.8456686886704375e+01
6.3908885824260459e+01
6.9723161541102101e+01
7.5906973113564348e+01
8.2466023325673277e+01
8.9404053141547266e+01
9.6722639627832791e+01
1.0442100027017865e+02
1.1249580678087014e+02
1.2094101160674312e+02
1.2974769041178163e+02
1.3890390382232275e+02
1.4839458168023543e+02
1.5820143294736752e+02
1.6830288424056599e+02
1.7867404974943210e+02
1.8928673499872278e+02
2.0010947656535396e+02
2.1110761944914398e+02
2.2224343333103531e+02
2.3347626843827314e+02
2.4476275118002241e+02
2.5605701912757621e+02
2.6731099430025807e+02
2.7847469309194491e+02
2.8949657054527142e+02
3.0032389606303065e+02
3.1090315705140523e+02
3.2118048642985707e+02
3.3110210942993416e+02
3.4061480465158161e+02
3.4966637396158546e+02
3.5820611551426049e+02
3.6618529395778216e+02
3.7355760176740284e+02
3.8027960562412341e+02
3.8631117183718982e+02
3.9161586499190065e+02
3.9616131428937683e+02
3.9991954242864495e+02
4.0286725235805278e+02
4.0498606778495440e+02
4.0626272397025122e+02
4.0668920603645773e+02
4.0626283277176771e+02
4.0498628470421204e+02
4.0286757603465787e+02
3.9991997083979504e+02
3.9616184477091434e+02
3.9161649426590571e+02
3.8631189604570977e+02
3.8028042036855720e+02
3.7355850215297346e+02
3.6618627464247277e+02
3.5820717076152761e+02
3.4966749769612318e+02
3.4061599051738034e+02
3.3110335084986178e+02
3.2118177666598365e+02
3.1090448926530394e+02
3.0032526337531090e+02
2.8949796609362966e+02
2.7847611008706548e+02
2.6731242607895030e+02
2.5605845920259344e+02
2.4476419328608023e+02
2.3347770657385627e+02
2.2224486179566051e+02
2.1110903287582715e+02
2.0011086994810739e+02
1.8928810371499128e+02
1.7867538957745049e+02
1.6830419137169608e+02
1.5820270399353950e+02
1.4839581367668205e+02
1.3890509422585123e+02
1.2974883709487548e+02
1.2094211284782867e+02
1.1249686125111438e+02
1.0442200701721077e+02
9.6723598056798494e+01
8.9404962993913770e+01
8.2466884656205082e+01
7.5907786265884823e+01
6.9723927122243808e+01
6.3909604678591123e+01
5.8457360069592617e+01
5.3358184333218389e+01
4.8601722788649141e+01
4.4176475271237642e+01
4.0069990181754235e+01
3.6269050573638857e+01
3.2759850773136307e+01
2.9528162297714779e+01
2.6559488103264243e+01
2.3839204446000100e+01
2.1352689887107047e+01
1.9085441193919539e+01
1.7023176098438885e+01
1.5151923060438877e+01
1.3458098347108105e+01
1.1928570883470217e+01
1.0550715447577568e+01
9.3124548820121618e+00
8.2022920692791814e+00
7.2093324743089182e+00
6.3232980938478223e+00
5.5345336715813511e+00
4.8340060411281565e+00
4.2132974484028498e+00
3.6645936821534084e+00
3.1806678086276272e+00
2.7548602651626934e+00
2.3810560198083475e+00
2.0536594515645685e+00
1.7675675499979564e+00
1.5181419753120355e+00
1.3011804616485523e+00
1.1128879885936043e+00
9.4984808949506583e-01
8.0899461105258264e-01
6.8758418734523041e-01
5.8316964350294731e-01
4.9357449995312258e-01
4.1686870781453778e-01
3.5134570968273487e-01
2.9550088777764233e-01
2.4801143314973245e-01
2.0771764523284889e-01
1.7360565031503308e-01
1.4479151024507536e-01
1.2050667864788915e-01
1.0008475081286070e-01
8.2949444955975019e-02
6.8603746450573516e-02
5.6620142583596794e-02
4.6631873147188245e-02
3.8325121451740364e-02
3.1432070897822621e-02
2.5724753839247792e-02
2.1009621898533302e-02
1.7122769969665119e-02
1.3925749691873882e-02
1.1301912060263786e-02
9.1532229217069026e-03
7.3974992863209211e-03
5.9660185733011054e-03
4.8014570337035576e-03
3.8561175937621072e-03
3.0904111967593939e-03
2.4715593545789954e-03
1.9724890324912289e-03
1.5708941645000796e-03
1.2484410273140803e-03
9.9009738859338241e-04
7.8356778859275575e-04
6.1881952839760914e-04
4.8768592674536249e-04
3.8353518584405348e-04
3.0099479033052814e-04
2.3572276229620284e-04
1.8421833011632354e-04
1.4366564847668084e-04
1.1180515049631741e-04
8.6827932541904890e-05
6.7289280851322978e-05
5.2038059068712384e-05
4.0159201578519874e-05
3.0927002327511573e-05
2.3767273321479756e-05
1.8226768202679404e-05
1.3948540172902094e-05
1.0652133998982040e-05
8.1177049398999145e-06
6.1733183972737453e-06
4.6848196003364080e-06
3.5477731254882399e-06
2.6810664779232404e-06
2.0218461787950809e-06
1.5215191207764341e-06
1.1426033037121617e-06
8.5625345650825693e-07
6.4032129718330153e-07
4.7783981473331254e-07
3.5584063700345094e-07
2.6443412071259914e-07
1.9609575820513132e-07
1.4511347893794594e-07
1.0716079846257796e-07
7.8968359023203820e-08
5.8070941333189756e-08
4.2614126733842956e-08
3.1205928268663682e-08
2.2803921011132761e-08
1.6629159679652630e-08
1.2100967318886910e-08
8.7873576555727590e-09
6.3677518244229293e-09
4.6046906733119022e-09
3.3228113715914129e-09
2.3927683230498047e-09
1.7194275492019518e-09
1.2329565481628407e-09
8.8227533853724741e-10
6.2999935679326782e-10
4.4892467111318876e-10
3.1920317532607597e-10
2.2647972597173879e-10
1.6036639096849610e-10
1.1329656472665662e-10
7.9875819520993359e-11
5.6190801325388340e-11
3.9429840119473713e-11
2.7597577763201508e-11
1.9270297244369321e-11
1.3423682410066379e-11
9.3393224060077482e-12
6.4924232649866545e-12
4.4812658901303879e-12
3.0857013977842599e-12
2.1115672381593854e-12
1.4268772555298909e-12
9.3879538373377777e-13
6.1606412303869233e-13
4.1003278007268491e-13
2.5080964219175335e-13
1.4218036517601692e-13
6.0860820757065402e-14
-8.4426233010021540e-15
-4.1037250517182420e-14
-6.6252730819226783e-14
-1.0822874075479711e-13
-1.0249367014903483e-13
-1.2278301038586068e-13
-1.1285220738694518e-13
-1.0545630929009422e-13
-9.9192761244029709e-14
-1.1687607674771531e-13
-1.3173408751305255e-13
-1.1213516362141438e-13
-1.0644602523251461e-13
-9.0804417375211840e-14
-7.6308736204365076e-14
-4.6387786094466806e-14
-2.7575328073569827e-14
-4.2960442814074784e-14
-4.6203410494008932e-14
-5.0535936206356210e-14
-4.6079382804575161e-14
-1.9721588189898830e-14
-2.1883084287862063e-14
-2.1853189337873890e-14
-6.5469574354748003e-15
-2.3972400281809989e-14
-3.9173200229788735e-14
-3.0425619761924438e-14
-1.7361745030742774e-14
-3.4674682864760780e-14
-2.5969287111515493e-14
-2.1610369239552241e-14
-3.4527307640469900e-14
-3.4477867594042889e-14
-4.3035339399562225e-14
-4.2973150368453320e-14
-5.1492922197979179e-14
-5.1417833868547244e-14
-5.1342516778036598e-14
-6.8355963004291201e-14
-5.9723068560642486e-14
-5.9634407257162965e-14
-6.8051983171410665e-14
-5.0962546434520314e-14
-5.0885884727415899e-14
-6.7745338131597746e-14
-6.7642539189509791e-14
-6.7539451271673396e-14
-6.7436076175782532e-14
-6.7332415702457200e-14
-6.7228471655191503e-14
-6.7124245840301712e-14
-6.7019740066874412e-14
-6.6914956146714528e-14
-1.0021484384144017e-13
-8.3380701408371140e-14
-8.3248692079466586e-14
-8.3116344158851727e-14
-9.9580391912758038e-14
-8.2850641668586665e-14
-9.9260750003328162e-14
-1.3213377955113712e-13
-9.8939526733276557e-14
-9.8778328967296226e-14
-1.3148899216377220e-13
-1.3127303328058034e-13
-9.8292424243739234e-14
-1.3083959298580365e-13
-9.7966589216796647e-14
-1.3040414726456433e-13
-1.3018568161245148e-13
-1.2996672570309976e-13
-1.2974728324368337e-13
-1.6190919743092200e-13
-1.2930695352005552e-13
-1.2908607368658473e-13
-1.6108090270540511e-13
-1.2864290267622047e-13
-1.6052577368508237e-13
-1.2819787470839426e-13
-6.3987336844189338e-14
-6.3875509810864213e-14
-7.9704322652866557e-14
-7.9563979559641656e-14
-9.5308032386213413e-14
-6.3425973822994223e-14
-6.3313042216695123e-14
-7.8999869139956328e-14
-7.8858168728875612e-14
-6.2972963105256599e-14
-7.8573976942995507e-14
-6.2745192207239937e-14
-7.8288746176516764e-14
-6.2516597634398503e-14
-6.2401996165481824e-14
-7.7858993017130267e-14
-7.7715242823512883e-14
-4.6542748185748597e-14
-4.6456204695651543e-14
-3.8641263862109960e-14
-5.3996466315554146e-14
-3.8496427035986484e-14
-3.8423832612808722e-14
