-6.9357146557346060e-14
-1.2085454320054799e-13
-1.8817566251765840e-13
-2.4747712446129724e-13
-3.2025429220444991e-13
-3.6180728267907300e-13
-4.3206381383606043e-13
-4.7945986711905447e-13
-5.0757068985012344e-13
-5.5549490326585607e-13
-6.4200449601982920e-13
-7.0780073817793348e-13
-7.9383589678965806e-13
-8.7898153760838392e-13
-9.6772437360356963e-13
-1.0552545238580111e-12
-1.1256121607713861e-12
-1.1847261262751489e-12
-1.2746370299181851e-12
-1.3707278426601816e-12
-1.4837355219435934e-12
-1.5788381711439632e-12
-1.6904928500089205e-12
-1.7683048287737014e-12
-1.8423398293040177e-12
-1.9100520190500433e-12
-1.9871545867622045e-12
-2.0271043785398813e-12
-2.0731583714503308e-12
-2.0885696107152908e-12
-2.1097731698718567e-12
-2.1216486654263994e-12
-2.0562204706399772e-12
-1.9973150716689835e-12
-1.9320673521178295e-12
-1.8348079510195679e-12
-1.7514611558877393e-12
-1.6363520921558436e-12
-1.5144892775302554e-12
-1.3310986434225999e-12
-1.1125603708607152e-12
-8.9823114164043171e-13
-6.7941801343416107e-13
-4.4486557899202606e-13
-2.4980787164288416e-13
-3.6920553245066093e-14
1.4812954142069520e-13
3.5335225433304704e-13
5.1916287471862674e-13
7.7193482492966216e-13
9.8323322376552693e-13
1.2899523553195286e-12
1.5258028556616135e-12
1.7951180504820371e-12
2.0551549043735226e-12
2.4036678750010719e-12
2.7488937960093881e-12
3.1284115721357826e-12
3.4513023861595306e-12
3.8715313636272591e-12
4.2240124628885642e-12
4.6155255828276720e-12
4.9636529453770300e-12
5.3733150045050154e-12
5.7552840036805591e-12
6.1921820580202062e-12
6.6416502293388016e-12
7.1595829698290486e-12
7.6356134562101473e-12
8.1092548280765872e-12
8.5754435673430412e-12
9.1107768175754545e-12
9.6259253408026790e-12
1.0150735816171186e-11
1.0732469417658455e-11
1.1380356761123986e-11
1.1950411972703840e-11
1.2521406060532319e-11
1.3049594864999702e-11
1.3617230502619325e-11
1.4119349664087706e-11
1.4670604396174431e-11
1.5207129741460114e-11
1.5818745879154376e-11
1.6388237935069871e-11
1.6936795941401682e-11
1.7467353379337945e-11
1.8033179660510250e-11
1.8553181493080009e-11
1.9096114667009805e-11
1.9627323755358194e-11
2.0195815862894058e-11
2.0699357607554053e-11
2.1178592167841958e-11
2.1635839926788327e-11
2.2104188049668752e-11
2.2517671339973006e-11
2.2945370766501582e-11
2.3359837615693100e-11
2.3804558961266918e-11
2.4183757649510332e-11
2.4512979603961793e-11
2.4816036653383608e-11
2.5132690049947191e-11
2.5326151986005784e-11
2.5549671407630411e-11
2.5744927341766586e-11
2.5921945091327662e-11
2.6042636153045950e-11
2.6117072504334096e-11
2.6142563998354331e-11
2.6159800047009570e-11
2.6065704059947875e-11
2.5950188888899434e-11
2.5810023662410422e-11
2.5638011664018975e-11
2.5402993228313491e-11
2.5141710792949302e-11
2.4841349496499073e-11
2.4542961667468257e-11
2.4140324646043481e-11
2.3739876875832759e-11
2.3328563097673780e-11
2.2874141338001518e-11
2.2384507506634495e-11
2.1853529382533877e-11
2.1311447169746758e-11
2.0779649119744678e-11
2.0203437191451811e-11
1.9636163445508102e-11
1.9067227373097224e-11
1.8470812016602170e-11
1.7875097510268518e-11
1.7257427028557103e-11
1.6667823880941358e-11
1.6079854233532856e-11
1.5468603904459283e-11
1.4901454295718133e-11
1.4359575306386999e-11
1.3760316200495941e-11
1.3233169168191966e-11
1.2706936196141103e-11
1.2226866063162985e-11
1.1748034118865184e-11
1.1293550950969916e-11
1.0807723112768203e-11
1.0362102496190060e-11
9.8676739738798936e-12
9.3989510198144959e-12
8.9482036840215418e-12
8.5235276141340634e-12
8.0901626560357736e-12
7.6748180600739244e-12
7.2800432573288223e-12
6.9185125083951106e-12
6.4947602612038769e-12
6.1217516237797313e-12
5.7368321610535131e-12
5.4029627270484100e-12
5.0784527471208892e-12
4.7461270344335393e-12
4.4214864681754218e-12
4.1458248255727444e-12
3.8027787318233965e-12
3.5026358210811459e-12
3.2342939387540912e-12
2.9869198975340719e-12
2.7159022319582573e-12
2.4800555662785567e-12
2.2399915376147948e-12
2.0186115363401657e-12
1.7419652660188031e-12
1.5252155637642748e-12
1.2978979124158168e-12
1.1137354139139651e-12
9.2134730541791625e-13
8.3153027555878045e-13
6.8668136639746324e-13
5.8554106902709022e-13
4.2362551176046395e-13
3.4701179649412607e-13
2.4705585849668140e-13
1.9459418677488269e-13
6.0213251089188025e-14
7.6954493365565876e-15
-6.7346495646417621e-14
-4.2873697459805635e-14
-9.1472837450579945e-14
-5.1676510719392158e-14
-2.9676492106871026e-14
6.2476604030241376e-14
1.1673751348057371e-13
2.1425219288051360e-13
2.6727712004670487e-13
3.3282364471842516e-13
3.5321081261146585e-13
4.3102991763365815e-13
5.0643232838957221e-13
6.0273120443275971e-13
6.1200426254435186e-13
6.5783419930220311e-13
6.8491779491975295e-13
6.8369665159399823e-13
6.6338195446374907e-13
6.7882145683226908e-13
6.9517576945448995e-13
7.2551790740177118e-13
7.2430711668884607e-13
7.5696245979228863e-13
7.6773150258171214e-13
7.9214385404789213e-13
8.0637862152216764e-13
8.6362653058240198e-13
9.1415756847572563e-13
9.8215213421668107e-13
1.0002754948938315e-12
1.0506376378819413e-12
1.0600932907398890e-12
1.0578609484456033e-12
1.0502808317294349e-12
1.0700495609068758e-12
1.1010053722647919e-12
1.1100574450219323e-12
1.0947678315911265e-12
1.0708589378193082e-12
1.0328008936646993e-12
9.4972670987969796e-13
8.7202343926020866e-13
8.3172562821637784e-13
7.7707555095766160e-13
7.1232161419507650e-13
5.9390587050280044e-13
5.1917789872473651e-13
4.1071902329654364e-13
2.9362141159296669e-13
2.2295425718552293e-13
1.7584249321722393e-13
1.6053270397962933e-13
1.6108271149201861e-13
1.4327450321432950e-13
1.5853615915981988e-13
1.5152731785092024e-13
1.5376383939914473e-13
1.3826763901530592e-13
1.5644699630935489e-13
1.7856434776615982e-13
1.9011286468602891e-13
1.8155410398515380e-13
1.8950927263010859e-13
1.7492434895630306e-13
1.2836382484599285e-13
9.3729590627693801e-14
6.6501834114671881e-14
5.4708625644435319e-14
2.8362064734741361e-14
-3.3654289886916636e-14
