-1.8756221536237123e-12
2.2127264717311119e-12
-2.9074281074337472e-13
1.2242506880992976e-12
1.0545304271091135e-12
1.9660562278212922e-12
-1.0092889770703853e-12
1.3176766110661809e-12
7.1974845420520251e-13
-1.7493122622749473e-12
9.2143283611747612e-13
1.3603192261218400e-12
1.4704852746309577e-12
1.0251062654248074e-12
1.2553155720276442e-12
3.5784442362008129e-13
-1.1073800386539738e-12
1.9620962759322513e-12
-1.6361201285248930e-12
-4.7065021101779558e-13
4.9666543053045044e-13
2.1037119764698067e-12
-1.7644707575256746e-12
1.2889826542964778e-12
-1.1136498951545084e-12
-5.9744436231759044e-13
3.3277685349167777e-13
-5.0291375342882991e-13
-1.1323844259459909e-12
1.5473713462033315e-12
4.2414552600681198e-12
1.0077202145645766e-12
4.3814982118184870e-13
-9.4966242370847519e-14
1.2572564257905223e-13
1.1326362727476090e-12
-1.2554072480070733e-12
-9.3074786771022047e-13
-1.6621796131339991e-12
1.5475935708522744e-13
-4.2645674648033349e-12
6.1582670965957349e-13
1.7503213905633874e-12
-1.2397930646076922e-12
6.9243923706707535e-13
-1.4055735478390786e-12
-6.6448480763917831e-13
-2.1274973059589195e-12
1.9375908666201411e-12
-1.2045391617167011e-12
1.8554372193366069e-13
1.5809554796862694e-12
2.3922509920167698e-12
-4.6057191011916278e-13
-1.4310599217492775e-13
2.6799931814403038e-12
-9.8699938745182681e-13
1.0014405281744960e-12
-9.8156726070008721e-14
-7.0245665592529173e-13
2.1221608143142122e-12
-9.9948789938958858e-13
-2.3563752878057767e-12
7.7393655107472255e-13
3.0486710358788807e-12
-1.4356483568806597e-12
1.1398494298331742e-12
3.8681382211762032e-12
1.2914287328639455e-12
4.7477957860944796e-12
9.2246677413395672e-12
8.5545405130410205e-12
1.3971955378637761e-11
2.0786505842972216e-11
2.7243114207754446e-11
3.9455021836894970e-11
5.8216252596461730e-11
7.6914087018068852e-11
1.1247643342656528e-10
1.5932559367966111e-10
2.1901415961223505e-10
3.0610962388642358e-10
4.2391607201008305e-10
5.8372218841643051e-10
7.9248364298684737e-10
1.0830385912923185e-09
1.4611149600692103e-09
1.9641178832102541e-09
2.6277258702942703e-09
3.4923796549717953e-09
4.6059997412104598e-09
6.0324874246714117e-09
7.8386547418309015e-09
1.0103834035467047e-08
1.2897028385286371e-08
1.6284844186990355e-08
2.0316671938026511e-08
2.4991583311870810e-08
3.0225119673316438e-08
3.5800955071276605e-08
4.1284107534281237e-08
4.5915899476698929e-08
4.8427373587018672e-08
4.6838717426643050e-08
3.8113415087319834e-08
1.7716206839279301e-08
-2.0984105408714799e-08
-8.7538988615854809e-08
-1.9554070172833948e-07
-3.6406536238625794e-07
-6.1965997752528817e-07
-9.9888232251403265e-07
-1.5516590892077844e-06
-2.3456194830721902e-06
-3.4717221334627141e-06
-5.0513873638509772e-06
-7.2456475544491850e-06
-1.0266675010949460e-05
-1.4392283336539224e-05
-1.9984002577414302e-05
-2.7509551996843678e-05
-3.7570459988591997e-05
-5.0935915117507880e-05
-6.8583890500780351e-05
-9.1750741995690903e-05
-1.2199058793345560e-04
-1.6124588186555572e-04
-2.1193044133172552e-04
-2.7702643830257234e-04
-3.6019638120774047e-04
-4.6591116005819880e-04
-5.9959454981166403e-04
-7.6778417964196469e-04
-9.7830779631698445e-04
-1.2404726186665558e-03
-1.5652639188118219e-03
-1.9655467070036005e-03
-2.4562617673384479e-03
-3.0546040361732968e-03
-3.7801667961123958e-03
-4.6550304139445671e-03
-5.7037681160328341e-03
-6.9533340148714446e-03
-8.4327903783366492e-03
-1.0172821217514711e-02
-1.2204968429845583e-02
-1.4560514104107445e-02
-1.7268919176999891e-02
-2.0355713386975248e-02
-2.3839715701609733e-02
-2.7729447560497306e-02
-3.2018584179313234e-02
-3.6680271941880539e-02
-4.1660123793556804e-02
-4.6867689674861268e-02
-5.2166186591917470e-02
-5.7360264497775718e-02
-6.2181580107035977e-02
-6.6271953434649755e-02
-6.9163892350272635e-02
-7.0258290658384126e-02
-6.8799136748430467e-02
-6.3845115105494787e-02
-5.4238043015279229e-02
-3.8568161887457500e-02
-1.5136398141804955e-02
1.8086176120766566e-02
6.3501317056458159e-02
1.2392849533838879e-01
2.0265099582881557e-01
3.0346233574693915e-01
4.3071189336007631e-01
5.8934841237421165e-01
7.8495981075958321e-01
1.0238074826104933e+00
1.3128530442072930e+00
1.6597752496465088e+00
2.0729745961286348e+00
2.5615629650668885e+00
3.1353355146130775e+00
3.8047219638171588e+00
4.5807144017723624e+00
5.4747688296357291e+00
6.4986778116333159e+00
7.6644118850215133e+00
8.9839277686109700e+00
1.0468941922378329e+01
1.2130668652931476e+01
1.3979522732281168e+01
1.6024787398606765e+01
1.8274249630354202e+01
2.0733805717606860e+01
2.3407041378977020e+01
2.6294791965915987e+01
2.9394689629853296e+01
3.2700705667133420e+01
3.6202697562162349e+01
3.9885971477283071e+01
4.3730872040657182e+01
4.7712412211396796e+01
5.1799956703658296e+01
5.5956972878564272e+01
6.0140863117269681e+01
6.4302892427717083e+01
6.8388224375600771e+01
7.2336077338897837e+01
7.6080011548822370e+01
7.9548355392906373e+01
8.2664777027837971e+01
8.5349004504765887e+01
8.7517694387887559e+01
8.9085445304259608e+01
8.9965949070032678e+01
9.0073268082540096e+01
8.9323223646891151e+01
8.7634875931188446e+01
8.4932072433370749e+01
8.1145038318828085e+01
7.6211978874406910e+01
7.0080661743334190e+01
6.2709944669518826e+01
5.4071213291445780e+01
4.4149693170935429e+01
3.2945600786720348e+01
2.0475099709853424e+01
6.7710306234068121e+00
-8.1166127590722805e+00
-2.4120485525660516e+01
-4.1155989668925876e+01
-5.9121681119747819e+01
-7.7899991909105410e+01
-9.7358266741918669e+01
-1.1735010607750540e+02
-1.3771700053428702e+02
-1.5829023427114191e+02
-1.7889302814701631e+02
-1.9934288712490627e+02
-2.1945411075698698e+02
-2.3904042083961997e+02
-2.5791765661455355e+02
-2.7590648534035233e+02
-2.9283507476150083e+02
-3.0854167401794297e+02
-3.2287705088579429e+02
-3.3570673589988206e+02
-3.4691302782136233e+02
-3.5639671998164596e+02
-3.6407851312435110e+02
-3.6990008731750987e+02
-3.7382481312857470e+02
-3.7583809033695326e+02
-3.7594731078078075e+02
-3.7418145026869189e+02
-3.7059030260810152e+02
-3.6524337649116842e+02
-3.5822848303727977e+02
-3.4965004803621810e+02
-3.3962718821748365e+02
-3.2829159506643259e+02
-3.1578527273188888e+02
-3.0225817837184542e+02
-2.8786581385212202e+02
-2.7276681707068110e+02
-2.5712059938688367e+02
-2.4108507278013329e+02
-2.2481450656385616e+02
-2.0845754887951534e+02
-1.9215544294906130e+02
-1.7604046234285349e+02
-1.6023458349908327e+02
-1.4484840758600137e+02
-1.2998033769953688e+02
-1.1571601149604639e+02
-1.0212798381777280e+02
-8.9275648802287549e+01
-7.7205386482373044e+01
-6.5950915059388464e+01
-5.5533826928597939e+01
-4.5964284180546571e+01
-3.7241847707050162e+01
-2.9356413188772276e+01
-2.2289227099195255e+01
-1.6013956374806057e+01
-1.0497786505660304e+01
-5.7025244163143585e+00
-1.5856845469825700e+00
1.8984610822544341e+00
4.7978854281627950e+00
7.1618754440923773e+00
9.0401785807415553e+00
1.0482234980696520e+01
1.1536500864457594e+01
1.2249866043403436e+01
1.2667166137227964e+01
1.2830787959278597e+01
1.2780364692902642e+01
1.2552555932201329e+01
1.2180906409779475e+01
1.1695776280184683e+01
1.1124335160336566e+01
1.0490611730802385e+01
9.8155905509059362e+00
9.1173478100547047e+00
8.4112179966710894e+00
7.7099838839531563e+00
7.0240827757011317e+00
6.3618225950003220e+00
5.7296021029510227e+00
5.1321302772311030e+00
4.5726406350301962e+00
4.0530970311850778e+00
3.5743881809249416e+00
3.1365088331593376e+00
2.7387261427674390e+00
2.3797303510245977e+00
2.0577693767680998e+00
1.7707673443622578e+00
1.5164274286263677e+00
1.2923196826796961e+00
1.0959547364301763e+00
9.2484441549948870e-01
7.7655043886214470e-01
6.4872241428724209e-01
5.3912637083294856e-01
4.4566505361489517e-01
3.6639116394738924e-01
2.9951466484947276e-01
2.4340519220299026e-01
1.9659052171702043e-01
1.5775194506467971e-01
1.2571730937947551e-01
9.9452375442485377e-02
7.8051054529652678e-02
6.0724993338160324e-02
4.6792892636413404e-02
3.5669868849235190e-02
2.6857099611336852e-02
1.9931934366564194e-02
1.4538599081721282e-02
1.0379580615414169e-02
7.2077394580459244e-03
4.8191701174044596e-03
3.0468049421902171e-03
1.7547390560746876e-03
8.3324084842073987e-04
1.9440333040666980e-04
-2.3161440761420503e-04
-4.9980921604637159e-04
-6.5307408934932581e-04
-7.2451015151510953e-04
-7.3936218415078102e-04
-7.1662618526809779e-04
-6.7037392028757514e-04
-6.1083545623551074e-04
-5.4527648220808068e-04
-4.7870316297511873e-04
-4.1442325552870001e-04
-3.5448847512791539e-04
-3.0003959923140900e-04
-2.5157261216949010e-04
-2.0914137755107562e-04
-1.7250970190641268e-04
-1.4126355241646585e-04
-1.1489215326339222e-04
-9.2845167913419236e-05
-7.4571603204576879e-05
-5.9545172309624190e-05
-4.7279533744311321e-05
-3.7336382538247609e-05
-2.9328460821434832e-05
-2.2919140133863103e-05
-1.7819823136726132e-05
-1.3786038172906101e-05
-1.0612887615701697e-05
-8.1302741062807336e-06
-6.1982199235965388e-06
-4.7024579903098503e-06
-3.5504062768178580e-06
-2.6675859597837313e-06
-1.9945000785723251e-06
-1.4838908809176523e-06
-1.0984811443844563e-06
-8.0904453612367919e-07
-5.9277826477056312e-07
-4.3201106727723957e-07
-3.1312492661075053e-07
-2.2566480748985929e-07
-1.6167792290896957e-07
-1.1512287059724878e-07
-8.1441814035290075e-08
-5.7216365321878775e-08
-3.9903902618188772e-08
-2.7609004304246523e-08
-1.8932129863007157e-08
-1.2858450540568859e-08
-8.6443291044267267e-09
-5.7346915252238544e-09
-3.7540379500441737e-09
-2.4125054750899077e-09
-1.5187264453550509e-09
-9.2870267187599601e-10
-5.4865827059118815e-10
-3.0398043400436756e-10
-1.5444826730133989e-10
-6.6559731835391990e-11
-1.3778130689859790e-11
1.7662046995466946e-11
2.8116720438824561e-11
2.9109361498442303e-11
3.1643824293576995e-11
2.7552640032310137e-11
2.4382750766722048e-11
2.2302165358744008e-11
1.4334333111969813e-11
1.0461655210184538e-11
9.7268914591995251e-12
4.9080278793146480e-12
3.3120937954432798e-12
5.2287311251879537e-12
3.3668297188204789e-12
-4.2809168894077587e-13
2.7273956433601196e-12
2.4370927587119434e-12
3.7566841650847892e-13
2.0704305282299299e-12
-5.7964121935263262e-14
2.2398022829251204e-12
-6.2661620955345406e-13
2.1479082586836569e-12
-2.0835745186875529e-12
2.0272211230699475e-12
4.8013680151332247e-13
8.9071395409095148e-13
1.1947115352487901e-12
2.8133720130044918e-12
1.5354081097309125e-12
-5.1730381314846206e-14
4.0156951813897798e-13
5.2681557153134726e-14
-1.8210036357855766e-12
3.4218205691187438e-12
1.3507441644816965e-12
1.7390354728985418e-12
4.5042320117404641e-13
2.1316662526003006e-12
7.9461333351134417e-13
-1.4080839639140001e-12
6.6763493542681142e-13
-2.6593367452105382e-12
1.8429772173246334e-12
-7.3137994239297661e-13
-5.4345631370631164e-13
-2.2098288904850273e-12
2.9883454624674133e-13
-1.2591430442311119e-12
5.7992036266683171e-13
-7.0383579951207507e-13
7.7625126028139868e-13
-2.6506700577068435e-12
-9.7079686819841563e-14
-2.1084215128953549e-12
-1.1416371728368552e-12
1.6890201181452757e-12
3.1922957837504703e-12
-1.9828420623071544e-13
2.8173739129814556e-13
-1.4853575317962446e-12
8.2622151376232412e-13
-2.4528370920229919e-12
1.3415957276494674e-12
-2.1290202751255686e-12
7.9703575458358981e-13
1.9513773454004559e-12
4.3561075530573211e-13
-2.0726559993616745e-12
2.2018664955901662e-12
-8.0684325115891294e-13
4.2870800379631604e-13
6.9148683052584367e-13
-4.8671152162429038e-13
-2.0354152871348845e-12
1.4575540992753204e-12
2.5806058066073457e-12
-2.1895484690711091e-12
-6.6179121698486074e-13
2.1571869436403066e-12
-2.2164035370640352e-12
4.3938365842021763e-15
-6.9259706627450321e-13
6.7136269985979543e-13
6.7574733190265822e-13
1.5158846471003192e-12
6.2187227702177992e-13
1.2149916039761782e-12
-6.0966832781177445e-14
-1.5280118504260729e-12
-1.4856297183017152e-12
-6.8209067390872841e-13
5.1945725398840856e-13
-1.1819466095913477e-12
-3.1297565333735924e-12
3.4565493791218017e-12
-3.1931753996860039e-12
1.7719561500963922e-12
1.0184539599555814e-12
-1.3466375277225099e-12
-7.8814268739508130e-13
3.6774598395050186e-12
-1.1415982892420655e-12
-1.3544386574715512e-12
8.4208780677025717e-13
5.8598150969248767e-13
