8.5640292591106767e-15
3.2508479975635356e-15
1.3449143394021523e-14
2.4311961614577275e-14
2.7014157209904492e-14
2.3397323774274614e-14
2.9174597306443661e-14
3.4225541502441525e-14
1.7586620219076093e-14
3.0812685467689970e-14
1.5426554797885255e-14
4.5423591463784933e-14
3.3313905681937495e-14
2.1149207425047742e-14
3.1342385470463046e-14
3.0227531240862651e-14
3.2316692811571893e-14
2.5722242707619806e-14
3.4940731196917966e-14
3.5023831850713056e-14
2.8093318078584754e-14
3.2812239682558170e-14
4.7673809157134008e-14
7.1509945349309130e-14
4.0040538121955400e-14
5.7280693367523396e-14
6.6943190173499161e-14
7.4234340782470164e-14
7.8610398522419951e-14
6.6719705287161867e-14
8.8122972609103135e-14
8.5569746094005642e-14
6.6716380027687175e-14
5.6151334649442569e-14
7.9412130272570118e-14
6.3076428412734102e-14
7.4546544450329969e-14
5.8748596567356275e-14
5.9696978691606803e-14
6.1504954441468418e-14
2.2983228339658672e-14
1.6410194673380327e-14
1.5104863602520239e-14
3.3618421367905333e-14
2.7538243696875567e-14
5.5211970976591038e-15
3.2214232638788402e-14
2.2486585619507461e-14
5.2575063896888894e-15
-2.5930845560304260e-16
3.5350581405062434e-15
1.1582850272793018e-14
1.5809354371351589e-14
-1.0450968585712350e-14
7.5040406513629775e-15
6.8525695986811919e-15
-1.2313656209317501e-14
-3.9614981736382530e-15
3.9529840185468475e-14
1.3466653754942374e-14
4.2867211636945191e-14
2.1546924863724000e-14
1.8327629262972845e-14
2.9205045984625554e-14
2.9587616339398257e-14
2.9924254778499386e-14
4.0038337642685114e-14
2.0649893981200743e-14
3.8080445183421945e-14
2.4682705291406349e-14
3.7513825104710659e-14
4.8600172113035188e-14
2.9207145863095120e-14
4.4115918810571192e-14
6.7644480009190473e-14
5.7261236621268345e-14
6.9591612874936949e-14
6.0062177283120164e-14
3.6030203302579231e-14
7.0715477071110687e-14
4.2975593609531442e-14
3.6878527527810477e-14
3.4969996322550812e-14
3.6626628341386132e-14
3.4621940531920862e-14
2.7758706801228773e-14
3.7089677975786310e-14
3.5983447045009437e-14
4.0728038330505551e-14
3.5676872478268154e-14
4.9832485196708280e-14
5.4678833312179393e-14
4.9055046578003418e-14
2.2384508785545895e-14
3.4688825209806575e-14
5.3896329389697275e-14
-2.0889421478714793e-15
2.2458363503049258e-14
-4.8322369921811027e-16
-2.3368213655803871e-14
-2.2249299382723791e-14
-1.4041951770727139e-14
5.8019729972993151e-15
1.3792397362854553e-14
1.1125699551381960e-14
2.4707536012901358e-14
6.5731452675961346e-14
5.5409731726557622e-14
4.2455384983080070e-14
4.7506505881055757e-14
4.0837191168572640e-14
2.5423251175994589e-14
-2.7213430856050053e-14
-3.8037699355050433e-14
-4.7261653082758531e-14
-6.0564635455096861e-14
-7.1233319018767687e-14
-9.4671585920394425e-14
-8.5696951827781021e-14
-9.9915392334257709e-14
-9.7932565454037506e-14
-8.2121061390072898e-14
-7.2353561943884088e-14
-6.3724705489610216e-14
-8.4822999983260815e-14
-8.2517335817131047e-14
-8.4386121286626518e-14
-9.9583382596931161e-14
-9.9002764508368185e-14
-9.6592069147646711e-14
-1.1683109227220886e-13
-1.1432333990181430e-13
-1.4076436916455683e-13
-1.3275281460461274e-13
-1.4837824844587941e-13
-1.6732165388536120e-13
-1.6427695850251592e-13
-1.6658623183875185e-13
-1.8665121101426915e-13
-2.2167914428027511e-13
-2.4790656378480782e-13
-2.6432954167168315e-13
-3.0721181975877336e-13
-3.4321672479979024e-13
-3.8057188950553256e-13
-4.2776652708702729e-13
-4.6457346007659283e-13
-4.8454364159635607e-13
-5.3467926388758839e-13
-5.6184551041125537e-13
-5.8508027117104741e-13
-6.4288174529160564e-13
-6.4390045198162341e-13
-6.8939505146677403e-13
-7.5338204803770659e-13
-8.0025396146502763e-13
-8.7526487158134981e-13
-8.9401372142098646e-13
-9.8490436791566927e-13
-1.0529260682514552e-12
-1.1192560145778267e-12
-1.1813306366539975e-12
-1.2754839476479321e-12
-1.3291184758986435e-12
-1.4564792352516904e-12
-1.5095603457814799e-12
-1.6138612772611005e-12
-1.7372297118311961e-12
-1.8454401172266218e-12
-1.9632105353306740e-12
-2.1301352755050997e-12
-2.2852756180191898e-12
-2.4976551585255621e-12
-2.6877248763459882e-12
-2.9642064040450839e-12
-3.2209679786084775e-12
-3.5461253036853470e-12
-3.8835803366743684e-12
-4.2460287065553481e-12
-4.6140296080016578e-12
-5.0565461238761310e-12
-5.4800545888925429e-12
-5.9631012506742069e-12
-6.4943198992957947e-12
-7.0660497521389966e-12
-7.6581282675613494e-12
-8.3651993672477017e-12
-9.0631026420222630e-12
-9.8288729785732890e-12
-1.0652657450505113e-11
-1.1565005885369858e-11
-1.2505073766485796e-11
-1.3546362185102540e-11
-1.4615789924757551e-11
-1.5763460500061945e-11
-1.6920190407553414e-11
-1.8151970023927456e-11
-1.9397674351192577e-11
-2.0737862901801397e-11
-2.2095925139692042e-11
-2.3524213063260727e-11
-2.4977929000014816e-11
-2.6493171814557338e-11
-2.8027669653565768e-11
-2.9626012923619400e-11
-3.1212531099751664e-11
-3.2858823119321368e-11
-3.4499618883062340e-11
-3.6173348211881613e-11
-3.7840612119959348e-11
-3.9511185401089229e-11
-4.1136280372618542e-11
-4.2758009510719072e-11
-4.4332958959225365e-11
-4.5847201471503413e-11
-4.7319919417467990e-11
-4.8762992375108375e-11
-5.0091224360984315e-11
-5.1402206885138630e-11
-5.2624089885560102e-11
-5.3728479372869070e-11
-5.4721834327238665e-11
-5.5621567776453003e-11
-5.6417372281794319e-11
-5.7144465702585384e-11
-5.7734815319910775e-11
-5.8232954702291463e-11
-5.8600549439066303e-11
-5.8844924520587811e-11
-5.8971722908271070e-11
-5.8924264681683828e-11
-5.8797594834694050e-11
-5.8516906446964232e-11
-5.8157492877112836e-11
-5.7671190448015264e-11
-5.7075446010621289e-11
-5.6334844263205716e-11
-5.5487347394934036e-11
-5.4518671265408930e-11
-5.3481118706977852e-11
-5.2341317161342465e-11
-5.1150738996748520e-11
-4.9866273562388181e-11
-4.8533253972515984e-11
-4.7095062727600006e-11
-4.5658780450068287e-11
-4.4159060614215525e-11
-4.2665509880915265e-11
-4.1103534876170407e-11
-3.9538394396987464e-11
-3.7990682059656455e-11
-3.6420149664455527e-11
-3.4839096350655408e-11
-3.3257114081183885e-11
-3.1639765651632020e-11
-3.0117217976503849e-11
-2.8557878877097065e-11
-2.7053704367455896e-11
-2.5564450254422937e-11
-2.4160299342758270e-11
-2.2736086644851277e-11
-2.1405082376817945e-11
-2.0083705709114083e-11
-1.8838953951331737e-11
-1.7614878723254044e-11
-1.6466976244938685e-11
-1.5342682331218562e-11
-1.4271693052528277e-11
-1.3244818569045172e-11
-1.2278562268052972e-11
-1.1327129930044161e-11
-1.0474266078548217e-11
-9.6181895888930404e-12
-8.8525348628029674e-12
-8.1092536969700121e-12
-7.4568028481892583e-12
-6.8127130486930612e-12
-6.2456756203743042e-12
-5.7174413063662496e-12
-5.2293463949668807e-12
-4.7641750547695626e-12
-4.3739802534374343e-12
-3.9726856401432460e-12
-3.6241958156008027e-12
-3.2892050369132949e-12
-3.0125166281481402e-12
-2.6987811822191818e-12
-2.4618293725832192e-12
-2.2233146381072725e-12
-2.0254259577701872e-12
-1.8099843300346316e-12
-1.6585360170477869e-12
-1.4763975361439374e-12
-1.3543381045617433e-12
-1.1940292713228699e-12
-1.0725780483923985e-12
-9.0636386164445563e-13
-7.8439344404666080e-13
-6.7655015332309468e-13
-5.8671772796097777e-13
-4.7440815998867365e-13
-4.0921995224411618e-13
-3.3056870322590658e-13
-3.0149867965369548e-13
-2.4108090858952510e-13
-2.0746745505832899e-13
-1.7367308049699351e-13
-1.7475608765275585e-13
-1.5042215741607375e-13
-1.3429306162346048e-13
-1.1493181832747639e-13
-1.1065677341554613e-13
-1.1636350599028935e-13
-1.3191598953659254e-13
-1.1982013441519226e-13
-1.4263091286497859e-13
-1.2112387726185933e-13
-1.0452217928969117e-13
-9.8099178841016491e-14
-7.6772481015049143e-14
-4.8301571034578703e-14
-5.8313909033290842e-14
-4.0764906837172844e-14
-5.4239729650347302e-14
-5.6647483843874306e-14
-3.6204853383760014e-14
-3.6579446839610075e-14
-3.1913861159883184e-14
-2.4620029092269063e-14
-4.3507416418575359e-14
-4.6583524420221766e-14
-5.0513029764733356e-14
-3.7781752323773347e-14
-6.5334155933929456e-15
9.7401162588277125e-15
1.1165447383363774e-14
4.4151096559534135e-14
6.5163953032136021e-14
7.6785592779311579e-14
5.1088312713529600e-14
6.2608459875595194e-14
1.1005182860772021e-13
1.1943053914511341e-13
1.0457237856164819e-13
1.0926627848133350e-13
1.1761784162074247e-13
1.0464069154588562e-13
8.2270659836413997e-14
9.0047171749511567e-14
1.3083599922565688e-13
1.1599233950603320e-13
1.2158619866489875e-13
1.6001217929299320e-13
1.4389347872446034e-13
1.4785874021786724e-13
1.5191037206773272e-13
1.2598480274450510e-13
1.4748173999891703e-13
1.1325280723337894e-13
9.4191041500469965e-14
5.1220911226365046e-14
2.4335326736781857e-14
-2.9101919186286043e-14
-5.2635700891222885e-14
-5.1957762137948175e-14
-4.6999734120991521e-14
-5.3504631746240118e-14
-4.1855588174120102e-14
1.3459572167383967e-14
2.9554835293576206e-14
3.3895988381548281e-14
2.1012886613598805e-14
2.3984552250150624e-14
6.7647374331988818e-14
4.9814542664019427e-14
4.9370857988120069e-14
6.4504544392748556e-14
4.0064272018030933e-14
3.6239324820411518e-14
4.4493401614040160e-14
1.1203808626597688e-14
3.9731919361353206e-14
5.1354287992731729e-15
3.8764895883952156e-15
-1.1383849541493570e-15
1.0458425868840232e-14
6.3965810003223007e-16
2.1544331158775248e-14
-3.2966530211117345e-15
4.3135487522958813e-15
-1.0272305010339740e-14
-2.7916563509087030e-14
-6.5754360183531165e-15
-1.7811058655100193e-14
-1.8063347465439064e-14
-2.3055379578743336e-14
-2.8975359391132335e-14
-7.4983648153858364e-15
-5.9770720091169573e-15
-2.0850476712558243e-14
-9.5905649035953686e-15
1.0804285612173994e-14
-1.2921587414152603e-16
8.9796362020154599e-15
1.3102483081591691e-14
1.1112556491000586e-14
-1.8900482361482085e-14
-2.6157482405120784e-14
2.7968275390187755e-16
-4.7428530087721889e-15
-8.4964449561922974e-15
1.2286677727349750e-14
-1.0325782901193086e-14
-8.9526850539771922e-15
-1.8845045020802829e-14
-3.4903837244469684e-14
4.2151087487636477e-15
1.1422275844740703e-14
-1.0049416606491683e-14
1.3678825643672801e-14
1.6055033736133437e-14
1.3651498520990870e-14
1.2064120857386133e-15
7.3336622897351894e-15
3.5778232486133346e-14
2.9278762662716548e-14
5.8795609517578368e-14
4.5898564530267440e-14
4.4294934470448360e-14
3.6066404805562878e-14
2.2326866963564285e-14
1.7272027463053772e-14
2.2533912097824362e-14
2.5943059300092788e-14
2.5173795212899554e-14
3.7158338106912254e-14
4.5459168062085424e-14
1.8306510772574821e-14
5.9539402509041121e-16
1.0794030039321852e-14
2.9477127997317599e-14
3.0813378628699865e-14
3.2703035238410993e-14
5.1314667373822058e-14
4.6382565983713006e-14
2.2168536660501741e-14
2.9844342137042863e-14
1.8443849333487565e-14
2.1089277931101389e-14
3.0779658954693081e-14
3.7232620158748631e-14
4.8041229507860967e-14
5.4778694353519826e-14
2.2319646609421612e-14
2.4203683617459795e-14
3.5151370098550815e-14
3.7242833325872112e-14
3.4920181049359598e-14
3.7887795268484527e-14
3.3905390195470450e-14
4.6365373448542608e-14
7.5456588676041023e-15
5.1038370435423691e-15
1.6472221710689648e-14
5.9696187003968542e-15
1.9773146045225783e-14
1.9374462441085872e-14
3.5534923426425059e-14
4.6526960866933298e-14
2.2959584036364550e-14
1.1851150217584349e-14
2.7742534903124288e-14
1.8643543629708545e-14
1.7569300203633318e-14
3.0744762162063336e-14
3.6478827212530149e-14
5.7836726869517785e-14
3.3246472793800558e-14
1.1020929098238240e-14
5.8094730592846226e-15
1.0532711700277325e-14
-1.8999162996183371e-15
1.3007322612218359e-14
1.8648959016395041e-14
4.6314513843342809e-14
4.0585690573850422e-14
2.0629461799350006e-14
3.9426346633915399e-14
6.9317167295175172e-15
1.3368877162991892e-14
4.6647149149391235e-15
2.0803843185077607e-14
1.2530842294119213e-14
-1.2751672682116216e-15
-8.5622881481933824e-15
5.5655300731999767e-15
-1.8226500573628713e-15
7.6794005957152870e-15
4.1867039541480145e-15
1.9783542210504019e-14
-1.8264278447578639e-15
1.1580499144908311e-14
-2.6681509749838552e-15
3.0469658669551689e-14
1.3270139690412649e-15
-9.4686691588348866e-15
1.4241059491605726e-15
1.1355713133852713e-14
1.6695088550158965e-14
5.9365896913581555e-15
4.6434128040203126e-15
2.3439143675174959e-14
