-3.4177981502144685e-14
-1.7114172259345074e-14
0.0000000000000000e+00
0.0000000000000000e+00
1.7189260147380868e-14
0.0000000000000000e+00
1.7238933797020984e-14
-4.3159134550586216e-15
4.3220738479103324e-15
1.7312858074343199e-14
0.0000000000000000e+00
-8.6808725153711548e-15
1.3039551326538698e-14
-1.7410311213238972e-14
4.3586182330562461e-15
1.0911595725791043e-14
1.7482551470298645e-14
2.6259701145433775e-14
3.2869313649830501e-14
2.1942563240273301e-14
2.4169360794343622e-14
2.7502030055956962e-14
3.7452693735346243e-14
1.8751223090026987e-14
1.5462595364821853e-14
3.0965863966987894e-14
3.5435870195203679e-14
2.6057099926708612e-14
3.8303595494442504e-14
1.8898561077821381e-14
3.3393164785060617e-14
2.4519558959197700e-14
2.5387630014281260e-14
2.9889074728719837e-14
6.1531349168311218e-14
8.0090682138314687e-14
8.4115601622897056e-14
7.7482007229263161e-14
1.2760898448493370e-13
1.3114208194222996e-13
1.7131193990877209e-13
2.6066400282269069e-13
3.5700831951617988e-13
5.0448171010320718e-13
7.2138390877874357e-13
1.0204297649279918e-12
1.5154185649422065e-12
2.1763462115581890e-12
3.1403155818157558e-12
4.5245521391960916e-12
6.5403209950285382e-12
9.4123928991596343e-12
1.3508266239965958e-11
1.9350399430063922e-11
2.7682352389787608e-11
3.9491771805524183e-11
5.6232134975728363e-11
7.9926394206694949e-11
1.1336330452712227e-10
1.6042398804600143e-10
2.2656275569906640e-10
3.1925397040065766e-10
4.4897089791697980e-10
6.3005026040994371e-10
8.8230922498407614e-10
1.2329751157489548e-09
1.7194165704137848e-09
2.3927586353033575e-09
3.3227973036785488e-09
4.6046364051167602e-09
6.3676471087951322e-09
8.7872134858164380e-09
1.2100743335025558e-08
1.6628846308352882e-08
2.2803480490700718e-08
3.1205320412775080e-08
4.2613317311672977e-08
5.8069786602045278e-08
7.8966805061981493e-08
1.0715870483870922e-07
1.4511061895906883e-07
1.9609190660733566e-07
2.6442894378793384e-07
3.5583369047287723e-07
4.7783053978569869e-07
6.4030887631550902e-07
8.5623689896739661e-07
1.1425813591870595e-06
1.5214899962719119e-06
2.0218078178271210e-06
2.6810159479898433e-06
3.5477066896999638e-06
4.6847325123655756e-06
6.1732044635768237e-06
8.1175562248158744e-06
1.0651940356515166e-05
1.3948288586233246e-05
1.8226442025476129e-05
2.3766851288775589e-05
3.0926457556385096e-05
4.0158499913971592e-05
5.2037157221139296e-05
6.7288124102561191e-05
8.6826452233916844e-05
1.1180326006388060e-04
1.4366323964035819e-04
1.8421526728924071e-04
2.3571887636753892e-04
3.0098987082375082e-04
3.8352897130685749e-04
4.8767809327624829e-04
6.1880967576731852e-04
7.8355542325371117e-04
9.9008190355597014e-04
1.2484216776914151e-03
1.5708700384383122e-03
1.9724590165786453e-03
2.4715220923483034e-03
3.0903650398508239e-03
3.8560605439451677e-03
4.8013866744128506e-03
5.9659319894355993e-03
7.3973929698734819e-03
9.1530926617483070e-03
1.1301752814615800e-02
1.3925555438071086e-02
1.7122533532369644e-02
2.1009334750417476e-02
2.5724405871851461e-02
3.1431650158838420e-02
3.8324613844736177e-02
4.6631262089671860e-02
5.6619408619006870e-02
6.8602866809329033e-02
8.2948393060921721e-02
1.0008349572425919e-01
1.2050518444253609e-01
1.4478973532464062e-01
1.7360354663889663e-01
2.0771515747026698e-01
2.4800849774741471e-01
2.9549743193815647e-01
3.5134165025117670e-01
4.1686395007061150e-01
4.9356893630720072e-01
5.8316315209633351e-01
6.8757663055570328e-01
8.0898583390839751e-01
9.4983791800322115e-01
1.1128762279887057e+00
1.3011668945735062e+00
1.5181263599429402e+00
1.7675496181291728e+00
2.0536389066734730e+00
2.3810325351227841e+00
2.7548334817574682e+00
3.1806373335807900e+00
3.6645590867964528e+00
4.2132582667033285e+00
4.8339617682467484e+00
5.5344837626490433e+00
6.3232419630125465e+00
7.2092694941036495e+00
8.2022215703662056e+00
9.3123761533601090e+00
1.0550627737128728e+01
1.1928473399356349e+01
1.3457990259471741e+01
1.5151803503915598e+01
1.7023044175352862e+01
1.9085295978240133e+01
2.1352530429208603e+01
2.3839029778259789e+01
2.6559297246523844e+01
2.9527954268621993e+01
3.2759624592369669e+01
3.6268805275006642e+01
4.0069724822143776e+01
4.4176188941374946e+01
4.8601414624612836e+01
5.3357853528633918e+01
5.8457005888414528e+01
6.3909226468363570e+01
6.9723524327710834e+01
7.5907358442804380e+01
8.2466431485204268e+01
8.9404484294207009e+01
9.6723093799577470e+01
1.0442147733850200e+02
1.1249630646389295e+02
1.2094153345316957e+02
1.2974823379192119e+02
1.3890446792037650e+02
1.4839516548803974e+02
1.5820203525978158e+02
1.6830350365267677e+02
1.7867468465573538e+02
1.8928738359441871e+02
2.0011013684987330e+02
2.1110828923199421e+02
2.2224411024002575e+02
2.3347694993014650e+02
2.4476343455348510e+02
2.5605770153868355e+02
2.6731167278007206e+02
2.7847536456634504e+02
2.8949723185676146e+02
3.0032454399434658e+02
3.1090378835069532e+02
3.2118109783717154e+02
3.3110269770473371e+02
3.4061536660094879e+02
3.4966690646879948e+02
3.5820661556738338e+02
3.6618575867789235e+02
3.7355802843610803e+02
3.8027999170998555e+02
3.8631151502070429e+02
3.9161616318868585e+02
3.9616156567124864e+02
3.9991974544227998e+02
4.0286740574097149e+02
4.0498617057859735e+02
4.0626277552995543e+02
4.0668920603819038e+02
4.0626278121551803e+02
4.0498618191399123e+02
4.0286742265510742e+02
3.9991976782945369e+02
3.9616159339224146e+02
3.9161619607220570e+02
3.8631155286514905e+02
3.8028003428550068e+02
3.7355807548691058e+02
3.6618580992482850e+02
3.5820667071068243e+02
3.4966696519098878e+02
3.4061542856988672e+02
3.3110276257672382e+02
3.2118116526011448e+02
3.1090385796724053e+02
3.0032461544500256e+02
2.8949730478292975e+02
2.7847543861324129e+02
2.6731174759950272e+02
2.5605777679164930e+02
2.4476350991258533e+02
2.3347702508176442e+02
2.2224418488627526e+02
2.1110836309241682e+02
2.0011020966287467e+02
1.8928745511844116e+02
1.7867475467016527e+02
1.6830357195848879e+02
1.5820210167992784e+02
1.4839522986759252e+02
1.3890453012643795e+02
1.2974829371331526e+02
1.2094159099993315e+02
1.1249636156658626e+02
1.0442152994735766e+02
9.6723143883510573e+01
8.9404531839707673e+01
8.2466476495134245e+01
7.5907400935120194e+01
6.9723564334133727e+01
6.3909264033017031e+01
5.8457041066448198e+01
5.3357886384851568e+01
4.8601445232120426e+01
4.4176217380263680e+01
4.0069751178220528e+01
3.6268829638582758e+01
3.2759647057117370e+01
2.9527974930505795e+01
2.6559316202812244e+01
2.3839047126621669e+01
2.1352546266896201e+01
1.9085310401359955e+01
1.7023057278223920e+01
1.5151815378513307e+01
1.3458000994955251e+01
1.1928483081675616e+01
1.0550636448707055e+01
9.3123839728476359e+00
8.2022285724589228e+00
7.2092757494227664e+00
6.3232475380381103e+00
5.5344887197024448e+00
4.8339661655160882e+00
4.2132621583061125e+00
3.6645625228744323e+00
3.1806403604212736e+00
2.7548361419367091e+00
2.3810348676665964e+00
2.0536409472310528e+00
1.7675513991562011e+00
1.5181279108906778e+00
1.3011682420806625e+00
1.1128773960737033e+00
9.4983892825443694e-01
8.0898670567035824e-01
6.8757738110965960e-01
5.8316379683447217e-01
4.9356948889841856e-01
4.1686442261814294e-01
3.5134205344101643e-01
2.9549777517813147e-01
2.4800878929662221e-01
2.0771540455907628e-01
1.7360375557952079e-01
1.4478991161267682e-01
1.2050533284942982e-01
1.0008362038166181e-01
8.2948497536751653e-02
6.8602954176607153e-02
5.6619481517413646e-02
4.6631322780754235e-02
3.8324664260947987e-02
3.1431691947165372e-02
2.5724440432362300e-02
2.1009363270271052e-02
1.7122557015490730e-02
1.3925574731453196e-02
1.1301768630929881e-02
9.1531055991718423e-03
7.3974035291808600e-03
5.9659405888776093e-03
4.8013936623945248e-03
3.8560662100060364e-03
3.0903696240318257e-03
2.4715257930903261e-03
1.9724619975947737e-03
1.5708724344734881e-03
1.2484235993162241e-03
9.9008344137091735e-04
7.8355665126873635e-04
6.1881065420053664e-04
4.8767887121902044e-04
3.8352958845302385e-04
3.0099035933558213e-04
2.3571926224570981e-04
1.8421557145325982e-04
1.4366347883719877e-04
1.1180344778582583e-04
8.6826599239315489e-05
6.7288238981274328e-05
5.2037246748846382e-05
4.0158569560833580e-05
3.0926511672866025e-05
2.3766893211338798e-05
1.8226474401885249e-05
1.3948313573366797e-05
1.0651959586058529e-05
8.1175709667624278e-06
6.1732157440255956e-06
4.6847410808578497e-06
3.5477132645222710e-06
2.6810208997291462e-06
2.0218115407098989e-06
1.5214927990511362e-06
1.1425834300253323e-06
8.5623843899284315e-07
6.4030999753798248e-07
4.7783132404823442e-07
3.5583427369532402e-07
2.6442936839151978e-07
1.9609221565510766e-07
1.4511084440495637e-07
1.0715884851329587e-07
7.8966914026836109e-08
5.8069867415139368e-08
4.2613334559466234e-08
3.1205343766009621e-08
2.2803487652164530e-08
1.6628861890951872e-08
1.2100757974715328e-08
8.7872085816763909e-09
6.3676409481151358e-09
4.6046244458776792e-09
3.3227554872138379e-09
2.3927472310140208e-09
1.7194144272437280e-09
1.2329681630936785e-09
8.8230081727277846e-10
6.3000861199628594e-10
4.4892698245336694e-10
3.1920548419309423e-10
2.2650278978488097e-10
1.6040786086429874e-10
1.1333108531310292e-10
7.9908003411893606e-11
5.6220653406189052e-11
3.9452777780973222e-11
2.7641110679556172e-11
1.9318358555785875e-11
1.3457973151917346e-11
9.3644403880285460e-12
6.5163721300075099e-12
4.5029090146631792e-12
3.1130084897999666e-12
2.1320237560747581e-12
1.4507153003716404e-12
9.8414781773055236e-13
6.3644859769804388e-13
4.3774534038103404e-13
2.8696238340857495e-13
1.6587709270534860e-13
9.6362966198684327e-14
2.2513662136005146e-14
-1.3210621741832344e-14
-4.8847352383665901e-14
-9.2527161785186755e-14
-7.7570345987108983e-14
-8.6982952687930871e-14
-1.0503076727101548e-13
-7.4488980371572495e-14
-9.6406447725936417e-14
-8.7935333933992975e-14
-9.7272005547610059e-14
-1.0547366875281268e-13
-5.8767076430449218e-14
-6.4227514728806667e-14
-7.5202812491256322e-14
-3.0925190729643706e-14
-2.0957249335912511e-14
-2.2030996314909555e-14
-3.3002436067148359e-14
-4.8338721588687244e-14
-1.3165537944163980e-14
-2.6295450919864399e-14
-3.0636318003006068e-14
-2.1853189337873306e-14
-1.3093914870949250e-14
-1.5255163815696858e-14
-3.0468044623168195e-14
-1.7386068435384930e-14
-1.3021308773056732e-14
-2.6006012148569888e-14
-2.5969287111514798e-14
-1.7288295391641330e-14
-3.4527307640468972e-14
-3.8787601043297212e-14
-5.1642407279473284e-14
-5.1567780442142600e-14
-5.1492922197977803e-14
-4.2848194890454886e-14
-5.1342516778035228e-14
-5.9811467628753198e-14
-5.1191201623406487e-14
-5.1115206220424031e-14
-6.8051983171408848e-14
-5.9456304173605442e-14
-5.0885884727414542e-14
-6.7745338131595941e-14
-5.0731904392130992e-14
-5.0654588453753693e-14
-5.0577057131835549e-14
-1.0099862355368312e-13
-8.4035589568987139e-14
-6.7124245840299920e-14
-6.7019740066872620e-14
-6.6914956146712748e-14
-6.6809895894291655e-14
-8.3380701408368918e-14
-8.3248692079464364e-14
-6.6493075327079602e-14
-8.2983659927296144e-14
-9.9420770002301348e-14
-9.9260750003325499e-14
-1.3213377955113359e-13
-1.3191936897769855e-13
-1.3170443862305810e-13
-1.6436124020471087e-13
-1.6409129160072105e-13
-1.3105656565831549e-13
-9.8129694739350126e-14
-1.3062211895572537e-13
-1.3040414726456085e-13
-1.3018568161244799e-13
-1.6245840712887035e-13
-1.6218410405459987e-13
-1.2952735794473413e-13
-1.2930695352005206e-13
-1.6135759210822660e-13
-1.2886472216432062e-13
-1.6080362834527130e-13
-1.6052577368507808e-13
-9.6148406031293124e-14
-6.3987336844187621e-14
-9.5813264716293758e-14
-7.9704322652864423e-14
-6.3651183647711621e-14
-9.5308032386210876e-14
-7.9282467278740651e-14
-6.3313042216693431e-14
-7.8999869139954220e-14
-6.3086534983098811e-14
-7.8716203881568647e-14
-6.2859181554394719e-14
-7.8431490259047820e-14
-7.8288746176514669e-14
-7.8145747042996039e-14
-7.8002495206850204e-14
-7.7858993017128184e-14
-4.6629145694106488e-14
-7.7571246976245594e-14
-6.1941606260867075e-14
-4.6369516634530708e-14
-5.3996466315552707e-14
-4.6195712443182546e-14
-3.8423832612807693e-14
