1.5221709212690171e-14
2.5992015033622607e-14
3.1002969058574351e-14
2.4778911687456215e-14
3.4991927194847342e-14
1.1659679892563350e-14
1.7132417470665992e-14
3.1984968079223743e-14
1.9040936888555643e-14
3.0099048195276718e-14
2.2911456654454822e-14
3.9497441011430268e-14
5.0132460462479572e-14
2.6478895338457305e-14
3.7621524830511554e-14
3.9704017213811156e-14
3.6786823145176323e-14
2.8464432988835166e-14
4.2711241339160711e-14
5.1794006251715989e-14
6.6174236213156683e-14
3.2380013541014529e-14
8.2695679658262186e-14
6.2792167201845674e-14
6.3471238989321819e-14
7.1951235902358461e-14
6.9624751862595892e-14
6.3031269683870021e-14
7.8132245984296067e-14
6.8678444714787592e-14
6.4211753638838549e-14
6.2123268468874243e-14
5.1493997055496778e-14
6.0820969085822420e-14
7.5901200558287158e-14
7.4525787657384178e-14
7.0431522677361323e-14
6.1335925936216982e-14
7.1678649112897091e-14
6.9315332297301136e-14
3.7936176240039659e-14
2.4390231422670935e-14
2.7668129430657375e-14
3.5208941048628154e-14
3.4969933172842006e-14
1.7426210354444824e-14
2.2419431627627823e-14
1.6639329514013716e-14
5.8415428335785225e-15
5.4419345735373872e-16
1.9910605750095468e-14
4.2136812490326128e-15
5.2993663810791860e-15
-1.4837140760566305e-14
1.5427134507475248e-16
-1.3576163926874298e-15
-4.2450800147421276e-15
-7.5605591150153505e-15
4.0785361898555092e-15
8.4953559417139644e-15
2.1524369509268395e-14
2.1082210158040449e-15
1.6736916637686009e-14
2.2732655497250592e-14
1.7794419444438200e-14
5.7121872240589110e-15
1.9593793458765575e-14
4.2233308178163129e-14
5.3857887225239989e-14
3.7759390614999752e-14
6.3875302699016819e-14
5.2374664016104508e-14
5.0378902424518842e-14
4.4693673955459346e-14
7.3455037157441870e-14
7.6658125890101788e-14
6.4601483051453940e-14
5.8593014740451420e-14
5.5953816131730871e-14
7.4729316214383702e-14
5.3996400570616832e-14
4.1737206579547884e-14
4.6326219585633375e-14
2.6771784335262849e-14
1.8345238450960094e-14
1.8819204076233464e-14
3.2341698741632927e-14
1.2295868879611094e-14
1.2344961549198824e-14
5.7423193352386240e-15
1.6004108385380277e-14
-8.4630680169110503e-15
1.1083263242160429e-14
-6.9152902375261996e-15
6.4228606653014122e-15
-7.2597336528303409e-15
-4.0801657096522949e-14
-3.5730673533712007e-14
-5.2654920623656903e-14
-5.2624388709647506e-14
-4.5078632152196180e-14
-4.2877278595640130e-14
-1.8058035441437094e-14
-2.8657175427039529e-15
1.1262156975369112e-14
1.0360573291527281e-14
4.1557505181547372e-14
4.5418526428465153e-14
4.3734142814589597e-14
2.8172749765763628e-14
2.9103029802581987e-14
-7.3523133114036685e-16
-2.9082337868119978e-14
-5.1612094144644963e-14
-5.8080693720903112e-14
-6.5337966601916246e-14
-7.1953564316859539e-14
-8.8043733181032748e-14
-6.9971013877778635e-14
-8.4761396032341679e-14
-8.3671127918145303e-14
-7.7844191745158398e-14
-8.9792643854305121e-14
-1.2317197455443985e-13
-1.1771689104505286e-13
-1.1851070761775483e-13
-1.3367520411848483e-13
-1.5240108403579095e-13
-1.3415044672675884e-13
-1.3906843051720079e-13
-1.5305550818239275e-13
-1.6765443711277124e-13
-1.7575482343807999e-13
-1.6082083416073027e-13
-1.8660225587147818e-13
-1.9930399814449629e-13
-1.9944691051256093e-13
-2.0423879282759704e-13
-2.4945121346866950e-13
-2.6773341535439871e-13
-3.0760161023922996e-13
-3.3216174315647718e-13
-3.7154307182025821e-13
-4.4836535783624386e-13
-4.8156839675157583e-13
-5.1595416686776740e-13
-5.7924705169627823e-13
-6.1386201629140579e-13
-6.3268355144943542e-13
-6.5130489464540237e-13
-7.1394767598734040e-13
-7.7637701514909222e-13
-7.9589846637149576e-13
-8.5130674021283946e-13
-9.4864101216622097e-13
-1.0061696317684511e-12
-1.1089698096612528e-12
-1.1846930985253785e-12
-1.3045654472563445e-12
-1.4218683920841911e-12
-1.5189347114503435e-12
-1.6684494850704160e-12
-1.8166811737177658e-12
-1.9982841143132702e-12
-2.1730722974552498e-12
-2.3485374787398461e-12
-2.5872906230826211e-12
-2.8103886752871417e-12
-3.0557576371205064e-12
-3.3463585380398992e-12
-3.6784301802813129e-12
-4.0509600306162744e-12
-4.4722850264325711e-12
-4.9029406445328500e-12
-5.4039724859309085e-12
-5.9621649878985906e-12
-6.5611917328663463e-12
-7.2270373562037928e-12
-7.9462540267973769e-12
-8.7068446031691704e-12
-9.5195188085253272e-12
-1.0360839086963803e-11
-1.1319442681575499e-11
-1.2326643025163030e-11
-1.3398473537715956e-11
-1.4536433598346456e-11
-1.5753883502843769e-11
-1.7072552680807780e-11
-1.8467708454638957e-11
-1.9911253558906338e-11
-2.1481489561590770e-11
-2.3094332466667912e-11
-2.4811244624944356e-11
-2.6596270552235922e-11
-2.8431591856351902e-11
-3.0332146019755249e-11
-3.2288835740185399e-11
-3.4257953191665148e-11
-3.6319107432718643e-11
-3.8375550886114392e-11
-4.0500934303647655e-11
-4.2643754326488824e-11
-4.4819071457301341e-11
-4.7004595448080968e-11
-4.9213992761460119e-11
-5.1360889390167983e-11
-5.3540951077369734e-11
-5.5674734911776670e-11
-5.7800827238374016e-11
-5.9873582032929772e-11
-6.1895563125942842e-11
-6.3811937486108866e-11
-6.5675446002966432e-11
-6.7408825250014568e-11
-6.9064436342761474e-11
-7.0582680971319923e-11
-7.2021104133652190e-11
-7.3322831518588152e-11
-7.4453442066262901e-11
-7.5485030953522554e-11
-7.6329631677258453e-11
-7.7017554824391650e-11
-7.7602510294035899e-11
-7.7993251893262717e-11
-7.8203275916766841e-11
-7.8283330356792541e-11
-7.8188301927735284e-11
-7.7903750588076111e-11
-7.7490116431095669e-11
-7.6884745132293738e-11
-7.6119404855159812e-11
-7.5226722652758636e-11
-7.4149580184119768e-11
-7.3027241881875212e-11
-7.1714641322808075e-11
-7.0298277152701392e-11
-6.8769744861567202e-11
-6.7070581936854965e-11
-6.5312562236723088e-11
-6.3414660597968147e-11
-6.1473509396408445e-11
-5.9492188172761882e-11
-5.7447397949806347e-11
-5.5340606265290064e-11
-5.3243220506522813e-11
-5.1103028486444504e-11
-4.8985730448625878e-11
-4.6819486041396286e-11
-4.4717034382433097e-11
-4.2636009849912212e-11
-4.0535345252019235e-11
-3.8478066493598059e-11
-3.6462937581512596e-11
-3.4463727373359326e-11
-3.2494746001232230e-11
-3.0595835867902736e-11
-2.8724421207009146e-11
-2.6932872566726985e-11
-2.5213981984777128e-11
-2.3564071573454135e-11
-2.1990901802726555e-11
-2.0482563182680815e-11
-1.9041541948390545e-11
-1.7690532774815029e-11
-1.6392447432189803e-11
-1.5192405131548488e-11
-1.4019050380531340e-11
-1.2918979427233440e-11
-1.1871427987562894e-11
-1.0913944855877346e-11
-9.9869946331490315e-12
-9.1209963649916339e-12
-8.3112212751058352e-12
-7.5780741531296453e-12
-6.8895635771951750e-12
-6.2573551746783240e-12
-5.6894706890439928e-12
-5.1866380887956261e-12
-4.7085342268236404e-12
-4.2504275848867861e-12
-3.8790665503049037e-12
-3.5290801417744908e-12
-3.2014869138080635e-12
-2.9088043344546796e-12
-2.6318244061577935e-12
-2.3825809671798110e-12
-2.1478262765388153e-12
-1.9205309465194948e-12
-1.7426994287818315e-12
-1.5726047909785719e-12
-1.4260929739381987e-12
-1.2681821491214423e-12
-1.1531172587164539e-12
-1.0238136816817287e-12
-9.1283461494254954e-13
-7.9613876291190734e-13
-6.7179152222690888e-13
-5.9724060756655835e-13
-5.1419322706402464e-13
-4.2657011668176189e-13
-3.5743314624035196e-13
-3.0722109429635446e-13
-2.5225310098123576e-13
-1.9917879402747840e-13
-1.7132416327822494e-13
-1.4244864988693454e-13
-1.2637381344210139e-13
-1.1370229299459679e-13
-1.1247560293106110e-13
-1.0454121971326364e-13
-8.3453793667820655e-14
-8.5026567382865333e-14
-8.3151783712495186e-14
-9.1549491001535687e-14
-9.3799389381304001e-14
-8.9046988678232853e-14
-9.4764560563947855e-14
-8.5937070429207753e-14
-5.0812419356381268e-14
-6.4030579038300380e-14
-5.7280921138892620e-14
-4.9262663061398126e-14
-6.2258651724967578e-14
-6.6070889574218858e-14
-7.4577164192043734e-14
-5.6972482239390763e-14
-5.7238793847668113e-14
-5.5497166816241809e-14
-5.7592533377516557e-14
-4.9768242575214268e-14
-5.4274931405630852e-14
-5.0993388395335176e-14
-4.2927814117685055e-14
-8.0409962007430788e-15
2.8844669852305851e-15
-5.2283434697052226e-15
2.8116361481944655e-14
5.6474933838457960e-14
4.7433103255957674e-14
4.1013108654260739e-14
5.9632690432718128e-14
8.7306606525763993e-14
8.7357614215951197e-14
1.0772472538093309e-13
1.2127361942998009e-13
1.2806949991159221e-13
1.1118111847892215e-13
1.2709038218939865e-13
1.1957013704895472e-13
1.2845333536902763e-13
1.4173635844729231e-13
1.2790710119970284e-13
1.6179672305894870e-13
1.5326134540473686e-13
1.6326031864821673e-13
1.6319372571167362e-13
1.5712995117094416e-13
1.4576347941742986e-13
1.2992855754557778e-13
9.1142191377829418e-14
3.7937053369815141e-14
3.7006220069131072e-14
-1.2692433306488777e-14
-4.9051931811163760e-14
-3.7327451521736449e-14
-2.5845696522949696e-14
-3.8273208910566183e-14
-4.0697576821290700e-14
-1.4993740313067806e-14
1.6354936934893888e-14
1.0100505148990121e-14
3.1029373933476452e-15
1.0012182589357924e-14
3.4272024099931868e-14
1.8619223830723313e-14
1.1032105648779863e-14
3.8545921694128612e-14
3.7549136336151396e-14
2.6125735650287058e-14
3.3776104708199660e-14
3.2443814013174873e-14
3.8300137967842564e-14
2.3916696230144690e-14
1.9317915242883709e-14
1.1872755388556255e-14
1.6543530400696996e-14
3.4001514957436753e-15
8.1942642271142931e-15
6.5843448784264687e-16
5.5722952128923004e-15
-9.3192479091518433e-15
-1.6501424573867848e-14
-2.7302741464196050e-15
6.6709550075141904e-15
-7.8540854865470286e-15
-1.5563268157887153e-14
-2.0419275521088190e-14
-1.1035940224390634e-14
-1.5365931217235354e-14
-1.3228511960966038e-14
-1.6307755426667963e-14
1.5927683674360599e-14
3.3858883819442339e-15
1.7243801463693618e-14
-1.7853788983737488e-14
1.6222628612336735e-15
-1.9124664833915255e-14
-3.4666603476768679e-15
-1.1870630539338558e-14
1.1930603465138119e-15
-1.4757760075182683e-14
5.4414028888437791e-15
2.6621075008410100e-15
-2.4878900296230462e-15
-1.1537650083303034e-14
8.6478993837095499e-15
-6.5348715486108737e-15
2.7119728691742019e-15
-4.6254662412960398e-15
1.1708222110106501e-14
1.6430425759045729e-14
-5.9638148196407071e-15
-4.7023875203827623e-15
-2.4798968757111408e-14
-1.1420625124972922e-14
1.5017062588969053e-14
3.1383139301756264e-14
2.1041657697323527e-14
2.9529821777834380e-14
1.2473899753786079e-14
1.2874121472464142e-14
1.6019728605747779e-14
9.9804483077521142e-15
1.5797519013070461e-14
2.7741492028172283e-14
2.1426241514763167e-14
3.1117004736388946e-14
1.6313598578881137e-14
-8.5227511198082497e-15
-9.9373039383427350e-15
-6.1560371831077486e-15
-7.0971851221681690e-15
1.0283496153658655e-14
2.7300344503588991e-14
3.0795695265624636e-14
1.4832316605590598e-14
1.5513654567415024e-14
1.8878667275625881e-14
-2.0055902503997323e-15
3.4878618305777908e-15
2.2577444950853649e-14
2.7270835986495498e-14
3.9256968884823876e-14
7.8153878324858259e-15
1.7141698249011348e-14
6.6126823706305061e-15
1.6679700473922705e-14
1.2543005791881032e-14
2.1932060443473543e-14
2.7498357097094681e-14
4.3184253714970819e-14
1.0078464277046475e-14
3.5508360993924452e-15
9.1571411083366924e-15
1.9416372548230915e-14
7.5052683613570467e-15
3.2027227078711958e-14
3.1436341871724741e-14
3.9457327684183984e-14
2.3542796898419395e-14
7.1875589008462267e-15
-9.4511205225033289e-15
-1.1377176226431273e-15
-5.1380793808238469e-16
1.8000176029607548e-14
3.1672981955300350e-14
1.0468943954760399e-14
7.0948816525381532e-15
3.4472067404169310e-14
4.4888024452366815e-14
3.4763360354905703e-14
4.2289524927639145e-14
5.1645669399954003e-14
2.0806095786003324e-14
3.7401962686069619e-14
4.1123072088160995e-14
2.4197111374160460e-14
4.0793582393440231e-14
1.5234626054764551e-15
2.8332362297069207e-14
2.2798805851552093e-14
3.0560043011769928e-14
3.8479372602095868e-14
3.2456785742945098e-14
3.5175488567513117e-14
2.4024653627680387e-14
1.9676414781893834e-14
1.5118343157710945e-14
1.7329718457148928e-14
1.3015190467476706e-14
2.0220709643680506e-14
-3.0900091575217450e-15
2.0647278235050437e-14
2.1543457247767930e-14
8.3950937881583843e-15
2.2733007464476299e-14
1.0355060907629589e-14
1.0550585606328799e-14
1.5900442286578166e-14
1.0938212959346306e-14
6.3871956066170987e-16
2.7247652576784095e-15
