5.3808547835622458e-02
6.3906776080279518e-02
7.5332819048999758e-02
8.8288412001274630e-02
1.0300091885536003e-01
1.1972417158300659e-01
1.3873778414032831e-01
1.6035314151313274e-01
1.8491460052163619e-01
2.1280455157580344e-01
2.4444589478139170e-01
2.8030691448064993e-01
3.2090461049429508e-01
3.6680969415056264e-01
4.1865059364416057e-01
4.7711870086020214e-01
5.4297294437759203e-01
6.1704532707633486e-01
7.0024597500285835e-01
7.9356894633163444e-01
8.9809765252392748e-01
1.0150108693908906e+00
1.1455884007495711e+00
1.2912171745141641e+00
1.4533969836159080e+00
1.6337465014532226e+00
1.8340088931733327e+00
2.0560575348904995e+00
2.3019012428815051e+00
2.5736894304751283e+00
2.8737166556637281e+00
3.2044269001387620e+00
3.5684170899447212e+00
3.9684401351747978e+00
4.4074070366691043e+00
4.8883882853971334e+00
5.4146141343116323e+00
5.9894739269125470e+00
6.6165140910220135e+00
7.2994349502649563e+00
8.0420859897247805e+00
8.8484597060328056e+00
9.7226837075834016e+00
1.0669011182438977e+01
1.1691809431745257e+01
1.2795546583174531e+01
1.3984776218550588e+01
1.5264120036812407e+01
1.6638248327916081e+01
1.8111858395006426e+01
1.9689650747485246e+01
2.1376303227573949e+01
2.3176442945579353e+01
2.5094616219993103e+01
2.7135256455214034e+01
2.9302650193547603e+01
3.1600901335731724e+01
3.4033893812400592e+01
3.6605252764399545e+01
3.9318304563110495e+01
4.2176035792361660e+01
4.5181051572128084e+01
4.8335533406591864e+01
5.1641196983055657e+01
5.5099250159590369e+01
5.8710351608126352e+01
6.2474570397284396e+01
6.6391347012398114e+01
7.0459456131296548e+01
7.4676971671268959e+01
7.9041234444853302e+01
8.3548822942078360e+01
8.8195527578020290e+01
9.2976328907294700e+01
9.7885380125691157e+01
1.0291599432463808e+02
1.0806063677899502e+02
1.1331092267724284e+02
1.1865762051363696e+02
1.2409066147442726e+02
1.2959915495653883e+02
1.3517141045503067e+02
1.4079496585850885e+02
1.4645662227696633e+02
1.5214248532735621e+02
1.5783801287739774e+02
1.6352806904891747e+02
1.6919698435009883e+02
1.7482862160925802e+02
1.8040644744704761e+02
1.8591360883248726e+02
1.9133301433226157e+02
1.9664741947945484e+02
2.0183951575525774e+02
2.0689202250511320e+02
2.1178778118486292e+02
2.1650985117433129e+02
2.2104160647965750e+02
2.2536683250383535e+02
2.2946982216107500e+02
2.3333547048675416e+02
2.3694936700496260e+02
2.4029788501078863e+02
2.4336826704977912e+02
2.4614870579127808e+02
2.4862841963273999e+02
2.5079772230474677e+02
2.5264808590108186e+02
2.5417219670754244e+02
2.5536400337025910e+02
2.5621875690781104e+02
2.5673304224840382e+02
2.5690480094786346e+02
2.5673334492784949e+02
2.5621936105536429e+02
2.5536490657126836e+02
2.5417339536025341e+02
2.5264957524041017e+02
2.5079949643410200e+02
2.4863047156265662e+02
2.4615102748568643e+02
2.4337084947805934e+02
2.4030071820680789e+02
2.3695244013063879e+02
2.3333877190174499e+02
2.2947333949554954e+02
2.2537055273636307e+02
2.2104551601660333e+02
2.1651393593326978e+02
2.1179202667784475e+02
2.0689641392482361e+02
2.0184403805935764e+02
1.9665205747671837e+02
1.9133775276526524e+02
1.8591843246109181e+02
1.8041134112689198e+02
1.7483357037018314e+02
1.6920197346818051e+02
1.6353308411775299e+02
1.5784303987176730e+02
1.5214751066568172e+02
1.4646163287510464e+02
1.4079994918212921e+02
1.3517635456249067e+02
1.2960404854038470e+02
1.2409549389276252e+02
1.1866238182040986e+02
1.1331560364196638e+02
1.0806522890592478e+02
1.0292048986111915e+02
9.7889772070730416e+01
9.2980611009181956e+01
8.8199694333144720e+01
8.3552869582781980e+01
7.9045156929623900e+01
7.4680766664025228e+01
7.0463120984302250e+01
6.6394879738346717e+01
6.2477969646417186e+01
5.8713616634580390e+01
5.5102380794270999e+01
5.1644193595735985e+01
4.8338396876092084e+01
4.5183783245617207e+01
4.2178637454340645e+01
3.9320778393273287e+01
3.6607601306814423e+01
3.4036119933153394e+01
3.1603008193560978e+01
2.9304641198323878e+01
2.7137135241125030e+01
2.5096386605726273e+01
2.3178108910981425e+01
2.1377868876208375e+01
1.9691120287521848e+01
1.8113236104633376e+01
1.6639538541059068e+01
1.5265327111699950e+01
1.3985904528729877e+01
1.2796600489369753e+01
1.1692793278538010e+01
1.0669929273426108e+01
9.7235403080322165e+00
8.8492590212467324e+00
8.0428321739756186e+00
7.3001320882134468e+00
6.6171662132820197e+00
5.9900849943559544e+00
5.4151880607426000e+00
4.8889289246010481e+00
4.4079182128832191e+00
3.9689256328276512e+00
3.5688806929240169e+00
3.2048723843173486e+00
2.8741478384146184e+00
2.5741101663103989e+00
2.3023154852905066e+00
2.0564693357437620e+00
1.8344224798256841e+00
1.6341662810171032e+00
1.4538276394674614e+00
1.2916636771514314e+00
1.1460561295052740e+00
1.0155056324083969e+00
8.9862584182028415e-01
7.9413757049754885e-01
7.0086285909647761e-01
6.1771916302329644e-01
5.4371355201450633e-01
4.7793710266892997e-01
4.1955936044229913e-01
3.6782305256293196e-01
3.2203890777033084e-01
2.8158076833119111e-01
2.4588082935581912e-01
2.1442519795995366e-01
1.8674958586793056e-01
1.6243533851787917e-01
1.4110559186603466e-01
1.2242177425235563e-01
1.0608022058644126e-01
9.1809134738236070e-02
7.9365641184891283e-02
6.8533185111392947e-02
5.9118992614474578e-02
5.0951879089534635e-02
4.3880083679613636e-02
3.7769453397174656e-02
3.2501615155939002e-02
2.7972503015969659e-02
2.4090831396452024e-02
2.0776935563257444e-02
1.7961512165881280e-02
1.5584748536507466e-02
1.3595301366963599e-02
1.1949698794012973e-02
1.0611534894379143e-02
9.5511405849072022e-03
8.7449810146070298e-03
8.1756084002016973e-03
7.8312620319195576e-03
7.7061408123129888e-03
7.8002225406768357e-03
8.1199305677190237e-03
8.6782115546686894e-03
9.4957273066059358e-03
1.0601258880530070e-02
1.2033646635815102e-02
1.3842619679267483e-02
1.6091867154295010e-02
1.8860403955732710e-02
2.2247466048323825e-02
2.6374426305238625e-02
3.1392861477818050e-02
3.7487184713116239e-02
4.4878877912243736e-02
