-1.6321897420582967e-12
-1.2057601470410289e-12
-1.5572212105399400e-12
-7.5297655882529398e-13
2.1426412318343675e-13
-1.1409554157157694e-12
1.5535040782633846e-12
-7.7154713435584221e-13
4.8745321489991828e-13
-5.7203871674620719e-13
-1.8065775348037728e-12
-8.4697455165379973e-14
8.7741968132164531e-14
-6.9607315182461370e-13
2.6135046979150339e-12
3.9190945987552433e-13
1.5351519760956830e-12
6.7925069015327133e-13
1.0670550404474094e-12
1.2924734608956496e-13
1.8862747448309473e-12
-2.3081976582940447e-12
1.2306693363633566e-13
3.6372369564029324e-13
1.1950532424865229e-12
6.5885335810506206e-13
-1.3975377637405460e-12
-1.5047729475511140e-12
1.8090007156487376e-12
-1.6550780793488140e-12
1.0835139958385076e-12
1.6083451699868928e-12
1.1855319234472148e-13
9.8820646261834486e-15
4.7927570812056838e-13
1.3066692322364124e-12
1.9790670325463581e-12
-1.0101972196022340e-12
-7.0909350424639575e-13
4.6094370087914039e-13
1.0223128863213611e-12
4.4071174399108876e-13
-1.3023841916849886e-12
1.3928153020069778e-13
1.1670198447395569e-12
-1.8894487877340577e-12
-8.7509155901523424e-13
-4.6177866042076411e-13
1.1139350897335906e-12
-1.5826867421715606e-12
1.3568878184322330e-13
-1.0618583561029363e-13
-1.1061527936798745e-12
-1.3990640301472962e-12
-1.4785920222949264e-12
1.2097299703194602e-12
2.4696080769417832e-12
-1.7095256897476764e-13
1.0197663761427241e-12
-1.7335418153414564e-12
1.4479978189217790e-12
-4.7244093832900177e-13
-8.6382034151902618e-13
8.0783109212770356e-13
1.7178400816559909e-12
-1.4896367658342734e-12
-7.3493282586301938e-13
5.2793933057293781e-13
-5.8933960093226800e-14
-5.2232142048892424e-13
-1.8510534240387089e-12
-1.5989469766002920e-12
1.9856779304611111e-12
-7.5548474167116470e-13
1.7876957537044081e-12
5.5192890322928022e-13
2.9466702612939195e-12
-1.0335913614689219e-13
6.7184940173991299e-13
3.3564197610737042e-12
5.3646339765201441e-12
5.0092233140732913e-12
5.2589752117905972e-12
5.1820928442471000e-12
8.5004879522082704e-12
8.8110839175354473e-12
4.6326188493231488e-12
4.7569593685720715e-12
-1.7277067535125018e-12
-1.6887452869890305e-11
-3.8826306765485479e-11
-7.3870535002426978e-11
-1.3014208657517505e-10
-2.2906566428465787e-10
-3.7419203773587816e-10
-6.0456925385336927e-10
-9.4911502321135220e-10
-1.4694123672515131e-09
-2.2415595456208820e-09
-3.3796485603583113e-09
-5.0381479768627361e-09
-7.4515471965316341e-09
-1.0920503120931087e-08
-1.5896360770184769e-08
-2.2979288134056847e-08
-3.3013392562471426e-08
-4.7152971119160793e-08
-6.6984498969704712e-08
-9.4658489958501001e-08
-1.3311696058907888e-07
-1.8631458930546597e-07
-2.5960594576392074e-07
-3.6015395498682208e-07
-4.9754480929650782e-07
-6.8455342318466822e-07
-9.3811727165147065e-07
-1.2806381975342455e-06
-1.7416177492441480e-06
-2.3597638422543155e-06
-3.1857048210041334e-06
-4.2853801079520604e-06
-5.7443868955722555e-06
-7.6734318532472196e-06
-1.0215190208997637e-05
-1.3552851892522512e-05
-1.7920800612454396e-05
-2.3617811041388347e-05
-3.1023373826548443e-05
-4.0617717829065456e-05
-5.3006351569157359e-05
-6.8949875680689412e-05
-8.9400210544460235e-05
-1.1554415742434422e-04
-1.4885580429429342e-04
-1.9115895255437604e-04
-2.4470134567879608e-04
-3.1224219663616184e-04
-3.9715496059980303e-04
-5.0354716469801220e-04
-6.3639919909844883e-04
-8.0172396131057526e-04
-1.0067490486560082e-03
-1.2601229343577928e-03
-1.5721461744301524e-03
-1.9550279717912783e-03
-2.4231675528479956e-03
-2.9934586240055639e-03
-3.6856135069366059e-03
-4.5225014969994702e-03
-5.5304934334679551e-03
-6.7398011971075145e-03
-8.1847968662196405e-03
-9.9042915827366670e-03
-1.1941748396823201e-02
-1.4345396718010840e-02
-1.7168208152110093e-02
-2.0467684527698923e-02
-2.4305398566123012e-02
-2.8746216281044498e-02
-3.3857117040637361e-02
-3.9705513266967023e-02
-4.6356956195219332e-02
-5.3872097742522093e-02
-6.2302760966881698e-02
-7.1686953737354189e-02
-8.2042641832325403e-02
-9.3360079640225635e-02
-1.0559247932582456e-01
-1.1864478347236455e-01
-1.3236029257912232e-01
-1.4650488842928169e-01
-1.6074858818440951e-01
-1.7464416313794354e-01
-1.8760256198602093e-01
-1.9886489215857728e-01
-2.0747073573965666e-01
-2.1222261036027840e-01
-2.1164643102990896e-01
-2.0394788809264833e-01
-1.8696472995561592e-01
-1.5811502817297740e-01
-1.1434160752154135e-01
-5.2052945088066724e-02
3.2939019798864801e-02
1.4548356944434293e-01
2.9115762210308310e-01
4.7633293232605622e-01
7.0824294188541670e-01
9.9504794742138847e-01
1.3458970498683342e+00
1.7709851509718857e+00
2.2816030703418226e+00
2.8901786777224050e+00
3.6103067774963353e+00
4.4567653523944069e+00
5.4455156795676540e+00
6.5936837821330379e+00
7.9195206813616430e+00
9.4423389763440717e+00
1.1182423406677579e+01
1.3160913255687177e+01
1.5399654731983087e+01
1.7921021829742287e+01
2.0747704614429757e+01
2.3902464410942375e+01
2.7407855982159383e+01
3.1285917473094312e+01
3.5557829650298963e+01
4.0243546777957171e+01
4.5361402326571493e+01
5.0927693591106141e+01
5.6956250183562645e+01
6.3457992238581078e+01
7.0440485006039125e+01
7.7907497277025328e+01
8.5858571772749329e+01
9.4288616194061888e+01
1.0318752405663295e+02
1.1253983469942402e+02
1.2232444193015031e+02
1.3251436064202034e+02
1.4307656038664709e+02
1.5397187430847941e+02
1.6515499103172593e+02
1.7657453604335677e+02
1.8817324784253549e+02
1.9988825264313181e+02
2.1165143974256802e+02
2.2338993783529344e+02
2.3502669058699774e+02
2.4648112773616856e+02
2.5766992589733491e+02
2.6850785115421019e+02
2.7890867350221822e+02
2.8878614128083672e+02
2.9805500197986527e+02
3.0663205426010057e+02
3.1443721474631894e+02
3.2139458217088111e+02
3.2743348080675480e+02
3.3248946485775900e+02
3.3650526559206077e+02
3.3943166352252433e+02
3.4122826885541332e+02
3.4186419473631685e+02
3.4131860949894303e+02
3.3958115613704575e+02
3.3665222953153301e+02
3.3254310452467445e+02
3.2727591068398300e+02
3.2088345247712897e+02
3.1340887651909509e+02
3.0490519048397420e+02
2.9543464112669932e+02
2.8506796156578986e+02
2.7388350047248599e+02
2.6196624803439755e+02
2.4940677546101190e+02
2.3630010632986833e+02
2.2274453920207563e+02
2.0884044164027316e+02
1.9468903602956371e+02
1.8039119743096308e+02
1.6604628309882250e+02
1.5175101228971153e+02
1.3759841361227154e+02
1.2367685545607347e+02
1.1006917304132942e+02
9.6851903404402520e+01
8.4094637235906760e+01
7.1859493980035325e+01
6.0200724048474783e+01
4.9164439460942390e+01
3.8788471756456431e+01
2.9102353679326281e+01
2.0127418981021815e+01
1.1877012736001451e+01
4.3568028811704345e+00
-2.4348177178728423e+00
-8.5062504776857839e+00
-1.3872144185885858e+01
-1.8552795055856130e+01
-2.2573507017282409e+01
-2.5963925405501552e+01
-2.8757356835981575e+01
-3.0990087430790851e+01
-3.2700710732145396e+01
-3.3929475627845854e+01
-3.4717663461153201e+01
-3.5107002240262325e+01
-3.5139124537314245e+01
-3.4855074309496622e+01
-3.4294866519699141e+01
-3.3497102112017707e+01
-3.2498639636177295e+01
-3.1334323638722697e+01
-3.0036768866572807e+01
-2.8636198376384947e+01
-2.7160332821106920e+01
-2.5634327500249707e+01
-2.4080753214867187e+01
-2.2519616560761413e+01
-2.0968415019591802e+01
-1.9442222059204013e+01
-1.7953797422632839e+01
-1.6513717856884309e+01
-1.5130523695876219e+01
-1.3810876951571062e+01
-1.2559726870298826e+01
-1.1380479262060829e+01
-1.0275166296430987e+01
-9.2446138656646504e+00
-8.2886040324804355e+00
-7.4060304952490768e+00
-6.5950454082673104e+00
-5.8531962809014777e+00
-5.1775520407418902e+00
-4.5648176770257516e+00
-4.0114371784957150e+00
-3.5136847416958985e+00
-3.0677444510825169e+00
-2.6697788207132112e+00
-2.3159867400785998e+00
-2.0026514852443396e+00
-1.7261795434490266e+00
-1.4831310571500400e+00
-1.2702427256476252e+00
-1.0844440117481826e+00
-9.2286749108737598e-01
-7.8285415569516303e-01
-6.6195444476842025e-01
-5.5792572680019992e-01
-4.6872690156758440e-01
-3.9251072996429054e-01
-3.2761443694005571e-01
-2.7254906906119630e-01
-2.2598802602457987e-01
-1.8675512491229426e-01
-1.5381249918777798e-01
-1.2624858119486768e-01
-1.0326636860786068e-01
-8.4172131264531061e-02
-6.8364676205654590e-02
-5.5325254673909953e-02
-4.4608165633202183e-02
-3.5832085797561489e-02
-2.8672135579049039e-02
-2.2852673967206475e-02
-1.8140802019275423e-02
-1.4340544986247483e-02
-1.1287675503107709e-02
-8.8451354913975603e-03
-6.8990114669806746e-03
-5.3550164003335872e-03
-4.1354313932677762e-03
-3.1764613444392551e-03
-2.4259605183580765e-03
-1.8414863263398491e-03
-1.3886423686156482e-03
-1.0396747310580520e-03
-7.7228867867849750e-04
-5.6865599495769712e-04
-4.1458624982859980e-04
-2.9883828858026434e-04
-2.1255091270135448e-04
-1.4877442397651441e-04
-1.0208698339507132e-04
-6.8281968917488213e-05
-4.4114446445130530e-05
-2.7096565845491247e-05
-1.5333273781840386e-05
-7.3911247096697913e-06
-2.1939685202850438e-06
1.0594395220291040e-06
2.9602400873609257e-06
3.9400842107269329e-06
4.3105026328105164e-06
4.2932111494117541e-06
4.0434796506562125e-06
3.6678175423395223e-06
3.2374176007929152e-06
2.7981889629792325e-06
2.3782660582946824e-06
1.9934729208781030e-06
1.6513517266453868e-06
1.3540392018362162e-06
1.1002880759015841e-06
8.8689465831651179e-07
7.0967441990655270e-07
5.6406410362278494e-07
4.4555253387046256e-07
3.4989935226251299e-07
2.7329011352804412e-07
2.1235569843820955e-07
1.6419813507045396e-07
1.2636794985062443e-07
9.6818862685305854e-08
7.3855826693275054e-08
5.6104110496257413e-08
4.2445143932512412e-08
3.1983285055643941e-08
2.4008693720554475e-08
1.7953818898535272e-08
1.3378314343626889e-08
9.9297138235031741e-09
7.3451746560215779e-09
5.4147212732423339e-09
3.9780708154649823e-09
2.9126681800295727e-09
2.1251424167858975e-09
1.5421623179706894e-09
1.1191878631139445e-09
8.0772683721284341e-10
5.8076422665156553e-10
4.1646540480879644e-10
3.0014243049781888e-10
2.1375251666066046e-10
1.5297586600418556e-10
1.0875979569829679e-10
7.4912587885531746e-11
5.4291095168131083e-11
3.7785190306233561e-11
2.5727825047067846e-11
1.8981499109472509e-11
1.3792707431061528e-11
8.4161711521610658e-12
7.1577637839739227e-12
5.3420406467529442e-12
3.1716478414077112e-12
2.1299722291223226e-12
1.8860935610528941e-12
2.8558656663297295e-12
2.0688146388457734e-12
1.1441520220024112e-12
3.3783860839514787e-13
-2.5543524834424165e-13
1.1561590108161412e-12
1.5099567277555431e-12
-1.3062046513549698e-12
3.6880431409659891e-13
-1.7944349732749822e-12
-1.3808583922701799e-12
-5.0653246309608710e-13
6.7826828542797458e-13
1.8482759920494162e-12
1.2187190067582110e-13
-4.7594284044111379e-13
4.7826287860769924e-13
1.0808693618416265e-12
1.1038503706662097e-12
1.2900486311395683e-12
-2.9829110165548952e-13
8.0731981555935741e-13
1.2872363837707245e-12
-5.0692617796926745e-13
1.2901574455754319e-12
-8.4477331010535669e-13
1.3585588238244618e-12
-2.1013851959300421e-13
2.3513990054020053e-12
4.1853342015952247e-13
-1.5900096275641490e-12
3.1790847045750377e-13
1.5339036656665029e-13
1.0097764428637207e-12
9.0861220770819327e-13
-9.3035054071588483e-13
-9.4897998788298084e-13
7.3244076513621855e-13
-5.0836150909295820e-13
5.9211235762636322e-14
2.7774985850174640e-12
1.6524002048690416e-12
1.6290548586597102e-12
-1.0015642739540062e-12
-1.1329114581424674e-12
4.0301313591782650e-14
-1.1179210100926362e-12
-8.3111922429257671e-14
1.6920079376834856e-13
2.9417628409154677e-12
-5.3827175786139155e-13
-2.7113243598386126e-13
7.1199090249638494e-13
1.5026153514888515e-13
-6.3313792237046400e-13
-8.8132553518716332e-13
-9.0823984002071486e-13
1.7424428299171245e-12
-5.6727265282665869e-13
-1.7511191297389022e-13
-2.6966212408244997e-12
2.3956595361548824e-12
4.7497443670217994e-13
1.7126528059530191e-12
-4.5459874028754765e-13
-1.7929282867226137e-12
1.0205624633541323e-12
-6.9227574804865350e-13
6.0042849903046722e-13
3.0753777490615599e-13
6.6790817062767887e-13
-3.1682574636688910e-13
-1.2234207420031774e-12
-1.9786355520333868e-12
-1.1069916479443322e-12
6.4073347613948100e-13
-1.8717249784855235e-12
-1.1951824562252225e-12
-4.5888716557585592e-13
1.8402378435757165e-12
-1.1606958696913038e-12
