-6.2808814652807540e-14
-1.0809674929571401e-13
-1.6167211251130726e-13
-2.3754158940013083e-13
-2.9928259447308409e-13
-3.2654773208103112e-13
-3.7617035138006114e-13
-4.2691209194238180e-13
-4.8606661610735296e-13
-5.4287061408551807e-13
-6.2660282957881970e-13
-7.1957048617401545e-13
-7.9137254126174524e-13
-8.6552660394252284e-13
-9.4635775388687155e-13
-1.0277777216271876e-12
-1.1260479743104146e-12
-1.2173502882972802e-12
-1.3079549496934992e-12
-1.4126761512419622e-12
-1.4739124675662166e-12
-1.5316280982498093e-12
-1.6067812723316414e-12
-1.6803001856677624e-12
-1.7369551623594208e-12
-1.7972324263312379e-12
-1.8595574439568886e-12
-1.9175654949431990e-12
-1.9313961799956921e-12
-1.9483355140362404e-12
-1.9573821094945615e-12
-1.9385026900695726e-12
-1.9237439910775500e-12
-1.8652607327729985e-12
-1.7919979259161567e-12
-1.7148816544368837e-12
-1.5889862603804837e-12
-1.4205288324700814e-12
-1.2731056266809178e-12
-1.0722136487605521e-12
-8.3725014195015533e-13
-6.0617688539553051e-13
-3.9118304206941103e-13
-1.6374026649174805e-13
8.0225915623389593e-14
3.1275915817373861e-13
5.2670035868723160e-13
7.4879336466810239e-13
9.3180054123437477e-13
1.1414411071601007e-12
1.3814850918530057e-12
1.6326713278176541e-12
1.9269386404963469e-12
2.2608457525028312e-12
2.5784614984445672e-12
2.9319252201795408e-12
3.3180412773754993e-12
3.7146777628543883e-12
4.0914196843058200e-12
4.5077530148417432e-12
4.9271407083017930e-12
5.3593636399359859e-12
5.7420691205584302e-12
6.2007865979866290e-12
6.6284830925387055e-12
7.0876222551243327e-12
7.5722208592523483e-12
8.1144062796023084e-12
8.6512672150041307e-12
9.1925547811389387e-12
9.7292046287990810e-12
1.0335812162503261e-11
1.0913539025974087e-11
1.1529062471729049e-11
1.2179768741137478e-11
1.2881964803877887e-11
1.3533410478788884e-11
1.4175480854873306e-11
1.4816177104446358e-11
1.5480341486352552e-11
1.6055465617946052e-11
1.6671544921749094e-11
1.7303920522897199e-11
1.7980928328616092e-11
1.8624331777262507e-11
1.9255783968506690e-11
1.9899546459349873e-11
2.0577634340539233e-11
2.1212812716564213e-11
2.1827686751866864e-11
2.2455616937570552e-11
2.3134112374479463e-11
2.3724025476617996e-11
2.4297122984975414e-11
2.4857635741471059e-11
2.5427673602694597e-11
2.5923826170997033e-11
2.6439986396775737e-11
2.6940704684346075e-11
2.7475452095708603e-11
2.7947064490301714e-11
2.8356411286000694e-11
2.8746403769055085e-11
2.9133918186430452e-11
2.9420454726702651e-11
2.9687849246151097e-11
2.9943158909918057e-11
3.0187698222136152e-11
3.0327096624220344e-11
3.0447100937242236e-11
3.0531852148494494e-11
3.0571201294202307e-11
3.0529745018932721e-11
3.0438296562501311e-11
3.0315518963655219e-11
3.0158751159390374e-11
2.9927966817010436e-11
2.9649960332119826e-11
2.9359546446526427e-11
2.9043896011066908e-11
2.8660938360956367e-11
2.8225734503557677e-11
2.7781054559719566e-11
2.7313130903339760e-11
2.6764878171695086e-11
2.6170912361045634e-11
2.5600439760166684e-11
2.4999955019873929e-11
2.4389735759403428e-11
2.3746904454448135e-11
2.3120637196450858e-11
2.2475551324382764e-11
2.1791349253614257e-11
2.1067129240779676e-11
2.0384451707306764e-11
1.9686448918410676e-11
1.8994234893018081e-11
1.8297289177145381e-11
1.7630205117320054e-11
1.6968093263550356e-11
1.6298808455424699e-11
1.5655615761816344e-11
1.5048391314000905e-11
1.4440600646001541e-11
1.3908324066888705e-11
1.3347527296725460e-11
1.2787456579437187e-11
1.2241685978755378e-11
1.1654263122495041e-11
1.1070396112317108e-11
1.0525924624689971e-11
9.9831194826067199e-12
9.4856629013628607e-12
8.9988126329423653e-12
8.5383563920019583e-12
8.0538325733390719e-12
7.5851719840677094e-12
7.1276287747195164e-12
6.6922216964736609e-12
6.2705957597094100e-12
5.9158975037973164e-12
5.5481696156693651e-12
5.1810458238186120e-12
4.8177919969859535e-12
4.4465593280353861e-12
4.0753238355736913e-12
3.7540624193108537e-12
3.4010945758840055e-12
3.1248341347127940e-12
2.8304739737356666e-12
2.5484283103380994e-12
2.2504338023392259e-12
1.9831701233945616e-12
1.7044685486580914e-12
1.4639715676850617e-12
1.2316275151603840e-12
1.1021827598743696e-12
9.7096860835432734e-13
8.4175196895559189e-13
6.9527328699085560e-13
5.6346218952394471e-13
4.1448179103114658e-13
2.9179115640205585e-13
1.4813929920059185e-13
5.1299385775368232e-14
-2.0852896122277145e-14
-5.6134432153573434e-14
-9.4456491027561124e-14
-8.7178207919829942e-14
-6.7105449277771994e-14
-2.5573291925914515e-14
-7.4710345539534255e-15
7.8938052221864176e-14
1.5415137551000182e-13
1.9800844163295104e-13
2.2840281881880480e-13
2.9600460672892812e-13
3.6799155990438355e-13
4.3531618000686651e-13
4.5897298272199074e-13
5.2468512738588835e-13
5.7135996916821622e-13
5.9639108396650189e-13
5.8769289330531070e-13
6.2758501577758262e-13
6.5809750282910902e-13
6.7303859947933133e-13
6.8301389296021979e-13
7.3173994832649997e-13
7.7167850002548967e-13
8.0658737688264066e-13
8.0803304736866303e-13
8.5390072763821687e-13
9.1617579447352518e-13
9.5528074913013656e-13
9.7191115512420810e-13
9.8118348513806539e-13
1.0127114919829319e-12
1.0147453684633822e-12
9.9633605749149947e-13
1.0100581795489816e-12
1.0424308230105633e-12
1.0622643939887517e-12
1.0384860141214508e-12
1.0296225278054503e-12
9.7344252674439041e-13
9.1959705503215402e-13
8.2533356351625996e-13
7.4962475897557386e-13
6.9333450016652716e-13
6.2133831177628299e-13
5.2390541795077643e-13
4.0913664049028643e-13
3.2133647603999086e-13
2.3392149355514008e-13
1.4643204467822050e-13
1.0201216997174126e-13
9.1365585577914096e-14
8.0146767523965414e-14
7.6159703645709495e-14
7.5929529712737823e-14
8.5591020836612812e-14
7.7072559051808718e-14
9.2651376980462995e-14
1.0710361118314180e-13
1.3116433000233779e-13
1.4467180855726677e-13
1.5254121500119244e-13
1.3592256994046690e-13
1.2744940786424899e-13
1.0427703265445171e-13
5.8026314077687742e-14
3.9691194551653383e-14
3.2450842925492141e-14
2.7372206434721171e-14
-3.9788390857827669e-15
