-1.3796409498852981e-13
-1.9531132897886288e-13
-2.6583372174472240e-13
-3.3539601626708571e-13
-3.9499343716820418e-13
-4.3044884701350029e-13
-4.8087373355825960e-13
-5.4009305157406424e-13
-5.6118268475046777e-13
-6.1286316995971760e-13
-6.8655706540353802e-13
-7.7155828199650325e-13
-8.3760176695442908e-13
-9.1830948660520511e-13
-9.7946678390676521e-13
-1.0625509950559469e-12
-1.1212329996795646e-12
-1.1981267154968959e-12
-1.3165109668130641e-12
-1.4067754860524362e-12
-1.4847683202348728e-12
-1.5649393448725211e-12
-1.6570225783127390e-12
-1.7552128815239206e-12
-1.8129978230193556e-12
-1.8686293530411084e-12
-1.9227781669906328e-12
-1.9968119486006315e-12
-2.0246131386690958e-12
-2.0575270476484066e-12
-2.0674443962405720e-12
-2.0563986814208639e-12
-2.0092501874697690e-12
-1.9641798810522848e-12
-1.8976985720539840e-12
-1.8240159518016113e-12
-1.7274565555537294e-12
-1.6097792994746824e-12
-1.4973114061512953e-12
-1.3164483676846665e-12
-1.0921491439394484e-12
-8.5380573910813316e-13
-6.7552707310353777e-13
-4.6388973351376463e-13
-2.5620567478075938e-13
-5.4572639889172388e-14
1.3242760408401969e-13
3.3019111802380395e-13
5.1160005000451273e-13
6.9817919958892688e-13
8.7460140760699568e-13
1.1209207045217368e-12
1.3742883925446388e-12
1.6320878040756525e-12
1.8833797911767902e-12
2.1911183130610626e-12
2.5448480371336358e-12
2.8874319919767898e-12
3.2447644467872492e-12
3.5790388693354331e-12
3.9243221783186236e-12
4.2722820487641300e-12
4.6296053928336314e-12
5.0510870280303208e-12
5.4147326476993884e-12
5.8013570362843463e-12
6.1996549008519295e-12
6.6415716279646315e-12
7.0704284929346099e-12
7.5004438567811904e-12
7.9509907479289714e-12
8.4318199635108554e-12
8.9334694494995812e-12
9.4693199229460441e-12
9.9995617946752010e-12
1.0541813527464648e-11
1.1093969878970161e-11
1.1621048097330136e-11
1.2122910216124727e-11
1.2647757283911280e-11
1.3112823241495097e-11
1.3624110728633529e-11
1.4105749074860636e-11
1.4631514176548567e-11
1.5123625542556311e-11
1.5611967913281477e-11
1.6103185139177844e-11
1.6640140406086667e-11
1.7134631985755144e-11
1.7615067447422528e-11
1.8108773226528279e-11
1.8587515897738800e-11
1.9023562967876006e-11
1.9443003172764983e-11
1.9874815955310113e-11
2.0320493546646500e-11
2.0704120209443146e-11
2.1085947479617276e-11
2.1450093921168392e-11
2.1819636929066790e-11
2.2144523975469934e-11
2.2419432493665106e-11
2.2710396018314768e-11
2.2957858360054390e-11
2.3155030516962513e-11
2.3336767486150481e-11
2.3502174679900246e-11
2.3632803138275226e-11
2.3719517598047110e-11
2.3774367765053652e-11
2.3793737467368072e-11
2.3793680600251613e-11
2.3720213313863644e-11
2.3625839949638975e-11
2.3490140245789334e-11
2.3311035693473905e-11
2.3093969862223878e-11
2.2806537030321857e-11
2.2534329699038943e-11
2.2239027933245232e-11
2.1887004061888988e-11
2.1491351695534737e-11
2.1082346278090665e-11
2.0665636554435641e-11
2.0201379079216451e-11
1.9689073838080035e-11
1.9190046141682556e-11
1.8696502069827738e-11
1.8183299626456875e-11
1.7663492094302764e-11
1.7151790512939660e-11
1.6612631311720957e-11
1.6065717010438957e-11
1.5496844351579844e-11
1.4941390075675168e-11
1.4398446835870687e-11
1.3844025700605601e-11
1.3294460075444477e-11
1.2779684578900478e-11
1.2274906628161571e-11
1.1782058748565334e-11
1.1302949458340963e-11
1.0850575471373514e-11
1.0411764342695903e-11
9.9903370522117242e-12
9.5719870192934181e-12
9.1831232413998169e-12
8.7514138595887818e-12
8.3320302252527167e-12
7.9104865805143678e-12
7.5338728955385353e-12
7.1511631389095802e-12
6.7805467280329453e-12
6.4263188130280051e-12
6.0735967397801222e-12
5.7436021707721372e-12
5.4031064746836959e-12
5.0717162612365705e-12
4.7491689341786213e-12
4.4334240494825979e-12
4.1538456691843686e-12
3.8721951896804720e-12
3.6119911336920552e-12
3.3447975446801606e-12
3.1005113798250088e-12
2.8489576263159053e-12
2.6490095437734940e-12
2.4038809966662301e-12
2.1880131592924071e-12
1.9577852009588562e-12
1.7810706257791562e-12
1.5809186148331973e-12
1.3768068583005061e-12
1.1666389179492487e-12
9.8443308081809725e-13
8.1298946392105706e-13
6.8198226864598212e-13
5.8453623652880494e-13
5.3371697343909478e-13
4.3919372988112918e-13
3.5170531180979370e-13
2.8283041277141561e-13
2.2163306915299500e-13
1.4586566442843161e-13
5.9269702278747635e-14
3.2483440893203269e-14
2.0412433343426647e-14
4.2047731048732071e-14
7.4657165869623254e-14
1.2410530656345675e-13
1.8287971235516835e-13
2.0638472363512251e-13
2.8560674804900771e-13
3.5937215861314050e-13
4.3057843294794706e-13
4.8856324712859825e-13
5.6185063320242224e-13
6.3626538453697638e-13
7.0277878478483302e-13
7.4275873911089722e-13
7.4676556479610477e-13
7.5651778650337411e-13
7.7483018668086476e-13
7.9092314981592437e-13
7.7434139832078288e-13
7.8943380516685573e-13
7.9353153676355877e-13
7.9218733782781905e-13
8.1625591837008980e-13
8.1553434150733973e-13
8.6318550163318533e-13
8.9104318470836189e-13
9.3493263441225336e-13
9.9630460674528463e-13
1.0321887393164488e-12
1.0428084533421883e-12
1.0536005803239515e-12
1.0645448808727855e-12
1.0603773033219356e-12
1.0767082227683917e-12
1.1000691685223863e-12
1.1458284868534173e-12
1.1472642987989923e-12
1.1129527560673888e-12
1.0734862882916546e-12
1.0393174649959553e-12
9.8047595244730731e-13
9.1640685084871329e-13
8.5035986853058534e-13
8.1949811797673680e-13
7.1972071711946252e-13
6.3681389512237485e-13
5.2333811529278671e-13
4.1398766007186220e-13
3.1317747467100521e-13
2.2819025538526234e-13
1.8441313226481314e-13
1.7525965020705665e-13
1.7414250931884304e-13
1.5747537771770739e-13
1.7748850868947006e-13
1.6882392773979773e-13
1.5362744394480375e-13
1.4123611205268125e-13
1.4103624250598135e-13
1.7513714941509831e-13
1.8109765993274273e-13
1.5969902127779232e-13
1.4906155219536845e-13
1.2863634249398294e-13
9.1423577087766843e-14
4.3039516524131622e-14
1.9823819642725393e-14
1.5974312795968132e-14
-1.7048489692364954e-14
-8.6978318510775798e-14
