-9.0802364551640907e-14
-1.4870540781640011e-13
-2.0277011260481744e-13
-3.0594372874225908e-13
-3.7732117857923987e-13
-4.1909356146292960e-13
-4.7856430416760441e-13
-5.4670009436492845e-13
-5.9231217078782464e-13
-6.4308747096048579e-13
-7.0511450334597959e-13
-8.0103729279625171e-13
-8.7238642681068790e-13
-9.3565688714363106e-13
-1.0225981668112719e-12
-1.1138505665833002e-12
-1.1786575922838409e-12
-1.2613340333157765e-12
-1.3334484871765464e-12
-1.4210620824435087e-12
-1.4851938253842925e-12
-1.5377902928689547e-12
-1.6045950442626002e-12
-1.6708767866241024e-12
-1.6869554484053793e-12
-1.7131110986567841e-12
-1.7451899923142493e-12
-1.7702095911606993e-12
-1.7843844206554540e-12
-1.7978439020954908e-12
-1.8279798808477295e-12
-1.8392068980101104e-12
-1.7895244885897624e-12
-1.7552008009389973e-12
-1.6988256776630210e-12
-1.6277753180583717e-12
-1.4991091891292958e-12
-1.3833161398144348e-12
-1.2488560693537180e-12
-1.0516337003220367e-12
-8.1197925380297419e-13
-5.5970910787133462e-13
-3.1941501289164848e-13
-5.8809413921943522e-14
1.9717505714581050e-13
4.4498139959462383e-13
7.1138482931008153e-13
9.6784959792810980e-13
1.2036297154656219e-12
1.4985574291504714e-12
1.7959490568630310e-12
2.1397831435388161e-12
2.5026579810418175e-12
2.8676366183631206e-12
3.2422926000887525e-12
3.6427995438075986e-12
4.0714108961699498e-12
4.5131028269073681e-12
4.9879890282371038e-12
5.4420959254203589e-12
5.9354719382003286e-12
6.4247360672803823e-12
6.8929249844654570e-12
7.4203429081548129e-12
7.9305260010079925e-12
8.4605196843223071e-12
9.0512323336260738e-12
9.6815143517385326e-12
1.0320653097118786e-11
1.0914934573221031e-11
1.1534122905789519e-11
1.2219256654704900e-11
1.2881566983974196e-11
1.3601855776594070e-11
1.4376777625975926e-11
1.5151317196243597e-11
1.5890358110430757e-11
1.6618653984383458e-11
1.7367835007019792e-11
1.8122943121284392e-11
1.8800340316353818e-11
1.9531129008980925e-11
2.0291266347438575e-11
2.1081490483539252e-11
2.1845001102012185e-11
2.2582181900778268e-11
2.3335020850013946e-11
2.4134954898435872e-11
2.4855966508190267e-11
2.5596697151754569e-11
2.6351767657614668e-11
2.7102397100048050e-11
2.7785142745908736e-11
2.8459584965245771e-11
2.9112506804327211e-11
2.9777882745959766e-11
3.0357110052913424e-11
3.0941510675044635e-11
3.1546190616408590e-11
3.2119325762267768e-11
3.2638177428710048e-11
3.3096093299218797e-11
3.3525557721744010e-11
3.3957409555764096e-11
3.4296744450221943e-11
3.4621333340840488e-11
3.4927307885969197e-11
3.5160920527737281e-11
3.5320547084334734e-11
3.5437569374728781e-11
3.5526104737882038e-11
3.5568717211755699e-11
3.5500729624518430e-11
3.5394675466007266e-11
3.5253363779536047e-11
3.5075318446977786e-11
3.4808166238389603e-11
3.4477929492997241e-11
3.4126534576242635e-11
3.3765791638674665e-11
3.3309465548930212e-11
3.2836096949291950e-11
3.2318204517961327e-11
3.1752447047524206e-11
3.1127718814997852e-11
3.0474835790138559e-11
2.9815256761108354e-11
2.9134132527947187e-11
2.8402737071768953e-11
2.7672560600988763e-11
2.6917811371767249e-11
2.6135096231986169e-11
2.5323896166615556e-11
2.4506885423374424e-11
2.3714771878304917e-11
2.2921086139837839e-11
2.2107373926614828e-11
2.1331143499842309e-11
2.0543642964197568e-11
1.9764804368619468e-11
1.9017749665274476e-11
1.8264608103662876e-11
1.7565926809308653e-11
1.6877162603676383e-11
1.6214944612107591e-11
1.5549047572196728e-11
1.4865343354970720e-11
1.4180342957561335e-11
1.3476277809636129e-11
1.2783806369514698e-11
1.2133970496570550e-11
1.1498901347673646e-11
1.0885749894115338e-11
1.0290947821038821e-11
9.7044485336343676e-12
9.1392593596412448e-12
8.5991703105005867e-12
8.0882408627220673e-12
7.6316743937887630e-12
7.1798619662930621e-12
6.7606518870358383e-12
6.3686988972064631e-12
5.9562220858915693e-12
5.5726589990974652e-12
5.1757592303949242e-12
4.8085981677193664e-12
4.4885385735645348e-12
4.1318703564953906e-12
3.8176667487839500e-12
3.5018811970795947e-12
3.1741108306050071e-12
2.8666612315315661e-12
2.5829889071225245e-12
2.2911342329539351e-12
2.0178801892265808e-12
1.7630831402679109e-12
1.5727911891856094e-12
1.3848460126346105e-12
1.1993559021931285e-12
1.0318951509324897e-12
8.5506432373574336e-13
7.0871521063245983e-13
5.8621935672971157e-13
4.4696109598660492e-13
3.4996624033044759e-13
2.6602166672084913e-13
2.0102960252168034e-13
1.7201823133573893e-13
1.6801944081198463e-13
1.5988334908170639e-13
2.1580352845305907e-13
2.4571408477463285e-13
3.0094330392761255e-13
3.7592084267742509e-13
4.1218558593729857e-13
4.8792098760948881e-13
5.5827339440621610e-13
6.5472854788111734e-13
7.3345692389709362e-13
7.6450816850927176e-13
8.2947425957026504e-13
8.2463658087795144e-13
8.0338455782261015e-13
8.2425952271492375e-13
8.3804517781981790e-13
8.6943915870170103e-13
8.6493318581648384e-13
8.6631622670914713e-13
9.0357287406626344e-13
9.2318211025548814e-13
9.3660340627189405e-13
9.5165936042438841e-13
1.0038322353320590e-12
1.0722456750708729e-12
1.1137391575458725e-12
1.1100642155487511e-12
1.1268923177125608e-12
1.1279466236999123e-12
1.1220357943474160e-12
1.1046138777062049e-12
1.1257819321079208e-12
1.1351345564601978e-12
1.1372116655325824e-12
1.1127568032766522e-12
1.0874648998538533e-12
1.0425600866578564e-12
9.7893306245824646e-13
9.0515021958629905e-13
8.3750226610242146e-13
8.1182733110121701e-13
7.3839186976232318e-13
6.3198315163970098e-13
5.2196923668840406e-13
3.9731751867397511e-13
3.0016261661793162e-13
2.1680826931979173e-13
1.7127465902745659e-13
1.7178812313643127e-13
1.4398820846402838e-13
1.3130462705243364e-13
1.6853134389904840e-13
1.6366458249058490e-13
1.6874574721883279e-13
1.2694359450458245e-13
1.4500319268638249e-13
1.7722249273023045e-13
1.7870839688971667e-13
1.6297329960981021e-13
1.5824144919437606e-13
1.3305891909674574e-13
9.1909705928312132e-14
7.2090201188905360e-14
4.1370887943618517e-14
3.9193367321869620e-14
-4.9325378790629609e-15
-6.6912361009710108e-14
