-1.3456050892344854e-01
-1.5572640266272497e-01
-1.7854062714092681e-01
-2.0329182868218015e-01
-2.3009598701783679e-01
-2.5914521509569621e-01
-2.9057432681021972e-01
-3.2454454093685681e-01
-3.6117902903240284e-01
-4.0060787205825094e-01
-4.4292800272997462e-01
-4.8822377671001765e-01
-5.3654003636910230e-01
-5.8789456481650915e-01
-6.4225811076288208e-01
-6.9956226690196333e-01
-7.5968759300897148e-01
-8.2245851177602247e-01
-8.8761631992900369e-01
-9.5482347890798114e-01
-1.0236480447988308e+00
-1.0935624393047418e+00
-1.1639158076348510e+00
-1.2339275218135468e+00
-1.3026831890313939e+00
-1.3691222029468779e+00
-1.4320134451862154e+00
-1.4899495461362477e+00
-1.5413319208959662e+00
-1.5843601037986945e+00
-1.6170077853200517e+00
-1.6370129513840217e+00
-1.6418632817347143e+00
-1.6287907583925156e+00
-1.5947564680003052e+00
-1.5364338177486201e+00
-1.4502071319594172e+00
-1.3321716381605424e+00
-1.1781192634609310e+00
-9.8353858689716789e-01
-7.4361339776711421e-01
-4.5323736310390045e-01
-1.0701035987333299e-01
3.0076404428490994e-01
7.7605863681526221e-01
1.3251034336203247e+00
1.9543687751317551e+00
2.6705300207840725e+00
3.4804439649025003e+00
4.3911269359339276e+00
5.4097155405635347e+00
6.5434182816663018e+00
7.7994705211971453e+00
9.1850904003043983e+00
1.0707426873911595e+01
1.2373487839007939e+01
1.4190078732141869e+01
1.6163743672235544e+01
1.8300696568571500e+01
2.0606753797826009e+01
2.3087271442864925e+01
2.5747056771019679e+01
2.8590290597885911e+01
3.1620460148460147e+01
3.4840288658731815e+01
3.8251663161503586e+01
4.1855555721115998e+01
4.5651964633273579e+01
4.9639865047419129e+01
5.3817143063855326e+01
5.8180543554664254e+01
6.2725630949491133e+01
6.7446750697131890e+01
7.2336998418399716e+01
7.7388204577207915e+01
8.2590922676781545e+01
8.7934430408765309e+01
9.3406745532461287e+01
9.8994638520658768e+01
1.0468366523908783e+02
1.1045822704169414e+02
1.1630162726093394e+02
1.2219613021910791e+02
1.2812304248172450e+02
1.3406280583769771e+02
1.3999509363583059e+02
1.4589892021287869e+02
1.5175275978774445e+02
1.5753467193810673e+02
1.6322243844882573e+02
1.6879370416663255e+02
1.7422611031253683e+02
1.7949745017761884e+02
1.8458582633457019e+02
1.8946979317830889e+02
1.9412850572224039e+02
1.9854186678279544e+02
2.0269067876255539e+02
2.0655677946304968e+02
2.1012315754641793e+02
2.1337408526077957e+02
2.1629523744688564e+02
2.1887379213734641e+02
2.2109853227345002e+02
2.2295992917251104e+02
2.2445019283811462e+02
2.2556333078949100e+02
2.2629519382724808e+02
2.2664350292835800e+02
2.2660785497893576e+02
2.2618971188018537e+02
2.2539239544077898e+02
2.2422105769336409e+02
2.2268262109892575e+02
2.2078572039800773e+02
2.1854062920307425e+02
2.1595916522496572e+02
2.1305459951122765e+02
2.0984155694448830e+02
2.0633589082907361e+02
2.0255456279493592e+02
1.9851551031906817e+02
1.9423751049027609e+02
1.8974004654242367e+02
1.8504316898885327e+02
1.8016735430370380e+02
1.7513336053422105e+02
1.6996209102273869e+02
1.6467445164183613e+02
1.5929121867361468e+02
1.5383293007271493e+02
1.4831976033488303e+02
1.4277140079992884e+02
1.3720695751249261e+02
1.3164485008671210e+02
1.2610272849786507e+02
1.2059739779743668e+02
1.1514475184631104e+02
1.0975971194331211e+02
1.0445617847305567e+02
9.9246995392908190e+01
9.4143914775915889e+01
8.9157586667874270e+01
8.4297557400708953e+01
7.9572260557991811e+01
7.4989028615298949e+01
7.0554111600979752e+01
6.6272690685648286e+01
6.2148916455084724e+01
5.8185958129273644e+01
5.4386035716071866e+01
5.0750463840632129e+01
4.7279702589870595e+01
4.3973418636492866e+01
4.0830540658541892e+01
3.7849301386310927e+01
3.5027303346821675e+01
3.2361586929645831e+01
2.9848685343963531e+01
2.7484689322289984e+01
2.5265310388454019e+01
2.3185920205610874e+01
2.1241607189485137e+01
1.9427237498965063e+01
1.7737504635359606e+01
1.6166976023941004e+01
1.4710129158865717e+01
1.3361402018239234e+01
1.2115236406869219e+01
1.0966101769743041e+01
9.9085275478625476e+00
8.9371340774090378e+00
8.0466547850225325e+00
7.2319548437591630e+00
6.4880513823254748e+00
5.8101273181529400e+00
5.1935466358235542e+00
4.6338663563181361e+00
4.1268344376863624e+00
3.6683993311619698e+00
3.2547265584465910e+00
2.8821940065696294e+00
2.5473830450679578e+00
2.2470807167846019e+00
1.9782773209980680e+00
1.7381574464377856e+00
1.5240982294115557e+00
1.3336630403049397e+00
1.1645929282038041e+00
1.0148034712738800e+00
8.8237484811577427e-01
7.6553433557742701e-01
6.6266224584720235e-01
5.7228634952450197e-01
4.9306408114776240e-01
4.2377265577695777e-01
3.6330413953171981e-01
3.1066299706882028e-01
2.6495115866463276e-01
2.2534859254214673e-01
1.9111870534731767e-01
1.6160252838572445e-01
1.3621213694883277e-01
1.1442990275553533e-01
9.5799495270563167e-02
7.9907649818258888e-02
6.6386488979504901e-02
5.4912646523301925e-02
4.5205152863759812e-02
3.7012393480508096e-02
3.0110451471215070e-02
2.4310002960180693e-02
1.9454073273854847e-02
1.5403464285241020e-02
1.2038964005157573e-02
9.2543540986438164e-03
6.9492948161547002e-03
5.0398715977750383e-03
3.4635709364628587e-03
2.1644738410254273e-03
1.0948258262195420e-03
2.0974513748129193e-04
-5.2236413912379353e-04
-1.1289319355475926e-03
-1.6396773716205273e-03
-2.0820667747346016e-03
-2.4769911387531440e-03
-2.8465344737209262e-03
-3.2124365647066238e-03
-3.5970168518689363e-03
-4.0144229136971198e-03
-4.4780643314954139e-03
-4.9985154447143212e-03
-5.5927565483480535e-03
-6.2729431726591010e-03
-7.0476780198669847e-03
-7.9315735724134074e-03
-8.9502169342560913e-03
-1.0126231508090874e-02
-1.1488238491169785e-02
-1.3067914107653700e-02
-1.4912890720808342e-02
-1.7068209726010308e-02
-1.9583768214723768e-02
-2.2512169163068588e-02
-2.5923913480174882e-02
-2.9896976322943143e-02
-3.4536108844590456e-02
-3.9951133986012181e-02
-4.6287737436108020e-02
-5.3696600432022290e-02
-6.2386664205687246e-02
-7.2567869395678719e-02
-8.4547601850617549e-02
-9.8603352469726915e-02
-1.1526424614205939e-01
