-3.4177981505819894e-14
-2.5671258391778081e-14
-1.7139277958024967e-14
-8.5821537005858193e-15
-8.5946300746146270e-15
0.0000000000000000e+00
-4.3097334497186781e-15
-4.3159134555227187e-15
-8.6441476967501829e-15
-4.3282145190512190e-15
-4.3343353585610587e-15
-8.6808725163046218e-15
-4.3465171093136200e-15
-4.3525778037777821e-15
0.0000000000000000e+00
1.0911595726964382e-14
-2.1853189340223213e-15
2.6259701148257518e-14
1.0956437884454995e-14
3.5108101188212502e-14
3.5155433886461951e-14
3.3002436070697160e-14
3.8554243555237511e-14
5.7356682399191372e-14
3.4238604025787270e-14
2.5436245404189543e-14
3.1006386424137382e-14
3.3264382888736895e-14
3.2197225201689247e-14
1.2228480698728782e-14
-9.4613966901179072e-15
2.7863135183902638e-14
9.7644730834658589e-15
4.1900572054112868e-14
3.7478185406546921e-14
5.6567544733144214e-14
8.1872518921757005e-14
9.9379096239523920e-14
9.3879737494605731e-14
1.5084153632745469e-13
1.8145541005446159e-13
2.4768722348802208e-13
3.3384796971004839e-13
5.0108833542545403e-13
7.0779425908194188e-13
1.0215635758877621e-12
1.4734182003794008e-12
2.1524802742216472e-12
3.1004927396261303e-12
4.5063263506003164e-12
6.5015466428364701e-12
9.3895583710592652e-12
1.3485405746848512e-11
1.9327513093372204e-11
2.7631945858031600e-11
3.9450484019065335e-11
5.6154060308899380e-11
7.9816049446469549e-11
1.1319530435190767e-10
1.6020511916869195e-10
2.2622141128879844e-10
3.1881066796578875e-10
4.4833296807270700e-10
6.2917564379079009e-10
8.8110323310387738e-10
1.2313111080577561e-09
1.7171221126829674e-09
2.3895890792729416e-09
3.3184033566676385e-09
4.5986255854115591e-09
6.3593749322352852e-09
8.7758532320247638e-09
1.2085195186141598e-08
1.6607658528496264e-08
2.2774608614062181e-08
3.1166098347625121e-08
4.2560080736157847e-08
5.7997764541987251e-08
7.8869505969566290e-08
1.0702758424983341e-07
1.4493427115100996e-07
1.9585529191037465e-07
2.6411204237746763e-07
3.5541029588919342e-07
4.7726605875921393e-07
6.3955781743194939e-07
8.5523981899915086e-07
1.1412604414315586e-06
1.5197439210102500e-06
2.0195045537092073e-06
2.6779843894068825e-06
3.5437250686422025e-06
4.6795142628340896e-06
6.1663803210454891e-06
8.1086511635195513e-06
1.0640344889404665e-05
1.3933222407412384e-05
1.8206908547726349e-05
2.3741580617239704e-05
3.0893835090862445e-05
4.0116477790407268e-05
5.1983144085001715e-05
6.7218848437250190e-05
8.6737793439006899e-05
1.1169004039879543e-04
1.4351896803957973e-04
1.8403182575073409e-04
2.3548613575051662e-04
3.0069522267232813e-04
3.8315675808914604e-04
4.8720891730199027e-04
6.1821956287331549e-04
7.8281481388835727e-04
9.8915443875549017e-04
1.2472627422778818e-03
1.5694250182810476e-03
1.9706612189999686e-03
2.4692902719738422e-03
3.0876004639541245e-03
3.8526435207149388e-03
4.7971724590894979e-03
5.9607459700147577e-03
7.3910250235615952e-03
9.1452905586866546e-03
1.1292214532273286e-02
1.3913920233774265e-02
1.7108371606501579e-02
2.0992135315596256e-02
2.5703563427347306e-02
3.1406448752098519e-02
3.8294209085496189e-02
4.6594660665942471e-02
5.6575445048929918e-02
6.8550177149992869e-02
8.2885385283530205e-02
1.0000831645695189e-01
1.2041568177793556e-01
1.4468341738902238e-01
1.7347753562580492e-01
2.0756613885401556e-01
2.4783266441175814e-01
2.9529042298494335e-01
3.5109848429257651e-01
4.1657895285900248e-01
4.9323566261985224e-01
5.8277430186781209e-01
6.8712395934186721e-01
8.0846005787149922e-01
9.4922861372931044e-01
1.1121717275870087e+00
1.3003541766611988e+00
1.5171909372888146e+00
1.7664754229170514e+00
2.0524081745437068e+00
2.3796256893649517e+00
2.7532290192489284e+00
3.1788117142961054e+00
3.6624866289476001e+00
4.2109110498041762e+00
4.8313095466247180e+00
5.5314938921460772e+00
6.3198793438200465e+00
7.2054965328563023e+00
8.1979981647692579e+00
9.3076597027384764e+00
1.0545373182354300e+01
1.1922633295625966e+01
1.3451514885364988e+01
1.5144641010050613e+01
1.7015140775774196e+01
1.9076596187408573e+01
2.1342977347114577e+01
2.3828565425745193e+01
2.6547862952370075e+01
2.9515491109344644e+01
3.2746073884952779e+01
3.6254109122017596e+01
4.0053826707797192e+01
4.4159034376171988e+01
4.8582951835177717e+01
5.3338034188320826e+01
5.8435785883176941e+01
6.3886566691284642e+01
6.9699391494508120e+01
7.5881725919566804e+01
8.2439280118617134e+01
8.9375803233597011e+01
9.6692881299289795e+01
1.0438974152843059e+02
1.1246306607544668e+02
1.2090681848759733e+02
1.2971208611775626e+02
1.3886694178681520e+02
1.4835632794136023e+02
1.5816196645043917e+02
1.6826229702150059e+02
1.7863244698869130e+02
1.8924423493669610e+02
2.0006621027159088e+02
2.1106373043958473e+02
2.2219907702933585e+02
2.3343161147944477e+02
2.4471797055688307e+02
2.5601230118289840e+02
2.6726653356996235e+02
2.7843069100718071e+02
2.8945323400370307e+02
3.0028143588205768e+02
3.1086178631834287e+02
3.2114041876623605e+02
3.3106355718900198e+02
3.4057797706975487e+02
3.4963147528597312e+02
3.5817334312941784e+02
3.6615483653553093e+02
3.7352963746384205e+02
3.8025430034784677e+02
3.8628867761220272e+02
3.9159631843780460e+02
3.9614483524005510e+02
3.9990623270898254e+02
4.0285719473615285e+02
4.0497932511493650e+02
4.0625933853804833e+02
4.0668919911813936e+02
4.0626620441084327e+02
4.0499301371117491e+02
4.0287762020877778e+02
3.9993326740990943e+02
3.9617831104877934e+02
3.9163602850259144e+02
3.8633437847863246e+02
3.8030571444407599e+02
3.7358645590709585e+02
3.6621672222014661e+02
3.5823993405328889e+02
3.4970238806953915e+02
3.4065281061979562e+02
3.3114189645843453e+02
3.2122183856088611e+02
3.1094585510225016e+02
3.0036771953424812e+02
2.8954129948146891e+02
2.7852010987369499e+02
2.6735688534744241e+02
2.5610317649643878e+02
2.4480897403841149e+02
2.3352236440592571e+02
2.2228921967424122e+02
2.1115292412168674e+02
2.0015413909019625e+02
1.8933060718744832e+02
1.7871699625892109e+02
1.6834478296873246e+02
1.5824217527197999e+02
1.4843407254685246e+02
1.3894206168917012e+02
1.2978444706096172e+02
1.2097631183248311e+02
1.1252960796657375e+02
1.0445327186684764e+02
9.6753362546967452e+01
8.9433219075929131e+01
8.2493634011490983e+01
7.5933039547179476e+01
6.9747703163385793e+01
6.3931929684885695e+01
5.8478266800076923e+01
5.3377711285336261e+01
4.8619913394937157e+01
4.4193377116637443e+01
4.0085654249126641e+01
3.6283530523985981e+01
3.2773202265961245e+01
2.9540442355884014e+01
2.6570754525703315e+01
2.3849515270565256e+01
2.1362102905046068e+01
1.9094013516475840e+01
1.7030963775372452e+01
1.5158980749540374e+01
1.3464479033173991e+01
1.1934325644687426e+01
1.0555893266835559e+01
9.3171025003167038e+00
8.2064538781819092e+00
7.2130504440849421e+00
6.3266117340441710e+00
5.5374800205158099e+00
4.8366196809339401e+00
4.2156105422816061e+00
3.6666360306103716e+00
3.1824669216101937e+00
2.7564414472016936e+00
2.3824424654597758e+00
2.0548723486665552e+00
1.7686261884818990e+00
1.5190638595393826e+00
1.3019814244736800e+00
1.1135823055814171e+00
9.5044859194069875e-01
8.0951279666001252e-01
6.8803032761917116e-01
5.8355288709047193e-01
4.9390297134017375e-01
4.1714960093408082e-01
3.5158537612728002e-01
2.9570491942920518e-01
2.4818473914397526e-01
2.0786452326421295e-01
1.7372985236427119e-01
1.4489630287255920e-01
1.2059489804591628e-01
1.0015885284863905e-01
8.3011550465784567e-02
6.8655682065410950e-02
5.6663477378952512e-02
4.6667951415433000e-02
3.8355091895606985e-02
3.1456912539188336e-02
2.5745298929378609e-02
2.1026576104806113e-02
1.7136730100514384e-02
1.3937219207252055e-02
1.1311314598481842e-02
9.1609140577381103e-03
7.4037767191362219e-03
5.9711309245723560e-03
4.8056114224611793e-03
3.8594861376247706e-03
3.0931365741976810e-03
2.4737595498538190e-03
1.9742613708735200e-03
1.5723187338411474e-03
1.2495835708654834e-03
9.9101174356074290e-04
7.8429793574653526e-04
6.1940131020924263e-04
4.8814848309610797e-04
3.8390215074450817e-04
3.0128528642719130e-04
2.3595222523513696e-04
1.8439918986256371e-04
1.4380789075805567e-04
1.1191677868112004e-04
8.6915345826723138e-05
6.7357583889483827e-05
5.2091314322391296e-05
4.0200634403746334e-05
3.0959167590454223e-05
2.3792190039365976e-05
1.8246028172718943e-05
1.3963395532744312e-05
1.0663567321317009e-05
8.1264855487180058e-06
6.1800472308382218e-06
4.6899649542967374e-06
3.5516992301049615e-06
2.6840557949479436e-06
2.0241172942635925e-06
1.5232408846856363e-06
1.1439058082213946e-06
8.5723663818668611e-07
6.4106188318142800e-07
4.7839648969186976e-07
3.5625811121378494e-07
2.6474657075486971e-07
1.9632912949247806e-07
1.4528739782880761e-07
1.0729014076726647e-07
7.9064332063112106e-08
5.8142024409710809e-08
4.2666611870495256e-08
3.1244632975382005e-08
2.2832407747831717e-08
1.6650074203437621e-08
1.2116295654089781e-08
8.7985646469097468e-09
6.3759279072381344e-09
4.6106450407599625e-09
3.3271265823890274e-09
2.3959044733771285e-09
1.7216849670678197e-09
1.2345954525162645e-09
8.8345662546248364e-10
6.3083926653651446e-10
4.4952561961095512e-10
3.1964186009553637e-10
2.2680031299888139e-10
1.6059447541269888e-10
1.1348067453325269e-10
8.0002256243853315e-11
5.6278061259937265e-11
3.9505534406672616e-11
2.7670896362143252e-11
1.9318358557863206e-11
1.3453401054450500e-11
9.3712907477692661e-12
6.5038274871244325e-12
4.4812658906121447e-12
3.0925281711206688e-12
2.1183860776922653e-12
1.4325529806462277e-12
9.6940827678583429e-13
6.3871353939554439e-13
4.3717977797277199e-13
2.7679442497110614e-13
1.6756971611832019e-13
6.8750186418150038e-14
-1.2382514176134340e-14
-4.5534483455467445e-14
-8.3096645443217737e-14
-9.5611400521640884e-14
-1.0193359545972522e-13
-1.1131580441646028e-13
-9.9444024341761212e-14
-9.9039655560867979e-14
-1.1758243047606914e-13
-8.6265675704016211e-14
-1.0505376600271546e-13
-9.4371177315296069e-14
-6.2647921107121157e-14
-5.7583289073397992e-14
-5.0872490808379086e-14
-3.2029661830575183e-14
-2.2060262461227448e-14
-1.7624797053822865e-14
-4.7303491701332591e-14
-3.9549863122269703e-14
-1.7554050594106251e-14
-1.5339013038236992e-14
-1.5318159003150216e-14
-8.7412757360892851e-15
-1.9640872308535888e-14
2.1793091167624672e-15
-2.6115466822666690e-14
-1.7386068437254480e-14
-1.7361745032609244e-14
8.6686707171221175e-15
-8.6564290381024380e-15
-8.6441476967501829e-15
-3.8843221099704473e-14
-3.4477867597749425e-14
-6.0249475165864211e-14
-6.0162410522302383e-14
-6.8657229604686554e-14
-5.1417833874074906e-14
-5.9899602914148865e-14
-5.9811467635184812e-14
-6.8254935505214873e-14
-5.9634407263573943e-14
-7.6558481076067402e-14
-5.9456304179998863e-14
-8.4809807888143945e-14
-6.7745338138880699e-14
-8.4553173995977112e-14
-8.4424314098667757e-14
-8.4295095228790297e-14
-6.7332415709695762e-14
-6.7228471662418883e-14
-8.3905307309397354e-14
-8.3774675092599185e-14
-1.0037243423086232e-13
-8.3512369876844782e-14
-8.3380701417334960e-14
-8.3248692088416219e-14
-4.9869806500672274e-14
-6.6386927948975599e-14
-4.9710385006496103e-14
-8.2717291678332634e-14
-3.3033444891335531e-14
-6.5959684495942018e-14
-1.3170443863722049e-13
-9.8616744133430918e-14
-9.8454774971019615e-14
-1.3105656567240818e-13
-9.8129694749902156e-14
-9.7966589227328521e-14
-1.6300518409822925e-13
-1.3018568162644705e-13
-9.7475044287803861e-14
-1.2974728325763182e-13
-1.2952735795866241e-13
-1.6163369191744578e-13
-9.6814555275346573e-14
-1.2886472217817764e-13
-1.2864290269005020e-13
-1.2842061896187173e-13
-9.6148406041632099e-14
-6.3987336851068280e-14
-9.5813264726596710e-14
-7.9704322661435151e-14
-7.9563979568195155e-14
-7.9423360330382891e-14
-9.5138960744719225e-14
-6.3313042223501566e-14
-7.8999869148449192e-14
-6.3086534989882598e-14
-9.4459444668039734e-14
-7.8573976951442592e-14
-4.7058894160489006e-14
-4.6973247710959903e-14
-7.8145747051399162e-14
-7.8002495215237928e-14
-7.7858993025500485e-14
-6.2172194265494114e-14
-6.2056997587669549e-14
-4.6456204700645809e-14
-5.4097769412769704e-14
-6.1710247224410325e-14
-3.8496427040125031e-14
-3.8423832616939462e-14
