5.3812012063188322e-02
6.3910872924661397e-02
7.5337622649797514e-02
8.8294007012394302e-02
1.0300740161645258e-01
1.1973165127162588e-01
1.3874638379648499e-01
1.6036299935813181e-01
1.8492587125047855e-01
2.1281740786090286e-01
2.4446052880762623e-01
2.8032353965328533e-01
3.2092346320499643e-01
3.6683103569341624e-01
4.1867471220113517e-01
4.7714591361868935e-01
5.4300359971784584e-01
6.1707980687229824e-01
7.0028469698429407e-01
7.9361236653696321e-01
8.9814626779689599e-01
1.0150652199385726e+00
1.1456490727173809e+00
1.2912848025851791e+00
1.4534722535900106e+00
1.6338301528041508e+00
1.8341017215380833e+00
2.0561603944805134e+00
2.3020150487668718e+00
2.5738151607245099e+00
2.8738553532878197e+00
3.2045796748125670e+00
3.5685851194541178e+00
3.9686246665558684e+00
4.4076093869837667e+00
4.8886098421083517e+00
5.4148563551998343e+00
5.9897383394938846e+00
6.6168022914093436e+00
7.2997486014310811e+00
8.0424268191106147e+00
8.8488295024612036e+00
9.7230843174247195e+00
1.0669444504993715e+01
1.1692277413796464e+01
1.2796051212681908e+01
1.3985319517449192e+01
1.5264704052898008e+01
1.6638875125792996e+01
1.8112530046093525e+01
1.9690369319072357e+01
2.1377070770941209e+01
2.3177261483190598e+01
2.5095487731796233e+01
2.7136182864080926e+01
2.9303633349908839e+01
3.1601943001462725e+01
3.4034995644038212e+01
3.6606416295770799e+01
3.9319531187477303e+01
4.2177326744187610e+01
4.5182407908595870e+01
4.8336955989001460e+01
5.1642686458253188e+01
5.5100806941579741e+01
5.8711975860032837e+01
6.2476262013838671e+01
6.6393105603124567e+01
7.0461281004585928e+01
7.4678861819527654e+01
7.9043188530913696e+01
8.3550839287063255e+01
8.8197604150843333e+01
9.2978463315981102e+01
9.7887569610689724e+01
1.0291823575429147e+02
1.0806292664731839e+02
1.1331325710415153e+02
1.1865999524774337e+02
1.2409307189851293e+02
1.2960159609578182e+02
1.3517387698805220e+02
1.4079745213127276e+02
1.4645912231954497e+02
1.5214499287354408e+02
1.5784052138713187e+02
1.6353057173342972e+02
1.6919947419970154e+02
1.7483109142363017e+02
1.8040888986786635e+02
1.8591601637821591e+02
1.9133537943488366e+02
1.9664973452291338e+02
2.0184177311534151e+02
2.0689421459050396e+02
2.1178990047904495e+02
2.1651189027804256e+02
2.2104355815355459e+02
2.2536868971102854e+02
2.2947157810918907e+02
2.3333711866916275e+02
2.3695090124084950e+02
2.4029929948368985e+02
2.4336955634427133e+02
2.4614986492748949e+02
2.4862944409837661e+02
2.5079860808434512e+02
2.5264882950222423e+02
2.5417279518379343e+02
2.5536445434061497e+02
2.5621905857247941e+02
2.5673319340077069e+02
2.5690480098253227e+02
2.5673319384468147e+02
2.5621905945947873e+02
2.5536445566900565e+02
2.5417279695113587e+02
2.5264883170517848e+02
2.5079861071893598e+02
2.4862944715972847e+02
2.4614986841022505e+02
2.4336956024213700e+02
2.4029930379008812e+02
2.3695090594835227e+02
2.3333712377017883e+02
2.2947158359536064e+02
2.2536869557403577e+02
2.2104356438439001e+02
2.1651189686795556e+02
2.1178990741868839e+02
2.0689422187102113e+02
2.0184178072737888e+02
1.9664974245785405e+02
1.9133538768371884e+02
1.8591602493293010e+02
1.8040889872015987e+02
1.7483110056646228e+02
1.6919948362585535e+02
1.6353058143722114e+02
1.5784053136280795e+02
1.5214500311716725e+02
1.4645913282721475e+02
1.4079746290119647e+02
1.3517388801857990e+02
1.2960160738767709e+02
1.2409308345278924e+02
1.1866000706815055e+02
1.1331326919480212e+02
1.0806293901540826e+02
1.0291824840750249e+02
9.7887582560166180e+01
9.2978476573495271e+01
8.8197617732052393e+01
8.3550853208422225e+01
7.9043202813242416e+01
7.4678876484654751e+01
7.0461296079259853e+01
6.6393121115370306e+01
6.2476277997252737e+01
5.8711992349833977e+01
5.5100823979333711e+01
5.1642704087597075e+01
4.8336974260852898e+01
4.5182426876529064e+01
4.2177346470191296e+01
3.9319551736959632e+01
3.6606437743942557e+01
3.4035018070523030e+01
3.1601966497396795e+01
2.9303658012132875e+01
2.7136208803066069e+01
2.5095515065395517e+01
2.3177290345524547e+01
2.1377101305687905e+01
1.9690401689475546e+01
1.8112564427776238e+01
1.6638911718088007e+01
1.5264743071176772e+01
1.3985361206023153e+01
1.2796095836650952e+01
1.1692325273831671e+01
1.0669495928726940e+01
9.7231396765041129e+00
8.8488892035311473e+00
8.0424913236365381e+00
7.2998184163573621e+00
6.6168779923893100e+00
5.9898205613697497e+00
5.4149458194573397e+00
4.8887073474016107e+00
4.4077158418804112e+00
3.9687410804422649e+00
3.5687126419662007e+00
3.2047195876137184e+00
2.8740091180279612e+00
2.5739844124023534e+00
2.3022016546692923e+00
2.0563664501441909e+00
1.8343296239586340e+00
1.6340826004317328e+00
1.4537523382585815e+00
1.2915960155499939e+00
1.1459954213789931e+00
1.0154512427058295e+00
8.9857718397946196e-01
7.9409410384683932e-01
7.0082408626450876e-01
6.1768462738017160e-01
5.4368283515586391e-01
4.7790982196113002e-01
4.1953516663548152e-01
3.6780162748624556e-01
3.2201996211214845e-01
2.8156403951536357e-01
2.4586607951296044e-01
2.1441221200276506e-01
1.8673816966580767e-01
1.6242531717844499e-01
1.4109680811624747e-01
1.2241408692531404e-01
1.0607350320431159e-01
9.1803274197251400e-02
7.9360536530539372e-02
6.8528746409897520e-02
5.9115139907385719e-02
5.0948541437320340e-02
4.3877198280547196e-02
3.7766964787693237e-02
3.2499474477738148e-02
2.7970667357708173e-02
2.4089263193594838e-02
2.0775602066323166e-02
1.7960384959168300e-02
1.5583803120084082e-02
1.3594516782118054e-02
1.1949057308937958e-02
1.0611021727856844e-02
9.5507436893082082e-03
8.7446908927897582e-03
8.1754179845521871e-03
7.8311665960332233e-03
7.7061379510605949e-03
7.8003121843215149e-03
8.1201150785837860e-03
8.6784958625757309e-03
9.4961191497088121e-03
1.0601769095260201e-02
1.2034289589564122e-02
1.3843413768714414e-02
1.6092835507689932e-02
1.8861575222592332e-02
2.2248875496347801e-02
2.6376117023378699e-02
3.1394886071504119e-02
3.7489607128060744e-02
4.4881775475132064e-02
