-9.7476706556880342e-16
-5.8367077646085013e-16
-2.3266977186797034e-15
7.2908326096484533e-15
4.6337708308814899e-15
3.7961816255517853e-16
2.6887301629568410e-15
1.3011124441916415e-14
6.7308625520589524e-15
6.6763832687738491e-15
-9.0742722449779097e-15
7.7773710544252661e-15
1.3613735836195265e-14
4.0091599437314957e-15
-4.9488755870420154e-15
-6.0761588570917309e-15
-1.0802036734814741e-15
1.1823032427025206e-14
2.1081136295470970e-14
2.5170679834289918e-14
3.8632408371416033e-14
2.5406678942547280e-14
3.5386169692221408e-14
5.1615097733234932e-14
4.7297670678499026e-14
3.0756755698312595e-14
3.6827409978106433e-14
3.1927917273300891e-14
2.8731652411923551e-14
5.7377503536161033e-14
4.4850776447066766e-14
5.3824532415887775e-14
3.9654831204030222e-14
3.7668899392882545e-14
3.4659335602440913e-14
3.9183060455122307e-14
3.0327699843785585e-14
1.7559215203779135e-14
3.6369051485705371e-14
3.0383602286998661e-14
3.7355812302187934e-15
-8.6281122287563333e-15
-9.8873038989482359e-15
-1.0777514465222188e-14
-2.4641785924132318e-14
-3.0372212763134725e-14
-1.8461892371109103e-14
-2.5984498329930854e-14
-2.9995059665573266e-14
-1.8802885302518142e-14
-1.1553227625178267e-14
-2.2549276480169078e-14
-1.6364234025086371e-14
-2.2970351393899725e-14
-2.5878621270843690e-14
-3.0214605935640204e-14
-5.8108654299330753e-14
-5.3224397709595394e-14
-2.7691964105973128e-14
-5.0270571635537901e-14
-4.2522046173647290e-14
-3.6564902664737843e-14
-1.1094094707403060e-14
-1.4656599086917459e-14
-6.6487336747298565e-15
-1.5933145309522271e-15
1.7572656284714352e-14
7.0985762988890584e-15
2.1063586186752396e-14
1.3581716373820975e-14
3.3372340718616214e-14
1.8898578386113534e-14
1.3671506932195338e-14
1.6733826749189290e-14
3.9459729912145484e-14
4.7429154221368374e-14
3.5161047483763213e-14
2.3368697842127454e-14
5.1173339710933309e-14
4.6913825972766311e-14
2.3980461221884445e-14
3.6346721504549321e-14
3.1385204276950931e-14
9.9645417029434551e-15
-1.0816933845324711e-14
-1.4605614260753546e-14
-6.2209722107224114e-15
-2.6110406987667780e-14
-2.8084815823485427e-14
-2.3792726374044416e-14
-1.7667195976900883e-14
7.0871157041494595e-15
-3.6982798925199199e-16
-2.7281713421493415e-15
1.8031453534326402e-14
1.6989515326509249e-15
-4.6528494019246841e-14
-4.7906555371051408e-14
-5.9891667215350906e-14
-6.1438088410724575e-14
-6.9642738128101854e-14
-8.1671688981452012e-14
-6.0238449971727685e-14
-3.2461380068537320e-14
-4.1102303053558283e-14
-1.9138730560121960e-14
2.9508987667754669e-15
7.4114003401321614e-15
4.8000259566607746e-15
2.0318615841226218e-15
-1.6748701409510248e-15
-2.3843785457293089e-14
-8.0060720194755417e-14
-8.0824525708475552e-14
-1.2041359722375543e-13
-1.3183519293545722e-13
-1.4909260927610405e-13
-1.4196435882366668e-13
-1.6807597860850143e-13
-1.6177567803825291e-13
-1.7136841034632950e-13
-1.8904376762857043e-13
-1.8269569252748972e-13
-1.8449025075597272e-13
-1.9772623367345030e-13
-2.0672940993969012e-13
-2.0685746771390995e-13
-2.1206093122469858e-13
-2.2847203937825161e-13
-2.2816697701168785e-13
-2.3274730265248782e-13
-2.4150194828362022e-13
-2.4224114161257170e-13
-2.4969528259781769e-13
-2.8647464517514454e-13
-2.8717975686208200e-13
-2.9696407371614264e-13
-3.1687199406569505e-13
-3.3739724528620130e-13
-3.5783750299348272e-13
-4.2530141553412976e-13
-4.3642907321696575e-13
-4.9117155988313558e-13
-5.5188957121502209e-13
-5.9341395345629669e-13
-6.6310436290670111e-13
-7.3207116063826988e-13
-7.5258438627226537e-13
-8.2192013150004278e-13
-8.5704814280333925e-13
-9.2549582216388996e-13
-9.7216149383013375e-13
-1.0419564391884058e-12
-1.1106234065807534e-12
-1.1936566823117710e-12
-1.2592780332371838e-12
-1.3677073784953817e-12
-1.5052132327822469e-12
-1.6689818087589766e-12
-1.8088740257663332e-12
-1.9846253182334408e-12
-2.1966563724006588e-12
-2.3950510953617154e-12
-2.6349992872422209e-12
-2.8551239078154935e-12
-3.1345284990962615e-12
-3.4787851081147642e-12
-3.8059132207562691e-12
-4.1361548445150694e-12
-4.5804918970449488e-12
-5.0377806303554972e-12
-5.5648619744389705e-12
-6.1615287201475250e-12
-6.7895416536516602e-12
-7.5234647900133082e-12
-8.2942291405966575e-12
-9.1465905833958857e-12
-1.0072789593795000e-11
-1.1091438304799745e-11
-1.2155684120690354e-11
-1.3341858932473335e-11
-1.4547656598900123e-11
-1.5907824081202473e-11
-1.7330338626536188e-11
-1.8854417614084856e-11
-2.0483772306081396e-11
-2.2226774329396803e-11
-2.4060581539744754e-11
-2.6015142535555494e-11
-2.8065290235220350e-11
-3.0273259976252127e-11
-3.2533673506624612e-11
-3.4942506369422309e-11
-3.7407430662272037e-11
-4.0001665358913315e-11
-4.2645820755255249e-11
-4.5369492424719651e-11
-4.8112393182168087e-11
-5.1016613578114693e-11
-5.3878144446816071e-11
-5.6846573519862460e-11
-5.9855073370129093e-11
-6.2868027135720089e-11
-6.5894835661773840e-11
-6.8969909040392691e-11
-7.1961302692495684e-11
-7.4990981713207307e-11
-7.7925831929615235e-11
-8.0879842766565718e-11
-8.3733176403403373e-11
-8.6513174070333375e-11
-8.9182122361285808e-11
-9.1751560446380097e-11
-9.4149756538756040e-11
-9.6434562410793124e-11
-9.8514456680499548e-11
-1.0048155021345784e-10
-1.0224069963483639e-10
-1.0383642273099904e-10
-1.0519575527984252e-10
-1.0639115428876825e-10
-1.0731379722678822e-10
-1.0806262100236804e-10
-1.0855408436344737e-10
-1.0882763863080582e-10
-1.0886831216930038e-10
-1.0868481769590108e-10
-1.0830094216869850e-10
-1.0766672614218866e-10
-1.0680332196957634e-10
-1.0572410024756293e-10
-1.0443286520971252e-10
-1.0296282445167660e-10
-1.0129747463084153e-10
-9.9468891579284425e-11
-9.7468381888291672e-11
-9.5296443518754991e-11
-9.2940956274439296e-11
-9.0491457086478098e-11
-8.7898615251366885e-11
-8.5167517463666486e-11
-8.2405384462171529e-11
-7.9551053386756638e-11
-7.6653905826927845e-11
-7.3715702145344001e-11
-7.0734113751401602e-11
-6.7740573559583437e-11
-6.4760185877557335e-11
-6.1801441566546142e-11
-5.8881877251959524e-11
-5.5960673504272043e-11
-5.3104010770249801e-11
-5.0271641046481672e-11
-4.7486033706174706e-11
-4.4761630630707743e-11
-4.2110619078523344e-11
-3.9518066319962202e-11
-3.7038296853010252e-11
-3.4637175924353281e-11
-3.2349099774207837e-11
-3.0151510759837726e-11
-2.8066999837408409e-11
-2.6060940026130327e-11
-2.4181810222565638e-11
-2.2367900598559438e-11
-2.0652824915184454e-11
-1.9051890984758138e-11
-1.7564321584794416e-11
-1.6100240098738017e-11
-1.4774837631985293e-11
-1.3509410081310687e-11
-1.2355738931994760e-11
-1.1225700138963059e-11
-1.0197290800540969e-11
-9.2536549026440475e-12
-8.3964458775749138e-12
-7.6090413261866617e-12
-6.8824139559857493e-12
-6.2197718970102346e-12
-5.6203826391739565e-12
-5.0645903520838595e-12
-4.5728035825535085e-12
-4.1057065708650573e-12
-3.7210371355823522e-12
-3.3446781353505368e-12
-2.9926773498848565e-12
-2.6770881751328687e-12
-2.4272541962378693e-12
-2.1437468950023996e-12
-1.9065194026201963e-12
-1.7202955891122462e-12
-1.5258637275492364e-12
-1.3761925263131759e-12
-1.2110973695332361e-12
-1.0509607921301920e-12
-9.1831252176435318e-13
-7.9856545424969088e-13
-6.6318271870888044e-13
-5.7512962040261940e-13
-4.7685657692243408e-13
-3.8294821053049793e-13
-3.0988679079650232e-13
-2.4733053023233169e-13
-1.7634928810994280e-13
-1.6083310024550256e-13
-1.0913609109911481e-13
-8.6430568628806016e-14
-6.3743377337198208e-14
-6.1943511589851056e-14
-4.4384363849908149e-14
-3.2697048243177996e-14
-3.7293862661839188e-14
-3.7598358071277758e-14
-3.7201880029426258e-14
-5.4061824745664174e-14
-4.3698649402207917e-14
-4.5183848983289557e-14
-1.9194215892642086e-14
-2.1539888071664915e-14
-5.7105464573555721e-15
-1.0310603079178580e-16
5.2319607150571528e-15
-9.1384280400193618e-15
-2.0151429334174495e-14
-2.6195288674488438e-14
-1.3354696745654952e-14
4.3031266466365111e-16
-1.4702510774435112e-14
-6.3984819319486373e-15
-2.3845496748128745e-14
-2.0867701336539868e-14
-3.3228443571617255e-14
-1.8505460175611679e-14
2.4129684184811402e-14
3.9052166536074571e-14
4.8278385076962757e-14
7.9350395595580261e-14
7.8283041073087846e-14
1.0042578810086533e-13
9.2072496854763997e-14
1.1169906240588846e-13
1.3501786986731491e-13
1.4345421426059405e-13
1.3676016407838969e-13
1.4827023821968855e-13
1.3893668678741139e-13
1.1788773150434584e-13
1.0208471501221450e-13
9.4488037090989921e-14
1.1912132456914826e-13
1.1279663632563829e-13
1.2336299988892200e-13
1.6957644481312892e-13
1.6809623975732930e-13
1.5604794177793814e-13
1.5442450791640299e-13
1.3273100436289891e-13
1.6108932749844006e-13
1.4192002893725865e-13
8.8743676500428168e-14
5.3338976038187215e-14
2.1352173596634825e-14
-1.0487171129032296e-14
-1.9477860191275574e-14
-4.8753053350253573e-14
-2.4715941532032599e-14
-4.1654053754613437e-14
-2.3248148122050039e-14
1.5271029367885802e-14
1.2698008240959385e-15
2.9364881460271326e-14
3.1635449010648534e-14
4.1537161744905808e-14
3.5228550067991556e-14
3.6603655056995909e-14
2.2904417971160737e-14
6.0014420677885304e-14
6.9515752008146129e-14
5.5867276848944241e-14
7.3968490332591387e-14
6.1384171017331084e-14
6.6014507408848158e-14
5.9387200595681352e-14
2.8279434240571897e-14
4.2951762484685241e-14
2.4820519673989993e-14
2.0603242506839959e-14
3.0934515774969161e-14
1.1893060154889235e-14
5.0142209337927560e-15
1.6679766910657204e-14
1.6159467863368372e-14
2.0930085762121483e-14
4.3776646080377955e-14
3.8521687862356118e-14
3.7953975808477733e-14
3.0322627302081855e-14
4.7592182816890137e-14
3.3594906557614780e-14
2.3273724706293990e-14
3.5284630842924757e-14
2.5917994791020920e-14
2.6381753676351499e-14
2.6012266282181876e-14
3.5293331661088417e-14
2.1599142310494769e-14
2.2735538118917195e-14
7.6671733810309652e-15
2.5723636558820462e-14
4.4814479893369742e-14
4.1887919848684539e-14
4.5809482474666916e-14
4.6968540264416821e-14
1.3008658158144774e-14
3.6128270914846979e-14
3.6083296793521656e-14
3.9654831204030222e-14
4.6489925449220774e-14
6.5651364668334745e-14
6.5567122791324593e-14
6.5550318812653028e-14
5.7255760370386130e-14
6.2398067756665932e-14
3.8697661114103391e-14
5.6675349394530249e-14
6.2158960504278988e-14
8.2889879597217641e-14
8.6325420074628691e-14
9.9139079252746316e-14
7.5934736530331374e-14
8.2979780057950825e-14
7.5645277586562660e-14
7.6090144902020181e-14
6.4916771673362830e-14
6.9595518774020703e-14
6.1207954774883225e-14
8.6586309454804289e-14
4.3324696833375934e-14
6.2209070248402061e-14
4.9401185516532007e-14
7.0654696750061805e-14
7.5199126591775346e-14
7.7504513159405766e-14
8.4306377091926704e-14
9.1453967795245431e-14
6.4716455777229752e-14
6.2558678026766819e-14
5.9184175439253459e-14
5.4995192083800025e-14
5.2156088496998923e-14
6.8854344383073852e-14
7.7328497894925977e-14
8.5551636181166382e-14
5.5354464603146965e-14
6.7585920716814108e-14
5.4803377403454752e-14
5.0222096901065130e-14
5.5482153291150686e-14
4.8871337995152775e-14
6.0528647795575026e-14
8.7967192000852112e-14
2.8097035017377090e-14
3.8562462418477798e-14
4.5324386989590193e-14
3.4685495860153375e-14
4.0114652666500470e-14
4.1641087127423351e-14
6.0457405790718182e-14
7.3899114757666481e-14
6.2167108372030569e-14
5.7857606396096862e-14
3.9281376910532630e-14
4.2435543379504139e-14
4.0692268892560032e-14
5.2235823667075014e-14
3.5410734504507382e-14
6.9329513963298169e-14
4.0369017396152564e-14
5.6207179556505735e-14
4.7379667244947154e-14
3.4829687157232374e-14
3.1422824941314059e-14
3.5539765872036295e-14
4.6594613624589699e-14
6.2086001295692505e-14
5.1122320600196584e-14
2.9788299635075175e-14
3.9894687591558093e-14
3.7028420350538486e-14
2.8835108937479085e-14
2.5595378681527299e-14
1.7822613086667443e-14
4.8968662711507325e-14
5.0246497983515893e-15
2.8643923061599326e-14
1.3567653990411066e-14
-2.4823666788594105e-16
-3.5397346489123024e-15
-4.8099886986502544e-16
-2.1567298224943004e-15
8.8330788408021467e-15
-8.0272016447007658e-15
-2.6478235955245449e-17
2.3479317928978926e-14
-5.5393047539165398e-16
1.4847677229288789e-14
1.2876018392435753e-14
6.4614520730354434e-15
1.8486862478679654e-14
-1.4222896302138810e-15
-3.6457060125430892e-16
8.8796927885720963e-15
