-1.5159586759849666e-14
-1.1600091565920235e-15
5.9600338467810393e-16
1.0139393469852041e-14
6.4046128338588449e-15
7.4082135879328546e-15
1.6907795407736050e-15
3.5949766811138461e-15
-8.4282635520979239e-15
-1.8074462014195627e-16
8.7047289828124050e-15
1.4687754161018567e-14
8.6451724205899950e-15
1.9858444595872701e-14
2.0174725070236589e-14
2.0992167417471551e-14
1.0671557131439716e-14
3.0384385355195116e-14
2.7815651578938094e-14
3.1691527906055525e-14
3.4209772619464622e-14
3.2505007107379382e-14
4.3170524981568865e-14
4.2842191636587306e-14
3.8080377710923305e-14
6.1747554154149997e-14
6.4434538515991709e-14
6.6350593380548814e-14
8.6047952431681701e-14
6.2940543965335228e-14
6.7471343470919207e-14
6.6542261875348980e-14
6.0154498539460573e-14
5.5363435641710740e-14
4.4424275712198117e-14
5.9519747261032089e-14
5.2924878573925972e-14
5.9144436531655039e-14
5.8376002756248600e-14
5.9958775145338614e-14
2.3840347044736510e-14
2.1555818442524699e-14
1.7096354606007230e-14
1.9174608706567970e-14
8.1191776631435389e-15
1.5273362244098253e-15
1.5826613770732097e-14
2.8926564592335575e-14
-4.1043062076584712e-15
1.7091374201893100e-14
7.6826264116669820e-15
2.2590907584405096e-14
2.4699337004494261e-14
1.8717622555207358e-14
1.4557597744164084e-14
1.6098419588673680e-14
-1.3525132360119890e-14
1.1191933007796560e-15
7.8507532845022101e-15
2.4132228961573197e-14
1.7365561075171067e-14
1.0375326284840166e-14
2.2608704974951259e-14
1.9435617642586978e-14
2.7502132631905628e-14
2.2259103841461452e-14
3.0751944411518270e-14
3.4147004549721794e-14
4.9295399163044697e-14
4.5200238444672600e-14
5.6131037862620478e-14
6.3676157070282537e-14
5.2051285383675778e-14
6.4664622093337379e-14
7.6611971727180496e-14
6.2027723134423452e-14
6.2257559559745642e-14
5.9238116846560672e-14
5.2497220518937164e-14
4.2496447843488196e-14
2.0016567173358683e-14
1.5704955826910651e-14
3.7664738958247131e-14
4.2462010191001875e-14
3.4895772744519449e-14
2.0639767008132382e-14
2.8550525471615427e-14
2.9662756132161230e-14
1.7744626497295796e-14
1.0634591550704252e-14
3.9345486257227324e-14
2.6275433135847122e-14
1.8198362143283194e-14
1.1058434305733132e-14
1.1934712734736029e-14
1.7792819449616236e-14
-2.1055351035236695e-14
-3.6599926040985215e-14
-1.2827648334426235e-14
-2.9346074885941665e-14
-3.8319563488798340e-14
-1.8841028976101187e-14
5.8795438879879710e-15
2.4116725083054900e-14
3.1528308298302249e-14
5.8509168911076834e-14
6.7249543755949430e-14
4.7176363759509416e-14
6.8606213751212251e-14
5.2890761815407669e-14
3.2011967846112580e-14
1.5238933743135400e-14
-2.6740204869511339e-14
-4.0223378473999446e-14
-5.7550716654674733e-14
-7.5371229631543990e-14
-8.7143322413510439e-14
-9.0598908820569625e-14
-9.9494765310889737e-14
-1.1081781144799979e-13
-1.1379136841282444e-13
-9.6769158159845687e-14
-7.7643713954920371e-14
-1.2081444772790569e-13
-1.1968453697542688e-13
-1.3134437079247983e-13
-1.1951183646363040e-13
-1.4668260150474016e-13
-1.4202878472170034e-13
-1.5788529128332672e-13
-1.4863212214562166e-13
-1.9661266153081118e-13
-2.1081224189276225e-13
-2.0980618410649867e-13
-2.1890747389347385e-13
-2.4142435250214470e-13
-2.4541220150459102e-13
-2.8287444376651309e-13
-2.9016754869636231e-13
-3.3277646071548243e-13
-3.5214165456246315e-13
-3.9138952691884722e-13
-4.4303749125087276e-13
-4.9417268945742491e-13
-5.6040505594520344e-13
-6.2241397796479540e-13
-6.5037855337284063e-13
-7.2546974306214781e-13
-7.5272037919530463e-13
-7.7980109928777831e-13
-8.2270082652004059e-13
-9.0277051502439558e-13
-9.5319865459485062e-13
-1.0411961477653448e-12
-1.1081934568310994e-12
-1.2257314181671928e-12
-1.3334257370952529e-12
-1.4245086648498773e-12
-1.5642476821428306e-12
-1.7251086326338612e-12
-1.8822282604381630e-12
-2.0774689855271458e-12
-2.2597744852560718e-12
-2.5078492085394007e-12
-2.7453642490462256e-12
-3.0036934445755524e-12
-3.2849186435421639e-12
-3.6335405146109174e-12
-3.9592718017915106e-12
-4.4024081811958742e-12
-4.8582162677401800e-12
-5.3670126325521607e-12
-5.9155941165105688e-12
-6.5295241496338124e-12
-7.2157832168390191e-12
-7.9688073341725443e-12
-8.8280199016712370e-12
-9.7456687588500935e-12
-1.0682438398969017e-11
-1.1725697303124197e-11
-1.2836138679664416e-11
-1.4033644596732290e-11
-1.5304892065863598e-11
-1.6695808873085005e-11
-1.8161499491775477e-11
-1.9757514721930980e-11
-2.1418055462520534e-11
-2.3209390135799052e-11
-2.5074235398609816e-11
-2.7078070284480375e-11
-2.9182255996221639e-11
-3.1379269423310949e-11
-3.3715349382151702e-11
-3.6132207688716804e-11
-3.8622578620482362e-11
-4.1177965111659174e-11
-4.3823741900423686e-11
-4.6520367923204459e-11
-4.9285006463429138e-11
-5.2093277205260981e-11
-5.4973343462712443e-11
-5.7890104225142648e-11
-6.0817104721417996e-11
-6.3752602374779692e-11
-6.6735358448639541e-11
-6.9647483572229241e-11
-7.2567208250474792e-11
-7.5444826045259866e-11
-7.8293589913129621e-11
-8.1075370591762214e-11
-8.3766708140481219e-11
-8.6323177450531066e-11
-8.8816627816189820e-11
-9.1162597083537001e-11
-9.3362863164551717e-11
-9.5418481481018426e-11
-9.7343396376018799e-11
-9.9064016377297120e-11
-1.0060341736155517e-10
-1.0192495801400330e-10
-1.0308192827335205e-10
-1.0401832253676547e-10
-1.0468917610962206e-10
-1.0520724446159159e-10
-1.0550648374088969e-10
-1.0555004265520471e-10
-1.0538986452954590e-10
-1.0504925524557600e-10
-1.0442158871186820e-10
-1.0356647661036488e-10
-1.0253187337014015e-10
-1.0129728360854263e-10
-9.9897841121522306e-11
-9.8298183753088692e-11
-9.6522941375124163e-11
-9.4588564501967929e-11
-9.2479384549252250e-11
-9.0202297198072738e-11
-8.7788300590940029e-11
-8.5312195600378501e-11
-8.2687167146835364e-11
-7.9985123812134581e-11
-7.7234815566272385e-11
-7.4462075868733161e-11
-7.1614583594832766e-11
-6.8697323428166539e-11
-6.5816991114778755e-11
-6.2934168522022684e-11
-6.0053809829809816e-11
-5.7209351339631476e-11
-5.4394755214726746e-11
-5.1620046900071780e-11
-4.8874880716837014e-11
-4.6179243185980961e-11
-4.3524611527335345e-11
-4.0951035787304569e-11
-3.8429656834737856e-11
-3.6009453289333931e-11
-3.3684793302930337e-11
-3.1457262918775857e-11
-2.9316350799770608e-11
-2.7261035677758249e-11
-2.5329739329897712e-11
-2.3495679245102288e-11
-2.1748757644156768e-11
-2.0079343030670269e-11
-1.8520225534983015e-11
-1.7035358838142913e-11
-1.5655239791185110e-11
-1.4336053429162818e-11
-1.3110183645967900e-11
-1.1974459377241215e-11
-1.0862111553909289e-11
-9.8860613116001728e-12
-8.9860379602633759e-12
-8.1591542326957132e-12
-7.4142526825657883e-12
-6.7045735139178821e-12
-6.0611953042511265e-12
-5.4806012779060364e-12
-4.9552785569553367e-12
-4.4680601812891398e-12
-4.0347634888016245e-12
-3.6225745415499996e-12
-3.2704352173203579e-12
-2.9366618289922676e-12
-2.6318974019075417e-12
-2.3533673945951104e-12
-2.1010204284954808e-12
-1.8769003435208272e-12
-1.6796444951307471e-12
-1.4933911212045963e-12
-1.3214054705368902e-12
-1.1750845142900246e-12
-1.0266922671276597e-12
-8.8575297751902966e-13
-7.5665021697271161e-13
-6.4987446292853256e-13
-5.3567303104602911e-13
-4.5399888770652020e-13
-3.9663534022135101e-13
-3.0477760153637653e-13
-2.4954581714040845e-13
-2.0558312083833464e-13
-1.5249896437595479e-13
-1.2453639357985010e-13
-1.1986949319824386e-13
-8.4021991214155319e-14
-9.6505501234271386e-14
-6.8462545716386848e-14
-6.3074392814824685e-14
-5.1572777868684062e-14
-4.8861131054107406e-14
-6.7548751926508996e-14
-7.5055312981598440e-14
-8.2212166020403160e-14
-8.9380676473821526e-14
-7.7167262892557279e-14
-7.3967141717166654e-14
-4.7946469461365848e-14
-5.3947320607446282e-14
-4.5648537700471809e-14
-5.0522061960705365e-14
-4.6956702360412041e-14
-5.1773059396762440e-14
-3.5400790130439295e-14
-3.7779812382156105e-14
-4.3709417939230272e-14
-2.8337882170444552e-14
-3.5881016264452764e-14
-5.7867511619315648e-14
-4.5559307177892484e-14
-4.5352230393812471e-14
-2.1083226668673327e-14
-1.4377157000500250e-14
2.6669131134320064e-15
3.4242568391666820e-14
4.3444058334947340e-14
3.8564664649599460e-14
4.3403302280449817e-14
3.5609229812888194e-14
8.9161253416303398e-14
6.9885493938746045e-14
8.4539763216090784e-14
1.2674663243375310e-13
1.0585120826707067e-13
9.4039513885115253e-14
9.4310507468028166e-14
9.9630436737473393e-14
1.1943749337915562e-13
9.3150116125780669e-14
8.5412398564693908e-14
1.4102335308904519e-13
1.3889842855125209e-13
1.2205175170580656e-13
1.1899439216861224e-13
1.1000211104378197e-13
1.1580340034926337e-13
8.6441135279138999e-14
5.0683472208327750e-14
1.7692849703884982e-14
-9.3765540417725426e-15
-4.0984970042058158e-14
-4.7326416758502458e-14
-6.6410630712988318e-14
-5.5071163629379437e-14
-6.2110981780594861e-14
-6.5103187192528757e-14
-1.2713978484055151e-14
-2.5784841301063221e-14
-2.6742031448110325e-15
-6.6138484070173811e-15
-4.6737943007331655e-15
5.3053287889171393e-15
-9.8290796814404813e-15
-7.4209698177445508e-15
1.6225920950811380e-14
6.2084536844455123e-15
-8.3910095705136154e-15
-3.4842228789267105e-15
-2.3267036358541497e-15
2.6079111516040985e-14
-8.5735237663349726e-15
-2.1162680064583344e-14
-4.8566485100456719e-15
-1.9765052815918388e-14
-2.0159063059992112e-14
-1.9104018964418121e-14
-4.1559259429214097e-14
-4.0449618311449183e-14
-3.9618970987451421e-14
-5.1342692315333402e-14
-2.7326368795580277e-14
-2.0835468984258241e-14
-3.2038763664016810e-14
-2.5706233235901017e-14
-2.0624790908373913e-14
-3.3966563119174984e-14
-2.2221365221879284e-14
-3.7319122488479074e-14
-1.6194709743859186e-14
-1.8445248219447116e-14
-1.6587311483411722e-14
-1.2601293852444855e-14
-9.7481035516462747e-16
-2.5396214173292992e-14
-2.8028864290057031e-14
-1.0335098164088118e-14
-1.7149416391517674e-15
-1.8746438855448000e-16
-1.5530125041288703e-14
-4.6721510387671893e-15
-2.8001726153896727e-15
-3.7889073870200858e-15
5.1634958968909394e-15
4.1392977451028285e-15
6.5893890587792304e-15
1.9558737002723622e-14
2.6390379703547898e-14
3.6836123160803106e-14
3.9069016061856298e-14
1.4048497425466047e-14
4.3427844665026750e-15
1.4669355427070284e-14
2.7780576391498632e-14
5.1954929289272175e-14
5.6325056615866169e-14
6.7051934721053231e-14
9.5764980114829458e-14
4.0974535467111936e-14
5.4719049667571585e-14
4.5355889720747168e-14
5.7247440633882985e-14
6.2200594852930531e-14
6.8361278148790812e-14
6.0703901045785178e-14
7.3465648481513517e-14
3.2940684688261771e-14
3.7608341236178467e-14
3.4665395372213625e-14
4.1297562951110303e-14
4.4209734370293877e-14
5.2603174399895341e-14
6.1270680449740423e-14
6.7745783240715892e-14
3.7533378155285909e-14
4.2380385081162060e-14
3.7223039220588740e-14
3.8154090799007483e-14
5.6050035774714981e-14
4.2993199828484783e-14
6.1523964268545802e-14
7.4256850369480969e-14
2.8363863909792352e-14
2.3994930130267075e-14
3.2706173812146257e-14
3.4750695396557068e-14
3.5369801885117690e-14
3.9402818583063477e-14
3.9182140259224953e-14
5.9875286920092735e-14
2.6776152627431097e-14
2.1156780623154785e-14
4.9139531128072813e-14
3.9947348083049667e-14
5.5459549268358581e-14
5.5129435856945825e-14
5.3162615143687095e-14
7.5144321706894326e-14
4.7771250851279730e-14
3.2713513904737661e-14
3.0966305652064336e-14
2.7690430273524962e-14
3.9585290431738090e-14
3.3256862177983408e-14
2.9392761169598459e-14
3.8605100803272571e-14
4.2265808660881637e-14
2.1450495268812165e-14
4.8447700037270064e-14
3.6884538107958979e-14
3.9384647531239130e-14
2.6488521188207171e-14
6.9657600601122858e-14
6.8091060709156812e-14
3.1720800791090678e-14
2.1881194928536545e-14
2.4981345095361402e-14
2.2388389735457334e-14
2.2481411691848206e-14
1.9479861036116491e-14
2.9802157198138831e-14
1.6354161340845321e-14
1.2700633237623789e-14
-7.1843222440637447e-15
1.8139184872853747e-14
1.1767081805846766e-14
2.0030560338952466e-14
-5.7565462915715937e-17
2.1828828512000417e-14
2.6432404697369726e-14
1.7228236012589224e-15
1.1437283940289190e-14
1.5945578627473458e-14
-4.2176211174710436e-15
1.0432240609319814e-14
-8.8444602593169333e-15
1.9210479474453213e-14
4.8099770258969418e-15
9.5928413999366320e-15
-3.8940961089335104e-15
8.7679317325075322e-16
