9.3019980684653304e-13
-3.6399214369430331e-13
-2.5799947019382058e-12
3.1964769270120707e-13
-8.9452227487369149e-13
8.1608009962256931e-13
9.1933026541975978e-13
-4.5924037865509169e-13
2.0165268088380830e-12
1.0022270712081194e-12
-1.5596482761001092e-12
1.1225739701760691e-12
6.4347544282100538e-13
2.2390960255204159e-12
-9.5076176624691198e-13
1.9707131071275871e-12
5.7600603900189496e-13
-1.2045134025509665e-12
-1.4453619661746585e-13
2.1925043285742380e-12
-2.9374674479183250e-12
1.2497039654518233e-13
4.9394152529018983e-13
7.3248467472171663e-13
1.7767008832297952e-12
2.7685318868942825e-12
-1.5858688251822310e-13
3.4439735110966622e-12
3.7630927887160547e-12
1.0186702877129426e-14
7.5700950859394121e-13
2.7532793407945111e-12
9.7214628193115307e-13
1.5291670781648621e-12
1.8881476452475663e-12
3.8757965835915189e-13
-1.6818811180101402e-12
-2.2466075732768383e-12
2.3223302056764772e-12
-2.2376902971803801e-12
2.2772157307669659e-13
9.1719145482140060e-13
-9.8483388080896125e-13
4.1990358598252076e-12
2.7084340488061379e-13
1.9366365498582716e-12
1.4817706466157828e-12
3.3838383574529685e-12
-1.8458179498998578e-12
1.5501033138367698e-12
5.3059617734277719e-12
3.6008368795695780e-12
7.5462295966523019e-12
1.1550411770339376e-11
1.4631746966597389e-11
1.9101027747211042e-11
2.9035538919678043e-11
3.7776782176245752e-11
5.2827294209030585e-11
7.5095376771926341e-11
9.6662470129329130e-11
1.2852540704237591e-10
1.7368215769684806e-10
2.2450404174402182e-10
2.8540780360696616e-10
3.6231898877361313e-10
4.4874069991371794e-10
5.3926833789174863e-10
6.3121695194693426e-10
7.0413882475939286e-10
7.2922994203342151e-10
6.6938775873502759e-10
4.4708476582325042e-10
-5.0158403552357202e-11
-9.7951879739938404e-10
-2.5929979519989732e-09
-5.2493612007230639e-09
-9.4608207394279744e-09
-1.5970139779446387e-08
-2.5811805928133030e-08
-4.0438237007655974e-08
-6.1863065067232341e-08
-9.2844300866247662e-08
-1.3714068435894402e-07
-1.9982247389644816e-07
-2.8769679182954497e-07
-4.0980313562667507e-07
-5.7807825490436248e-07
-8.0818073124453622e-07
-1.1204517741697211e-06
-1.5411547151706258e-06
-2.1039302210710916e-06
-2.8515155698687532e-06
-3.8377553858871393e-06
-5.1299373832186848e-06
-6.8113183424480213e-06
-8.9839829871300586e-06
-1.1771733572122905e-05
-1.5322965192160489e-05
-1.9813245148197167e-05
-2.5447198306160639e-05
-3.2459131266699884e-05
-4.1111660305264757e-05
-5.1691295803868071e-05
-6.4499583868020291e-05
-7.9837966625456613e-05
-9.7984041395604340e-05
-1.1915620118701027e-04
-1.4346277925982116e-04
-1.7083114331533237e-04
-2.0091071453321694e-04
-2.3294300954798385e-04
-2.6559012658934920e-04
-2.9671153818789650e-04
-3.2307740151601798e-04
-3.4000455337983911e-04
-3.4089953955210685e-04
-3.1669085628026848e-04
-2.5513087128802172e-04
-1.3994601612518290e-04
5.0187530974643471e-05
3.4286605823418494e-04
7.7340208501005072e-04
1.3865120541460764e-03
2.2382677506497849e-03
3.3983269761336862e-03
4.9524521414907909e-03
7.0053159514386594e-03
9.6835805095820873e-03
1.3139219339148160e-02
1.7553030561950716e-02
2.3138263175306120e-02
3.0144246679044875e-02
3.8859876337402031e-02
4.9616762760241295e-02
6.2791803988817230e-02
7.8808882223439486e-02
9.8139325166325203e-02
1.2130070545114664e-01
1.4885348121638384e-01
1.8139490914764048e-01
2.1954959007903946e-01
2.6395593978961301e-01
3.1524781753753184e-01
3.7403049642092234e-01
4.4085012794065831e-01
5.1615584341574328e-01
6.0025365373249751e-01
6.9325136215654437e-01
7.9499379956883753e-01
9.0498783417670758e-01
1.0223168041019852e+00
1.1455442776625382e+00
1.2726073662642265e+00
1.4007002020618398e+00
1.5261486475885455e+00
1.6442778262665023e+00
1.7492746460376780e+00
1.8340481263871600e+00
1.8900910196096599e+00
1.9073469251531459e+00
1.8740878114118102e+00
1.7768075586711114e+00
1.6001377917823985e+00
1.3267928500546518e+00
9.3755120963715799e-01
4.1128099345088370e-01
-2.7498266366154683e-01
-1.1459007189074071e+00
-2.2276264737609615e+00
-3.5475283033514695e+00
-5.1338331661490448e+00
-7.0151865158520428e+00
-9.2201259132847024e+00
-1.1776467669060708e+01
-1.4710608225839255e+01
-1.8046744684977810e+01
-2.1806021853880420e+01
-2.6005616378008710e+01
-3.0657771850629256e+01
-3.5768802172143211e+01
-4.1338083753811979e+01
-4.7357060309898834e+01
-5.3808286829897391e+01
-6.0664541734948351e+01
-6.7888038065491955e+01
-7.5429765688396429e+01
-8.3228996829246810e+01
-9.1212986621332291e+01
-9.9296898729402557e+01
-1.0738398339249999e+02
-1.1536603140591436e+02
-1.2312412263326662e+02
-1.3052968165060273e+02
-1.3744584616217739e+02
-1.4372914602048900e+02
-1.4923148220191499e+02
-1.5380238614361167e+02
-1.5729153068117574e+02
-1.5955145471337335e+02
-1.6044045495385095e+02
-1.5982559001661465e+02
-1.5758573492904284e+02
-1.5361461827162978e+02
-1.4782376978339616e+02
-1.4014530368936371e+02
-1.3053446240034933e+02
-1.1897184675036232e+02
-1.0546526265400696e+02
-9.0051119997333558e+01
-7.2795327657875603e+01
-5.3793638643971754e+01
-3.3171411237076761e+01
-1.1082765429115716e+01
1.2290871478245897e+01
3.6742820905099798e+01
6.2043785786632526e+01
8.7945019746061092e+01
1.1418197738240909e+02
1.4047837663207690e+02
1.6655059194637516e+02
1.9211228678322425e+02
2.1687918599693518e+02
2.4057388341445733e+02
2.6293057741550678e+02
2.8369962780462885e+02
3.0265183069721672e+02
3.1958231446218610e+02
3.3431396880026188e+02
3.4670033052698716e+02
3.5662786323070031e+02
3.6401758327570360e+02
3.6882600115310515e+02
3.7104536444125876e+02
3.7070320610017592e+02
3.6786121896261614e+02
3.6261349359079941e+02
3.5508417166635985e+02
3.4542458034924266e+02
3.3380992421961923e+02
3.2043562022186467e+02
3.0551336726243727e+02
2.8926704566315698e+02
2.7192854251693274e+02
2.5373359720223246e+02
2.3491775703466888e+02
2.1571252649396013e+02
1.9634178494932729e+02
1.7701853765673596e+02
1.5794205339228563e+02
1.3929542981793588e+02
1.2124361495431529e+02
1.0393190036120046e+02
8.7484889178505611e+01
7.2005930407388817e+01
5.7577000017149544e+01
4.4258999903978648e+01
3.2092437602032099e+01
2.1098443094974495e+01
1.1280074178056225e+01
2.6238585984530816e+00
-4.8984803782188973e+00
-1.1328168347184329e+01
-1.6717446047650714e+01
-2.1127606821057796e+01
-2.4627050744415293e+01
-2.7289396288955864e+01
-2.9191685042002476e+01
-3.0412709272593862e+01
-3.1031486129645646e+01
-3.1125896233702548e+01
-3.0771498539913427e+01
-3.0040527767281848e+01
-2.9001075539905884e+01
-2.7716451773319033e+01
-2.6244718839080484e+01
-2.4638387701743966e+01
-2.2944262565903742e+01
-2.1203418594889087e+01
-1.9451295943238204e+01
-1.7717892641190247e+01
-1.6028038724657542e+01
-1.4401734352193619e+01
-1.2854535417433903e+01
-1.1397971273905107e+01
-1.0039980560422656e+01
-8.7853526741691397e+00
-7.6361641123979078e+00
-6.5922006280224252e+00
-5.6513578606066623e+00
-4.8100147637233031e+00
-4.0633757113925535e+00
-3.4057785997434147e+00
-2.8309675418499634e+00
-2.3323298704077970e+00
-1.9030981066580310e+00
-1.5365183259424882e+00
-1.2259869537372574e+00
-9.6515847280245171e-01
-7.4802682359767103e-01
-5.6898345310126341e-01
-4.2285502779045409e-01
-3.0492379347729154e-01
-2.1093345452469686e-01
-1.3708327556423217e-01
-8.0012895618521707e-02
-3.6780102204862879e-02
-4.8335536844689997e-03
1.8017826044135446e-02
3.3637318068322028e-02
4.3593532029103724e-02
4.9193205251322931e-02
5.1512914184224615e-02
5.1429127125979232e-02
4.9646195050167291e-02
4.6722021811591533e-02
4.3091275563189049e-02
3.9086101877605889e-02
3.4954377125072315e-02
3.0875600299338189e-02
2.6974564839364445e-02
2.3332981216907366e-02
1.9999238708501191e-02
1.6996502509381051e-02
1.4329342364910368e-02
1.1989083304788645e-02
9.9580586023656388e-03
8.2129320369431266e-03
6.7272414382876598e-03
5.4732995164164253e-03
4.4235716403884916e-03
3.5516347301099717e-03
2.8328060823122410e-03
2.2445172715719083e-03
1.7664955545977463e-03
1.3808039429512723e-03
1.0717811458923533e-03
8.2591417864437649e-04
6.3166904741342352e-04
4.7929887411935396e-04
3.6064384926937863e-04
2.6893328403794075e-04
1.9859679768422000e-04
1.4508916886996697e-04
1.0473143687991867e-04
7.4569323110519945e-05
5.2249085941291288e-05
3.5910202624829540e-05
2.4093658756647289e-05
1.5664532415348094e-05
9.7473134043320307e-06
5.6724167648458415e-06
2.9323490070947612e-06
1.1461178600637383e-06
3.0628057843772019e-08
-6.2214107393880395e-07
-9.6317029237812754e-07
-1.1005097864602959e-06
-1.1102762023744297e-06
-1.0450502197131623e-06
-9.4030957471243986e-07
-8.1928456934841818e-07
-6.9656290757872250e-07
-5.8074146883103448e-07
-4.7637743194188786e-07
-3.8539215129019741e-07
-3.0802473269616297e-07
-2.4353598303102428e-07
-1.9067020778308927e-07
-1.4793261153331521e-07
-1.1381162984011554e-07
-8.6869303264417292e-08
-6.5807895105196693e-08
-4.9485652864342428e-08
-3.6957134687260743e-08
-2.7410889671916152e-08
-2.0193989067153254e-08
-1.4775781783036712e-08
-1.0743753953328638e-08
-7.7598282663389301e-09
-5.5677586377682261e-09
-3.9679218674105954e-09
-2.8102189219589229e-09
-1.9738909820639682e-09
-1.3784298214189512e-09
-9.5389930549579747e-10
-6.5121348341488453e-10
-4.4834924149372444e-10
-3.0159202588557255e-10
-2.0106229851778557e-10
-1.3415906622922002e-10
-8.9029423217732844e-11
-5.5656797812091983e-11
-3.4617171601249736e-11
-2.2062607512680209e-11
-1.2442068437056355e-11
-7.9779858883609679e-12
-4.6011095791420477e-12
-1.6579155697307984e-12
-7.3649414835576255e-13
-1.9896360243714693e-12
4.5430358717304181e-13
1.7292349474546345e-12
-6.1951365392084796e-13
-1.5726948632620648e-12
-7.6381301242994862e-13
-3.3087846672229160e-12
3.5276076006869359e-12
1.2187802843948346e-12
-1.1897533922555140e-12
-6.7550380499931490e-13
2.5378399629210878e-12
8.8469830127342131e-13
7.2173063035722792e-13
-9.6786528146598708e-14
-7.9809451443636738e-13
-1.0321707138445213e-12
2.1580272499346841e-12
6.5470732727828292e-13
2.6473867169928030e-12
3.2181655496569180e-12
-1.3456845829552427e-13
-2.7327768686259879e-12
1.1786146544337865e-12
-4.5336734624936827e-13
-1.9013527315431026e-12
-2.8256351479179301e-13
1.3871604444837021e-12
7.6222163581812461e-13
1.7249595297497342e-12
-6.0883239816724778e-13
-2.9648333915434530e-12
-3.7465558261340960e-13
9.6074032374145054e-13
2.4696744515191180e-13
-1.3458910841367917e-12
9.9916916034758577e-13
-6.9073959020405676e-13
-1.0046321878271667e-12
4.3473064611951402e-13
-3.4138030081538988e-13
1.0328395950525151e-12
6.8572002699182319e-13
-1.2827625689307088e-12
1.3415430691046483e-12
1.7074331805508417e-12
7.7643389802662714e-13
1.2975469222312047e-12
2.3339322709906721e-13
-3.8384638354719361e-13
4.4968081104487295e-13
1.1757829381941190e-12
3.0360190725963647e-13
-2.3459973298484291e-12
4.2657000085349713e-13
1.6294127081623180e-12
-6.1896643866578688e-13
3.7149449873174849e-13
-2.9662748611076807e-13
-6.0733895791859588e-13
1.3366466706352295e-12
2.9332287776928527e-12
-1.1179055511493912e-12
8.7820502930202228e-13
2.1449374859499291e-12
-9.9919036714641134e-13
-1.8276198367571487e-12
1.0658041875423247e-12
4.1875978748473695e-13
-1.1302488536229855e-14
-6.4945054476299740e-13
1.3795697998103438e-12
-3.8174578790088463e-13
1.0907856353147588e-12
1.9402959971834256e-13
8.0115215703316577e-13
7.8674892677894050e-13
-1.9562668234235811e-13
9.3068369883959714e-14
-2.0114127817886961e-12
8.8406749065054077e-13
1.8977781297080527e-14
-8.0614601580417697e-13
1.0979396326157792e-12
3.2690769473149766e-13
9.7261863958759320e-13
1.0466467745983466e-12
-1.4022203583598026e-12
-2.5445265128788957e-13
2.1795747397759120e-12
-1.5523470128584021e-12
-1.7078745890111068e-12
3.3559008743731374e-13
-2.6904717933307065e-14
-6.9993121541485606e-13
-7.6672726170793795e-13
1.1991422838087830e-12
5.2306616286462857e-15
6.9647314931527728e-13
1.2008493172927760e-12
-1.1787893304607335e-13
-1.6673217277678111e-12
1.7416302622988163e-12
-2.3272309949139933e-12
-1.5506667648636529e-13
1.5651294005436977e-12
-6.7236030946184947e-13
-1.4962827677374705e-12
2.9004988212303878e-12
9.0253683613605823e-13
-1.0554646453598006e-12
-6.5000275161146449e-13
