4.7302171142422182e-02
5.6206123257398044e-02
6.6297205958819827e-02
7.7757062514111963e-02
9.0790716776605079e-02
1.0562744114611269e-01
1.2252030116393099e-01
1.4175158405354971e-01
1.6363403930870579e-01
1.8851553366342821e-01
2.1678145715231206e-01
2.4885926191227001e-01
2.8522167166636631e-01
3.2639138287100888e-01
3.7294492577570137e-01
4.2551764866761493e-01
4.8480814385894955e-01
5.5158355676179538e-01
6.2668450228141281e-01
7.1103068717491513e-01
8.0562623059448224e-01
9.1156554267934320e-01
1.0300389378527923e+00
1.1623386680827055e+00
1.3098646834783048e+00
1.4741306725865728e+00
1.6567697843893832e+00
1.8595404798245609e+00
2.0843319844609662e+00
2.3331697057610916e+00
2.6082201385915043e+00
2.9117955530576181e+00
3.2463580279897810e+00
3.6145230666710790e+00
4.0190623893611983e+00
4.4629060917118206e+00
4.9491437895240127e+00
5.4810249004280651e+00
6.0619577060750309e+00
6.6955073154621161e+00
7.3853921955583122e+00
8.1354793684098983e+00
8.9497779648039053e+00
9.8324312209207232e+00
1.0787706634911524e+01
1.1819984366036573e+01
1.2933743624416621e+01
1.4133547139402644e+01
1.5424023490965324e+01
1.6809847406686188e+01
1.8295717850918596e+01
1.9886334032257178e+01
2.1586369203996309e+01
2.3400442415667158e+01
2.5333088144020174e+01
2.7388724000862812e+01
2.9571616504467709e+01
3.1885845157145194e+01
3.4335264877240874e+01
3.6923467077198623e+01
3.9653739498683073e+01
4.2529025146836283e+01
4.5551880496089431e+01
4.8724433358535187e+01
5.2048340644505309e+01
5.5524746450589284e+01
5.9154240754593353e+01
6.2936819188835408e+01
6.6871844210493663e+01
7.0958008165134444e+01
7.5193298587542927e+01
7.9574966246139084e+01
8.4099496283826312e+01
8.8762582954430883e+01
9.3559108297288077e+01
9.8483125222673522e+01
1.0352784531974521e+02
1.0868563181270875e+02
1.1394799792474402e+02
1.1930561100773529e+02
1.2474830262443939e+02
1.3026508485378042e+02
1.3584417291387649e+02
1.4147301426867594e+02
1.4713832420452385e+02
1.5282612792369503e+02
1.5852180902071163e+02
1.6421016426015331e+02
1.6987546439411938e+02
1.7550152080571056e+02
1.8107175758775327e+02
1.8656928871293519e+02
1.9197699978075738e+02
1.9727763387592822e+02
2.0245388091147984e+02
2.0748846988484317e+02
2.1236426332610003e+02
2.1706435328150971e+02
2.2157215804129027e+02
2.2587151889616729e+02
2.2994679609003211e+02
2.3378296322533481e+02
2.3736569927897298e+02
2.4068147749078676e+02
2.4371765030676281e+02
2.4646252967890240e+02
2.4890546196221803e+02
2.5103689678418809e+02
2.5284844921777403e+02
2.5433295473757786e+02
2.5548451640963145e+02
2.5629854392513499e+02
2.5677178407161460e+02
2.5690234240316408e+02
2.5668969586329308e+02
2.5613469628694008e+02
2.5523956470479146e+02
2.5400787654705465e+02
2.5244453784094523e+02
2.5055575266714575e+02
2.4834898213395678e+02
2.4583289529199661e+02
2.4301731239820134e+02
2.3991314109165464e+02
2.3653230601866051e+02
2.3288767258496526e+02
2.2899296547411427e+02
2.2486268269595200e+02
2.2051200587455810e+02
2.1595670759312404e+02
2.1121305654167023e+02
2.0629772130446929e+02
2.0122767353537844e+02
1.9602009134348819e+02
1.9069226360648548e+02
1.8526149598792071e+02
1.7974501931474154e+02
1.7415990101692736e+02
1.6852296019862459e+02
1.6285068694503340e+02
1.5715916632697923e+02
1.5146400759245705e+02
1.4578027888528399e+02
1.4012244785421012e+02
1.3450432836302784e+02
1.2893903353467994e+02
1.2343893520900768e+02
1.1801562991872365e+02
1.1267991133714894e+02
1.0744174918159759e+02
1.0231027441002897e+02
9.7293770586805138e+01
9.2399671153866365e+01
8.7634562391659003e+01
8.3004191722737360e+01
7.8513481070122694e+01
7.4166544859959032e+01
6.9966712329039865e+01
6.5916553684249990e+01
6.2017909744027669e+01
5.8271924587020152e+01
5.4679080827825715e+01
5.1239237042463948e+01
4.7951666971804457e+01
4.4815100040291377e+01
4.1827762842637100e+01
3.8987421165007405e+01
3.6291422230965935e+01
3.3736736779234967e+01
3.1320000711043281e+01
2.9037555962680297e+01
2.6885490395119909e+01
2.4859676409622463e+01
2.2955808138659389e+01
2.1169436975982684e+01
1.9496005353124129e+01
1.7930878579922734e+01
1.6469374712235211e+01
1.5106792314741000e+01
1.3838436133746097e+01
1.2659640592922734e+01
1.1565791172986136e+01
1.0552343626683736e+01
9.6148411295348968e+00
8.7489293487583950e+00
7.9503695630944877e+00
7.2150498393247213e+00
6.5389944232360531e+00
5.9183713665935365e+00
5.3494985659976244e+00
4.8288482437689648e+00
4.3530500585764207e+00
3.9188928780214418e+00
3.5233254072825071e+00
3.1634557024373637e+00
2.8365497644789532e+00
2.5400292343125579e+00
2.2714683832307432e+00
2.0285904070387417e+00
1.8092632144210170e+00
1.6114947027328665e+00
1.4334277065169889e+00
1.2733345948886037e+00
1.1296116973320343e+00
1.0007735156624156e+00
8.8544689628822826e-01
7.8236510134699078e-01
6.9036194849047250e-01
6.0836593832618879e-01
5.3539453656610958e-01
4.7054851018338661e-01
4.1300648402374013e-01
3.6201959741317208e-01
3.1690642912823630e-01
2.7704805039756730e-01
2.4188337908614260e-01
2.1090467454004627e-01
1.8365335421297460e-01
1.5971595069308892e-01
1.3872040173826347e-01
1.2033246991928127e-01
1.0425249986863493e-01
9.0212285909604811e-02
7.7972277850398619e-02
6.7318871263193344e-02
5.8062034884596138e-02
5.0032991328669014e-02
4.3082234592347564e-02
3.7077565399444783e-02
3.1902466010984225e-02
2.7454453630932553e-02
2.3643781356384251e-02
2.0392074758546964e-02
1.7631332230849443e-02
1.5302813770159259e-02
1.3356321326364653e-02
1.1749314933294406e-02
1.0446464474718893e-02
9.4189769050380592e-03
8.6444262980446603e-03
8.1062875333748497e-03
7.7940737774343993e-03
7.7030876259120010e-03
7.8349281950882230e-03
8.1974914525964251e-03
8.8059599624382718e-03
9.6831105873734797e-03
1.0860982216470040e-02
1.2381578088009286e-02
1.4299549481370669e-02
1.6683392896520322e-02
1.9619762968070529e-02
2.3215183187510088e-02
2.7603181457191876e-02
3.2946673248271351e-02
3.9441776824110909e-02
