5.3812012477097895e-02
6.3910873414171343e-02
7.5337623223726627e-02
8.8294007680908490e-02
1.0300740239103695e-01
1.1973165216526913e-01
1.3874638482393481e-01
1.6036300053595198e-01
1.8492587259709192e-01
2.1281740939697430e-01
2.4446053055604886e-01
2.8032354163962059e-01
3.2092346545748851e-01
3.6683103824326246e-01
4.1867471508281207e-01
4.7714591687008123e-01
5.4300360338050069e-01
6.1707981099185361e-01
7.0028470161064826e-01
7.9361237172464461e-01
8.9814627360527644e-01
1.0150652264321594e+00
1.1456490799662227e+00
1.2912848106651056e+00
1.4534722625828917e+00
1.6338301627983569e+00
1.8341017326286710e+00
2.0561604067695680e+00
2.3020150623637492e+00
2.5738151757459891e+00
2.8738553698585498e+00
3.2045796930651185e+00
3.5685851395291750e+00
3.9686246886024095e+00
4.4076094111591360e+00
4.8886098685783610e+00
5.4148563841386181e+00
5.9897383710839147e+00
6.6168023258413164e+00
7.2997486389036839e+00
8.0424268598302469e+00
8.8488295466415092e+00
9.7230843652863133e+00
1.0669444556763555e+01
1.1692277469707131e+01
1.2796051272970852e+01
1.3985319582358029e+01
1.5264704122671372e+01
1.6638875200677564e+01
1.8112530126336704e+01
1.9690369404921160e+01
2.1377070862640668e+01
2.3177261580982403e+01
2.5095487835916874e+01
2.7136182974760146e+01
2.9303633467367693e+01
3.1601943125911706e+01
3.4034995775675142e+01
3.6606416434779028e+01
3.9319531334023260e+01
4.2177326898418791e+01
4.5182408070638516e+01
4.8336956158958522e+01
5.1642686636201880e+01
5.5100807127569546e+01
5.8711976054083209e+01
6.2476262215937012e+01
6.6393105813224224e+01
7.0461281222604285e+01
7.4678862045344303e+01
7.9043188764368935e+01
8.3550839527956470e+01
8.8197604398931858e+01
9.2978463570979159e+01
9.7887569872267591e+01
1.0291823602207505e+02
1.0806292692088874e+02
1.1331325738304511e+02
1.1865999553145232e+02
1.2409307218648561e+02
1.2960159638742385e+02
1.3517387728272783e+02
1.4079745242830651e+02
1.4645912261822369e+02
1.5214499317311908e+02
1.5784052168682180e+02
1.6353057203242352e+02
1.6919947449716173e+02
1.7483109171869654e+02
1.8040889015965976e+02
1.8591601666584259e+02
1.9133537971743951e+02
1.9664973479948850e+02
2.0184177338502499e+02
2.0689421485238896e+02
2.1178990073223338e+02
2.1651189052165054e+02
2.2104355838671717e+02
2.2536868993290506e+02
2.2947157831896806e+02
2.3333711886606690e+02
2.3695090142414043e+02
2.4029929965267263e+02
2.4336955649829900e+02
2.4614986506596713e+02
2.4862944422076512e+02
2.5079860819016477e+02
2.5264882959105773e+02
2.5417279525528883e+02
2.5536445439448795e+02
2.5621905860851496e+02
2.5673319341882450e+02
2.5690480098253215e+02
2.5673319382662748e+02
2.5621905942344313e+02
2.5536445561513244e+02
2.5417279687964029e+02
2.5264883161634489e+02
2.5079861061311638e+02
2.4862944703734007e+02
2.4614986827174747e+02
2.4336956008810932e+02
2.4029930362110537e+02
2.3695090576506138e+02
2.3333712357327477e+02
2.2947158338558165e+02
2.2536869535215928e+02
2.2104356415122751e+02
2.1651189662434771e+02
2.1178990716549995e+02
2.0689422160913611e+02
2.0184178045769531e+02
1.9664974218127892e+02
1.9133538740116293e+02
1.8591602464530337e+02
1.8040889842836648e+02
1.7483110027139600e+02
1.6919948332839527e+02
1.6353058113822746e+02
1.5784053106311822e+02
1.5214500281759240e+02
1.4645913252853612e+02
1.4079746260416275e+02
1.3517388772390439e+02
1.2960160709603522e+02
1.2409308316481673e+02
1.1866000678444180e+02
1.1331326891590878e+02
1.0806293874183822e+02
1.0291824813971930e+02
9.7887582298588711e+01
9.2978476318497641e+01
8.8197617483964251e+01
8.3550852967529366e+01
7.9043202579787504e+01
7.4678876258838386e+01
7.0461295861241766e+01
6.6393120905270919e+01
6.2476277795154679e+01
5.8711992155783918e+01
5.5100823793344219e+01
5.1642703909648688e+01
4.8336974090896071e+01
4.5182426714486624e+01
4.2177346315960349e+01
3.9319551590413816e+01
3.6606437604934413e+01
3.4035017938886135e+01
3.1601966372947942e+01
2.9303657894674114e+01
2.7136208692386912e+01
2.5095514961274922e+01
2.3177290247732738e+01
2.1377101213988350e+01
1.9690401603626633e+01
1.8112564347532885e+01
1.6638911643203237e+01
1.5264743001403147e+01
1.3985361141113941e+01
1.2796095776361575e+01
1.1692325217920601e+01
1.0669495876956631e+01
9.7231396286419898e+00
8.8488891593503087e+00
8.0424912829163269e+00
7.2998183788840674e+00
6.6168779579566008e+00
5.9898205297789033e+00
5.4149457905176774e+00
4.8887073209306333e+00
4.4077158177039450e+00
3.9687410583945750e+00
3.5687126218898624e+00
3.2047195693597303e+00
2.8740091014555542e+00
2.5739843973790046e+00
2.3022016410703863e+00
2.0563664378528248e+00
1.8343296128654860e+00
1.6340825904347682e+00
1.4537523292626515e+00
1.2915960074666994e+00
1.1459954141263797e+00
1.0154512362080881e+00
8.9857717816648075e-01
7.9409409865401903e-01
7.0082408163245580e-01
6.1768462325435081e-01
5.4368283148623531e-01
4.7790981870199950e-01
4.1953516374510275e-01
3.6780162492664936e-01
3.2201995984875914e-01
2.8156403751685666e-01
2.4586607775086505e-01
2.1441221045139258e-01
1.8673816830193929e-01
1.6242531598124613e-01
1.4109680706692734e-01
1.2241408600692684e-01
1.0607350240181262e-01
9.1803273497128426e-02
7.9360535920713127e-02
6.8528745879622197e-02
5.9115139447121219e-02
5.0948541038590332e-02
4.3877197935825632e-02
3.7766964490432396e-02
3.2499474222056929e-02
2.7970667138448591e-02
2.4089263006265169e-02
2.0775601907041169e-02
1.7960384824519539e-02
1.5583803007150088e-02
1.3594516688363005e-02
1.1949057232321722e-02
1.0611021666580230e-02
9.5507436418694573e-03
8.7446908581400289e-03
8.1754179618408560e-03
7.8311665846361039e-03
7.7061379506081426e-03
7.8003121948683942e-03
8.1201151005380438e-03
8.6784958965290451e-03
9.4961191965212254e-03
1.0601769156201361e-02
1.2034289666440306e-02
1.3843413863585733e-02
1.6092835623407128e-02
1.8861575362584558e-02
2.2248875664791928e-02
2.6376117225396754e-02
3.1394886313403050e-02
3.7489607417487261e-02
4.4881775821368673e-02
