-1.1692475847009261e-01
-1.3416479342729315e-01
-1.5244291369843252e-01
-1.7193594919241473e-01
-1.9265950132202758e-01
-2.1467874602237833e-01
-2.3799163975628296e-01
-2.6260888586315650e-01
-2.8849584909542370e-01
-3.1559947478713790e-01
-3.4382386812176075e-01
-3.7304572892260557e-01
-4.0308230329067096e-01
-4.3370264379898316e-01
-4.6461560802235036e-01
-4.9546871109531515e-01
-5.2582108357732338e-01
-5.5515381217953907e-01
-5.8285119762852300e-01
-6.0819154076012827e-01
-6.3033617553321386e-01
-6.4832110393993836e-01
-6.6104785626776341e-01
-6.6727379489251559e-01
-6.6558872344515863e-01
-6.5441629101139553e-01
-6.3199272332459355e-01
-5.9635534520642253e-01
-5.4533435646462602e-01
-4.7654587721952085e-01
-3.8737818890136949e-01
-2.7498379172563425e-01
-1.3626623755000686e-01
3.2128706236597353e-02
2.3382199311946761e-01
4.7270038075356052e-01
7.5291545031596563e-01
1.0788884570616459e+00
1.4553158689048331e+00
1.8871516155002657e+00
2.3796098756495181e+00
2.9381498484941857e+00
3.5684620242437104e+00
4.2764569155427328e+00
5.0682391378465947e+00
5.9500832016852065e+00
6.9284066559898694e+00
8.0097290719678806e+00
9.2006489263410813e+00
1.0507809111501748e+01
1.1937844720609053e+01
1.3497333262148215e+01
1.5192755543338052e+01
1.7030436370259718e+01
1.9016475878178891e+01
2.1156694211582053e+01
2.3456573629594679e+01
2.5921188170493565e+01
2.8555144440734200e+01
3.1362507943507641e+01
3.4346740520208137e+01
3.7510635829205796e+01
4.0856243970028061e+01
4.4384814113620671e+01
4.8096730017264939e+01
5.1991445490186408e+01
5.6067436851415522e+01
6.0322151116144262e+01
6.4751964113691344e+01
6.9352141796796332e+01
7.4116801874441293e+01
7.9038885162244455e+01
8.4110145952243826e+01
8.9321142297389656e+01
9.4661240511389835e+01
1.0011862769836803e+02
1.0568033565648487e+02
1.1133227916377403e+02
1.1705929370656349e+02
1.2284518203930297e+02
1.2867278242116535e+02
1.3452404879951717e+02
1.4038014086831944e+02
1.4622150794850572e+02
1.5202798846336441e+02
1.5777892613065708e+02
1.6345328611413620e+02
1.6902978172052528e+02
1.7448700814483519e+02
1.7980357492303446e+02
1.8495824646838750e+02
1.8993007945040398e+02
1.9469855938397816e+02
1.9924373773050681e+02
2.0354637248708195e+02
2.0758806597957505e+02
2.1135140105132626e+02
2.1482005628906489e+02
2.1797892152650206e+02
2.2081421680289955e+02
2.2331358462864259e+02
2.2546618600876295e+02
2.2726277738618566e+02
2.2869576765475395e+02
2.2975927950418253e+02
2.3044919037919936e+02
2.3076316043069349e+02
2.3070064624731106e+02
2.3026289164295412e+02
2.2945290728846865e+02
2.2827545009062385e+02
2.2673697922545415e+02
2.2484559790955342e+02
2.2261099038751493e+02
2.2004434951319240e+02
2.1715828643833771e+02
2.1396672856020786e+02
2.1048480589368916e+02
2.0672873513227572e+02
2.0271571015651656e+02
1.9846377542851312e+02
1.9399168744771350e+02
1.8931878355016565e+02
1.8446484246934625e+02
1.7944995892737407e+02
1.7429441993571541e+02
1.6901856778899074e+02
1.6364266578218960e+02
1.5818678570794211e+02
1.5267069260295710e+02
1.4711372278309145e+02
1.4153468655925150e+02
1.3595178149391219e+02
1.3038249680960817e+02
1.2484353192081574e+02
1.1935073699194621e+02
1.1391905953481292e+02
1.0856248595692985e+02
1.0329399985044451e+02
9.8125546089338400e+01
9.3068010794576196e+01
8.8131220932230221e+01
8.3323934787015730e+01
7.8653839562498135e+01
7.4127563424410624e+01
6.9750695793507077e+01
6.5527818424049016e+01
6.1462543097357084e+01
5.7557542700643666e+01
5.3814592102355228e+01
5.0234619700869068e+01
4.6817752651662651e+01
4.3563361286446650e+01
4.0470117139379191e+01
3.7536052822346662e+01
3.4758620541907746e+01
3.2134753423118426e+01
2.9660912776655692e+01
2.7333146231322615e+01
2.5147149954247595e+01
2.3098313735317472e+01
2.1181781275180679e+01
1.9392493630062631e+01
1.7725229097610061e+01
1.6174655831129893e+01
1.4735374993950408e+01
1.3401957923666636e+01
1.2168979520131105e+01
1.1031046605219863e+01
9.9828238801836378e+00
9.0190647281876934e+00
8.1346337159660198e+00
7.3245296289148651e+00
6.5839017520974821e+00
5.9080642124631444e+00
5.2925130198507393e+00
4.7329289215730190e+00
4.2251778900016950e+00
3.7653218242605639e+00
3.3496264802150622e+00
2.9745660080395853e+00
2.6368115113606851e+00
2.3332270941508639e+00
2.0608719078585884e+00
1.8169955167439589e+00
1.5990352277058528e+00
1.4046116547143976e+00
1.2315178701740843e+00
1.0777168135297690e+00
9.4133004050910374e-01
8.2062386982020075e-01
7.1400202555743175e-01
6.2000341450786911e-01
5.3729335773867282e-01
4.6466100701572333e-01
4.0100433798811075e-01
3.4532349937950424e-01
2.9672041808232374e-01
2.5438164812583075e-01
2.1757544029399059e-01
1.8564647885246191e-01
1.5800500409812915e-01
1.3412873156339847e-01
1.1355096589693443e-01
9.5858535415306229e-02
8.0690454516481019e-02
6.7721738468126944e-02
5.6656703389219118e-02
4.7238485217012932e-02
3.9241874859732816e-02
3.2463131853933867e-02
2.6722802192459146e-02
2.1874033492189648e-02
1.7789110933759709e-02
1.4356861563919453e-02
1.1480911351797178e-02
9.0744897656640927e-03
7.0650818054833510e-03
5.3897499816855082e-03
3.9895963563608052e-03
2.8186121860135846e-03
1.8305871378097602e-03
9.8761473014916958e-04
2.6157201837483297e-04
-3.7230296245896563e-04
-9.4044989076996473e-04
-1.4667580282615952e-03
-1.9744324135516182e-03
-2.4819216253269033e-03
-3.0035771380737897e-03
-3.5482803501481227e-03
-4.1256214787091300e-03
-4.7473309870897885e-03
-5.4268837847518984e-03
-6.1723821082514509e-03
-7.0018525425023974e-03
-7.9304445762809084e-03
-8.9748141746127715e-03
-1.0152308760280126e-02
-1.1485446062195440e-02
-1.3002715672044881e-02
-1.4739843512973642e-02
-1.6730505044971020e-02
-1.9025856072587412e-02
-2.1674969240159200e-02
-2.4735369388632657e-02
-2.8270174715769855e-02
-3.2367402395640683e-02
-3.7115277817123649e-02
-4.2629318725286323e-02
-4.9033386889446827e-02
-5.6494442641945093e-02
-6.5170935777774358e-02
-7.5304523636026799e-02
-8.7104859251901673e-02
-1.0099051121678684e-01
