-3.0352427853960505e-13
-7.3652922402240101e-13
1.7522190829902148e-12
2.0584443856458503e-13
6.4019964036583714e-13
6.5001586594539390e-14
-8.7506214976023883e-13
-5.0572167316204764e-13
1.7972129521750176e-12
-9.4697943964275114e-13
-3.7006999159626837e-13
7.4264825967076026e-13
9.1220036947671078e-13
-9.9973581318978840e-13
-5.4779743484173361e-13
-6.0880331272475946e-13
-9.9561149068618308e-13
-8.2469690085994062e-14
3.9457080050980106e-13
1.5400609344636788e-13
1.3551208911497498e-12
-1.4768009522027855e-12
-9.8920529172113971e-13
-7.3679204308554486e-13
2.0700209080912470e-13
-1.8284822281154429e-12
1.1756778825648756e-12
-2.6208655549977498e-13
1.9552845104477447e-13
-8.9220591697684794e-13
3.6509327010779944e-13
1.2954220737800267e-13
9.5539045087254861e-13
2.1844649932341645e-12
2.3182260105377711e-13
2.2608658327245250e-12
3.3572878787174944e-12
4.4229345376816976e-12
5.4252810550564524e-12
7.6747025918302456e-12
8.0698781364682898e-12
8.7270001931553587e-12
1.1906443728814111e-11
1.2498832607610277e-11
1.1780926560726344e-11
9.2680027589924885e-12
-1.6044178296606065e-12
-1.7234733105827022e-11
-4.6976997504737746e-11
-9.9339202576261482e-11
-1.8316092747457269e-10
-3.1717277083488971e-10
-5.2643880850368494e-10
-8.4764014407425317e-10
-1.3320568892523584e-09
-2.0554928796719173e-09
-3.1215757808283516e-09
-4.6760705599531882e-09
-6.9241000682597508e-09
-1.0150751790309008e-08
-1.4738186807333460e-08
-2.1215488103668285e-08
-3.0300631634801668e-08
-4.2950001784020923e-08
-6.0448793663857775e-08
-8.4506883838291755e-08
-1.1737108822986423e-07
-1.6199285630336365e-07
-2.2221485361394976e-07
-3.0299537898798586e-07
-4.1070678926711629e-07
-5.5347112431057802e-07
-7.4152893512181906e-07
-9.8773455428843279e-07
-1.3080447572542944e-06
-1.7220773516231097e-06
-2.2536957806863869e-06
-2.9315941506310474e-06
-3.7897705840402562e-06
-4.8679014286006176e-06
-6.2113742610593737e-06
-7.8708875142199454e-06
-9.9013153276216771e-06
-1.2359512542503293e-05
-1.5300580007549190e-05
-1.8772005730670833e-05
-2.2804862991777178e-05
-2.7401045646630658e-05
-3.2515219413882438e-05
-3.8029847591529607e-05
-4.3721191071772035e-05
-4.9213735921868825e-05
-5.3919889024505627e-05
-5.6961126542108937e-05
-5.7065987719015677e-05
-5.2439491378762167e-05
-4.0597470869941872e-05
-1.8158428938380116e-05
1.9415761086220241e-05
7.8140052144036302e-05
1.6589828169504597e-04
2.9291910149501714e-04
4.7234887190450951e-04
7.2093525834231794e-04
1.0598357368414488e-03
1.5155650961986252e-03
2.1210952080775980e-03
2.9171186873651399e-03
3.9534852012091549e-03
5.2908149010075876e-03
7.0022874226393856e-03
9.1755967800566437e-03
1.1915051817751576e-02
1.5343788518072983e-02
1.9606043614113833e-02
2.4869418827174798e-02
3.1327040661227615e-02
3.9199492322711270e-02
4.8736361578798210e-02
6.0217211070105685e-02
7.3951736244865007e-02
9.0278830616107600e-02
1.0956422944742082e-01
1.3219635174447553e-01
1.5857990833004762e-01
1.8912679191724260e-01
2.2424371601876328e-01
2.6431602541026289e-01
3.0968706493774517e-01
3.6063246900958168e-01
4.1732872509148505e-01
4.7981537515010092e-01
5.4795025381981433e-01
6.2135722579603136e-01
6.9936598235487413e-01
7.8094359250672329e-01
8.6461768236438130e-01
9.4839134039381756e-01
1.0296501188836753e+00
1.1050618247239818e+00
1.1704701652243352e+00
1.2207837351074275e+00
1.2498622948739770e+00
1.2504027914976772e+00
1.2138281005530178e+00
1.1301820118565935e+00
9.8803452317480911e-01
7.7440202983321060e-01
4.7468748126206817e-01
7.2645994356196328e-02
-4.4961825786825588e-01
-1.1116178528069385e+00
-1.9344045255299240e+00
-2.9404421913323739e+00
-4.1534249076460767e+00
-5.5980346338199674e+00
-7.2996344263212007e+00
-9.2838937457633559e+00
-1.1576343858590988e+01
-1.4201862890292627e+01
-1.7184091919230092e+01
-2.0544785570384278e+01
-2.4303102845925967e+01
-2.8474846370915781e+01
-3.3071660783685019e+01
-3.8100203594847862e+01
-4.3561304400494741e+01
-4.9449130777561088e+01
-5.5750381420677201e+01
-6.2443529001925668e+01
-6.9498136749403841e+01
-7.6874273750002374e+01
-8.4522054394949663e+01
-9.2381327121418906e+01
-1.0038153659193443e+02
-1.0844178164455703e+02
-1.1647108871196740e+02
-1.2436891694209753e+02
-1.3202590697974861e+02
-1.3932488033995818e+02
-1.4614209060207168e+02
-1.5234872139106673e+02
-1.5781261943086997e+02
-1.6240024402065836e+02
-1.6597880728969065e+02
-1.6841857273628136e+02
-1.6959527307181247e+02
-1.6939260249476237e+02
-1.6770473343401127e+02
-1.6443880373514156e+02
-1.5951731740960042e+02
-1.5288040058818370e+02
-1.4448785434720864e+02
-1.3432094769624393e+02
-1.2238389727197213e+02
-1.0870498516470711e+02
-9.3337272750078313e+01
-7.6358876292430210e+01
-5.7872779261053495e+01
-3.8006166538444397e+01
-1.6909276742012533e+01
5.2462195687696154e+00
2.8269296291137593e+01
5.1952071692011685e+01
7.6072689658518925e+01
1.0039852986124170e+02
1.2468968531491632e+02
1.4870263817960003e+02
1.7219405870357778e+02
1.9492464816918778e+02
2.1666294470897483e+02
2.3718901099368364e+02
2.5629792507075217e+02
2.7380300000027802e+02
2.8953866427586553e+02
3.0336294315036082e+02
3.1515949067329132e+02
3.2483913320327537e+02
3.3234089706053726e+02
3.3763250548157640e+02
3.4071034276362167e+02
3.4159889607276551e+02
3.4034969747755804e+02
3.3703980002305047e+02
3.3176983177429940e+02
3.2466168047188341e+02
3.1585586854289619e+02
3.0550868354349274e+02
2.9378913257700287e+02
2.8087579079912359e+02
2.6695361381348499e+02
2.5221078165831736e+02
2.3683563832180818e+02
2.2101378547933129e+02
2.0492538263700789e+02
1.8874269833873944e+02
1.7262794881278563e+02
1.5673145167366215e+02
1.4119011332965749e+02
1.2612625984057914e+02
1.1164681237216897e+02
9.7842800325561328e+01
8.4789197874869018e+01
7.2545063180874735e+01
6.1153954083941997e+01
5.0644589695193758e+01
4.1031724043819366e+01
3.2317195804409842e+01
2.4491117091092775e+01
1.7533164303949317e+01
1.1413934959540574e+01
6.0963362226825364e+00
1.5369733553148115e+00
-2.3124906248248824e+00
-5.5040292689234960e+00
-8.0920223875411850e+00
-1.0132118517740967e+01
-1.1680203573089175e+01
-1.2791485160446854e+01
-1.3519698308317087e+01
-1.3916434880465006e+01
-1.4030595812830054e+01
-1.3907962561163545e+01
-1.3590881813910062e+01
-1.3118055625430499e+01
-1.2524427659924926e+01
-1.1841155194031932e+01
-1.1095655882323442e+01
-1.0311718012270159e+01
-9.5096630238832844e+00
-8.7065493998892673e+00
-7.9164075975154811e+00
-7.1504964454174971e+00
-6.4175723211402405e+00
-5.7241634117369946e+00
-5.0748424008549877e+00
-4.4724919830202650e+00
-3.9185586475858147e+00
-3.4132911741901961e+00
-2.9559612166605058e+00
-2.5450642070017340e+00
-2.1784995737615196e+00
-1.8537299332609303e+00
-1.5679194746124141e+00
-1.3180522215609776e+00
-1.1010312191474898e+00
-9.1375996762472278e-01
-7.5320761711302830e-01
-6.1645955406132646e-01
-5.0075506338338482e-01
-4.0351374913393906e-01
-3.2235235087206332e-01
-2.5509351241511585e-01
-1.9976795292079474e-01
-1.5461136559241379e-01
-1.1805723322700601e-01
-8.8726609050663985e-02
-6.5415770210300164e-02
-4.7082514688591037e-02
-3.2831742521834011e-02
-2.1900842442650521e-02
-1.3645295892842257e-02
-7.5248134382738269e-03
-3.0902338005019733e-03
2.8656709565267740e-05
2.1342876437402880e-03
3.4714037773982240e-03
4.2360935056145205e-03
4.5837702095273339e-03
4.6361537379323121e-03
4.4873153169259156e-03
4.2088598901851631e-03
3.8543257816222561e-03
3.4628836342797749e-03
3.0624158666075871e-03
2.6720547980229534e-03
2.3042530396490081e-03
1.9664541459889621e-03
1.6624251888766501e-03
1.3933065330435854e-03
1.1584274894075634e-03
9.5593034922064613e-04
7.8323927541555465e-04
6.3740515848795959e-04
5.1535256609638814e-04
4.1405046369971400e-04
3.3062454342722700e-04
2.6242564541978315e-04
2.0706583644176552e-04
1.6243132939758317e-04
1.2667938486158394e-04
9.8224630459676558e-05
7.5718970247344729e-05
5.8028066521314540e-05
4.4206591412876107e-05
3.3473718216153057e-05
2.5189866060693791e-05
1.8835286710603611e-05
1.3990781022692693e-05
1.0320710018229398e-05
7.5582304642598082e-06
5.4926482425626484e-06
3.9587354873054837e-06
2.8277842335394153e-06
2.0002022199878399e-06
1.3994442073761560e-06
9.6707078924280712e-07
6.5877330735385193e-07
4.4118413297546637e-07
2.8936608025039768e-07
1.8480659675349416e-07
1.1387837439843706e-07
6.6629913828258393e-08
3.5856491958820856e-08
1.6384793988396351e-08
4.5418047191192773e-09
-2.2454075420299076e-09
-5.7673907023919392e-09
-7.2429460054474857e-09
-7.4932587960789499e-09
-7.0582946019575079e-09
-6.2846056418079032e-09
-5.3868706251176931e-09
-4.4874006533308440e-09
-3.6599714090925440e-09
-2.9306266653508066e-09
-2.3146221083328122e-09
-1.8030806617840780e-09
-1.3883530113288597e-09
-1.0582450144925739e-09
-8.0101183482436982e-10
-5.9967349111968087e-10
-4.4721764582488393e-10
-3.3017342367185923e-10
-2.4160513078975315e-10
-1.7629558406361648e-10
-1.2811086434214997e-10
-9.1303430545953900e-11
-6.6332798857970878e-11
-4.6714585877090161e-11
-3.2821723659102510e-11
-2.1623086511130597e-11
-1.8105400109787075e-11
-1.1182378913531249e-11
-6.9318734029908730e-12
-5.6012966595666985e-12
-3.9028053743054790e-12
-2.4008339277892072e-12
-1.9218979693965284e-12
-1.6235973240705585e-12
-1.8522687761824343e-12
-1.5145052901925443e-12
-1.6005384796609159e-12
-4.5486307200742355e-14
-1.5269274253595028e-12
-9.2048715217566113e-13
1.2295747689476440e-13
-1.5858518036800643e-12
-1.0868152149320363e-12
3.7274393534523690e-13
3.2972947153189604e-13
4.5704457893794937e-13
-3.1244758956879034e-13
4.0965040486145184e-13
9.8072091656669960e-13
-6.3682514321991723e-13
3.0348288471238234e-13
2.9752383137827481e-13
-8.4467101511684696e-14
1.7914837940164248e-12
-4.5776968561462577e-13
-1.5771141506997618e-12
2.1853768865484738e-13
4.4544201823569169e-13
-2.7903345782231944e-13
2.7511025894871368e-13
-6.5343758946514941e-13
-1.5063366637258870e-12
4.2034715757880138e-13
-1.4220693958914786e-13
-9.6768663081782212e-13
-9.1019522759254112e-13
-4.0525703872636043e-13
4.8045626280088969e-13
-1.3500539480448565e-14
1.0341340130898935e-12
-2.1272285375362154e-12
-2.2940275813469254e-13
-5.8903392311713761e-13
1.3608046989931016e-13
-2.0403342604378760e-13
7.1194454055258574e-13
1.3432027354384383e-12
-2.1834593466515864e-13
1.8307711989373918e-13
-2.8175124824542062e-13
-1.6677017313901855e-12
-3.6431940171585917e-13
-2.0388456528891228e-12
-8.1368832616924058e-13
8.5356745074708042e-13
4.6448662742470886e-13
-1.0171630710782130e-12
1.6577721047446604e-13
6.6412181120081575e-13
-3.0521167785704995e-13
-1.2564844522022909e-12
-2.7439808483308093e-13
-3.6024270775798119e-13
-5.1713248317927535e-13
4.5513947761540496e-13
-8.8621902692483210e-13
5.6089450737746103e-13
1.5206340201773600e-12
2.5234773739047554e-14
-1.3077829278560650e-12
2.0678050301069491e-12
-7.8390625372335551e-13
-1.1372182376122965e-12
1.0403025174749764e-12
4.4150192391136209e-13
8.4710367573775756e-13
1.0396124672818231e-12
5.7350264308219841e-13
-1.6416747043033282e-13
-2.2689894668171754e-13
7.7557937343527756e-13
-8.9149823942306939e-13
8.8520406152433514e-13
7.3662713619565242e-13
-1.2006506643857413e-12
1.0683562210636541e-13
-2.8071652218521212e-13
-7.1941828584608508e-13
1.0715042791980473e-12
9.7502242427323924e-13
4.1855254936745995e-13
-4.3286227630454388e-13
4.4427552531453335e-13
1.0602067423007708e-12
-1.4511913321457447e-13
1.6683607326299749e-12
1.2313755480105454e-12
-4.7620545533769055e-14
-1.9155411259905152e-13
2.3056885370495740e-13
-4.2321622784379240e-13
1.6064964285568114e-12
1.6005924999178619e-12
1.1143097041827295e-14
6.5827380708403924e-13
1.1887339603811571e-12
-1.5841824712171892e-12
-5.8048153695125719e-13
1.5915517858643755e-13
-9.5405569580244559e-14
-4.6085718548685899e-13
2.8792753072088785e-13
1.6304347055430098e-12
-8.5149226463264896e-13
5.9737201041043187e-13
-7.4880296996874521e-13
-1.9211858512818693e-13
4.5808776588276283e-13
1.9183660231012810e-12
-2.6829638685889233e-13
-2.4654994170100987e-13
8.6827614094601020e-13
-3.1807363914702682e-13
-2.2393962718323967e-13
4.1398507967056100e-13
-8.6482984470256014e-13
