2.1052781985201203e-14
3.6829119017999338e-14
3.2323533691278871e-14
3.7043620920868577e-14
4.8155731490626510e-14
3.5025147292668506e-14
2.9450093549411403e-14
2.8575084258617450e-14
2.5336619336050892e-14
4.0495443991101318e-14
2.7654082129175507e-14
5.2365277894254685e-14
4.1683343318141049e-14
2.6834301969306293e-14
3.8620369672274572e-14
3.2629966194908062e-14
2.9862634130165183e-14
5.0149038618178185e-14
3.9446731230600924e-14
5.0037948885431867e-14
5.5733044171605697e-14
7.4960536093625024e-14
5.5367369166777579e-14
5.9509749689355472e-14
4.8307260142075155e-14
6.7381808273079338e-14
5.7612511537128350e-14
7.1228710695718289e-14
6.6471105659730878e-14
7.0943632377327154e-14
7.6905458124771587e-14
6.7635559872824345e-14
5.1231244490616196e-14
5.1749582676607854e-14
4.9311012390079816e-14
5.4006879357641655e-14
6.2302626338259622e-14
5.3718213411534393e-14
4.6866195757454728e-14
2.9734022442205332e-14
1.4163405267968116e-14
8.8141005435954380e-15
2.4283975309047202e-14
1.7736345084543956e-14
1.3131130307491646e-15
-4.0650124075029331e-15
-7.7371287930415492e-15
-2.7538077985535917e-14
-1.6884295350338129e-14
-1.4041674911730918e-14
-6.8080465945031585e-15
-1.4193405512025040e-14
-1.9842698242232884e-14
-3.0938384507608711e-14
-1.4524037305488881e-14
-2.2725157864911917e-14
-4.8970662576309282e-14
-2.5741697824916373e-14
-1.0461542548634673e-14
-4.0224572905265973e-14
-6.7564670029398121e-15
-1.7932433228474442e-14
-1.0234035090517465e-14
-1.6519919696288972e-14
-1.9245408313674641e-15
1.0104506804028748e-14
1.4061198781145690e-14
2.5708422145702447e-14
2.8401692794856077e-14
1.9603137772081127e-14
2.2661396883459151e-14
3.4124135181970607e-14
1.8114630814202681e-14
1.2956243488710260e-14
3.6044613504943270e-14
3.1240858628323525e-14
2.1967437228496427e-14
2.0029234284687740e-14
3.6378337093876248e-14
2.7623341653098913e-14
2.8344595157653661e-14
1.9040214256821903e-14
2.4242980295638337e-14
8.0508236885089088e-15
9.7355143362706833e-15
2.2724947094177239e-15
2.3963066744265446e-14
1.9514082381934612e-14
4.2299243729560653e-15
1.9432410133020184e-14
5.9652982420231636e-15
7.1504386227625212e-15
-1.0054874733340873e-14
-1.0646257569400153e-14
-1.6313942560087985e-14
-2.2640802242681805e-14
-2.1699010100111286e-14
-3.2099965626895193e-14
-5.0431284012347978e-14
-2.9288441178014791e-14
-2.4558657478881190e-14
-3.1599934051911350e-14
-7.3749920572270324e-15
1.2217456079795467e-14
2.1670265601223694e-14
2.3810892336976762e-14
4.1800095357753215e-14
2.0785223716836586e-14
1.6451427433604860e-14
3.4815413172705939e-14
6.9330457678744160e-15
2.7205922799195302e-14
-2.4251060954075193e-14
-2.8230087468994324e-14
-5.4598060600163008e-14
-5.9729360824164630e-14
-8.5841234549050303e-14
-8.4287038130952920e-14
-7.4825489754097704e-14
-8.1194623683722230e-14
-9.9233249036376218e-14
-9.8563006227612864e-14
-1.1050878336036861e-13
-1.0812221630717242e-13
-1.3010833440346587e-13
-1.2865250863432834e-13
-1.3149862811194844e-13
-1.2452765443461768e-13
-1.2747705890709082e-13
-1.2667633028763114e-13
-1.4665122097083978e-13
-1.6589983852275550e-13
-1.6564171537360509e-13
-1.6361948393248199e-13
-1.8239119113531268e-13
-2.0563862600563189e-13
-2.3650861334525093e-13
-2.2684246609783043e-13
-2.7112241363489886e-13
-2.9251523149685028e-13
-3.2948461909711406e-13
-3.4407695630242443e-13
-3.9506179924040209e-13
-4.3416400318970041e-13
-4.8938660319542441e-13
-5.2605316031775211e-13
-5.8786694093824018e-13
-6.1583979884339856e-13
-6.5926847867850935e-13
-6.8753752751612035e-13
-7.1989876720325433e-13
-7.5529946268232801e-13
-7.8813142400729280e-13
-8.3659876531037600e-13
-8.9265875877429355e-13
-9.5730589685469837e-13
-1.0872566543310943e-12
-1.1374682862940432e-12
-1.2109083414048757e-12
-1.3113434492365373e-12
-1.4148038825838007e-12
-1.5541805869662913e-12
-1.6869985441727014e-12
-1.8518084182237609e-12
-2.0077734410564477e-12
-2.1626650803032073e-12
-2.3406412960917315e-12
-2.5600219371729855e-12
-2.7727874931517294e-12
-2.9943097604248884e-12
-3.2977909321868703e-12
-3.5908516638740859e-12
-3.9549109395168956e-12
-4.3319658198275429e-12
-4.7823344344053057e-12
-5.2506997994806725e-12
-5.7958543420140331e-12
-6.3624288507628125e-12
-6.9970750836408538e-12
-7.6531106394818782e-12
-8.3501327307804129e-12
-9.1361067653205046e-12
-9.9474756639324570e-12
-1.0816235792517875e-11
-1.1747687560796416e-11
-1.2755912797619475e-11
-1.3846024763896819e-11
-1.4978148717621717e-11
-1.6220021578382390e-11
-1.7500946253668071e-11
-1.8867258889020482e-11
-2.0271851926347232e-11
-2.1820718395530759e-11
-2.3391213831596470e-11
-2.5031984527867849e-11
-2.6708942019825374e-11
-2.8441904057918306e-11
-3.0207275745611921e-11
-3.2004450603977217e-11
-3.3842239125860296e-11
-3.5744337318253683e-11
-3.7622133952902888e-11
-3.9573198991982485e-11
-4.1511648879243543e-11
-4.3459174930009017e-11
-4.5412715380780063e-11
-4.7325915283232038e-11
-4.9244807359517592e-11
-5.1132912013427477e-11
-5.2987839280548072e-11
-5.4782243717941072e-11
-5.6538837830961022e-11
-5.8207784013790806e-11
-5.9782899383305026e-11
-6.1268087352510501e-11
-6.2655329709607608e-11
-6.3941452027886170e-11
-6.5137988398678692e-11
-6.6161505978964536e-11
-6.7080716158129044e-11
-6.7849940138564780e-11
-6.8510315061524943e-11
-6.8994795342826783e-11
-6.9373440180893631e-11
-6.9594709176997393e-11
-6.9659921645325389e-11
-6.9599079890448791e-11
-6.9389809635273113e-11
-6.9043246970818188e-11
-6.8503211506200745e-11
-6.7829617704394677e-11
-6.7045434421410916e-11
-6.6144992500381524e-11
-6.5121274826649552e-11
-6.3986908301517455e-11
-6.2703549861807221e-11
-6.1332015275003591e-11
-5.9843594240234347e-11
-5.8264631608432265e-11
-5.6644851196746007e-11
-5.4901242511940135e-11
-5.3135807772068657e-11
-5.1315713003058769e-11
-4.9475838658024285e-11
-4.7637335468792634e-11
-4.5721336011694751e-11
-4.3809634436771148e-11
-4.1944631230397463e-11
-4.0054486438735561e-11
-3.8200974964602307e-11
-3.6344993311568720e-11
-3.4522824173161003e-11
-3.2729643715480049e-11
-3.0948139019126082e-11
-2.9199411308363267e-11
-2.7526903925063495e-11
-2.5834291908457174e-11
-2.4248422212543086e-11
-2.2691922342499896e-11
-2.1225556843199535e-11
-1.9817519404510960e-11
-1.8458389021934330e-11
-1.7156170210933697e-11
-1.5954322063682051e-11
-1.4770764450178210e-11
-1.3701747496661718e-11
-1.2655615006302396e-11
-1.1656764614987012e-11
-1.0749342318895805e-11
-9.8521393159489478e-12
-9.0348809618797887e-12
-8.2785016519063981e-12
-7.5288314018356797e-12
-6.8732457751493869e-12
-6.2334506675864332e-12
-5.6796914102092194e-12
-5.1618363147625721e-12
-4.6888851474718419e-12
-4.2702552518972741e-12
-3.8848709495532356e-12
-3.5370309010414414e-12
-3.2250714236315170e-12
-2.9358694244226471e-12
-2.6604288069787515e-12
-2.3859072682055460e-12
-2.1609821871232843e-12
-1.9743842185181484e-12
-1.7850396109678987e-12
-1.5938156569531311e-12
-1.4335800305315767e-12
-1.2866922950510745e-12
-1.1518732443874599e-12
-1.0231223976405610e-12
-9.2307171643341749e-13
-8.2117142571912332e-13
-7.2074388644138536e-13
-5.9882386211982344e-13
-5.3509245413945008e-13
-4.3870013136562031e-13
-4.0609596830359949e-13
-3.2494356436580469e-13
-2.8121658559435266e-13
-2.1590175951249202e-13
-1.7803671461060519e-13
-1.4661679441529421e-13
-1.1877910766449509e-13
-1.0102133809152879e-13
-8.9217706414788826e-14
-9.0311429891690234e-14
-7.2637970298477028e-14
-7.4615636538324505e-14
-7.8428046527574281e-14
-8.1867290378405890e-14
-8.6415292540512297e-14
-8.9672279570116716e-14
-9.1859396121034078e-14
-7.5800594367697480e-14
-6.8008131017836102e-14
-5.0002130985149816e-14
-5.6605150625964101e-14
-5.7347400371368518e-14
-5.8455543213279816e-14
-6.8078412169760009e-14
-6.9621623558788943e-14
-6.6780047146374105e-14
-4.8405876613068670e-14
-5.2086697717627703e-14
-5.3885228785158042e-14
-3.6163515786724877e-14
-4.8393392468275631e-14
-5.1886881510823213e-14
-5.6864271480869165e-14
-3.2151740336350565e-14
-2.0443715210581483e-14
-3.5958890474424643e-15
1.0497410821649879e-15
2.9119911319659985e-14
3.3196418801910723e-14
2.4822220895673034e-14
4.9172811187726232e-14
5.0846945662147396e-14
8.4077035593350152e-14
7.8836469298811732e-14
8.7841687844748861e-14
9.9453223625133117e-14
1.0116918207942014e-13
1.0104020509449703e-13
7.5023550412268223e-14
9.8288913080523113e-14
1.2470344216494878e-13
1.1892273096350046e-13
1.2601797876086604e-13
1.4037969448505158e-13
1.4339080641001607e-13
1.3850922670861510e-13
1.3252376700927676e-13
1.2367049264704040e-13
1.3004888017751982e-13
1.0019364799966716e-13
6.5773651331217021e-14
3.4792755179230086e-14
2.3452185668974137e-14
-2.5842618149685441e-14
-4.6479424178163539e-14
-3.7335091264959649e-14
-4.6050800249814033e-14
-4.6586443027893841e-14
-4.0108230755325888e-14
3.0232607313008644e-15
-8.2888523685631506e-16
1.9015712113408472e-16
-4.7413115280929582e-15
9.8482685663041563e-15
2.4647701535369763e-14
7.3231282435814733e-15
1.4463113430658508e-14
3.0206515415903083e-14
3.7482580511231234e-14
3.9259210932395559e-14
1.5228613537417489e-14
1.4045604484609122e-14
2.8642319391084645e-14
1.2855652486101808e-14
1.2980790275473713e-14
-9.5994613338220821e-15
-8.7560491847647042e-15
-9.0431977289483698e-15
-8.6226499536805093e-15
-1.7500801015555099e-14
-6.2725783606894149e-15
-1.9177838530372402e-14
-2.2432788620225001e-14
-6.3312131300251661e-16
-9.8349603654976449e-15
-5.4880848350454180e-16
-1.5725114285759984e-14
-8.7324521524649061e-15
7.5423168555950278e-16
-1.8882238405328230e-14
-1.3778769404447402e-14
-1.4415607857294228e-14
-2.0645614781535915e-14
-1.3618057049369029e-14
-2.7119437652499740e-15
-1.5027171082045366e-14
-1.3414110417487192e-14
-6.4813336609464099e-15
-2.0365659566362786e-14
2.2245658265469011e-14
5.5474560309586643e-15
1.8018601048496140e-14
1.3743194881024919e-14
1.3313190071685375e-14
1.3236347612762632e-14
1.2204439464902313e-15
7.6597061182523282e-16
-2.3338651409507567e-15
1.5954014982067062e-14
1.3442765167303366e-14
3.5811657701542434e-14
1.2824371444564653e-14
1.7560982375390777e-14
1.0724303471884053e-14
2.9212093799962208e-14
2.7133286517373076e-14
2.6263890795682075e-14
4.1302124022319867e-14
5.6852494718886808e-14
6.2795857371664762e-14
3.9951631355357736e-14
4.9505587890172230e-14
3.4759997235996230e-14
2.3121240909344099e-14
3.6742766305215608e-14
3.4901897042264303e-14
4.9585079057346965e-14
5.5027107435959433e-14
2.7088063772561395e-14
1.2268259040886224e-14
2.1841564234237022e-14
3.3872589699765219e-14
3.6258756219719817e-14
5.0540709238908687e-14
5.9260807703746175e-14
7.3205907994462666e-14
2.8392409087701398e-14
2.2650092843507208e-14
6.1188877696952156e-15
2.5242489226536295e-14
8.3416353592243774e-15
3.5788142264072669e-14
4.7882971921385046e-14
4.3025433005784966e-14
1.7297233216491906e-14
1.3930255451124657e-14
2.8244785157176053e-14
2.9152089270042805e-14
1.4325381497118274e-14
3.8805522907797368e-14
3.8682260747173736e-14
4.6613663067724990e-14
3.3745772415176219e-14
7.9854158922779742e-15
3.3421100779735951e-14
2.0118465090825626e-14
2.8984758697057781e-14
3.7753277203980485e-14
4.3361335294437515e-14
5.6036379650951613e-14
2.4271721625250614e-14
2.5089163258529869e-14
2.6057742207486196e-14
1.2593696252430661e-14
2.7532622644589708e-14
1.7014665864311081e-14
3.2890386278315775e-14
3.5335196259558498e-14
1.9223814494137350e-14
1.5997306505888872e-14
3.8035561136377565e-14
3.2087193729177853e-14
2.9008091112037873e-14
5.6745630969708172e-14
3.6793199147621231e-14
6.3540802564242059e-14
3.7354389544768760e-14
2.8235136701681952e-14
3.8961192961431560e-14
2.9511192899871758e-14
3.3941724716393350e-14
3.6836620637578620e-14
3.6414010839912989e-14
4.0182394174474856e-14
2.4114868248596099e-14
2.8717781695002094e-14
4.2704977419644029e-14
2.2560610392551239e-14
6.4986647376075274e-15
2.6105880324170621e-14
1.4898733753753455e-14
4.5231483608305662e-14
2.9758659105129189e-14
1.6602111090322338e-14
3.1552162141941381e-14
2.0724050115996224e-14
7.0534778548023864e-15
3.7903864669881570e-15
2.7828350132122375e-14
2.6990167313027453e-14
2.0134726642978965e-14
1.7184738742748112e-14
3.1557617280809251e-14
