-7.1872940708283544e+00
-7.9821499517495296e+00
-8.7884967946417270e+00
-9.6118235534652285e+00
-1.0450103535158435e+01
-1.1304790355196179e+01
-1.2174717053268081e+01
-1.3059989860178279e+01
-1.3959458928366780e+01
-1.4872641802928756e+01
-1.5798148835413452e+01
-1.6734786118083477e+01
-1.7680921704064986e+01
-1.8635317046314540e+01
-1.9596037785494715e+01
-2.0560803226092236e+01
-2.1526979941606132e+01
-2.2492067881276736e+01
-2.3453187783993933e+01
-2.4407565479711394e+01
-2.5351965153356485e+01
-2.6282813692878559e+01
-2.7196216201258888e+01
-2.8088178175507750e+01
-2.8954284535294164e+01
-2.9790223906048190e+01
-3.0591527329787919e+01
-3.1353296022373637e+01
-3.2070382619781981e+01
-3.2737767511732564e+01
-3.3350108898764717e+01
-3.3901856642238805e+01
-3.4387273658405277e+01
-3.4800605566505205e+01
-3.5135843633095952e+01
-3.5386640181119795e+01
-3.5546564873866849e+01
-3.5609626673333423e+01
-3.5569792870537377e+01
-3.5420843052917860e+01
-3.5156719140431662e+01
-3.4771434567296865e+01
-3.4258848851310610e+01
-3.3613076552147163e+01
-3.2828472140355487e+01
-3.1899509006704250e+01
-3.0820623547534804e+01
-2.9586453267831310e+01
-2.8192323096212714e+01
-2.6634128410355583e+01
-2.4907842599098206e+01
-2.3009916980541590e+01
-2.0937308478819347e+01
-1.8687167368105278e+01
-1.6257036748761642e+01
-1.3644974173448587e+01
-1.0849569771195299e+01
-7.8697308302962456e+00
-4.7049495382607072e+00
-1.3557243431268442e+00
2.1766929110392552e+00
5.8906577823372883e+00
9.7838835456223219e+00
1.3853342441002377e+01
1.8095468000209966e+01
2.2506231699101932e+01
2.7081217158924861e+01
3.1815237406012411e+01
3.6702281849554254e+01
4.1735547846615134e+01
4.6907270029913313e+01
5.2209391217488417e+01
5.7633185666912404e+01
6.3169098405595051e+01
6.8807142825375891e+01
7.4536690347375668e+01
8.0346393547446198e+01
8.6224410242293104e+01
9.2158561353706659e+01
9.8136238847472654e+01
1.0414445031117954e+02
1.1017035905552899e+02
1.1620092341685157e+02
1.2222264920554264e+02
1.2822193424600633e+02
1.3418492899500248e+02
1.4009762628430292e+02
1.4594614797195416e+02
1.5171662988581340e+02
1.5739517234067435e+02
1.6296807377727458e+02
1.6842195366913919e+02
1.7374331207103381e+02
1.7891879633948386e+02
1.8393573316719599e+02
1.8878187152132725e+02
1.9344548722897733e+02
1.9791559249251159e+02
2.0218160348037165e+02
2.0623338141687992e+02
2.1006147761979562e+02
2.1365721278690202e+02
2.1701257848559439e+02
2.2012057623914498e+02
2.2297497483304170e+02
2.2556999326639084e+02
2.2790078298535005e+02
2.2996349279196747e+02
2.3175495328171257e+02
2.3327280555639479e+02
2.3451566910068311e+02
2.3548306848314496e+02
2.3617521044488291e+02
2.3659284710389989e+02
2.3673758057186544e+02
2.3661220935656701e+02
2.3622030911143997e+02
2.3556596792406151e+02
2.3465402067734365e+02
2.3348989264544880e+02
2.3207960327027419e+02
2.3043014435507254e+02
2.2854920289550367e+02
2.2644488891827922e+02
2.2412576536968390e+02
2.2160068069372656e+02
2.1887913729634047e+02
2.1597125870423798e+02
2.1288737659828857e+02
2.0963798695474557e+02
2.0623382549094165e+02
2.0268570144465610e+02
1.9900483651704096e+02
1.9520269101434053e+02
1.9129055647957355e+02
1.8727959794041340e+02
1.8318069611586679e+02
1.7900469431531999e+02
1.7476262444775202e+02
1.7046512685408402e+02
1.6612257005745766e+02
1.6174511530072746e+02
1.5734249234932997e+02
1.5292419429895739e+02
1.4849962647849813e+02
1.4407774984859398e+02
1.3966696220323840e+02
1.3527520755712882e+02
1.3091033027131454e+02
1.2658009668714429e+02
1.2229157151658571e+02
1.1805126281078383e+02
1.1386538914535673e+02
1.0973953735751959e+02
1.0567866821070621e+02
1.0168716018643443e+02
9.7769122109737239e+01
9.3928342637457504e+01
9.0168296017835885e+01
8.6492454528759012e+01
8.2903638901533057e+01
7.9404188419977885e+01
7.5996224181195686e+01
7.2681347546060508e+01
6.9460821876094059e+01
6.6335740933581590e+01
6.3306808741697893e+01
6.0374317148569723e+01
5.7538316022704002e+01
5.4798657964622983e+01
5.2154510265036109e+01
4.9604760834497959e+01
4.7148370595480117e+01
4.4784117510085743e+01
4.2510715254108753e+01
4.0326843594706098e+01
3.8230861827964056e+01
3.6220984370601677e+01
3.4295406794336834e+01
3.2452186350254614e+01
3.0689159810035864e+01
2.9004421874758791e+01
2.7396091771389784e+01
2.5861866535240466e+01
2.4399432879918084e+01
2.3006444720452748e+01
2.1680327044592307e+01
2.0418640588479061e+01
1.9219190297559642e+01
1.8079776271514170e+01
1.6998103667808760e+01
1.5971845813494440e+01
1.4998567458393996e+01
1.4076017331216235e+01
1.3202279972310148e+01
1.2375290578364368e+01
1.1592856896387698e+01
1.0852892393888016e+01
1.0153455905050064e+01
9.4927174678190944e+00
8.8688463472200194e+00
8.2801331117770278e+00
7.7251692731645134e+00
7.2024174000092707e+00
6.7100084584378594e+00
6.2462651516970595e+00
5.8097613046453960e+00
5.3989168009064477e+00
5.0123057965377003e+00
4.6487174143969083e+00
4.3068771570621260e+00
3.9854585021918458e+00
3.6832985060941921e+00
3.3994801782935258e+00
3.1331470236425889e+00
2.8830124681697860e+00
2.6477103763363701e+00
2.4261663774335562e+00
2.2172614427659108e+00
2.0198472891797734e+00
1.8330835226176962e+00
1.6561010128443503e+00
1.4879988929235255e+00
1.3278994112784930e+00
1.1751982921156208e+00
1.0292504288257831e+00
8.8904740893101275e-01
7.5335299293265190e-01
6.2126494935802534e-01
4.9180417825388434e-01
3.6391978725859697e-01
2.3669647451009282e-01
1.0944874078795287e-01
-1.8437521272347032e-02
-1.4767691193896793e-01
-2.7910105818559283e-01
-4.1362822888207718e-01
-5.5275859322245602e-01
-6.9777747364292975e-01
-8.5015649607167965e-01
-1.0114727458142005e+00
-1.1835520494724083e+00
-1.3683069708828650e+00
-1.5681540638039371e+00
-1.7853499580178294e+00
-2.0226994746468927e+00
-2.2832445615147461e+00
-2.5709380214865032e+00
-2.8893745331687071e+00
-3.2429550108684273e+00
-3.6359634024981302e+00
-4.0745747177107399e+00
-4.5641358489686503e+00
-5.1131066052321543e+00
-5.7271190735949293e+00
-6.4212880986604386e+00
