-3.4287366128502165e-14
-5.1506835493394872e-14
-6.8776524842451690e-14
-6.8876963036090036e-14
-5.1732820100654740e-14
-3.4538457184535894e-14
-5.1882317982386832e-14
-5.1956715396983123e-14
-5.2030876702918202e-14
-5.2104800585302329e-14
-5.2178485732069212e-14
-5.2251930834014582e-14
-1.7441711528278256e-14
-3.4932063787443521e-14
-3.4980541881746156e-14
-1.7514428237275275e-14
-1.7538503351489581e-14
-1.7562495853108169e-14
-8.7932026563834550e-15
-1.7610231302158156e-14
-1.7633973394043432e-14
-3.5315262324532362e-14
-3.5362408363528905e-14
-1.7704692028583571e-14
-2.6592141419833231e-14
-3.5502821027956079e-14
-2.6661960465441415e-14
-2.6696674874157556e-14
-8.9104194565907627e-15
-2.2304758605597345e-14
-8.9333433737384926e-15
-1.7889478087536395e-14
-1.7912180491234059e-14
0.0000000000000000e+00
0.0000000000000000e+00
0.0000000000000000e+00
2.0252354082051500e-14
-2.2530430101904628e-15
1.3534878191324632e-14
2.2585715791968738e-15
-2.2613186017172478e-14
4.5281080984269905e-15
2.2667778716185297e-15
0.0000000000000000e+00
-7.9526665460748235e-15
-2.6161109536922671e-14
-2.0498003234544415e-14
-1.8241766935022651e-14
-3.8808856247728425e-14
-3.8282375517065416e-14
-3.9470483933788319e-14
-3.7797555975214601e-14
-4.8160682304800730e-14
-4.8215128827010959e-14
-4.4534193025464364e-14
-4.2570483462037255e-14
-5.4711999240582351e-14
-4.0358616948319943e-14
-2.5107523982974663e-14
8.0893979011964492e-15
6.9412882590796588e-15
6.2538923350989639e-14
1.1303845307368933e-13
1.8627677688193972e-13
3.2226283270297036e-13
5.0003982845467940e-13
7.2519312026124610e-13
1.0616759983984954e-12
1.5479271796821759e-12
2.2153116637024208e-12
3.2111622900016756e-12
4.6127097320286137e-12
6.6481179150866735e-12
9.5693825861776533e-12
1.3738593320951280e-11
1.9696179713163648e-11
2.8167104414788700e-11
4.0170454863108665e-11
5.7204658210921577e-11
8.1276702596656580e-11
1.1524195941826045e-10
1.6305508414327338e-10
2.3024817891023218e-10
3.2440109861533189e-10
4.5613480664148798e-10
6.3999374519551087e-10
8.9617045154375183e-10
1.2521827136952732e-09
1.7460120787923438e-09
2.4295189128589558e-09
3.3735170455585588e-09
4.6744953634951168e-09
6.4636108671090895e-09
8.9187559597192492e-09
1.2280675605593346e-08
1.6874457880356206e-08
2.3138039015470624e-08
3.1660095071644503e-08
4.3230141008946659e-08
5.8904655728980565e-08
8.0094267101775182e-08
1.0867812993179886e-07
1.4715387137078248e-07
1.9883368775010130e-07
2.6810015083477028e-07
3.6073887017888072e-07
4.8437044319230645e-07
6.4900954436530175e-07
8.6778734641305448e-07
1.1578820569193595e-06
1.5417150365356375e-06
2.0484844805323314e-06
2.7161267540614162e-06
3.5938186771005222e-06
4.7451623260474438e-06
6.2522273528922562e-06
8.2206701817628286e-06
1.0786199912971326e-05
1.4122724428725718e-05
1.8452587878502865e-05
2.4059403527931503e-05
3.1304098966002681e-05
4.0644925931942345e-05
5.2662350770100633e-05
6.8089935556228914e-05
8.7852551944107672e-05
1.1311354583722073e-04
1.4533279600624927e-04
1.8633799476468435e-04
2.3841192980149934e-04
3.0439907288313465e-04
3.8783539747611230e-04
4.9310606018344156e-04
6.2563640568453344e-04
7.9212270410100941e-04
1.0008101175235607e-03
1.2618266327398427e-03
1.5875831059173511e-03
1.9932511559264837e-03
2.4973324316096166e-03
3.1223347777203647e-03
3.8955730470804088e-03
4.8501147632207271e-03
6.0258935347326853e-03
7.4710160658163650e-03
9.2432917916946012e-03
1.1412017591358172e-02
1.4060053672034865e-02
1.7286230563887856e-02
2.1208131170516245e-02
2.5965295948557388e-02
3.1722903481315998e-02
3.8675982888128659e-02
4.7054218589839381e-02
5.7127411817956782e-02
6.9211666787001955e-02
8.3676372496215651e-02
1.0095205352242166e-01
1.2153916471643042e-01
1.4601790521343039e-01
1.7505912637948209e-01
2.0943640599189078e-01
2.5003935682447187e-01
2.9788823159948519e-01
3.5414987768980544e-01
4.2015508371544474e-01
4.9741734599221871e-01
5.8765306538241857e-01
6.9280316421308852e-01
8.1505608834667420e-01
9.5687213102904156e-01
1.1210089826824305e+00
1.3105483742936714e+00
1.5289236415047820e+00
1.7799479920627834e+00
2.0678432111626162e+00
2.3972684877785602e+00
2.7733489908152702e+00
3.2017037674588753e+00
3.6884724782590137e+00
4.2403404251781751e+00
4.8645612712126614e+00
5.5689767944924560e+00
6.3620329674269431e+00
7.2527916040419154e+00
8.2509367778389606e+00
9.3667751800835823e+00
1.0611229566252579e+01
1.1995824428332655e+01
1.3532663034646291e+01
1.5234394998716752e+01
1.7114173576094888e+01
1.9185601944618917e+01
2.1462667800599952e+01
2.3959665701979404e+01
2.6691106710295610e+01
2.9671615026632903e+01
3.2915811482445847e+01
3.6438183933585130e+01
4.0252944813764962e+01
4.4373876330287686e+01
4.8814164027638057e+01
5.3586219700519891e+01
5.8701494903353215e+01
6.4170286573912762e+01
7.0001536559846926e+01
7.6202627102959923e+01
8.2779174591649948e+01
8.9734824130735689e+01
9.7071047693846438e+01
1.0478694881029983e+02
1.1287907688973225e+02
1.2134125439770207e+02
1.3016442015847508e+02
1.3933649207221333e+02
1.4884225248854153e+02
1.5866325937356666e+02
1.6877778624052999e+02
1.7916079358418955e+02
1.8978393426588096e+02
2.0061559494144407e+02
2.1162097521075478e+02
2.2276220569979347e+02
2.3399850576982519e+02
2.4528638099052580e+02
2.5657985992324211e+02
2.6783076914667123e+02
2.7898904483073471e+02
2.9000307853676571e+02
3.0082009430535589e+02
3.1138655349968337e+02
3.2164858331425592e+02
3.3155242434891608e+02
3.4104489219728009e+02
3.5007384761829820e+02
3.5858866955900834e+02
3.6654072508408586e+02
3.7388383015014858e+02
3.8057469514480920e+02
3.8657334919504768e+02
3.9184353743737387e+02
3.9635308573206447e+02
4.0007422769192169e+02
4.0298388937679385e+02
4.0506392757075491e+02
4.0630131819973747e+02
4.0668829215218437e+02
4.0622241652115520e+02
4.0490662007934685e+02
4.0274916261383527e+02
3.9976354856973319e+02
3.9596838626588283e+02
3.9138719473588998e+02
3.8604816099952279e+02
3.7998385126887530e+02
3.7323088022807059e+02
3.6582954308347206e+02
3.5782341555387507e+02
3.4925892734942033e+02
3.4018491496847099e+02
3.3065215982005230e+02
3.2071291775447673e+02
3.1042044605743121e+02
2.9982853383615031e+02
2.8899104150536385e+02
2.7796145477232864e+02
2.6679245813284422e+02
2.5553553243351720e+02
2.4424058054052057e+02
2.3295558459339844e+02
2.2172629772626479e+02
2.1059597252044810e+02
1.9960512782458810e+02
1.8879135495237495e+02
1.7818916365593682e+02
1.6782986768489681e+02
1.5774150918687002e+02
1.4794882069302810e+02
1.3847322296936431e+02
1.2933285660611179e+02
1.2054264486861253e+02
1.1211438504558240e+02
1.0405686530649913e+02
9.6376003918751877e+01
8.9075007575929817e+01
8.2154545548744608e+01
7.5612936386096194e+01
6.9446343961349498e+01
6.3648979772916121e+01
5.8213308563110232e+01
5.3130254508961599e+01
4.8389405456995924e+01
4.3979212914634644e+01
3.9887185767610013e+01
3.6100075959624462e+01
3.2604054641721604e+01
2.9384877569208793e+01
2.6428038788711177e+01
2.3718911912822442e+01
2.1242878521232758e+01
1.8985443452154563e+01
1.6932336953953378e+01
1.5069603852355769e+01
1.3383680052275620e+01
1.1861456834547189e+01
1.0490333526567529e+01
9.2582592223749369e+00
8.1537643027680957e+00
7.1659825607874224e+00
6.2846647735954200e+00
5.5001845800870921e+00
4.8035375261701336e+00
4.1863341284115485e+00
3.6407877835454889e+00
3.1596983180571510e+00
2.7364319305591018e+00
2.3648982317295761e+00
2.0395250338686499e+00
1.7552314861933200e+00
1.5074000942496764e+00
1.2918481035214271e+00
1.1047986695573875e+00
9.4285218066135301e-01
8.0295804516021885e-01
6.8238720411624532e-01
5.7870558255395643e-01
4.8974864817476665e-01
4.1359720635831804e-01
3.4855452410899534e-01
2.9312484352147905e-01
2.4599331724481427e-01
2.0600737419413537e-01
1.7215950320649701e-01
1.4357142523894556e-01
1.1947961080426690e-01
9.9222088360407482e-02
8.2226481021047418e-02
6.7999202951946849e-02
5.6115742868188163e-02
4.6211959876862628e-02
3.7976316250540383e-02
3.1142972321716540e-02
2.5485670325647729e-02
2.0812336483530851e-02
1.6960333714342798e-02
1.3792300934481085e-02
1.1192518795553188e-02
9.0637458014568920e-03
7.3244729296821666e-03
5.9065490688044462e-03
4.7531337026612613e-03
3.8169372676275545e-03
3.0587134325047805e-03
2.4459711770506818e-03
1.9518779435198726e-03
1.5543283009554240e-03
1.2351554797802786e-03
9.7946581050787902e-04
7.7507853405398008e-04
6.1205565391823837e-04
4.8230847769585073e-04
3.7926926846054487e-04
2.9761799662216313e-04
2.3305557733203791e-04
1.8211620384536386e-04
1.4201246118477758e-04
1.1050784147015529e-04
8.5812096899751147e-05
6.6495569507101911e-05
5.1419243365442053e-05
3.9677785995529445e-05
3.0553288187768771e-05
2.3477792417342378e-05
1.8003018927273249e-05
1.3775970178317269e-05
1.0519323874977629e-05
8.0157144440163110e-06
6.0951644078429433e-06
4.6250601943364620e-06
3.5021773153683070e-06
2.6463522183848603e-06
1.9954734242638647e-06
1.5015265567317542e-06
1.1274800514486420e-06
8.4483811413727580e-07
6.3172330070936262e-07
4.7137774608990620e-07
3.5099426120952090e-07
2.6080728893213522e-07
1.9338744072593560e-07
1.4309534491286615e-07
1.0566022329195447e-07
7.7854977956151438e-08
5.7246659361405007e-08
4.2005127808459426e-08
3.0756961045167383e-08
2.2473626256322933e-08
1.6386729509884859e-08
1.1923403956798506e-08
8.6575649369717333e-09
6.2731011913021216e-09
4.5358107879516488e-09
3.2727977435521294e-09
2.3565176760760186e-09
1.6931863289916989e-09
1.2140591467026134e-09
8.6867008240590993e-10
6.2023307867393850e-10
4.4191366510338974e-10
3.1420344381155224e-10
2.2290816474595728e-10
1.5780989156277059e-10
1.1146670660604676e-10
7.8593982049824793e-11
5.5263642581356526e-11
3.8792958440821807e-11
2.7161582692395046e-11
1.8974027696593288e-11
1.3228048200663275e-11
9.1761776903427484e-12
6.3353082336360332e-12
4.4049513542359977e-12
3.0450180681572877e-12
2.0791339564496776e-12
1.4392996543484737e-12
9.7929077783102888e-13
6.5199440420256415e-13
4.3261196347552143e-13
2.7663295761905631e-13
1.9261190486735485e-13
1.3464591567587166e-13
7.9580059334396392e-14
7.2346326324894517e-14
4.5428048240432744e-14
3.7713396716257573e-14
1.8557658887079368e-14
-1.1173596447803258e-14
1.4968001020160428e-14
1.6034013844750437e-14
2.2795850256069772e-14
8.1298244848309692e-15
3.2472947123114452e-15
2.1617632492661180e-15
1.0793267870167467e-15
-3.2333012562909212e-14
2.1524050948778136e-15
-1.0746332006633075e-14
-1.2876708873348718e-14
-2.0358123638798165e-14
-2.3537724862429940e-14
-3.2049248401042814e-14
-4.4802042832632305e-14
-4.4734942942433818e-14
-2.7651401926775773e-14
-2.3361990133349782e-14
-3.1808918048963963e-14
-4.4464617307981814e-14
-4.2282438365389283e-14
-4.2217443220018130e-14
-5.9013178383191370e-14
-3.7878228593118087e-14
-3.7819255959226631e-14
-3.7760126367064941e-14
-4.6078805471770652e-14
-3.3459022582251251e-14
-3.3406049855441811e-14
-4.1691176573113840e-14
-4.9949546559941338e-14
-4.1557900145358724e-14
-4.9789214107629201e-14
-3.3139166491796900e-14
-6.6170784592640282e-14
-6.6062975479319433e-14
-9.0687997795715025e-14
-7.4077405272363964e-14
-9.8607003385837131e-14
-9.8443753075210713e-14
-9.8280125542990576e-14
-8.1763436308668155e-14
-9.7951749941431927e-14
-9.7787007442753303e-14
-9.7621898863644910e-14
-9.7456426995914800e-14
-1.1350569373945907e-13
-1.2949920609866581e-13
-1.2927714615383331e-13
-1.1292278965227804e-13
-1.2883162161126390e-13
-9.6456123368782474e-14
-8.0240155706195866e-14
-8.0099924544708110e-14
-7.9959411665418089e-14
-6.3854895529879949e-14
-6.3742040104740029e-14
-9.5443447401477239e-14
-9.5273507845549372e-14
-6.3402162872266704e-14
-6.3288439740314542e-14
-1.2634900876466589e-13
-9.4590538020433298e-14
-9.4419006775362945e-14
-1.2566288755125414e-13
-9.4075017510804838e-14
-1.2520342019267260e-13
-1.2497308185656314e-13
-1.5592793180533247e-13
-1.2451121472821211e-13
-1.2427969348164116e-13
-9.3035839108875387e-14
-1.2381549449334476e-13
-9.2687118225926301e-14
-9.2512334008229155e-14
