6.4651722036108551e-15
1.2468995821477848e-12
-1.0587260826909335e-12
-1.9206823603162593e-12
-9.2508716961129679e-13
-3.2292634213330475e-13
-4.5155936843190146e-12
2.6581004444635327e-13
-1.5818191498355154e-12
-1.4547702426078356e-12
-2.4834814668494339e-12
-3.0356689474499312e-13
-7.5364573648637971e-13
7.9535247772878549e-13
3.1370063906360368e-13
-1.3063812137691422e-14
2.7110637235907052e-13
5.4954621320536045e-13
-3.9343358410580307e-13
6.9976694705636663e-13
6.3637945581167591e-13
6.3175449334301702e-13
-1.6179423956962027e-12
-3.2115462618146282e-12
5.8508202081603423e-14
-1.1961315744573582e-12
-1.3002650599835018e-12
-3.7466042806210334e-12
-6.0864073568443426e-12
-7.8450562173919586e-12
-1.1787882854152616e-11
-2.0906617393278981e-11
-3.1846888825826620e-11
-4.9401406092680078e-11
-7.8529111031300304e-11
-1.2154036077251227e-10
-1.8465814882487547e-10
-2.7841899822536609e-10
-4.1894607264102687e-10
-6.2047172640380425e-10
-9.1605760819529916e-10
-1.3406325970111757e-09
-1.9536472996414951e-09
-2.8314407836216147e-09
-4.0789778213799148e-09
-5.8451340611578965e-09
-8.3348552315960660e-09
-1.1824264602095522e-08
-1.6705257722429010e-08
-2.3487075942929310e-08
-3.2887843289719807e-08
-4.5847490850730217e-08
-6.3651844478267806e-08
-8.8013577262424529e-08
-1.2120845882449102e-07
-1.6626734576122102e-07
-2.2719329018777048e-07
-3.0924724828603288e-07
-4.1933734624175279e-07
-5.6647096032275852e-07
-7.6236201743631722e-07
-1.0221663885140588e-06
-1.3654073547209861e-06
-1.8171389930448142e-06
-2.4093565315621903e-06
-3.1827181807879337e-06
-4.1886767847832894e-06
-5.4920057040402854e-06
-7.1738498237287963e-06
-9.3353328599734586e-06
-1.2101802194548030e-05
-1.5627762820003668e-05
-2.0102513575517324e-05
-2.5756565201166958e-05
-3.2868730976579238e-05
-4.1773845860079666e-05
-5.2870939556438727e-05
-6.6631526325260508e-05
-8.3607589392489961e-05
-1.0443853420382975e-04
-1.2985620646474948e-04
-1.6068655851453792e-04
-1.9784624612874421e-04
-2.4233171951227982e-04
-2.9519770589841538e-04
-3.5752103898568314e-04
-4.3034472920177853e-04
-5.1459578679098649e-04
-6.1096863691941731e-04
-7.1976426172433699e-04
-8.4067256618845527e-04
-9.7248323098143884e-04
-1.1127068386678409e-03
-1.2570847836783146e-03
-1.3989623190107396e-03
-1.5284945464215378e-03
-1.6316500994973289e-03
-1.6889716852738334e-03
-1.6740465318166137e-03
-1.5516332909597831e-03
-1.2753850383710255e-03
-7.8510081443458298e-04
-3.4310704961813571e-06
1.1680449419578087e-03
2.8534583747713603e-03
5.2081011954384828e-03
8.4247874674842835e-03
1.2741228481659261e-02
1.8448526128131013e-02
2.5900887682935799e-02
3.5526660524372956e-02
4.7840776790933570e-02
6.3458684602442458e-02
8.3111823561482487e-02
1.0766467694594953e-01
1.3813340058229470e-01
1.7570598800373369e-01
2.2176388250428614e-01
2.7790488877059533e-01
3.4596716901197527e-01
4.2805403142152082e-01
5.2655913203284910e-01
6.4419161513520207e-01
7.8400061352483785e-01
9.4939841875356690e-01
1.1441815155448167e+00
1.3725485556260544e+00
1.6391142273849686e+00
1.9489178625295911e+00
2.3074255132238299e+00
2.7205241378454530e+00
3.1945064553862910e+00
3.7360449732858738e+00
4.3521536672680075e+00
5.0501358000210193e+00
5.8375164151274088e+00
6.7219581388196259e+00
7.7111590707501607e+00
8.8127317508197045e+00
1.0034062455972999e+01
1.1382150411499181e+01
1.2863426897076856e+01
1.4483554687711324e+01
1.6247208791351309e+01
1.8157840023229767e+01
2.0217423584673433e+01
2.2426195480824546e+01
2.4782380305165923e+01
2.7281914623327538e+01
2.9918170886694007e+01
3.2681687477676192e+01
3.5559911111313653e+01
3.8536958368348436e+01
4.1593403589108576e+01
4.4706100690344840e+01
4.7848046654982916e+01
5.0988294464353544e+01
5.4091923073908177e+01
5.7120071658712348e+01
6.0030044761732825e+01
6.2775494156974680e+01
6.5306682189063437e+01
6.7570830074402423e+01
6.9512553157691343e+01
7.1074383429750554e+01
7.2197377753682360e+01
7.2821808250293955e+01
7.2887929199873142e+01
7.2336812673294716e+01
7.1111242962757188e+01
6.9156657798044506e+01
6.6422122367749068e+01
6.2861320376927772e+01
5.8433544824132618e+01
5.3104669929393658e+01
4.6848084744586522e+01
3.9645568475931867e+01
3.1488087484778696e+01
2.2376494336079716e+01
1.2322110152889561e+01
1.3471729138187272e+00
-1.0514863808509521e+01
-2.3219194849861108e+01
-3.6709700636155773e+01
-5.0919164867385952e+01
-6.5769676601118547e+01
-8.1173216972620864e+01
-9.7032426977554906e+01
-1.1324154887299041e+02
-1.2968752991986537e+02
-1.4625127349398872e+02
-1.6280901913148924e+02
-1.7923382994261462e+02
-1.9539716311315649e+02
-2.1117049699386610e+02
-2.2642698662124693e+02
-2.4104311847061982e+02
-2.5490033484984647e+02
-2.6788659861872299e+02
-2.7989786986472177e+02
-2.9083946776268851e+02
-3.0062729305810990e+02
-3.0918888938768396e+02
-3.1646432491805774e+02
-3.2240687946215411e+02
-3.2698352622857914e+02
-3.3017520157231303e+02
-3.3197686043704749e+02
-3.3239731950290042e+02
-3.3145889427009371e+02
-3.2919684031674979e+02
-3.2565861267171630e+02
-3.2090296055532724e+02
-3.1499887758978815e+02
-3.0802442990700530e+02
-3.0006548634219519e+02
-2.9121437607000456e+02
-2.8156849960570850e+02
-2.7122891906447126e+02
-2.6029895296897263e+02
-2.4888279975650062e+02
-2.3708421251176122e+02
-2.2500524540082446e+02
-2.1274508987562581e+02
-2.0039901603217899e+02
-1.8805743161947643e+02
-1.7580506819032880e+02
-1.6372030084038431e+02
-1.5187460497335843e+02
-1.4033215063014802e+02
-1.2914953219089713e+02
-1.1837562875741845e+02
-1.0805158829434015e+02
-9.8210926686265594e+01
-8.8879731279854681e+01
-8.0076957238268292e+01
-7.1814804144514866e+01
-6.4099159744622909e+01
-5.6930097506404401e+01
-5.0302414763350605e+01
-4.4206198587267835e+01
-3.8627407154592312e+01
-3.3548455202713590e+01
-2.8948793175349156e+01
-2.4805470789305076e+01
-2.1093676979969050e+01
-1.7787249460216522e+01
-1.4859148421947948e+01
-1.2281890187951628e+01
-1.0027937855267092e+01
-8.0700471349102081e+00
-6.3815666664295847e+00
-4.9366930535674607e+00
-3.7106817178859575e+00
-2.6800153940324596e+00
-1.8225326903982837e+00
-1.1175196128445459e+00
-5.4576730152155728e-01
-8.9599467677790617e-02
2.6712685184832313e-01
5.3904356978845780e-01
7.3931324958310363e-01
8.7968674959738291e-01
9.7057350709674439e-01
1.0211213852013388e+00
1.0393032670541258e+00
1.0320078659863154e+00
1.0051325183790318e+00
9.6367602801889352e-01
9.1182992919816941e-01
8.5306682388972399e-01
7.9022472102388008e-01
7.2558655862417609e-01
6.6095431977381280e-01
5.9771735880669130e-01
5.3691473433446013e-01
4.7929149963340595e-01
4.2534903048739331e-01
3.7538957541341911e-01
3.2955529595887223e-01
2.8786212703685304e-01
2.5022883075706381e-01
2.1650164485495466e-01
1.8647494010652044e-01
1.5990830304325807e-01
1.3654045221976630e-01
1.1610038081123254e-01
9.8316096994095381e-02
8.2921307897685551e-02
6.9660364783788176e-02
5.8291757242147413e-02
4.8590413879849768e-02
4.0349037154036302e-02
3.3378671018843946e-02
2.7508672836081358e-02
2.2586235366538823e-02
1.8475581502227459e-02
1.5056933211995409e-02
1.2225337439396366e-02
9.8894152700736305e-03
7.9700861810433135e-03
6.3993072417856227e-03
5.1188564844069908e-03
4.0791813246493650e-03
3.2383256942248215e-03
2.5609440649263615e-03
2.0174058958574489e-03
1.5829907882077370e-03
1.2371719294182041e-03
9.6298367949469873e-04
7.4646784975914934e-04
5.7619248951213059e-04
4.4283663539481109e-04
3.3883430591347114e-04
2.5807128802711032e-04
1.9562840881023888e-04
1.4756544227483880e-04
1.1074025665885938e-04
8.2658306373766655e-05
6.1348018668237010e-05
4.5258167622536964e-05
3.3173845895298335e-05
2.4147924384693374e-05
1.7445507031552513e-05
1.2499109332368888e-05
8.8726565588507734e-06
6.2327538662058739e-06
4.3258170047114302e-06
2.9600054976601491e-06
1.9909996153374516e-06
1.3108539602441427e-06
8.3933092803119296e-07
5.1717503515273186e-07
3.0092342075072455e-07
1.5893989954310066e-07
6.8384950820143162e-08
1.2902221234580657e-08
-1.9086621928071725e-08
-3.5697171384090918e-08
-4.2543549684733684e-08
-4.3439776679327615e-08
-4.0946507238749287e-08
-3.6726207884366471e-08
-3.1826070708694989e-08
-2.6889660697232033e-08
-2.2274637882283834e-08
-1.8155936087248457e-08
-1.4599520113572806e-08
-1.1607303734175311e-08
-9.1406098501639864e-09
-7.1288739431729161e-09
-5.5164981730014613e-09
-4.2371121904463844e-09
-3.2322176524040051e-09
-2.4493393869177378e-09
-1.8474652044241874e-09
-1.3808919691912569e-09
-1.0347396982600878e-09
-7.6716097693198679e-10
-5.6699555975946816e-10
-4.1555060641230696e-10
-3.0396514924769251e-10
-2.2160722255230295e-10
-1.5779353093832023e-10
-1.1529367609277849e-10
-8.4487601516804587e-11
-5.8500376356321738e-11
-4.4809928126549543e-11
-3.1843403269915577e-11
-2.1993393455346959e-11
-1.5985369179525603e-11
-9.4008547718919846e-12
-6.8385840359198318e-12
-7.0476478638179198e-12
-3.1815776031348490e-12
-3.1581903087337518e-12
-6.0616828946456875e-13
-5.4452694415602416e-13
-1.0433026602228678e-12
2.3266058098596544e-12
2.5378266201050480e-12
-1.2825932641737165e-12
-1.6367870558692195e-12
-1.0664055085200802e-12
8.9516692412318790e-13
4.2221782933611918e-14
9.3160475296827170e-13
6.3501425164184494e-13
1.3944025150022474e-12
-1.5665772691684114e-12
-2.4078017611493939e-12
-1.3806718215062390e-12
6.1022707233646383e-13
-9.0652343673638509e-13
-8.4959209322086756e-13
-2.3841697592975174e-13
-1.8706419222048283e-13
1.8889125740470219e-13
-1.3087967502322897e-12
6.7307516964277126e-13
2.0717087627211246e-12
-8.4607655552720257e-13
1.7390609971168192e-12
-2.4290167535795884e-13
1.2897405751514906e-12
-5.2448909138342668e-13
1.0100764701027893e-12
-8.2929286309549212e-13
-1.2382387280136335e-12
-2.0479684562780065e-12
1.3139742410649173e-12
5.2401342665968112e-13
2.5611404699852145e-13
-1.5372757774173118e-12
1.3338000726968425e-12
-1.8112876132955449e-12
-4.4936402957401537e-13
-1.8908907603174337e-12
8.1955740963032235e-13
-5.5720896798821645e-13
1.2444320913617662e-12
-1.5181592821747278e-12
5.8843268355745857e-13
-1.1602634406922228e-12
1.4552185020481017e-12
-7.1670073808621638e-13
1.0222299695060715e-12
-2.6461086291137565e-13
6.7396681257614028e-13
1.0070659340550982e-12
1.4009594585895584e-12
-1.3670686176540103e-12
-1.3919897622763523e-12
-1.9886747710234833e-12
1.8424413889640810e-12
-1.3601761201413476e-12
1.3479446352565962e-12
-2.0727826097191649e-12
-1.2830489588436027e-12
-1.2557946483586286e-12
-2.3771096695152513e-13
2.0267604743831515e-12
4.4146176494936760e-13
6.0569373623270185e-14
-6.7971719704548590e-13
4.2388300022746565e-13
1.5797887688808631e-12
1.0467971734839307e-12
-1.5833590346579798e-13
-4.7623352896832679e-13
1.6277781942773776e-12
1.1788778243010965e-12
-7.7112999415167602e-13
6.2566741884872875e-13
1.0224013638356396e-12
-7.6506706808063248e-13
-9.4427741095062489e-13
7.0717043977126212e-13
2.1278399955032191e-12
1.3724860204313254e-12
-9.0937214067054574e-13
1.3308177329959695e-12
1.5645475077624153e-12
2.6802312240377572e-12
-6.4078064385305133e-13
1.2987436799075457e-12
-1.6411632007002422e-12
5.3951884182712102e-14
-3.4428134432574343e-12
2.6403447314990847e-13
-1.4868160555803531e-12
2.6531148733736250e-12
5.1770691387966381e-13
8.2557496932619484e-13
4.9770764464386141e-13
-4.1817934969473483e-13
-3.3949904688724408e-12
-5.2510455331715971e-13
2.2998495767644181e-14
-2.0655975380718873e-12
1.4862048539669280e-12
1.6833067903069148e-12
1.1807940269351226e-12
-6.7138018180671438e-13
-1.4040423511816967e-12
1.9663439976376705e-12
-6.4895782602368513e-13
-4.7383712178116072e-13
5.4410519638976501e-13
9.4397467035419415e-13
5.6544747880558349e-13
-5.6108092723950679e-13
9.3540666495593644e-13
-2.0900464385053193e-13
1.6410853714181423e-12
-4.9463805292116671e-13
-2.0150932761132978e-12
1.8165910351365093e-13
1.1603424969683371e-12
-8.2613920716240112e-13
2.8321473861530217e-13
-1.4642800629769027e-12
2.0671027054321893e-13
2.2435215164317149e-13
2.4397654266592171e-13
-4.4427763764433050e-13
3.2416292553742762e-14
-1.6083366090085037e-14
6.5534834999902972e-13
7.2960157565800929e-13
-1.6738581154114521e-13
-1.9236581361392665e-13
