1.6794078123561251e-14
1.9126684912761595e-14
2.1646636880143400e-14
3.0538798793543145e-14
2.8772444726831171e-14
2.5418866154880980e-14
3.3986613313187813e-14
3.7944766789332121e-14
2.2893045166977186e-14
2.7659100758901372e-14
2.8720560104946423e-14
3.7133236295308275e-14
3.6075821557747282e-14
2.9266554966957696e-14
4.1318954986895379e-14
3.2806289705921004e-14
2.7911754983285587e-14
3.6407378886254977e-14
4.6254677537845121e-14
5.2003962841047139e-14
6.7105818947016927e-14
5.0975130099843550e-14
6.2306203484409704e-14
6.4931947692370548e-14
6.8351200106782035e-14
6.0142388374872731e-14
6.4435649626370259e-14
8.8532626811296914e-14
8.1068270308661466e-14
6.2865293657597628e-14
8.7709002399042224e-14
6.2305998965378002e-14
6.0707995160216137e-14
6.9571552792386834e-14
5.8857558706130827e-14
9.0061144031987621e-14
8.4686976249484789e-14
6.9520325748840844e-14
6.5655250350073515e-14
6.5964359367895035e-14
1.9985471121700636e-14
2.5474181997566691e-14
3.2194320022229789e-14
2.2269268732051991e-14
2.2307037489335416e-14
1.1999200063026667e-14
1.9102551910938519e-14
-2.7992909226165558e-15
-7.7681050110533029e-15
-4.8076402560166359e-15
-1.3876000625830703e-14
-2.8358275228282744e-15
3.0170207830875437e-15
-1.4360127700012461e-14
-1.1165850305766515e-14
-1.5919688413149714e-14
-2.2087603228922206e-14
-1.6323164621517653e-14
-1.8359263355553125e-14
1.5915990350274737e-15
5.8943381576576532e-15
3.8693050901068418e-16
5.1460175449288759e-15
4.6472927678670954e-15
-1.4449733085645015e-14
1.0825117640697572e-14
1.9304833368935126e-14
3.2770154233859670e-14
3.4532438925182420e-14
2.9764065327914614e-14
4.4048263640463979e-14
5.4718003940324798e-14
4.1420903061909567e-14
6.6019384835798271e-14
6.4718118219870515e-14
7.4936300930519590e-14
8.6650523220283554e-14
7.3752481065952876e-14
6.4421845259871691e-14
7.0437162437454390e-14
4.7219547489983457e-14
3.9583190032503203e-14
4.3325887646809124e-14
5.0254597327290084e-14
4.7497105212954141e-14
2.7080334891336243e-14
3.3195429943753380e-14
2.6751362933960570e-14
3.6740873152174945e-14
3.9039738300361396e-14
3.6144253039236101e-14
2.4143437488029712e-14
4.9137763306620715e-14
1.8462870176323355e-14
3.0998116729553483e-14
2.8160814783979814e-14
-1.1361647319321294e-14
-1.3550799554771845e-15
1.0784856109546032e-14
-1.6723930671069087e-14
-1.0873721739321899e-14
-3.6463499753243051e-14
-5.8505968254089895e-15
-1.9364393734844279e-15
3.3433615658019516e-14
6.2205249991005854e-14
5.3274322003139402e-14
5.9010232907359730e-14
7.3183211629779107e-14
5.0519911970196922e-14
4.5200855557458987e-14
2.4584795594561567e-14
2.2241674190559395e-15
-1.8824029787557590e-14
-1.0738756135122099e-14
-2.0412320022454869e-14
-3.4336395964553754e-14
-5.0989968806550718e-14
-4.9823181057854766e-14
-5.8621689721922043e-14
-5.7896013652781102e-14
-6.6040607908620025e-14
-5.4532856316588485e-14
-7.4232912995818610e-14
-8.9586926405801130e-14
-7.1321390790306472e-14
-7.3345957899491049e-14
-9.4271658318065994e-14
-9.5680547078855923e-14
-1.1022537780028692e-13
-1.1479024025562114e-13
-1.3168801081074028e-13
-1.3873514019858695e-13
-1.5740152109741631e-13
-1.6741077252372915e-13
-1.7533742418296097e-13
-1.8278511501638897e-13
-2.0455209208898694e-13
-2.3056182747936460e-13
-2.5811025582044764e-13
-3.1614034893892524e-13
-3.3146968681367155e-13
-3.7722057749358211e-13
-4.3396474447220114e-13
-4.7678451152483917e-13
-5.2180584154527740e-13
-5.6537266346713566e-13
-6.0374032031787601e-13
-6.3658033642909574e-13
-6.6008261635494059e-13
-6.9725357762575856e-13
-7.6407039024567268e-13
-7.7556119835917766e-13
-8.1496853114504790e-13
-8.9989753555810155e-13
-9.6275652833610043e-13
-1.0610129063421046e-12
-1.1067612776071832e-12
-1.2336311101282067e-12
-1.3222559282602206e-12
-1.4340822404954433e-12
-1.5791156259396559e-12
-1.7161952059986665e-12
-1.8764691195143133e-12
-2.0426897991472543e-12
-2.1999448318665935e-12
-2.3995691132936914e-12
-2.6146419256012748e-12
-2.8162284047404678e-12
-3.0856737513687305e-12
-3.3838993297776863e-12
-3.6957095367918942e-12
-4.0966078269314326e-12
-4.4741728028111589e-12
-4.9577355950466855e-12
-5.4635063939587829e-12
-6.0359346152357435e-12
-6.6299859900793368e-12
-7.2550844248682630e-12
-7.9560746553639382e-12
-8.7207297397907975e-12
-9.4911701766526620e-12
-1.0362213157018521e-11
-1.1284965393989550e-11
-1.2264822967402813e-11
-1.3329876286593424e-11
-1.4454065317989815e-11
-1.5657631903864388e-11
-1.6943995613558739e-11
-1.8264120528982493e-11
-1.9711645083879079e-11
-2.1200558704386983e-11
-2.2797611948432639e-11
-2.4438309576964143e-11
-2.6140730557916574e-11
-2.7897735051888645e-11
-2.9701845238442499e-11
-3.1543992185199425e-11
-3.3453912252871441e-11
-3.5362966723323202e-11
-3.7328869705804422e-11
-3.9322909360173127e-11
-4.1331665058783557e-11
-4.3361332447555893e-11
-4.5380972481169006e-11
-4.7402059013085524e-11
-4.9424079280359942e-11
-5.1411023024099793e-11
-5.3363289534958888e-11
-5.5298610279876410e-11
-5.7166978361632573e-11
-5.8960347851287883e-11
-6.0713794839077792e-11
-6.2319542988175090e-11
-6.3866207954549440e-11
-6.5319765995516740e-11
-6.6660795513364850e-11
-6.7861645274439643e-11
-6.8962911991772126e-11
-6.9898999547973419e-11
-7.0724099690425269e-11
-7.1355735999277116e-11
-7.1854848688131949e-11
-7.2263288720566133e-11
-7.2464147318752948e-11
-7.2553166950946390e-11
-7.2453562678001246e-11
-7.2243328070422457e-11
-7.1853475686130290e-11
-7.1331776144073555e-11
-7.0607967882447843e-11
-6.9788471511414199e-11
-6.8839517465866613e-11
-6.7759843715259315e-11
-6.6553591164011334e-11
-6.5234856165675477e-11
-6.3817696617865887e-11
-6.2287558464762528e-11
-6.0643671456732147e-11
-5.8966705411563503e-11
-5.7122442139222833e-11
-5.5313655023695969e-11
-5.3403478098921834e-11
-5.1493326789090104e-11
-4.9509199170227025e-11
-4.7558075396578654e-11
-4.5558985183977703e-11
-4.3601722322288814e-11
-4.1608933605075927e-11
-3.9681428860117034e-11
-3.7740731130356109e-11
-3.5840680271730532e-11
-3.3967874036785110e-11
-3.2134128965941680e-11
-3.0297295745881616e-11
-2.8544895478779836e-11
-2.6798715814433364e-11
-2.5168147611829050e-11
-2.3527867731241518e-11
-2.2011235227068111e-11
-2.0532726509866510e-11
-1.9146940355326451e-11
-1.7797977200353676e-11
-1.6550238654675177e-11
-1.5330108843562913e-11
-1.4202802225044314e-11
-1.3115384347508752e-11
-1.2110170366132401e-11
-1.1156447796818640e-11
-1.0249868649294313e-11
-9.4021586042129940e-12
-8.6185412235717067e-12
-7.8311834266226789e-12
-7.1689678464954925e-12
-6.4956185968867023e-12
-5.9173134420754756e-12
-5.3786967346689334e-12
-4.9058644500470859e-12
-4.4421029822099424e-12
-4.0484025145214903e-12
-3.6939777471954250e-12
-3.3828250552751965e-12
-3.0378514408494805e-12
-2.7805030298211110e-12
-2.5289179782275527e-12
-2.3193878258470978e-12
-2.0717955230980326e-12
-1.9004285247160127e-12
-1.7224900984343863e-12
-1.5529323482397109e-12
-1.3953324330778624e-12
-1.2509633786443707e-12
-1.1274158912375612e-12
-1.0246963030215934e-12
-9.0955822231384627e-13
-8.0974206419226554e-13
-6.9152029480612075e-13
-6.0595608342191955e-13
-5.1913544841772945e-13
-4.6050999286893998e-13
-3.7125676302937401e-13
-3.3290603777165171e-13
-2.6574200701248648e-13
-2.3016719647886790e-13
-1.9595132515122875e-13
-1.6303899557225209e-13
-1.4809698114654373e-13
-1.4594270733408558e-13
-1.2478236309232920e-13
-1.2371456330627660e-13
-1.2511760292556761e-13
-1.2029517945716508e-13
-1.3171846874182805e-13
-1.2054900459954477e-13
-1.2753710231415557e-13
-1.3563104186795723e-13
-1.2117602986537115e-13
-1.0735713663842877e-13
-9.2460475207666044e-14
-8.3151062547800931e-14
-6.3654184797897632e-14
-5.0785915143734516e-14
-8.3280349495550853e-14
-9.6712365414319626e-14
-8.7940558202394397e-14
-5.1556234940698290e-14
-6.4179123387855036e-14
-7.3701854866074508e-14
-6.0042348275832355e-14
-8.2587554425037729e-14
-7.0211012791348536e-14
-7.3369220972968074e-14
-7.4995109067211744e-14
-4.7221506111985243e-14
-1.5783500522686290e-14
-9.6452935228584063e-15
3.4832655464638603e-14
5.4265732997695255e-14
4.4361067766913574e-14
5.1368635538731647e-14
4.8468199716170834e-14
8.2095416682821822e-14
8.8225859274219146e-14
9.5189661251963587e-14
1.0521556587771398e-13
9.3840703162522891e-14
9.0805720796457188e-14
9.2160457581177793e-14
7.6573345362333160e-14
1.2687948753948992e-13
1.1227793222837022e-13
1.0931580417586656e-13
1.5071705683037840e-13
1.6058875220082185e-13
1.3210112094875449e-13
1.4502486569220406e-13
1.5072378282922198e-13
1.7902064130331847e-13
1.2857628974749645e-13
9.2060563546142359e-14
4.6398457049555671e-14
7.6647087440842075e-15
-1.1715699720658751e-15
-2.2333549041097431e-14
-6.1925327531902324e-14
-3.0686899753061359e-14
-3.5890444039044691e-14
-2.9336967641068220e-14
2.1649171785735294e-15
8.3113131581147770e-15
-1.0417662084445204e-14
6.7835287589310235e-15
6.5920952710437111e-15
3.0285719419958595e-14
3.8033204149026421e-14
1.6341188617633667e-14
4.3482074350092803e-14
4.2266947541518036e-14
3.3504593235222162e-14
3.4438315969424448e-14
3.2961709485767003e-14
3.0661280550937423e-14
9.0534207300011180e-15
8.9041340709894941e-15
1.1261462822669279e-14
1.6059505000497340e-14
2.5514270055480894e-15
1.4392621365292393e-14
7.8206941885627314e-15
8.7847522328878094e-15
-9.7301435467478035e-15
-1.7049059693119842e-14
3.6592830139319257e-15
1.0966120621784117e-14
5.7870973509102078e-16
-2.0360361706927443e-15
3.6573946437778147e-15
-5.8275587911027461e-15
-2.0619612983579250e-14
4.6310920537032134e-15
6.3088354027541897e-15
1.9631948925309135e-14
-1.1105243936553792e-14
8.3902911849115844e-15
-3.3038413533473303e-15
1.1693124460222310e-14
-3.0998364472559096e-14
-1.0304925339471409e-14
-2.3826886794166396e-15
1.6189620247811942e-14
1.1454400655454105e-14
-1.7458876030960088e-16
1.9086490024524456e-14
1.4057659411447500e-14
-1.9246260287316957e-14
8.8310927425990403e-15
1.6070403919318551e-14
2.0356649913489406e-14
2.2941130415913918e-14
4.8925159339576308e-15
8.3373657574287536e-15
1.0988211529989547e-14
2.6534053158449768e-15
-1.5489521265521263e-15
2.4002935121907662e-14
2.4900716653809705e-14
1.8171462133538783e-14
3.4859063373245613e-14
6.1189868422714954e-14
4.6719085783809251e-14
2.7202964403406970e-14
5.8577582658382877e-14
4.0617070123538620e-14
4.7770402478447703e-14
5.4300292774910251e-14
4.7351904551355327e-14
3.7640301519964962e-14
2.7617021252634150e-14
1.7611812332794158e-14
3.2590557776243603e-14
2.8917437620548096e-14
2.5678432601756994e-14
3.2371424707791009e-14
4.0218317620936108e-14
5.4910371892414537e-14
2.8251558682271948e-14
2.6194004613572152e-14
3.2107278936481859e-14
2.7317162693389052e-14
2.5989121569547150e-14
3.0057442174227529e-14
4.1459123230378447e-14
3.2870547644385706e-14
2.3190328229332254e-14
3.2274179029848455e-14
3.1160362056501406e-14
2.0974019304906469e-14
2.8451474030970270e-14
2.5364344926437950e-14
3.6387885842233624e-14
4.5627511906313191e-14
3.8326925096623405e-14
4.4334048777915178e-14
5.0540098741305157e-14
1.2160005798111692e-14
3.9546140083655600e-14
4.0041666147472563e-14
2.5155087676591425e-14
3.7185040703473251e-14
2.4592434268784616e-14
2.4308035800991005e-14
4.6026950682888727e-14
1.8603654044903748e-14
2.5848243737656836e-14
2.9771795667975583e-14
3.6438174271646709e-14
3.9708576996726915e-14
2.3109899073153910e-14
1.3207355649255010e-14
4.8949001304931910e-14
2.3307213682975751e-14
1.8709056911831553e-14
1.6029310147110956e-14
3.7265529993532015e-14
3.1348971662618746e-14
4.5584597913468003e-14
3.5197630129614777e-14
6.2727274125443765e-14
2.8009316021376810e-14
2.7161642688762574e-14
2.6919156259161909e-14
2.0367514929715231e-14
3.0146250301116193e-14
2.2858289540101361e-14
3.0780040473549391e-14
5.7590407086085178e-14
2.4021114125964855e-14
3.1744803416857552e-14
1.6154814631369906e-14
1.6200805852705608e-14
2.0953035020407224e-14
1.4175580671045930e-14
1.4063215515385829e-14
4.0916557436657059e-14
2.5958832594748266e-15
1.8897959554033711e-14
1.4661831378822274e-14
1.6918990870118587e-14
2.9643470601482049e-14
5.2720441918167155e-15
7.8170492201002023e-15
1.5926531421956054e-14
