0.0000000000000000e+00
0.0000000000000000e+00
1.7139277956181974e-14
8.5821536996629767e-15
2.5783890221071325e-14
2.5821203639736667e-14
8.6194668985104998e-15
3.0211394185410383e-14
4.3220738479103372e-15
1.7312858074343218e-14
1.3003006074284957e-14
2.6042617546113490e-14
1.3039551326538713e-14
8.7051556066194956e-15
6.5379273495843750e-15
3.9281744612847792e-14
2.6223827205447993e-14
3.7201243289364554e-14
4.3825751533107374e-14
5.7050664424710633e-14
5.2733150824022506e-14
5.8304303718628824e-14
5.0671291524292029e-14
5.5150656147138234e-14
3.3134132924618295e-14
3.3177711393201350e-14
3.8757983026004062e-14
3.2709976503740635e-14
6.2729076679304462e-14
3.2238721838636507e-14
3.3393164785060655e-14
3.3435762217087800e-14
4.8822365412079395e-14
6.3968206662400443e-14
5.7615717857600559e-14
7.4489935135635418e-14
9.0564464413985909e-14
9.6291045216077137e-14
1.1861451861815435e-13
1.5759563495203616e-13
1.6624020484568362e-13
2.5840717162942085e-13
3.4797013421197313e-13
5.0957177220066150e-13
7.2817873366520039e-13
1.0136268998284729e-12
1.4881750851230220e-12
2.1638450061654289e-12
3.1266620358078638e-12
4.5268303628311394e-12
6.5049679085689315e-12
9.3986921816936197e-12
1.3492263893768687e-11
1.9336667626801922e-11
2.7673187565291758e-11
3.9487184273224103e-11
5.6220653406189111e-11
7.9908003411893684e-11
1.1332418119581316e-10
1.6039173368259618e-10
2.2654430464854804e-10
3.1923549946444335e-10
4.4892929379355752e-10
6.3001555339856294e-10
8.8229808256119506e-10
1.2329672833976777e-09
1.7193979335611111e-09
2.3927514594050255e-09
3.3227940510344745e-09
4.6046235221758210e-09
6.3676231352318633e-09
8.7872013775459333e-09
1.2100693035876090e-08
1.6628813683516892e-08
2.2803392700997891e-08
3.1205235237588565e-08
4.2613193535008196e-08
5.8069650725875853e-08
7.8966619197530468e-08
1.0715844804149380e-07
1.4511026379548224e-07
1.9609142265677484e-07
2.6442826192777021e-07
3.5583278830984977e-07
4.7782933334462065e-07
6.4030728741629552e-07
8.5623479659122060e-07
1.1425785934300058e-06
1.5214863516985262e-06
2.0218029628826543e-06
2.6810095938957465e-06
3.5476983819675072e-06
4.6847216444484764e-06
6.1731902559576778e-06
8.1175376745346089e-06
1.0651916207333226e-05
1.3948257198149574e-05
1.8226401311501694e-05
2.3766798670605290e-05
3.0926389639254870e-05
4.0158412403944047e-05
5.2037044713267821e-05
6.7287979859347654e-05
8.6826267602211737e-05
1.1180302433993446e-04
1.4366293921650534e-04
1.8421488530274055e-04
2.3571839174198086e-04
3.0098925724915220e-04
3.8352819623265372e-04
4.8767711627063955e-04
6.1880844693380441e-04
7.8355388107554378e-04
9.9007997229123151e-04
1.2484192644457415e-03
1.5708670295231676e-03
1.9724552731024275e-03
2.4715174451541712e-03
3.0903592833669315e-03
3.8560534289389836e-03
4.8013778995274533e-03
5.9659211910747488e-03
7.3973797105882505e-03
9.1530764163320726e-03
1.1301732954249386e-02
1.3925531211612776e-02
1.7122504044968175e-02
2.1009298938617145e-02
2.5724362474951658e-02
3.1431597686202767e-02
3.8324550538322129e-02
4.6631185881412678e-02
5.6619317082336480e-02
6.8602757104515313e-02
8.2948261873442661e-02
1.0008333919541956e-01
1.2050499809216408e-01
1.4478951396477693e-01
1.7360328427812402e-01
2.0771484720800520e-01
2.4800813165752403e-01
2.9549700094168968e-01
3.5134114397747845e-01
4.1686335670653202e-01
4.9356824243468272e-01
5.8316234251769905e-01
6.8757568810727554e-01
8.0898473926286307e-01
9.4983664946088198e-01
1.1128747612592649e+00
1.3011652025492160e+00
1.5181244124645104e+00
1.7675473817472225e+00
2.0536363444069239e+00
2.3810296062180787e+00
2.7548301414509715e+00
3.1806335328689443e+00
3.6645547722175338e+00
4.2132533801358170e+00
4.8339562467291861e+00
5.5344775382276810e+00
6.3232349626223785e+00
7.2092616394896449e+00
8.2022127780513259e+00
9.3123663346674554e+00
1.0550616798264777e+01
1.1928461241562578e+01
1.3457976779251663e+01
1.5151788593344522e+01
1.7023027722476247e+01
1.9085277867567136e+01
2.1352510542305655e+01
2.3839007994448849e+01
2.6559273443688074e+01
2.9527928324121554e+01
3.2759596384067294e+01
3.6268774682402579e+01
4.0069691727616458e+01
4.4176153231523145e+01
4.8601376191691351e+01
5.3357812272074533e+01
5.8456961716420111e+01
6.3909179299561977e+01
6.9723474092852172e+01
7.5907305086483987e+01
8.2466374967590525e+01
8.9404424592752363e+01
9.6723030910688323e+01
1.0442141127914225e+02
1.1249623727309479e+02
1.2094146119342420e+02
1.2974815855042203e+02
1.3890438981008731e+02
1.4839508464856073e+02
1.5820195185798852e+02
1.6830341788310747e+02
1.7867459674070349e+02
1.8928729378383423e+02
2.0011004542075420e+02
2.1110819648765690e+02
2.2224401650894629e+02
2.3347685556448826e+02
2.4476333992729471e+02
2.5605760704576022e+02
2.6731157883152281e+02
2.7847527158784123e+02
2.8949714028551938e+02
3.0032445427585844e+02
3.1090370093524257e+02
3.2118101317615674e+02
3.3110261624687189e+02
3.4061528878836043e+02
3.4966683273305409e+02
3.5820654632554118e+02
3.6618569432859493e+02
3.7355796935576831e+02
3.8027993824912915e+02
3.8631146750051028e+02
3.9161612189777622e+02
3.9616153086276944e+02
3.9991971733131777e+02
4.0286738450233969e+02
4.0498615634502585e+02
4.0626276839070908e+02
4.0668920603813672e+02
4.0626278835465729e+02
4.0498619614745644e+02
4.0286744389363463e+02
3.9991979594031363e+02
3.9616162820062141e+02
3.9161623736301982e+02
3.8631160038525132e+02
3.8028008774627006e+02
3.7355813456716839e+02
3.6618587427404952e+02
3.5820673995245420e+02
3.4966703892666987e+02
3.4061550638241721e+02
3.3110284403453426e+02
3.2118124992108449e+02
3.1090394538265537e+02
3.0032470516345961e+02
2.8949739635414750e+02
2.7847553159172742e+02
2.6731184154804072e+02
2.5605787128456763e+02
2.4476360453877683e+02
2.3347711944742943e+02
2.2224427861736709e+02
2.1110845583677164e+02
2.0011030109201596e+02
1.8928754492905219e+02
1.7867484258522759e+02
1.6830365772809213e+02
1.5820218508175810e+02
1.4839531070711135e+02
1.3890460823676938e+02
1.2974836895485845e+02
1.2094166325972407e+02
1.1249643075743104e+02
1.0442159600676477e+02
9.6723206772447483e+01
8.9404591541210166e+01
8.2466533012795651e+01
7.5907454291487767e+01
6.9723614569038787e+01
6.3909311201864107e+01
5.8457085238486918e+01
5.3357927641453969e+01
4.8601483665083485e+01
4.4176253090155456e+01
4.0069784272786109e+01
3.6268860231223385e+01
3.2759675265454526e+01
2.9528000875039186e+01
2.6559340005679083e+01
2.3839068910461855e+01
2.1352566153826537e+01
1.9085328512058574e+01
1.7023073731124381e+01
1.5151830289106535e+01
1.3458014475195782e+01
1.1928495239488271e+01
1.0550647387588326e+01
9.3123937915561470e+00
8.2022373647882940e+00
7.2092836040499630e+00
6.3232545384402377e+00
5.5344949441346198e+00
4.8339716870434044e+00
4.2132670448824108e+00
3.6645668374612237e+00
3.1806441611401843e+00
2.7548394822495506e+00
2.3810377965769418e+00
2.0536435095025847e+00
1.7675536355425947e+00
1.5181298583729548e+00
1.3011699341083567e+00
1.1128788628060908e+00
9.4984019679936937e-01
8.0898780031817030e-01
6.8757832356002635e-01
5.8316460641481516e-01
4.9357018277237230e-01
4.1686501598345505e-01
3.5134255971580608e-01
2.9549820617546840e-01
2.4800915538727669e-01
2.0771571482203732e-01
1.7360401794087416e-01
1.4479013297303489e-01
1.2050551920022953e-01
1.0008377691082324e-01
8.2948628724525311e-02
6.8603063881595094e-02
5.6619573054270407e-02
4.6631398989158017e-02
3.8324727567433083e-02
3.1431744419862247e-02
2.5724483829335027e-02
2.1009399082100248e-02
1.7122586502924492e-02
1.3925598957951514e-02
1.1301788491357207e-02
9.1531218446294464e-03
7.3974167885108751e-03
5.9659513872487970e-03
4.8014024373114741e-03
3.8560733250288231e-03
3.0903753805334843e-03
2.4715304402810317e-03
1.9724657410818726e-03
1.5708754433954898e-03
1.2484260125425277e-03
9.9008537262881336e-04
7.8355819341388274e-04
6.1881188298172369e-04
4.8767984814336769e-04
3.8353036347897601e-04
3.0099097286761449e-04
2.3571974686562385e-04
1.8421595340805546e-04
1.4366377923500742e-04
1.1180368354259370e-04
8.6826783814552676e-05
6.7288383187260863e-05
5.2037359199177093e-05
4.0158657084412682e-05
3.0926579569685763e-05
2.3766945843038327e-05
1.8226515070866344e-05
1.3948344923248181e-05
1.0651983703818064e-05
8.1175895035600909e-06
6.1732299718528021e-06
4.6847519353145942e-06
3.5477215151970675e-06
2.6810271766605469e-06
2.0218162995743466e-06
1.5214964491803408e-06
1.1425861835311376e-06
8.5624049680561250e-07
6.4031155414341773e-07
4.7783251550372975e-07
3.5583512865238927e-07
2.6442999756435262e-07
1.9609267523837478e-07
1.4511119405351776e-07
1.0715911196141109e-07
7.8967081097877725e-08
5.8069996653406617e-08
4.2613429062994244e-08
3.1205432253681311e-08
2.2803539607411878e-08
1.6628897254713749e-08
1.2100759299765056e-08
8.7872107916721463e-09
6.3676220734576988e-09
4.6045978159792837e-09
3.3227378759178530e-09
2.3927070425797651e-09
1.7193652567345281e-09
1.2329115387489508e-09
8.8224291105560983e-10
6.2997621878566406e-10
4.4888306698975449e-10
3.1917085118769209e-10
2.2646588768384402e-10
1.6035026378678925e-10
1.1330116747151362e-10
7.9868922972940799e-11
5.6177023441939725e-11
3.9432133885622755e-11
2.7599868969324765e-11
1.9254276807229799e-11
1.3405394014411993e-11
9.3256216885414815e-12
6.4570701785268741e-12
4.4539272065097517e-12
3.0663588742729959e-12
2.0979295595490448e-12
1.4064446456654648e-12
9.3879538373375353e-13
6.1153423978103924e-13
4.1964734181230949e-13
2.5589362142536337e-13
1.5120768994909347e-13
4.7336193922160760e-14
-1.1256831068002584e-14
-4.8064176975602834e-14
-9.6010313305826189e-14
-9.9256409915018616e-14
-9.9693296647692519e-14
-9.5932967112412607e-14
-1.0977949876997107e-13
-1.1577875226293114e-13
-1.0810896450191725e-13
-1.0630157456577641e-13
-9.6160325484208897e-14
-1.0325317046327990e-13
-9.5357897604125222e-14
-5.9798030954406266e-14
-5.7508033081549014e-14
-3.9760959509541961e-14
-3.6399433057111235e-14
-3.0843394840873407e-14
-2.8602111258195277e-14
-5.7127580059357718e-14
-4.6079382804573975e-14
-2.6295450919864427e-14
-3.5012934860578405e-14
-2.6223827205447993e-14
-2.6187829741898529e-14
2.1793091165281250e-15
-2.1762889016548734e-14
-2.1732585544231186e-14
-4.3404362576855814e-15
4.3343353580949855e-15
-2.1641072592929019e-14
-1.2966221543731010e-14
-1.7263653820234505e-14
-8.6194668985104998e-15
-3.4428271519648894e-14
-4.2973150368452209e-14
-4.2910768498314880e-14
-1.7139277956181974e-14
-4.2785430648362736e-14
-2.5633486126608541e-14
-4.2659334686172115e-14
-3.4076804146949388e-14
-2.5519493689278343e-14
-3.3975030956346005e-14
-5.0885884727414593e-14
-3.3872669065798002e-14
-5.0731904392131043e-14
-5.0654588453753744e-14
-5.0577057131835599e-14
-3.3666207851227735e-14
-3.3614235827594887e-14
-5.0343184380224984e-14
-8.3774675083590848e-14
-8.3643695183391021e-14
-8.3512369867864654e-14
-6.6704561126695203e-14
-6.6598953663571562e-14
-4.9869806495309749e-14
-6.6386927941836976e-14
-6.6280513334867628e-14
-8.2717291669438006e-14
-6.6066889775566858e-14
-6.5959684488849338e-14
-6.5852219311529126e-14
-6.5744496081884410e-14
-9.8454774960432723e-14
-1.3105656565831561e-13
-9.8129694739350214e-14
-1.3062211895572550e-13
-1.3040414726456097e-13
-1.3018568161244812e-13
-9.7475044277322323e-14
-1.6218410405460002e-13
-1.2952735794473426e-13
-1.2930695352005219e-13
-1.2908607368658142e-13
-1.2886472216432078e-13
-9.6482177007162872e-14
-1.2842061894806260e-13
-9.6148406031293212e-14
-6.3987336844187684e-14
-6.3875509810862573e-14
-7.9704322652864499e-14
-6.3651183647711684e-14
-6.3538688257473972e-14
-7.9282467278740727e-14
-6.3313042216693494e-14
-6.3199895311963437e-14
-6.3086534983098874e-14
-6.2972963105254970e-14
-7.8573976942993488e-14
-6.2745192207238321e-14
-6.2630996941211798e-14
-6.2516597634396887e-14
-6.2401996165480221e-14
-6.2287194413702620e-14
-3.1086097129404357e-14
-4.6542748185747404e-14
-4.6456204695650351e-14
-3.0913011089687172e-14
-3.8568904511109116e-14
-4.6195712443182590e-14
-1.5369533045123094e-14
