-1.7088990882552626e-14
-1.7114172391019102e-14
0.0000000000000000e+00
-8.5821537656928464e-15
8.5946301398163033e-15
-1.7214135892267557e-14
-1.7238933929654907e-14
-8.6318269765293018e-15
-1.7288295524655032e-14
-2.5969287311318826e-14
-2.6006012348656473e-14
-8.6808725821605619e-15
-4.3465171422877219e-15
-1.7410311347191448e-14
-2.1793091332954194e-14
8.7292766477946545e-15
4.3706379012017317e-15
2.1883084456226839e-15
3.2869313902722362e-14
1.3165538045457770e-14
1.0986073172863307e-14
2.0901543003340811e-14
1.1015498242206464e-14
3.3090393942875729e-14
1.7671537695758721e-14
-6.6355423296931892e-15
4.4294838084802828e-15
1.1088127713697130e-14
3.2752350022602208e-14
-3.3350402158631016e-15
2.2262110027988609e-15
3.1206711642715284e-14
2.0086916209801404e-14
3.5755155090759954e-14
4.6987576090044343e-14
7.3089748947307697e-14
8.5797914315472022e-14
6.3164680292444655e-14
8.9944659359816177e-14
1.5646995304909349e-13
1.6511315387979882e-13
2.1496317281286846e-13
3.3667240517202381e-13
4.8525259035740178e-13
7.0213191033588877e-13
9.7734496015058612e-13
1.4393638615212420e-12
2.1297508260257124e-12
3.0606699203180661e-12
4.4550663526039204e-12
6.4616319168171850e-12
9.2868030605057517e-12
1.3336812633320878e-11
1.9114670287798143e-11
2.7338671681532199e-11
3.9019256278821176e-11
5.5563908056041338e-11
7.8958579237769737e-11
1.1201009840009899e-10
1.5854402065590263e-10
2.2390580614708928e-10
3.1554131464924770e-10
4.4377963126427019e-10
6.2284508963926046e-10
8.7227547762809499e-10
1.2190376032103405e-09
1.7001231489685842e-09
2.3660581943227549e-09
3.2859650608969995e-09
4.5539105934640475e-09
6.2979541777321869e-09
8.6916635868501572e-09
1.1970009169833072e-08
1.6450345287649599e-08
2.2560285467243891e-08
3.0874749248480840e-08
4.2164894780552084e-08
5.7462865815275362e-08
7.8146995045744663e-08
1.0605381550898273e-07
1.4362468236325326e-07
1.9409780157597297e-07
2.6175860962025763e-07
3.5226545611166287e-07
4.7307275969358561e-07
6.3397861619369359e-07
8.4783248446714804e-07
1.1314472064967088e-06
1.5067711734238016e-06
2.0023919822783812e-06
2.6554594545259561e-06
3.5141397177827206e-06
4.6407390962837838e-06
6.1156701763714637e-06
8.0424753278549557e-06
1.0554172687639436e-05
1.3821253490688239e-05
1.8061734117811661e-05
2.3553759447702157e-05
3.0651363732562504e-05
3.9804130839919384e-05
5.1581654112767260e-05
6.6703890014624230e-05
8.6078726887319526e-05
1.1084836342581504e-04
1.4244641133144364e-04
1.8266801787021112e-04
2.3375574686700001e-04
2.9850448028738132e-04
3.8038920853131306e-04
4.8372028286584922e-04
6.1383151981051192e-04
7.7730748421055010e-04
9.8225735600465810e-04
1.2386440110802417e-03
1.5586783429258233e-03
1.9572904261718959e-03
2.4526908967261447e-03
3.0670379039618207e-03
3.8272271955304533e-03
4.7658253328605200e-03
5.9221687130938490e-03
7.3436539957302703e-03
9.0872486989295870e-03
1.1221254133296629e-02
1.3827356468421276e-02
1.7003005553892461e-02
2.0864165114347411e-02
2.5548482056602137e-02
3.1218926816104380e-02
3.8067960851856035e-02
4.6322291488076123e-02
5.6248278190500579e-02
6.8158057928362284e-02
8.2416460365796945e-02
9.9448786079797943e-02
1.1974952262903056e-01
1.4389207388786282e-01
1.7253957738471606e-01
2.0645688219211247e-01
2.4652375594366938e-01
2.9374938352341501e-01
3.4928821159357082e-01
4.1445718211401927e-01
4.9075438406596661e-01
5.7987913545362613e-01
6.8375348706200767e-01
8.0454511517079930e-01
9.4469154228365393e-01
1.1069255927970170e+00
1.2943019543431551e+00
1.5102246753187643e+00
1.7584753849668302e+00
2.0432419745399963e+00
2.3691474268863666e+00
2.7412784277386724e+00
3.1652133356856735e+00
3.6470490300360532e+00
4.1934260974850517e+00
4.8115517607662097e+00
5.5092198965658437e+00
6.2948274373125264e+00
7.1773864035769295e+00
8.1665307724060998e+00
9.2725173537501373e+00
1.0506219824071046e+01
1.1879115055138323e+01
1.3403260878805948e+01
1.5091264447060990e+01
1.6956240382573984e+01
1.9011757969937179e+01
2.1271776713112647e+01
2.3750569681402592e+01
2.6462634185242205e+01
2.9422589464639422e+01
3.2645061237024656e+01
3.6144553136999860e+01
3.9935305286804308e+01
4.4031140461471715e+01
4.8445298554252631e+01
5.3190260302904733e+01
5.8277561502289018e+01
6.3717599199122709e+01
6.9519431635957531e+01
7.5690573978196497e+01
8.2236792114546191e+01
8.9161897061708942e+01
9.6467542722134880e+01
1.0415302993297911e+02
1.1221511989882127e+02
1.2064786021419647e+02
1.2944242674894488e+02
1.3858698468474179e+02
1.4806657195058429e+02
1.5786300820500404e+02
1.6795483235092217e+02
1.7831727134407140e+02
1.8892224276779015e+02
1.9973839329710040e+02
2.1073117476609886e+02
2.2186295908906413e+02
2.3309319277297433e+02
2.4437859120441883e+02
2.5567337230554423e+02
2.6692952854125951e+02
2.7809713563401186e+02
2.8912469571444507e+02
2.9995951201814927e+02
3.1054809164285768e+02
3.2083657231924633e+02
3.3077116863411896e+02
3.4029863268890557e+02
3.4936672378990306e+02
3.5792468145932617e+02
3.6592369583641914e+02
3.7331736941240712e+02
3.8006216401696162e+02
3.8611782705013428e+02
3.9144779113333414e+02
3.9601954163465348e+02
3.9980494690428861e+02
4.0278054652941188e+02
4.0492779347702805e+02
4.0623324662858903e+02
4.0668871091024175e+02
4.0629132297484909e+02
4.0504358118249547e+02
4.0295331944031193e+02
4.0003362528484161e+02
3.9630270340534514e+02
3.9178368659909449e+02
3.8650439690503146e+02
3.8049706036624303e+02
3.7379797951173362e+02
3.6644716821266132e+02
3.5848795404790701e+02
3.4996655370082914e+02
3.4093162719765462e+02
3.3143381698458876e+02
3.2152527792404550e+02
3.1125920427119934e+02
3.0068935957321611e+02
2.8986961521993931e+02
2.7885350307315770e+02
2.6769378722017899e+02
2.5644205944596939e+02
2.4514836250737275e+02
2.3386084473452766e+02
2.2262544889071620e+02
2.1148563760490077e+02
2.0048215706348765e+02
1.8965284002143571e+02
1.7903244857914521e+02
1.6865255658126165e+02
1.5854147093624891e+02
1.4872419063977537e+02
1.3922240181778920e+02
1.3005450669239693e+02
1.2123568401964236e+02
1.1277797825589363e+02
1.0469041448024153e+02
9.6979135934181016e+01
8.9647560935695267e+01
8.2696555880323970e+01
7.6124621053471870e+01
6.9928086041808101e+01
6.4101311642102274e+01
5.8636895317653085e+01
5.3525877439609175e+01
4.8757945766741607e+01
4.4321635856308745e+01
4.0204525354329817e+01
3.6393420379820213e+01
3.2874532488627587e+01
2.9633644973133279e+01
2.6656267519438636e+01
2.3927778499475849e+01
2.1433554418099462e+01
1.9159086261574263e+01
1.7090082701550411e+01
1.5212560295789778e+01
1.3512920992357328e+01
1.1978017387051413e+01
1.0595206304364236e+01
9.3523913705478900e+00
8.2380553241276626e+00
7.2412828655085288e+00
6.3517748845082975e+00
5.5598549242822868e+00
4.8564687439051131e+00
4.2331778316782405e+00
3.6821476989184516e+00
3.1961317514441427e+00
2.7684514950721071e+00
2.3929737839436447e+00
2.0640857681102815e+00
1.7766681410795477e+00
1.5260672303736811e+00
1.3080664158593927e+00
1.1188573027679243e+00
9.5501101989706905e-01
8.1344995925350327e-01
6.9142022199176323e-01
5.8646498742874753e-01
4.9639897750659912e-01
4.1928414858253799e-01
3.5340670595872620e-01
2.9725550415428981e-01
2.4950186751148926e-01
2.0898084119425064e-01
1.7467386179511646e-01
1.4569281940117754e-01
1.2126546882025012e-01
1.0072213646327283e-01
8.3483660832177675e-02
6.9050498379002748e-02
5.6992922400289442e-02
4.6942240326369011e-02
3.8582953993520103e-02
3.1645787999867191e-02
2.5901512807875088e-02
2.1155491660649641e-02
1.7242883433495906e-02
1.4024437078081502e-02
1.1382817188383503e-02
9.2194042963799072e-03
7.4515176848177229e-03
6.0100126940643532e-03
4.8372086274165553e-03
3.8851073643301412e-03
3.1138666333063595e-03
2.4904955346000332e-03
1.9877433245396306e-03
1.5831556551435606e-03
1.2582754007309561e-03
9.9796790067852438e-04
7.8985289740192443e-04
6.2382767182309583e-04
4.9166787369349602e-04
3.8669433062689829e-04
3.0349570869257216e-04
2.3769830305712340e-04
1.8577547674191171e-04
1.4489035094836551e-04
1.1276629743636566e-04
8.7580607724579317e-05
6.7877425963366197e-05
5.2496645293637989e-05
4.0515995575040377e-05
3.1203999017711139e-05
2.3981855031326770e-05
1.8392639822561536e-05
1.4076482231689228e-05
1.0750606965837775e-05
8.1933330486184056e-06
6.2312762777412845e-06
4.7291401322577306e-06
3.5815922429056935e-06
2.7068168263107246e-06
2.0414106305294010e-06
1.5363517658412082e-06
1.1538244060931629e-06
8.6472405549625063e-07
6.4670192211701577e-07
4.8263581087473318e-07
3.5943780704003737e-07
2.6712632131996207e-07
1.9810635100868973e-07
1.4661182141906680e-07
1.0827502460308463e-07
7.9795125556884575e-08
5.8683088622498276e-08
4.3066426509725211e-08
3.1539411673075750e-08
2.3049271542212084e-08
1.6809283994685202e-08
1.2232925207744739e-08
8.8838167134149404e-09
6.4381003340081611e-09
4.6559193935386677e-09
3.3599959482107032e-09
2.4197276505369233e-09
1.7389260727539632e-09
1.2470442382350515e-09
8.9242514714890881e-10
6.3730634449274658e-10
4.5415523745770315e-10
3.2295046899534534e-10
2.2917358111067582e-10
1.6230165402154114e-10
1.1467048494959489e-10
8.0857428815619259e-11
5.6893473818923003e-11
3.9929881447399860e-11
2.7968753370471302e-11
1.9551799361669007e-11
1.3620282768139488e-11
9.4831800123630136e-12
6.5779549763857257e-12
4.5518908578382165e-12
3.1448667880145482e-12
2.1661179692662802e-12
1.4734182115572334e-12
9.8301401444380332e-13
6.4097848588727912e-13
4.4905659294146509e-13
2.8639749903056400e-13
1.7772545783741093e-13
9.0164179593064205e-14
1.5759563616455456e-14
-4.4410175558909242e-14
-6.5129803679320715e-14
-1.0486411749668803e-13
-8.1770906868252298e-14
-9.1457960603836329e-14
-1.0307540803508145e-13
-7.8115785260338772e-14
-8.9162033264900807e-14
-1.0463191713154648e-13
-8.1152645252668813e-14
-1.1158003990750922e-13
-7.5399268453140490e-14
-6.2012773318723956e-14
-5.6402109802392114e-14
-4.6387786451366646e-14
-3.7502446468592496e-14
-2.8640295429736808e-14
-2.7502030267553697e-14
-3.9549863422307906e-14
-3.2913845113644423e-14
4.3825751870296480e-15
-1.5318159119358787e-14
2.1853189506008659e-15
-1.0911595809743320e-14
-6.5379273998862587e-15
0.0000000000000000e+00
-2.6079102853726330e-14
-1.7361745164321124e-14
-8.6686707828854910e-15
-2.5969287311318826e-14
-3.0254517168146306e-14
-3.0211394417852553e-14
-3.0168134376896089e-14
-1.7214135892267557e-14
-3.4378520559265213e-14
-2.5746461297078539e-14
-2.5708917132073713e-14
-3.4228344782038203e-14
-3.4177981765105252e-14
-4.2659335014386972e-14
-3.4076804409131475e-14
-4.2532489809369493e-14
-6.7950062435490125e-14
-5.0885885118923351e-14
-5.0809003989614251e-14
-5.0731904782455096e-14
-8.4424314739138233e-14
-5.0577057520968283e-14
-6.7332416220501500e-14
-6.7228472172436075e-14
-6.7124246356744385e-14
-6.7019740582513040e-14
-5.0186217496160230e-14
-8.3512370510396948e-14
-5.0028421229932957e-14
-6.6598954175974446e-14
-6.6493075838667940e-14
-8.2983660565760705e-14
-6.6280513844820475e-14
-9.9260750767023697e-14
-9.9100335425814165e-14
-9.8939527494500660e-14
-1.3170443963637346e-13
-9.8616744881569826e-14
-9.8454775717929768e-14
-9.8292424999984641e-14
-9.8129695494346141e-14
-9.7966589970535143e-14
-1.3040414826787194e-13
-9.7639261960558666e-14
-1.2996672670304192e-13
-1.2974728424193716e-13
-1.2952735894129934e-13
-9.6980215886191119e-14
-9.6814556009813474e-14
-1.2886472315578762e-13
-9.6482177749483028e-14
-6.4210309968056289e-14
-6.4098937847363595e-14
-6.3987337336497158e-14
-6.3875510302311658e-14
-6.3763458612878590e-14
-4.7738388103076132e-14
-6.3538688746331605e-14
-7.9282467888728760e-14
-4.7484782027861274e-14
-6.3199895798214446e-14
-9.4629803202716541e-14
-4.7229722692319998e-14
-6.2859182038024388e-14
-7.8431490862488635e-14
-6.2630997423085778e-14
-6.2516598115390700e-14
-7.8002495806990388e-14
-7.7858993616164290e-14
-6.2172194737152737e-14
-4.6542748543840690e-14
-4.6456205053077780e-14
-3.8641264159409357e-14
-3.8568904807852784e-14
-3.8496427332171530e-14
-7.6847665816870471e-15
