-2.5633486126608516e-14
-2.5671258389017614e-14
-1.7139277956181955e-14
-8.5821536996629672e-15
1.7189260147380868e-14
0.0000000000000000e+00
0.0000000000000000e+00
8.6318269101172431e-15
-8.6441476958206649e-15
0.0000000000000000e+00
-1.7337341432379926e-14
-1.7361745030742310e-14
4.3465171088462326e-15
-8.7051556066194861e-15
-1.9613782048753105e-14
4.3646382903164170e-15
6.5559568013619912e-15
4.3766168575722958e-15
1.3147725459932199e-14
1.3165537944163980e-14
4.3944292353352045e-14
1.4301055629097623e-14
2.8640295209382423e-14
3.6399433057111197e-14
1.3253653169847305e-14
0.0000000000000000e+00
3.3221128308003453e-15
2.5502693545289280e-14
3.1642100625843814e-14
5.0025602853056605e-15
2.2262109856707077e-14
2.2847770848343311e-14
2.8735449356823848e-14
3.9107200579633419e-14
5.3700086546889799e-14
6.5248702581214420e-14
9.7013327205074599e-14
6.6533462729475977e-14
1.1692805626813310e-13
1.4071038835003214e-13
1.6793078320004633e-13
2.2906836611691000e-13
3.3780217574473980e-13
4.7281021260793859e-13
7.1005920063465023e-13
1.0226973866278317e-12
1.4722830552284958e-12
2.1433884882499969e-12
3.1175596718025977e-12
4.5051872382982222e-12
6.5243550850145196e-12
9.4032590875156170e-12
1.3521982536706490e-11
1.9336667626801902e-11
2.7682352389787608e-11
3.9498653103974358e-11
5.6218357092281183e-11
7.9914899959944099e-11
1.1334489354768264e-10
1.6042168416290104e-10
2.2655814293643679e-10
3.1924473493255027e-10
4.4896165255621916e-10
6.3005488801146109e-10
8.8232939263377467e-10
1.2329918356338461e-09
1.7194490874376296e-09
2.3927975700826502e-09
3.3228375540133076e-09
4.6046627223776060e-09
6.3676707113633627e-09
8.7872447230810719e-09
1.2100770414161186e-08
1.6628880020997319e-08
2.2803513376133375e-08
3.1205357071420281e-08
4.2613371121336280e-08
5.8069898220936240e-08
7.8966897937176952e-08
1.0715886441623880e-07
1.4511080538382238e-07
1.9609213352270029e-07
2.6442921968898625e-07
3.5583407659429403e-07
4.7783104598779147e-07
6.4030955329905267e-07
8.5623777321850408e-07
1.1425824799873710e-06
1.5214914914532402e-06
2.0218097284601989e-06
2.6810185077405975e-06
3.5477100258128795e-06
4.6847368492984618e-06
6.1732101783761029e-06
8.1175636513594719e-06
1.0651950053894855e-05
1.3948301093306582e-05
1.8226458269392321e-05
2.3766872345242194e-05
3.0926484663659590e-05
4.0158534816386406e-05
5.2037202040888289e-05
6.7288181607456229e-05
8.6826525773973077e-05
1.1180335399389503e-04
1.4366335927220946e-04
1.8421541941151558e-04
2.3571906935091212e-04
3.0099011512057887e-04
3.8352927989134732e-04
4.8767848223031906e-04
6.1881016497001651e-04
7.8355603725555794e-04
9.9008267246544833e-04
1.2484226384961395e-03
1.5708712364518851e-03
1.9724605070239013e-03
2.4715239426184163e-03
3.0903673317911971e-03
3.8560633767400899e-03
4.8013901680849843e-03
5.9659362887439799e-03
7.3973982490142037e-03
9.1530991297800752e-03
1.1301760721906919e-02
1.3925565083656751e-02
1.7122545272562035e-02
2.1009349008644981e-02
2.5724423150025991e-02
3.1431671050477381e-02
3.8324639049761577e-02
4.6631292431520782e-02
5.6619445063757233e-02
6.8602910487584212e-02
8.2948445292412909e-02
1.0008355804525133e-01
1.2050525863678187e-01
1.4478982345773173e-01
1.7360365109623538e-01
2.0771528099930406e-01
2.4800864350384291e-01
2.9549760353671761e-01
3.5134185182092997e-01
4.1686418631483563e-01
4.9356921256826247e-01
5.8316347442507743e-01
6.8757700578570180e-01
8.0898626973478183e-01
9.4983842306552113e-01
1.1128768119579737e+00
1.3011675682425690e+00
1.5181271353194721e+00
1.7675505085308845e+00
2.0536399268241414e+00
2.3810337012481777e+00
2.7548348116799453e+00
3.1806388468107643e+00
3.6645608046193945e+00
4.2132602122599758e+00
4.8339639666048306e+00
5.5344862408639450e+00
6.3232447501745890e+00
7.2092726213696228e+00
8.2022250709719504e+00
9.3123800626117763e+00
1.0550632092369627e+01
1.1928478239906571e+01
1.3457995626537732e+01
1.5151809440466886e+01
1.7023050725963465e+01
1.9085303188891945e+01
2.1352538347055205e+01
2.3839038451348390e+01
2.6559306723474460e+01
2.9527964598262930e+01
3.2759635823329042e+01
3.6268817455260674e+01
4.0069737998522712e+01
4.4176203159028759e+01
4.8601429926439586e+01
5.3357869954674129e+01
5.8457023475216623e+01
6.3909245248325377e+01
6.9723544328403662e+01
7.5907379686287257e+01
8.2466453987335782e+01
8.9404508063964343e+01
9.6723118838391301e+01
1.0442150363961827e+02
1.1249633401177118e+02
1.2094156222292919e+02
1.2974826374884671e+02
1.3890449901949202e+02
1.4839519767376424e+02
1.5820206846567456e+02
1.6830353780128414e+02
1.7867471965854426e+02
1.8928741935192906e+02
2.0011017325179219e+02
2.1110832615755811e+02
2.2224414755845382e+02
2.3347698750122720e+02
2.4476347222829418e+02
2.5605773916043228e+02
2.6731171018508076e+02
2.7847540158513539e+02
2.8949726831525857e+02
3.0032457971518062e+02
3.1090382315458959e+02
3.2118113154440294e+02
3.3110273013664948e+02
3.4061539758152145e+02
3.4966693582620223e+02
3.5820664313556654e+02
3.6618578429813948e+02
3.7355805195855271e+02
3.8028001299506826e+02
3.8631153394054974e+02
3.9161617962838130e+02
3.9616157953000550e+02
3.9991975663446311e+02
4.0286741419698006e+02
4.0498617624558591e+02
4.0626277837238393e+02
4.0668920603819527e+02
4.0626277837309914e+02
4.0498617624701194e+02
4.0286741419910794e+02
3.9991975663727959e+02
3.9616157953349341e+02
3.9161617963251871e+02
3.8631153394531157e+02
3.8028001300042558e+02
3.7355805196447318e+02
3.6618578430458814e+02
3.5820664314250547e+02
3.4966693583359177e+02
3.4061539758931934e+02
3.3110273014481260e+02
3.2118113155288700e+02
3.1090382316334967e+02
3.0032457972417131e+02
2.8949726832443486e+02
2.7847540159445259e+02
2.6731171019449511e+02
2.5605773916990108e+02
2.4476347223777626e+02
2.3347698751068316e+02
2.2224414756784608e+02
2.1110832616685150e+02
2.0011017326095381e+02
1.8928741936092848e+02
1.7867471966735363e+02
1.6830353780987846e+02
1.5820206847403156e+02
1.4839519768186446e+02
1.3890449902731865e+02
1.2974826375638580e+02
1.2094156223016944e+02
1.1249633401870391e+02
1.0442150364623714e+02
9.6723118844692451e+01
8.9404508069946061e+01
8.2466453992998453e+01
7.5907379691633125e+01
6.9723544333436749e+01
6.3909245253051154e+01
5.8457023479642110e+01
5.3357869958807470e+01
4.8601429930289981e+01
4.4176203162606292e+01
4.0069738001838154e+01
3.6268817458325444e+01
3.2759635826154877e+01
2.9527964600861907e+01
2.6559306725858828e+01
2.3839038453530424e+01
2.1352538349047130e+01
1.9085303190705851e+01
1.7023050727611164e+01
1.5151809441959998e+01
1.3457995627887410e+01
1.1928478241123671e+01
1.0550632093464534e+01
9.3123800635944463e+00
8.2022250718517675e+00
7.2092726221554955e+00
6.3232447508748857e+00
5.5344862414865146e+00
4.8339639671569952e+00
4.2132602127485583e+00
3.6645608050506850e+00
3.1806388471905769e+00
2.7548348120136650e+00
2.3810337015406966e+00
2.0536399270799293e+00
1.7675505087540579e+00
1.5181271355137396e+00
1.3011675684112318e+00
1.1128768121040991e+00
9.4983842319181921e-01
8.0898626984370969e-01
6.8757700587941295e-01
5.8316347450551353e-01
4.9356921263716680e-01
4.1686418637373018e-01
3.5134185187113015e-01
2.9549760357942007e-01
2.4800864354006358e-01
2.0771528102997525e-01
1.7360365112213527e-01
1.4478982347952429e-01
1.2050525865512757e-01
1.0008355806062791e-01
8.2948445305228574e-02
6.8602910498263669e-02
5.6619445072628970e-02
4.6631292438875920e-02
3.8324639055854037e-02
3.1431671055489718e-02
2.5724423154159147e-02
2.1009349012013633e-02
1.7122545275291431e-02
1.3925565085871821e-02
1.1301760723664575e-02
9.1530991311865456e-03
7.3973982501129481e-03
5.9659362896081645e-03
4.8013901687819346e-03
3.8560633772499963e-03
3.0903673321537603e-03
2.4715239428584525e-03
1.9724605071951770e-03
1.5708712365568483e-03
1.2484226385707927e-03
9.9008267249898162e-04
7.8355603728222747e-04
6.1881016499666620e-04
4.8767848223080446e-04
3.8352927986053928e-04
3.0099011505969490e-04
2.3571906932297332e-04
1.8421541936152180e-04
1.4366335920981604e-04
1.1180335394514582e-04
8.6826525725262557e-05
6.7288181572358166e-05
5.2037201993419512e-05
4.0158534722688576e-05
3.0926484635417262e-05
2.3766872251698559e-05
1.8226458188284868e-05
1.3948301066293463e-05
1.0651949972924081e-05
8.1175635962682762e-06
6.1732101121716579e-06
4.6847367943022795e-06
3.5477099787427093e-06
2.6810184349909049e-06
2.0218096423500447e-06
1.5214914054199227e-06
1.1425823806305308e-06
8.5623764832273876e-07
6.4030939345305941e-07
4.7783089182428613e-07
3.5583393316004630e-07
2.6442912583902075e-07
1.9609202757717270e-07
1.4511069953844524e-07
1.0715876532233433e-07
7.8966838804949905e-08
5.8069849672287262e-08
4.2613311632148069e-08
3.1205363891536932e-08
2.2803488329719958e-08
1.6628865581852789e-08
1.2100748445361446e-08
8.7872146734043601e-09
6.3676408860929581e-09
4.6046096046887850e-09
3.3227464379582475e-09
2.3927320952575507e-09
1.7193884745990305e-09
1.2329427322936768e-09
8.8228923602934465e-10
6.3000167059400976e-10
4.4891773709260635e-10
3.1919624872498694e-10
2.2648433873436238e-10
1.6038251815019453e-10
1.1331037296123334e-10
7.9889612617092250e-11
5.6204579208834015e-11
3.9457365313273334e-11
2.7634237061184268e-11
1.9290894949261835e-11
1.3432826607893039e-11
9.3621569351175409e-12
6.4912828428426225e-12
4.4846832255828328e-12
3.0879769887854930e-12
2.1036119256366622e-12
1.4382287054545137e-12
9.5693635733247254e-13
6.2852130199717859e-13
4.3322084073885277e-13
2.9543568213126914e-13
1.7039075509188873e-13
8.5655969954386047e-14
2.2513662136005146e-14
-3.0356322300380703e-14
-5.7269309691194507e-14
-9.4770244495130671e-14
-8.1210831538850561e-14
-9.8170470718532924e-14
-1.0307540724203381e-13
-8.2300558837505187e-14
-1.0142181205849958e-13
-8.0143595484145498e-14
-1.1339136646692830e-13
-9.6036551022297876e-14
-7.4290455110190507e-14
-7.5301224164807822e-14
-5.8613956794655660e-14
-2.7611777437181883e-14
-3.4193406811225676e-14
-1.6523247236182163e-14
-2.8602111258195245e-14
-5.2733150824022456e-14
-1.5359794268191307e-14
-1.7530300613242935e-14
-3.2824626431792217e-14
-2.1853189337873306e-14
-2.1823191451582086e-14
-8.7172364661124921e-15
-1.7410311213238972e-14
-1.7386068435384930e-14
-4.3404362576855774e-15
-1.7337341432379926e-14
-4.3282145185857997e-15
-1.7288295391641330e-14
-2.5895480730351731e-14
-2.1548667246276231e-14
-4.3035339399561070e-14
-4.2973150368452171e-14
-5.1492922197977803e-14
-4.2848194890454886e-14
-4.2785430648362691e-14
-4.2722476877680858e-14
-5.1191201623406487e-14
-5.9634407257161362e-14
-6.8051983171408848e-14
-5.9456304173605442e-14
-6.7847846303219381e-14
-6.7745338131595941e-14
-5.0731904392130992e-14
-3.3769725635835796e-14
-5.0577057131835549e-14
-6.7332415702455408e-14
-6.7228471655189711e-14
-5.0343184380224934e-14
-6.7019740066872620e-14
-8.3643695183390932e-14
-6.6809895894291655e-14
-1.0005684169004270e-13
-6.6598953663571499e-14
-6.6493075327079602e-14
-8.2983659927296144e-14
-8.2850641668584457e-14
-6.6173833335550337e-14
-9.9100334663350187e-14
-1.3191936897769855e-13
-6.5852219311529050e-14
-9.8616744122826520e-14
-9.8454774960432635e-14
-6.5528282829157744e-14
-9.8129694739350126e-14
-9.7966589216794035e-14
-9.7803110448420641e-14
-1.3018568161244799e-13
-1.6245840712887035e-13
-9.7310462432759926e-14
-9.7145518458550601e-14
-1.6163369190006506e-13
-1.2908607368658129e-13
-9.6648541623240468e-14
-9.6482177007162771e-14
-1.2842061894806248e-13
-6.4098937354195424e-14
-3.1993668422093811e-14
-6.3875509810862509e-14
-4.7822593591718657e-14
-4.7738387735783719e-14
-6.3538688257473909e-14
-6.3425973822992519e-14
-3.1656521108346716e-14
-4.7399921483972533e-14
-6.3086534983098811e-14
-6.2972963105254907e-14
-6.2859181554394719e-14
-4.7058894155428690e-14
-6.2630996941211735e-14
-6.2516597634396824e-14
-6.2401996165480158e-14
-4.6715395810276918e-14
-4.6629145694106488e-14
-4.6542748185747354e-14
-4.6456204695650300e-14
-2.3184758317265354e-14
-5.3996466315552707e-14
-5.3894997850379631e-14
-3.8423832612807693e-14
