-3.4177981502144685e-14
-3.4228344518690148e-14
-1.7139277956181955e-14
-1.7164307399325934e-14
8.5946300736904339e-15
-1.7214135759824428e-14
-8.6194668985104920e-15
-8.6318269101172431e-15
-3.0254516935372322e-14
-1.2984643555757399e-14
0.0000000000000000e+00
-4.3404362576855774e-15
8.6930342176924651e-15
8.7051556066194861e-15
1.7434472932224984e-14
3.2734787177373121e-14
2.4038508271660634e-14
2.6259701145433775e-14
4.8208326686418067e-14
4.1690870156519266e-14
4.3944292353352045e-14
3.9602923280578034e-14
3.9655793366837201e-14
4.5223538040653312e-14
2.6507306339694611e-14
3.2071787680094609e-14
3.7650612082403917e-14
3.2155570122321265e-14
5.2181709804023121e-14
2.2233601268025157e-14
2.5601426335213143e-14
3.3993024920705898e-14
3.2362253644578307e-14
6.5644229544384669e-14
9.4534527358587227e-14
1.0109348339836225e-13
1.0935028210976615e-13
1.1931106185665524e-13
1.3997637505175546e-13
1.7110383223363911e-13
2.0061529805106208e-13
2.7138395099072343e-13
3.6096252558677050e-13
5.1239958447702431e-13
7.3384108773724620e-13
1.0453736036262314e-12
1.5040671150175458e-12
2.1911203633859992e-12
3.1346266043124665e-12
4.5393605928238726e-12
6.5460231057478311e-12
9.4215267108036532e-12
1.3501408091595690e-11
1.9366419867202949e-11
2.7693808420407442e-11
3.9507828168574582e-11
5.6259690742622698e-11
7.9921796507994617e-11
1.1336560589955223e-10
1.6041707639670025e-10
2.2655814293643679e-10
3.1927244133687223e-10
4.4896858657678968e-10
6.3004331900766733e-10
8.8231035144095704e-10
1.2329910329253963e-09
1.7194286292870797e-09
2.3927656784617538e-09
3.3228139405441527e-09
4.6046392222653352e-09
6.3676690316434633e-09
8.7872330459875621e-09
1.2100759195140853e-08
1.6628872566427613e-08
2.2803513571230490e-08
3.1205375436769916e-08
4.2613385050969294e-08
5.8069885612073250e-08
7.8966926794984418e-08
1.0715886280250780e-07
1.4511077713990472e-07
1.9609211191552711e-07
2.6442922635866815e-07
3.5583404989057611e-07
4.7783103539138272e-07
6.4030953992254076e-07
8.5623773305233460e-07
1.1425824654368982e-06
1.5214914835961334e-06
2.0218096814730642e-06
2.6810184618644981e-06
3.5477100056399488e-06
4.6847368414135591e-06
6.1732101323797083e-06
8.1175636176504201e-06
1.0651949974081780e-05
1.3948301071888063e-05
1.8226458228838596e-05
2.3766872310258629e-05
3.0926484662498003e-05
4.0158534789283445e-05
5.2037202013763278e-05
6.7288181600669490e-05
8.6826525779599883e-05
1.1180335398709749e-04
1.4366335927220946e-04
1.8421541943194027e-04
2.3571906939062409e-04
3.0099011516714004e-04
3.8352927993794394e-04
4.8767848228778031e-04
6.1881016504001650e-04
7.8355603732160363e-04
9.9008267255207500e-04
1.2484226386159005e-03
1.5708712365951343e-03
1.9724605072363320e-03
2.4715239428190353e-03
3.0903673320645665e-03
3.8560633770777708e-03
4.8013901685219421e-03
5.9659362892655011e-03
7.3973982496192171e-03
9.1530991305559233e-03
1.1301760722865603e-02
1.3925565084813730e-02
1.7122545273979363e-02
2.1009349010368154e-02
2.5724423152118647e-02
3.1431671052992105e-02
3.8324639052818826e-02
4.6631292435172632e-02
5.6619445068141643e-02
6.8602910492829530e-02
8.2948445298674733e-02
1.0008355805272480e-01
1.2050525864569185e-01
1.4478982346829619e-01
1.7360365110876111e-01
2.0771528101413272e-01
2.4800864352135368e-01
2.9549760355734456e-01
3.5134185184515809e-01
4.1686418634326561e-01
4.9356921260149933e-01
5.8316347446386918e-01
6.8757700583084180e-01
8.0898626978723043e-01
9.4983842312629907e-01
1.1128768120282553e+00
1.3011675683236528e+00
1.5181271354128099e+00
1.7675505086380907e+00
2.0536399269469472e+00
2.3810337013885645e+00
2.7548348118400505e+00
3.1806388469929812e+00
3.6645608048262388e+00
4.2132602124942613e+00
4.8339639668695478e+00
5.5344862411623446e+00
6.3232447505102121e+00
7.2092726217462131e+00
8.2022250713935119e+00
9.3123800630825411e+00
1.0550632092894091e+01
1.1928478240489437e+01
1.3457995627184010e+01
1.5151809441181756e+01
1.7023050726752246e+01
1.9085303189760214e+01
2.1352538348008615e+01
2.3839038452392760e+01
2.6559306724615627e+01
2.9527964599506749e+01
3.2759635824681439e+01
3.6268817456727376e+01
4.0069738000109346e+01
4.4176203160740776e+01
4.8601429928282130e+01
5.3357869956652081e+01
5.8457023477334346e+01
6.3909245250586757e+01
6.9723544330812103e+01
7.5907379688845310e+01
8.2466453990045423e+01
8.9404508066826608e+01
9.6723118841406418e+01
1.0442150364278534e+02
1.1249633401508841e+02
1.2094156222639353e+02
1.2974826375245405e+02
1.3890449902323689e+02
1.4839519767764000e+02
1.5820206846967312e+02
1.6830353780539619e+02
1.7867471966275923e+02
1.8928741935623489e+02
2.0011017325617561e+02
2.1110832616200457e+02
2.2224414756294763e+02
2.3347698750575140e+02
2.4476347223283088e+02
2.5605773916496264e+02
2.6731171018958503e+02
2.7847540158959322e+02
2.8949726831964892e+02
3.0032457971948219e+02
3.1090382315878071e+02
3.2118113154846208e+02
3.3110273014055497e+02
3.4061539758525225e+02
3.4966693582973778e+02
3.5820664313888653e+02
3.6618578430122488e+02
3.7355805196138562e+02
3.8028001299763179e+02
3.8631153394282831e+02
3.9161617963036110e+02
3.9616157953167465e+02
3.9991975663581087e+02
4.0286741419799841e+02
4.0498617624626843e+02
4.0626277837272630e+02
4.0668920603819538e+02
4.0626277837275705e+02
4.0498617624632976e+02
4.0286741419808999e+02
3.9991975663593195e+02
3.9616157953182454e+02
3.9161617963053914e+02
3.8631153394303323e+02
3.8028001299786240e+02
3.7355805196164061e+02
3.6618578430150291e+02
3.5820664313918564e+02
3.4966693583005633e+02
3.4061539758558848e+02
3.3110273014090700e+02
3.2118113154882781e+02
3.1090382315915838e+02
3.0032457971986969e+02
2.8949726832004438e+02
2.7847540158999465e+02
2.6731171018999055e+02
2.5605773916537055e+02
2.4476347223323930e+02
2.3347698750615868e+02
2.2224414756335219e+02
2.1110832616240486e+02
2.0011017325657019e+02
1.8928741935662239e+02
1.7867471966313852e+02
1.6830353780576621e+02
1.5820206847003288e+02
1.4839519767798862e+02
1.3890449902357369e+02
1.2974826375277840e+02
1.2094156222670496e+02
1.1249633401538652e+02
1.0442150364306991e+02
9.6723118841677248e+01
8.9404508067083668e+01
8.2466453990288699e+01
7.5907379689074943e+01
6.9723544331028222e+01
6.3909245250789674e+01
5.8457023477524267e+01
5.3357869956829418e+01
4.8601429928447295e+01
4.4176203160894140e+01
4.0069738000251405e+01
3.6268817456858663e+01
3.2759635824802430e+01
2.9527964599617963e+01
2.6559306724717580e+01
2.3839038452485973e+01
2.1352538348093638e+01
1.9085303189837511e+01
1.7023050726822341e+01
1.5151809441245112e+01
1.3457995627241091e+01
1.1928478240540763e+01
1.0550632092940077e+01
9.3123800631236975e+00
8.2022250714302327e+00
7.2092726217789336e+00
6.3232447505392404e+00
5.5344862411880751e+00
4.8339639668922993e+00
4.2132602125142791e+00
3.6645608048438461e+00
3.1806388470083848e+00
2.7548348118535309e+00
2.3810337014002418e+00
2.0536399269570662e+00
1.7675505086468333e+00
1.5181271354203838e+00
1.3011675683301367e+00
1.1128768120337678e+00
9.4983842313101052e-01
8.0898626979125365e-01
6.8757700583425552e-01
5.8316347446673666e-01
4.9356921260394343e-01
4.1686418634533717e-01
3.5134185184688971e-01
2.9549760355877586e-01
2.4800864352254046e-01
2.0771528101513920e-01
1.7360365110958009e-01
1.4478982346894509e-01
1.2050525864622494e-01
1.0008355805316181e-01
8.2948445298974091e-02
6.8602910493050243e-02
5.6619445068266626e-02
4.6631292435251007e-02
3.8324639052850641e-02
3.1431671052987220e-02
2.5724423152106140e-02
2.1009349010333602e-02
1.7122545273916372e-02
1.3925565084734118e-02
1.1301760722743236e-02
9.1530991304313719e-03
7.3973982494913064e-03
5.9659362891141777e-03
4.8013901683850672e-03
3.8560633769466842e-03
3.0903673319204231e-03
2.4715239426646978e-03
1.9724605070449669e-03
1.5708712364341617e-03
1.2484226384635551e-03
9.9008267244256667e-04
7.8355603725321107e-04
6.1881016496083700e-04
4.8767848222397534e-04
3.8352927988783499e-04
3.0099011508979420e-04
2.3571906933660033e-04
1.8421541940237115e-04
1.4366335926307218e-04
1.1180335399156248e-04
8.6826525772807709e-05
6.7288181580309298e-05
5.2037202013763278e-05
4.0158534768956227e-05
3.0926484643349027e-05
2.3766872285521506e-05
1.8226458229998249e-05
1.3948301125914296e-05
1.0651950013409467e-05
8.1175636692714777e-06
6.1732101514320390e-06
4.6847368212230109e-06
3.5477100056399488e-06
2.6810184417093021e-06
2.0218096747606093e-06
1.5214914121263796e-06
1.1425823806305308e-06
8.5623762823964507e-07
6.4030939230555031e-07
4.7783088399569222e-07
3.5583392533871347e-07
2.6442908858342694e-07
1.9609201586708620e-07
1.4511071056835245e-07
1.0715875638933438e-07
7.8966835384935783e-08
5.8069842367013658e-08
4.2613331331747934e-08
3.1205338901074095e-08
2.2803486999460416e-08
1.6628839976120680e-08
1.2100758531190595e-08
8.7871999547187639e-09
6.3676398356990106e-09
4.6046133489498153e-09
3.3227530397808809e-09
2.3927363383974356e-09
1.7193965996049189e-09
1.2329582418889588e-09
8.8227997103459744e-10
6.3002943620311477e-10
4.4894316183469804e-10
3.1922626399633565e-10
2.2650048340356616e-10
1.6038482203329490e-10
1.1333798943039276e-10
7.9889612617092250e-11
5.6234431289636220e-11
3.9461952845573453e-11
2.7650275504052041e-11
1.9327513091293890e-11
1.3460259201374101e-11
9.3553065763845272e-12
6.5038274864250666e-12
4.4846832255828328e-12
3.0925281707881249e-12
2.1058848720717098e-12
1.4450395754093100e-12
9.8188019603071220e-13
6.4890577665654650e-13
4.3887646529157939e-13
2.8922192973462678e-13
1.8393174225150901e-13
9.0164178899353746e-14
3.0393443883606945e-14
-1.5740315266864069e-14
-4.6040033281156368e-14
-8.4395986961640037e-14
-9.3812512294879092e-14
-7.9431378017274501e-14
-9.2181258509135920e-14
-8.5927363125259646e-14
-7.9131303913774390e-14
-6.7342882316538925e-14
-7.3370884184483011e-14
-6.8280322403136630e-14
-5.5440638141933211e-14
-4.8724321518405054e-14
-4.4236948524268428e-14
-1.1044710974872753e-14
-1.3236157475313166e-14
-2.2030996314909555e-14
-2.7502030055956962e-14
-2.6366575412011228e-14
-6.5827689720819898e-15
0.0000000000000000e+00
-4.3766168575722958e-15
-4.3706378675746613e-15
-1.7458553161265668e-14
1.0896545582640614e-14
4.3525778033097431e-15
-4.3465171088462326e-15
4.3404362576855774e-15
8.6686707161899631e-15
4.3282145185857997e-15
-1.2966221543730997e-14
-2.1579567275293110e-14
-2.5858400695531479e-14
-2.5821203639736642e-14
-3.4378520294761736e-14
-3.4328614798651869e-14
-1.7139277956181955e-14
-1.7114172259345074e-14
-3.4177981502144685e-14
-5.1191201623406487e-14
-3.4076804146949356e-14
-4.2532489482130527e-14
-3.3975030956345973e-14
-5.0885884727414542e-14
-3.3872669065797971e-14
-6.7642539189507986e-14
-5.0654588453753693e-14
-6.7436076175780740e-14
-6.7332415702455408e-14
-6.7228471655189711e-14
-6.7124245840299920e-14
-8.3774675083590759e-14
-5.0186217110034558e-14
-6.6809895894291655e-14
-6.6704561126695140e-14
-9.9898430495357242e-14
-8.3116344158849505e-14
-8.2983659927296144e-14
-8.2850641668584457e-14
-8.2717291669437918e-14
-6.6066889775566795e-14
-9.8939526733273906e-14
-9.8778328967293588e-14
-9.8616744122826520e-14
-9.8454774960432635e-14
-9.8292424243736609e-14
-1.3083959298580017e-13
-1.6327764869465673e-13
-9.7803110448420641e-14
-1.3018568161244799e-13
-9.7475044277322222e-14
-9.7310462432759926e-14
-9.7145518458550601e-14
-9.6980215140039042e-14
-1.2908607368658129e-13
-1.2886472216432062e-13
-1.2864290267621704e-13
-9.6315464211046845e-14
-6.4098937354195424e-14
-6.3987336844187621e-14
-9.5813264716293758e-14
-7.9704322652864423e-14
-6.3651183647711621e-14
-7.9423360321842380e-14
-6.3425973822992519e-14
-6.3313042216693431e-14
-7.8999869139954220e-14
-9.4629802474648198e-14
-6.2972963105254907e-14
-7.8573976942993412e-14
-7.8431490259047820e-14
-6.2630996941211735e-14
-7.8145747042996039e-14
-4.6801497124110125e-14
-6.2287194413702557e-14
-7.7715242823510813e-14
-6.2056997580996467e-14
-7.7427007826083838e-14
-4.6369516634530708e-14
-5.3996466315552707e-14
-3.8496427035985455e-14
-3.8423832612807693e-14
