8.0470100373555821e-13
-1.1391379451476640e-12
6.7636343751496733e-13
6.8883702303033909e-13
-8.2800722106478329e-13
-1.3703625848851735e-12
2.0062157677168127e-12
6.3770500487621018e-13
-1.5057996756171675e-12
2.1175598031767625e-12
-3.2158579193457806e-13
-3.7770832316059847e-13
4.6160420686520920e-13
-7.0917548620411407e-13
2.7805179479099306e-13
1.9588274785654883e-12
9.6300820557524673e-13
7.9761420165081791e-13
-3.2149216508194635e-13
3.6901943723062613e-14
-9.6829000212156187e-13
-3.3723644780475424e-13
-3.2460702666553020e-13
-9.0808950911627982e-13
-2.4066566376624266e-13
7.7941834635499519e-13
-1.8374225930133546e-12
-7.7567901400169957e-13
2.0550295231314305e-13
-3.2861023814607308e-13
-3.3986631422798607e-14
1.9753316942599393e-12
-1.2439342967357492e-12
2.8237229842429192e-13
-7.1199189446705466e-15
4.4002856953165365e-13
-6.6932734322472852e-13
6.0362254034322975e-13
-2.8026184688933708e-14
-2.8918916600239674e-13
4.8009877709147079e-13
3.1641664396233232e-12
-1.9451562404163852e-12
8.6781362322211238e-13
-2.3176838052341645e-13
-9.2487611868755975e-13
-9.4389318262861559e-13
7.1781769091303621e-13
-7.6141212314115108e-13
3.0884033699503523e-13
8.3041550366968222e-13
-5.3550540419076030e-13
-6.4553440050800854e-13
-7.3442194608232303e-14
-1.3400145327423201e-12
6.9874316656752275e-13
6.2674282168221484e-13
8.0564929525443111e-13
-4.4165119315657664e-13
2.1546923003992589e-12
2.9459941192728112e-13
-1.3072206790995880e-12
3.0617104541023109e-14
-2.4683835996837375e-13
6.9288853811700333e-14
3.8314052521294895e-13
-8.1446726803278170e-14
-5.0216822200944225e-13
5.3481397380792075e-13
6.5005478300729228e-13
9.0620364839332839e-13
-4.5321460568167424e-13
6.7629931377855957e-13
-9.9484812969288831e-13
1.4765672678541184e-12
1.5252366598500837e-12
-7.9967375469386275e-13
8.4971752829888971e-13
1.3821220526540824e-12
1.5647160836998026e-12
1.7365176346301451e-12
3.1559866037604574e-12
2.8460674021570422e-12
5.2299703255121112e-12
7.1859827169203583e-12
1.2178214322535453e-11
1.3999502931387716e-11
2.2831919394030738e-11
2.8593943568060857e-11
4.2068023921969674e-11
6.0930578162531078e-11
8.2301346500010496e-11
1.1582486631290284e-10
1.6558123031507797e-10
2.3112744592085765e-10
3.1945815980745213e-10
4.4485965961726378e-10
6.1611367164043064e-10
8.5246461641826656e-10
1.1802713013155947e-09
1.6270692807798485e-09
2.2368272876730071e-09
3.0730890692434048e-09
4.2091061478643948e-09
5.7537324096011942e-09
7.8506789130477026e-09
1.0687321068798201e-08
1.4514984614597504e-08
1.9674774751042505e-08
2.6608995732016417e-08
3.5905869528918202e-08
4.8352531221601523e-08
6.4969047149817513e-08
8.7107795040180277e-08
1.1653679208358749e-07
1.5556911352321370e-07
2.0722209158997350e-07
2.7542693624464183e-07
3.6528392318750683e-07
4.8340060299756517e-07
6.3832079909058843e-07
8.4104820967190342e-07
1.1057461189291935e-06
1.4505780687484671e-06
1.8987937753078860e-06
2.4800654143839722e-06
3.2321978652168522e-06
4.2032142384077244e-06
5.4539661802284773e-06
7.0613883095270261e-06
9.1225043988783100e-06
1.1759347459619272e-05
1.5125054743958322e-05
1.9411287116053393e-05
2.4857328342344178e-05
3.1761168947510912e-05
4.0492961116835388e-05
5.1511308086167562e-05
6.5382971468207085e-05
8.2806569270817260e-05
1.0464100623738252e-04
1.3193953085364736e-04
1.6599031899974554e-04
2.0836474372577199e-04
2.6097455835217095e-04
3.2613944732668419e-04
4.0666654710701006e-04
5.0594370771415282e-04
6.2804857135475894e-04
7.7787555394893764e-04
9.6128333505614391e-04
1.1852653377429144e-03
1.4581461786560893e-03
1.7898070689119736e-03
2.1919434996276769e-03
2.6783585429251211e-03
3.2652953218284511e-03
3.9718122558929691e-03
4.8202046122981729e-03
5.8364759005937114e-03
7.0508623846781086e-03
8.4984137127610392e-03
1.0219632162027883e-02
1.2261172415922063e-02
1.4676602936979505e-02
1.7527228938515663e-02
2.0882975707409535e-02
2.4823329469505724e-02
2.9438331126960423e-02
3.4829616044907218e-02
4.1111490660400533e-02
4.8412033742436272e-02
5.6874207146153412e-02
6.6656957297118111e-02
7.7936284918822527e-02
9.0906256417340431e-02
1.0577992600793197e-01
1.2279013306784889e-01
1.4219013466671590e-01
1.6425402839625353e-01
1.8927691602042337e-01
2.1757475405927695e-01
2.4948383320728601e-01
2.8535982490096329e-01
3.2557633039482031e-01
3.7052286547063146e-01
4.2060221299943173e-01
4.7622707566296318e-01
5.3781596287453270e-01
6.0578824933934849e-01
6.8055834799836068e-01
7.6252894752762845e-01
8.5208327420960495e-01
9.4957635013259167e-01
1.0553252343207538e+00
1.1695982505394216e+00
1.2926032253782738e+00
1.4244747823958648e+00
1.5652607628902271e+00
1.7149078705110574e+00
1.8732466656999622e+00
2.0399760658770845e+00
2.2146475384445932e+00
2.3966492049769483e+00
2.5851901061016100e+00
2.7792849066374603e+00
2.9777393487465984e+00
3.1791367862837436e+00
3.3818261553781332e+00
3.5839117534272344e+00
3.7832452103827285e+00
3.9774200414048346e+00
4.1637691678559321e+00
4.3393657834421937e+00
4.5010279232821278e+00
4.6453270656377876e+00
4.7686010579264231e+00
4.8669716113292809e+00
4.9363665506835783e+00
4.9725469398607265e+00
4.9711391271584811e+00
4.9276716718669293e+00
4.8376170227086588e+00
4.6964377231541885e+00
4.4996368189166374e+00
4.2428120413361636e+00
3.9217132388622615e+00
3.5323024297067374e+00
3.0708157541962731e+00
2.5338265180370976e+00
1.9183084398521248e+00
1.2216981503518882e+00
4.4195593872620376e-01
-4.2237629368250834e-01
-1.3721209301126069e+00
-2.4074154410824411e+00
-3.5276691262119035e+00
-4.7315267843230036e+00
-6.0168402357055717e+00
-7.3806485334788956e+00
-8.8191675940576797e+00
-1.0327789850107893e+01
-1.1901094385738432e+01
-1.3532867854828481e+01
-1.5216136312233099e+01
-1.6943207907383321e+01
-1.8705726203862294e+01
-2.0494733700691032e+01
-2.2300744945273220e+01
-2.4113828448091848e+01
-2.5923696439450282e+01
-2.7719801352461442e+01
-2.9491437777873898e+01
-3.1227848518515497e+01
-3.2918333276720524e+01
-3.4552358439899230e+01
-3.6119666388930540e+01
-3.7610382742532195e+01
-3.9015119969033982e+01
-4.0325075844515631e+01
-4.1532125312620792e+01
-4.2628904404898520e+01
-4.3608885009282162e+01
-4.4466439425423758e+01
-4.5196893816270190e+01
-4.5796569851435237e+01
-4.6262814036141513e+01
-4.6594014425089497e+01
-4.6789604629823174e+01
-4.6850055236090640e+01
-4.6776852950561619e+01
-4.6572467989769358e+01
-4.6240310404493570e+01
-4.5784676196686831e+01
-4.5210684230549958e+01
-4.4524205061731429e+01
-4.3731782907371468e+01
-4.2840552053244430e+01
-4.1858149041845529e+01
-4.0792622007122382e+01
-3.9652338517601983e+01
-3.8445893261595423e+01
-3.7182016856827133e+01
-3.5869486994772728e+01
-3.4517043039203173e+01
-3.3133305091665648e+01
-3.1726698416898461e+01
-3.0305383991387465e+01
-2.8877195801480884e+01
-2.7449585377025720e+01
-2.6029573905112922e+01
-2.4623712129164037e+01
-2.3238048104121745e+01
-2.1878102750813326e+01
-2.0548853034374496e+01
-1.9254722483912392e+01
-1.7999578675684830e+01
-1.6786737219941440e+01
-1.5618971723879074e+01
-1.4498529149480133e+01
-1.3427149945771502e+01
-1.2406092309526645e+01
-1.1436159916670324e+01
-1.0517732466835136e+01
-9.6507983956788319e+00
-8.8349891316356199e+00
-8.0696143049362554e+00
-7.3536973553123168e+00
-6.6860110296527022e+00
-6.0651123101569357e+00
-5.4893763662804806e+00
-4.9570291783462928e+00
-4.4661785360372033e+00
-4.0148431696803835e+00
-3.6009798258342416e+00
-3.2225081495462136e+00
-2.8773332836831305e+00
-2.5633661400881604e+00
-2.2785413374854460e+00
-2.0208328367673007e+00
-1.7882673355868615e+00
-1.5789355106185614e+00
-1.3910012176941262e+00
-1.2227087774291849e+00
-1.0723884870996729e+00
-9.3846050850719676e-01
-8.1943728705974639e-01
-7.1392465937934080e-01
-6.2062180587365745e-01
-5.3832020133984571e-01
-4.6590171123044044e-01
-4.0233597382118963e-01
-3.4667720000158830e-01
-2.9806051274951290e-01
-2.5569793790231632e-01
-2.1887414721213361e-01
-1.8694204367726316e-01
-1.5931826837239316e-01
-1.3547869738772145e-01
-1.1495398744805137e-01
-9.7325219137302965e-02
-8.2219677716040149e-02
-6.9306803413571913e-02
-5.8294335460478554e-02
-4.8924667551357638e-02
-4.0971426511287545e-02
-3.4236280725213820e-02
-2.8545980530118833e-02
-2.3749628995558908e-02
-1.9716178541077101e-02
-1.6332146179002291e-02
-1.3499538419083948e-02
-1.1133975268573730e-02
-9.1630018038744761e-03
-7.5245750752386603e-03
-6.1657138389983662e-03
-5.0412983911920003e-03
-4.1130080761659612e-03
-3.3483842859295021e-03
-2.7200071486417525e-03
-2.2047748510667258e-03
-1.7832749940634846e-03
-1.4392382065898021e-03
-1.1590648316726498e-03
-9.3141635492105231e-04
-7.4686388479683439e-04
-5.9758667170906011e-04
-4.7711443740624783e-04
-3.8010780355151897e-04
-3.0217180288766705e-04
-2.3969796643844211e-04
-1.8973103217336041e-04
-1.4985675482139039e-04
-1.1810778365337150e-04
-9.2884937822215394e-05
-7.2891508633055396e-05
-5.7078660530909894e-05
-4.4600123393257932e-05
-3.4774759647924320e-05
-2.7055668694242767e-05
-2.1004805382120794e-05
-1.6272179562373680e-05
-1.2578809590751623e-05
-9.7028795235384193e-06
-7.4684245454628585e-06
-5.7362077778798512e-06
-4.3963148114563307e-06
-3.3621796195179285e-06
-2.5657926442356387e-06
-1.9538440516312713e-06
-1.4846645705419136e-06
-1.1257297180385005e-06
-8.5174706941970662e-07
-6.4306633713020802e-07
-4.8447563635221388e-07
-3.6421316630410722e-07
-2.7322035082913075e-07
-2.0452258813209590e-07
-1.5276783048615395e-07
-1.1386699979268420e-07
-8.4691398981601047e-08
-6.2855685511576731e-08
-4.6550885282114048e-08
-3.4401394436658889e-08
-2.5367961699690352e-08
-1.8667860623000810e-08
-1.3708120229260170e-08
-1.0042999447964304e-08
-7.3437720444166760e-09
-5.3583867139088492e-09
-3.9004842981654018e-09
-2.8330827679367241e-09
-2.0545647938802038e-09
-1.4864353329091830e-09
-1.0705169847957038e-09
-7.7296750193035655e-10
-5.5706553043421291e-10
-3.9730921801042459e-10
-2.8406501817941965e-10
-2.0472243410856251e-10
-1.4541509343247425e-10
-1.0369353926238163e-10
-7.3986369673459758e-11
-5.1158059322018503e-11
-3.6443328825086386e-11
-2.7139947954511547e-11
-1.7106377819874803e-11
-1.3815882088899490e-11
-9.9736976885922529e-12
-6.2300242714632772e-12
-3.9768507479063469e-12
-3.5966078605808508e-12
-1.8134688925469370e-12
-6.9563748569174079e-13
-2.3005789471479726e-12
9.2121387078286086e-13
2.4701868968951746e-12
-1.0774314386208966e-12
1.1884114969492705e-13
1.1718806130461521e-12
-4.6881859277379582e-13
-1.3663715498558679e-12
1.1260282099459669e-12
-9.6144730452513412e-13
2.0391408231487773e-13
9.7098867769381033e-13
3.7196031576209241e-13
-1.1355625360154284e-12
1.7974631670876248e-12
-3.6202850774772048e-13
-5.2862903581176323e-13
-2.2545260987044292e-13
9.6150194425478697e-13
-6.7958917075551824e-13
-6.5463513556954048e-14
-2.7371078448372992e-13
-1.8829980084219006e-12
1.7869758366318709e-12
4.8637814085412744e-13
-1.3863830714660142e-12
-1.1797906506215531e-12
3.7976425610026155e-13
-7.7727011885674371e-13
-2.6385804446265016e-13
6.0289371952634687e-13
8.1025241346644734e-13
1.5164807335763894e-12
5.5498389078202050e-14
-3.0626128648497268e-13
-4.4008184779925810e-13
1.3297210452271484e-12
-2.0425736093009274e-12
-1.0203784760011503e-12
-8.5672479901423649e-14
2.0430341092886982e-12
-1.3479958025465217e-13
1.7161588471814733e-13
1.6673170706297279e-12
3.5482003601614089e-13
6.6478113630659009e-13
-1.6787614431868867e-13
-2.4621294725044113e-12
-2.8660809405661914e-13
1.9782072685205974e-13
-4.3242308505331259e-13
1.1207301781993108e-12
2.2018662105895458e-13
7.9113489699171272e-13
-2.9357516096244096e-13
-2.8150815107496763e-13
-4.5009944469837464e-14
-1.8276005020439995e-12
-3.9384315389917185e-13
1.0108967474137956e-12
-7.5440567177094886e-13
1.2135033750568768e-14
8.9983134296537303e-13
7.6189984702175471e-13
7.8458991647792251e-13
1.2704663163212835e-12
-1.3271380813730171e-12
-2.9391753013844567e-13
-5.4113721921477904e-13
1.6124314775316153e-13
-4.6504130288330206e-13
7.3746439441573214e-13
-1.4080574982305992e-13
-8.9202575009730339e-14
3.5935241765340121e-13
6.0074484739825363e-13
5.1724417655775821e-13
-7.3129402558378767e-13
