-1.0155888106374432e-15
-3.7894027440971391e-15
-1.1106390496955630e-15
-2.0218527198011879e-15
1.2162512140335532e-14
4.5159313371138551e-15
2.9552849153362264e-15
1.8932974889386857e-14
2.4308820847429739e-15
1.0699312195778836e-14
2.5384663726207093e-14
1.6716701831491855e-14
2.1038742766080540e-14
1.2596689097545870e-14
1.9773343934862614e-14
1.1553119895492821e-14
3.9309205590692138e-15
1.7956093006742826e-14
3.1528749777052254e-14
4.2277312391939106e-14
4.3608920027381717e-14
3.9874640678074254e-14
3.4564698325142735e-14
3.5392145653663954e-14
4.0055941187616973e-14
4.8191969104389219e-14
6.9759256383208123e-14
6.5475357540374010e-14
9.1545526430418220e-14
7.2341700215716824e-14
5.9861255887262649e-14
5.6356108699442208e-14
5.7381051827964183e-14
5.2337416581963988e-14
5.6346591146997341e-14
5.4942467644119212e-14
6.3421980715537704e-14
5.1633975582134914e-14
4.0582281799439942e-14
4.5567251276965875e-14
1.6853260297766030e-14
1.9453295006973990e-14
1.5092794450049612e-14
-1.7497879594754185e-15
1.5753243329316815e-14
-4.9388714934418187e-18
1.4383410827073604e-14
-1.7571590138223312e-15
-1.3586249623681966e-16
4.5190176072113525e-15
7.4095494614733784e-15
-3.5413883486495676e-15
1.7081370726829081e-14
4.9762721350299731e-15
8.8969087303486354e-15
1.6904531798234205e-14
-7.1401476874551555e-15
2.3362137355023493e-15
3.0879258521535556e-15
5.3447394901237922e-15
4.0467554059507604e-14
2.1422202739453114e-14
8.7020103043897912e-15
1.1579380952767432e-14
2.0074169177725023e-14
3.6202534845507250e-14
3.9711769481566191e-14
3.7241764584486670e-14
6.6359374643423208e-14
5.7569716754354578e-14
6.2325628264780231e-14
7.3024868499389338e-14
8.0258726639083463e-14
7.8067470351897777e-14
7.5431244470743762e-14
8.7214968265434520e-14
9.5424908961863023e-14
8.3876823017732220e-14
8.8012888491716130e-14
7.8638103064360095e-14
4.3315956242001127e-14
5.1194215144084995e-14
5.3335313069906886e-14
3.3747362876811244e-14
5.5269294439158224e-14
2.3481511978574989e-14
3.6300829995908957e-14
2.8713603161105232e-14
2.1398339839055429e-14
4.7562278439223724e-14
4.9223231123916205e-14
4.1627542459138809e-14
5.7351756451213862e-14
1.9677363493588198e-14
3.8654202292719756e-14
3.2446470109557004e-14
1.9961376411148594e-15
4.7483279033157614e-15
-1.3090020386924219e-14
-2.9339341949231067e-14
-3.4148710225103324e-14
-4.5856782655242236e-14
-3.9957812243768689e-14
-1.7810651490157466e-15
7.4829931865595417e-15
3.4132576359065186e-14
3.8428021495850547e-14
2.1566589298877377e-14
1.9661346198565749e-14
8.4139583627847447e-15
3.3319343625556917e-15
-2.5216685503678066e-14
-4.1041704745089377e-14
-5.5700100328181232e-14
-6.5482933073628009e-14
-1.0442053169838912e-13
-9.0784270385435590e-14
-1.1448800967460302e-13
-9.6338341817210697e-14
-1.0404990918492063e-13
-9.9587230375860113e-14
-1.1101312431895073e-13
-8.8853491820982164e-14
-1.0085803831503246e-13
-1.0743718606306864e-13
-1.3299691309096372e-13
-1.4077728703712250e-13
-1.6269205772146993e-13
-1.5762265615188136e-13
-1.5599950828908542e-13
-1.7261179993530971e-13
-1.9824915130528843e-13
-1.8954024820375194e-13
-1.9838893107254415e-13
-2.1501391389069806e-13
-2.1415347349033176e-13
-2.2569825212142856e-13
-2.3610498013519709e-13
-2.6877905743509930e-13
-3.2063274750861049e-13
-3.5041135594644268e-13
-3.7004759639172033e-13
-4.1637817710356295e-13
-4.7771160334339548e-13
-5.3840629514858016e-13
-6.0187235483502021e-13
-6.6595347188988076e-13
-7.1848999136706683e-13
-7.6686893337832999e-13
-7.7646251525482612e-13
-8.2741875632526284e-13
-8.8141860177826050e-13
-9.4602825482913672e-13
-1.0365578585664508e-12
-1.1270287113442218e-12
-1.2217488668240825e-12
-1.3471364757135077e-12
-1.4289077618045329e-12
-1.5677712038890652e-12
-1.7116132179887356e-12
-1.8803452820954013e-12
-2.0509892962291529e-12
-2.2664223314114936e-12
-2.4979992472474467e-12
-2.7486520809523408e-12
-2.9970768635645602e-12
-3.2996559416581313e-12
-3.6345187333707106e-12
-3.9670029604004541e-12
-4.3548314127721916e-12
-4.8354698788554857e-12
-5.3152016911067607e-12
-5.8821985120973000e-12
-6.4862385851022211e-12
-7.1623856818127412e-12
-7.9025509917306373e-12
-8.7336225658966495e-12
-9.6218770371832299e-12
-1.0582636260931722e-11
-1.1599141264641116e-11
-1.2709265506571992e-11
-1.3848303842877593e-11
-1.5140711639099492e-11
-1.6474388466238060e-11
-1.7921396718424298e-11
-1.9450277909136410e-11
-2.1117259144948841e-11
-2.2861067621126194e-11
-2.4707834177455840e-11
-2.6659457783304741e-11
-2.8740455191182633e-11
-3.0898145527446741e-11
-3.3203112734478274e-11
-3.5558409097699863e-11
-3.8012748693126026e-11
-4.0533084070147059e-11
-4.3138830842039719e-11
-4.5785487857085896e-11
-4.8517360172434599e-11
-5.1274012351667731e-11
-5.4078292692166770e-11
-5.6935059400485158e-11
-5.9838060042528006e-11
-6.2705627171921889e-11
-6.5631465752378834e-11
-6.8494872426653384e-11
-7.1397911233265653e-11
-7.4218514780581094e-11
-7.7041897646280054e-11
-7.9772663483205961e-11
-8.2401033221401550e-11
-8.4926771988535647e-11
-8.7416653545975374e-11
-8.9699177785063246e-11
-9.1880935312485106e-11
-9.3902347201257836e-11
-9.5760775001968369e-11
-9.7467487360729708e-11
-9.8969434454038396e-11
-1.0028973350610321e-10
-1.0143328082639602e-10
-1.0232294302044827e-10
-1.0304327651313977e-10
-1.0352725135690336e-10
-1.0379434041472225e-10
-1.0386692599697761e-10
-1.0374195524897306e-10
-1.0338821502609458e-10
-1.0279277325136211e-10
-1.0197545216945867e-10
-1.0097014438577045e-10
-9.9736230355203857e-11
-9.8332656657287014e-11
-9.6780870285485606e-11
-9.5010206579514743e-11
-9.3130024554108550e-11
-9.1052434182372175e-11
-8.8813833959433891e-11
-8.6472765231372912e-11
-8.4003025390739017e-11
-8.1416617607615323e-11
-7.8787607903854790e-11
-7.6070620117849079e-11
-7.3306657765429686e-11
-7.0490436457060922e-11
-6.7676258889149873e-11
-6.4826448057531512e-11
-6.2007977633812568e-11
-5.9158856942749187e-11
-5.6380185557656812e-11
-5.3606237610775665e-11
-5.0868479507666044e-11
-4.8159612479624407e-11
-4.5492107654110729e-11
-4.2917016810155725e-11
-4.0377212781917787e-11
-3.7895645111554811e-11
-3.5520378800079431e-11
-3.3229887531224143e-11
-3.1034766849841232e-11
-2.8928210869139757e-11
-2.6923223243246374e-11
-2.4992183511443378e-11
-2.3207052140964247e-11
-2.1485480913026463e-11
-1.9881289634474534e-11
-1.8305517081385208e-11
-1.6867703904034119e-11
-1.5500734338640352e-11
-1.4214235022707503e-11
-1.3010542801641098e-11
-1.1885209060924858e-11
-1.0789794066959611e-11
-9.8202546782007986e-12
-8.9218176747376415e-12
-8.0871352690537470e-12
-7.3336324875645952e-12
-6.6562607392217900e-12
-6.0110421184636982e-12
-5.4590866950594425e-12
-4.9430713206414967e-12
-4.4633944310927197e-12
-4.0188024086079205e-12
-3.6434883287848817e-12
-3.2742309217436650e-12
-2.9460507648214622e-12
-2.6702636228320202e-12
-2.4045307843751428e-12
-2.1438903936189893e-12
-1.9399108352912868e-12
-1.7260274767107497e-12
-1.5381933241644444e-12
-1.3693574034994391e-12
-1.2230741256637720e-12
-1.0859897602231508e-12
-9.5116766247453667e-13
-8.0396747092713443e-13
-6.9180050147841584e-13
-5.8736759422759318e-13
-5.0656524104257617e-13
-4.2786236536834385e-13
-3.5587366074883877e-13
-2.9063673906407848e-13
-2.2903528115401338e-13
-1.9754541199156971e-13
-1.5294292608934138e-13
-1.4974272838531424e-13
-1.3192287385235758e-13
-1.3425609786910534e-13
-1.1768840209308877e-13
-1.0850090979917529e-13
-1.1461675928577452e-13
-1.1572781437899602e-13
-1.1535187211465582e-13
-1.1448514238672880e-13
-1.4144516734767954e-13
-1.3345372533139351e-13
-1.0463686966157948e-13
-7.8903587082809798e-14
-5.6252360043386761e-14
-4.7958874234804302e-14
-5.1687306080934343e-14
-6.8719945622315127e-14
-4.3707229023933621e-14
-6.1470359337370762e-14
-5.0023765671085955e-14
-6.5745581952260660e-14
-8.2138827232335270e-14
-6.7748348480435435e-14
-6.3189340497068841e-14
-7.9699230321475792e-14
-7.4375754776895073e-14
-5.2201570001235882e-14
-2.3058939232996537e-14
-1.8862294995618049e-14
1.2482727661847823e-14
5.8179259733281715e-14
5.2505887309901745e-14
5.4609643418706822e-14
4.8143321433874317e-14
5.6399277638197897e-14
1.1931020905221606e-13
1.0500053012808700e-13
1.2439357386436143e-13
1.3044998005990634e-13
1.2963312080728149e-13
1.1759118514619619e-13
1.0979262915579873e-13
9.8394423222928636e-14
1.2810014227882844e-13
1.0643070784878475e-13
1.1360869327699444e-13
1.5056828308837324e-13
1.3969161670815652e-13
1.4875750348279660e-13
1.5941718826328135e-13
1.6798638489742308e-13
1.8315485744847087e-13
1.4855967368491035e-13
9.2214111648484020e-14
6.1034376964301817e-14
2.0217517423528853e-14
-2.3808501905488022e-15
-1.8959375149076259e-14
-2.0825268019108977e-14
-1.8472238714881533e-14
-3.6764093191567153e-14
-1.1259840098405625e-14
1.3308280654377665e-14
2.5684103953393445e-14
2.9497419010636557e-14
3.1633363703032132e-14
3.1595570127567986e-14
5.5123624985222130e-14
2.6305219673383785e-14
3.2149681652658726e-14
4.3077455781465961e-14
4.5342784045918138e-14
3.3617069800898611e-14
4.1925607201513433e-14
1.5934478926151729e-14
1.7933051977913007e-14
3.0295252267746299e-14
2.9226171421004899e-14
1.7428762963951638e-14
9.7842491276359958e-15
1.2669827457070799e-14
1.6295170437776084e-14
-3.0893588524075715e-15
1.6354594234211358e-14
1.0060326975169803e-14
1.7783107539134563e-15
4.8793647931528266e-15
1.8221642159189488e-14
1.5381531395631076e-14
8.4742961816919366e-15
3.8422460836035130e-15
1.3216970580943819e-14
7.0095288224255228e-15
1.8895505757263080e-14
2.2298028678361522e-14
2.7742373130059118e-14
2.3584294662778357e-14
2.1014645341200227e-14
2.2303706435295557e-14
2.2901883329305760e-14
1.2854834127444396e-14
1.8152579836046396e-14
4.0874893143864023e-14
2.2036614122046959e-14
2.1356665165458126e-14
4.3850287816340051e-14
1.1725647385504538e-14
1.2032739918587584e-15
3.7789870489328293e-14
4.3090680111412498e-14
3.5062256211013623e-14
4.3288973494214024e-14
3.8252523533385904e-14
5.4527053163458912e-14
4.5019431822232816e-14
2.8808696071338781e-14
5.3259375983151228e-14
4.9191092909534374e-14
5.6276555059380201e-14
4.1075632098512424e-14
5.8777747517294325e-14
9.5105380745048817e-14
8.1198623323860028e-14
6.1434397990783075e-14
5.7708642998286707e-14
5.9580908554201668e-14
4.3575905807271443e-14
3.9245890595431181e-14
5.9383121158521771e-14
7.4971211892088641e-14
7.9263094729650930e-14
2.4250758992336424e-14
4.0922774224236101e-14
3.1097726249448383e-14
4.0823294258401635e-14
4.9668079117971463e-14
4.8143549258164054e-14
7.1696623917877739e-14
7.2078667153948706e-14
4.3507724837108088e-14
5.9483834603735881e-14
4.9212839658933829e-14
4.5184652541271468e-14
3.7122886296129973e-14
6.3645779338071776e-14
5.7384530594570102e-14
4.6380002738370033e-14
2.6237522406865764e-14
3.6440726940382344e-14
3.7877529963183074e-14
2.2141388757874698e-14
2.4530281362907240e-14
3.3896976590323297e-14
4.5099024215301633e-14
4.4562444577268320e-14
1.3712136561019762e-14
3.1137434402131226e-14
2.6885551467244809e-14
3.9292123724832239e-14
4.8162484797022549e-14
4.4774749228313377e-14
4.2468997433701569e-14
6.3647332393558994e-14
2.0422719740628238e-14
2.2625530992520327e-14
2.7626417287483752e-14
1.1098126980572957e-14
1.6636910358980041e-14
-1.0925377203897060e-15
1.4496240246562480e-14
2.8263816523300709e-14
2.8920826124339216e-14
3.0888243334282663e-14
1.7759495203113903e-14
-9.4752283413248961e-16
1.0100775893111405e-14
3.5172938318283796e-14
4.0768363193186985e-14
2.8220716244652751e-14
1.9967845698445703e-14
4.0983310476186914e-14
2.5305684428844275e-14
-5.4687299007198494e-16
1.4682625135236436e-14
1.0216074111859649e-14
3.1515414570553798e-14
2.7264668846674976e-14
1.2298174910579785e-14
2.5530343045792594e-14
6.7121208745239506e-15
2.9578125419947695e-15
5.9236954119304937e-15
1.8168752558681415e-15
1.6473130406775150e-14
-1.0238097115631995e-14
-2.8587064562382794e-15
5.6727559067500456e-15
1.1152501263781731e-14
-9.0235133230611282e-15
-2.7502822112647710e-15
6.3311549176069260e-15
5.1590235589335454e-15
-2.3216437617568478e-15
-1.2203586375020093e-15
8.0702347961548010e-15
-1.5175727434423863e-15
