4.0430117013744709e-15
-2.1788191254472904e-15
1.1517112826209855e-14
1.4865393419430452e-14
2.3849884121931144e-14
1.8625532160519489e-14
1.6504281511831063e-14
5.4287165514799443e-15
5.1886088083333530e-15
6.5308686924374246e-15
1.3977179292342054e-14
2.3379164768062770e-14
2.6719537200433956e-14
1.2178798339043738e-14
3.6577883418567965e-14
1.9759514498859908e-14
1.9486479829815667e-14
3.4806720753657207e-14
2.5154054994421076e-14
2.4396072471557263e-14
5.5120967696958356e-14
3.8583715179920560e-14
4.1746441211405397e-14
3.5685306627835951e-14
5.3716196861233271e-14
4.6817744378412934e-14
5.6645613086037984e-14
5.2896907688946354e-14
5.6984396760526616e-14
4.6883320852397599e-14
7.9587670212961302e-14
5.2613375257473857e-14
4.1222114084951306e-14
3.2231545402934252e-14
4.4362927930222668e-14
4.0371264766605633e-14
3.9733644148161506e-14
4.7270763886056109e-14
6.4839515825865522e-14
3.2604129636817353e-14
6.5592067024749818e-15
1.6789327029599549e-14
-2.3511690417029969e-15
-6.2017690394503059e-15
-1.6639829128735762e-14
-2.9763916197509045e-15
-6.9292866022621037e-15
-1.2302719038398838e-14
-2.5288795413573360e-14
-4.1318530052903897e-15
-1.3029857624281163e-15
-1.8422756674647794e-15
-5.1859735961214583e-15
-1.5354108766827358e-14
-2.9773487802989025e-15
-1.3808699472578773e-14
-1.9192593352219369e-14
-1.7391028880087576e-14
-1.2043789871331824e-14
-2.2322896232283068e-14
-1.5338081684351447e-14
-2.0341034027264183e-14
-9.0149483612819745e-15
-7.4322458141471909e-15
2.0674687657119244e-15
1.1550645061785365e-14
2.0004433076648865e-14
1.8586934968356185e-14
2.3657068099560959e-14
1.8789604047772337e-14
3.4530904829468215e-14
5.0928467659994123e-14
3.5848429536507803e-14
3.6902854416804072e-14
5.4273207764177898e-14
6.1038176996647207e-14
6.0067126882991919e-14
3.2676682984075609e-14
5.7183755426248774e-14
5.1961076047819879e-14
3.2875025309536234e-14
3.8755120327616116e-14
3.5984556788564182e-14
4.7763750650087975e-14
1.2063691275861903e-14
7.1237777700282148e-15
7.2565755810896156e-16
2.3346813533119742e-15
1.9577932892382763e-15
3.0746168249593879e-15
5.8791607117114193e-15
3.1129994804709074e-15
1.3215042401812289e-14
-2.0962874311658717e-14
1.0600243514920696e-14
2.4692222642351257e-14
-1.5798952383003858e-14
-1.7911339375787134e-14
-4.1036017157280726e-14
-3.3910632475907210e-14
-3.2083319584521289e-14
-5.5533069004077313e-14
-3.2554462742247066e-14
-3.0092880561930197e-14
-3.1407111438796380e-14
-5.6545869456072533e-15
3.0031406817707913e-14
7.0271347638655504e-15
8.0670426136286558e-15
-1.5142447449703731e-14
-2.3122390640672534e-14
-1.4873783436788084e-14
-5.2597956177109629e-14
-4.9195496936628719e-14
-8.4573374757560745e-14
-8.5375902761422320e-14
-1.1282257255925372e-13
-1.1644744608349967e-13
-1.1633814476025986e-13
-1.1844554969754404e-13
-1.2708969730329573e-13
-1.2786047702233350e-13
-1.2825684866605618e-13
-1.1401015930550719e-13
-1.2788060281756745e-13
-1.2688708876084278e-13
-1.3911196858664799e-13
-1.4150512173584227e-13
-1.6161209869846307e-13
-1.7862014278760492e-13
-1.9245285976558532e-13
-2.0346396076900054e-13
-2.0806947925104310e-13
-2.0928367884622074e-13
-2.2166925707269188e-13
-2.2460721023564992e-13
-2.4221599286286476e-13
-2.5067146810815664e-13
-2.7434657321974170e-13
-3.0077437750541071e-13
-3.3658896378761158e-13
-3.5327610536302667e-13
-4.2202033307454626e-13
-4.8323483102027281e-13
-5.4058209074865694e-13
-5.9767471122926692e-13
-6.3855846144055832e-13
-6.8426018744007682e-13
-7.2918874747981547e-13
-7.5317615030352856e-13
-7.9955068538127395e-13
-8.5632756985633312e-13
-9.2079844270967516e-13
-9.6869846646840527e-13
-1.0524420342646634e-12
-1.1316252088391231e-12
-1.2467776287025245e-12
-1.3331868866393415e-12
-1.4563299702165540e-12
-1.5915251575875775e-12
-1.7243068303780668e-12
-1.8992559544298396e-12
-2.1105423470924708e-12
-2.2851702998639496e-12
-2.4960335038864061e-12
-2.7478026573949304e-12
-3.0085888274228350e-12
-3.2848641197910770e-12
-3.5942942235965512e-12
-3.9485864724432354e-12
-4.3206040149254950e-12
-4.7558300256689855e-12
-5.2785089487328010e-12
-5.8049102214197590e-12
-6.4060423176332863e-12
-7.0740851692874009e-12
-7.8208929862391965e-12
-8.6306658205427381e-12
-9.4960814077694208e-12
-1.0388187449873905e-11
-1.1388992908491339e-11
-1.2432829797079517e-11
-1.3572758896807392e-11
-1.4783726084416824e-11
-1.6087041372035196e-11
-1.7445772637879891e-11
-1.8951711894694676e-11
-2.0512938392730723e-11
-2.2191485645366925e-11
-2.3943967515148536e-11
-2.5822448172268284e-11
-2.7759908814032068e-11
-2.9858813359963063e-11
-3.1991594731374422e-11
-3.4244893656742661e-11
-3.6507020422130310e-11
-3.8866664928718736e-11
-4.1246045847038819e-11
-4.3725277023686408e-11
-4.6223946565389736e-11
-4.8762796026895971e-11
-5.1370890428813974e-11
-5.3965240225807041e-11
-5.6572133969914526e-11
-5.9234970456422079e-11
-6.1841451802468870e-11
-6.4453088287881840e-11
-6.7019662543943544e-11
-6.9589080534602449e-11
-7.2062429443899814e-11
-7.4486116134354126e-11
-7.6794082797449239e-11
-7.9048701788855701e-11
-8.1142217559273211e-11
-8.3129660409024759e-11
-8.5013313602770899e-11
-8.6714576026683976e-11
-8.8256180678569220e-11
-8.9658020482832120e-11
-9.0852451133836105e-11
-9.1922029396261137e-11
-9.2729074488462683e-11
-9.3397240044723231e-11
-9.3872602562446457e-11
-9.4152079069033105e-11
-9.4211171989401575e-11
-9.4096132877940221e-11
-9.3777417597312678e-11
-9.3267842769161880e-11
-9.2551703505571821e-11
-9.1629892046800819e-11
-9.0557843053928322e-11
-8.9316872117444860e-11
-8.7930318621408685e-11
-8.6332953055037786e-11
-8.4611186509158934e-11
-8.2743087691567733e-11
-8.0725528296752459e-11
-7.8604505856797441e-11
-7.6371293326916390e-11
-7.4018660435108333e-11
-7.1634636240722913e-11
-6.9153473323142213e-11
-6.6686713786998466e-11
-6.4131942325524793e-11
-6.1563244419592940e-11
-5.8961599419193752e-11
-5.6404745958598137e-11
-5.3856699609499048e-11
-5.1359124230654877e-11
-4.8817036746321382e-11
-4.6344365933100694e-11
-4.3902346180711675e-11
-4.1487767466848163e-11
-3.9141449391061186e-11
-3.6860518611574375e-11
-3.4574435275031289e-11
-3.2424906120775269e-11
-3.0312986591812478e-11
-2.8334438732970955e-11
-2.6420304741333730e-11
-2.4603777727364935e-11
-2.2859585765396478e-11
-2.1221795428752757e-11
-1.9642289798560644e-11
-1.8176934501464837e-11
-1.6770338697783582e-11
-1.5467375692043763e-11
-1.4212126461837370e-11
-1.3053187176984670e-11
-1.1940177353363145e-11
-1.0935133067492514e-11
-9.9416612448105978e-12
-9.0409429582693457e-12
-8.2092670914683705e-12
-7.4678676857832707e-12
-6.7610609658128051e-12
-6.1483708616980755e-12
-5.5636171483636821e-12
-5.0495650078397923e-12
-4.5684897886540473e-12
-4.1657569173212041e-12
-3.7444552254545766e-12
-3.3985222346862672e-12
-3.0440352840479848e-12
-2.7455348132150717e-12
-2.4690540575552126e-12
-2.2097219621907212e-12
-1.9729342940795648e-12
-1.7634532116335563e-12
-1.5704101755012750e-12
-1.4152922160507083e-12
-1.2665067583844293e-12
-1.1088138086864857e-12
-9.6997055170009655e-13
-8.5638279592548817e-13
-7.1618598720754824e-13
-6.0558032521155085e-13
-5.1737494188576428e-13
-4.3227243603897995e-13
-3.4454212903067066e-13
-2.8003018026387497e-13
-2.2490302109567127e-13
-1.5161369923418346e-13
-1.1625037000664330e-13
-9.3254757906880822e-14
-7.0423733419705665e-14
-5.6184643848335499e-14
-3.5131261155691789e-14
-1.6509008855076507e-14
-1.3033478497808548e-14
-9.8813739484115938e-15
-2.5445217025867640e-14
-2.3483703583624636e-14
-2.2655738741599342e-14
-4.3378184219606197e-14
-4.5707296843256073e-14
-3.1374976232303005e-14
-1.9338030718577438e-14
1.1712221839601985e-14
2.1825692578356098e-15
1.2170437497397335e-14
3.2487509727668152e-16
-1.4987514445044501e-14
-9.6835400848052195e-15
1.2772941622572917e-14
8.5285210187890833e-15
-1.9419542295423115e-15
-3.9405096706602638e-15
-9.7522556262646573e-15
-2.6100630035309238e-14
-3.2856668156865255e-14
-2.0181412383488277e-14
2.0032295948047742e-14
3.1549388217508949e-14
5.3472470151867641e-14
8.8488232867448061e-14
9.4421532932232139e-14
9.1476926550211375e-14
7.6118247492549390e-14
9.4135100192814066e-14
1.2990016305261075e-13
1.3690254012408206e-13
1.5203449688174407e-13
1.5153071254732254e-13
1.6612310768652912e-13
1.4167357873550653e-13
1.3876447981922227e-13
1.2171634739759164e-13
1.6849597527787237e-13
1.3239867650750881e-13
1.3287717441988178e-13
1.5978631041830155e-13
1.5755552189653126e-13
1.6135647463567419e-13
1.2792490506136625e-13
1.2965678883165162e-13
1.4666258396608564e-13
1.1557808696561243e-13
9.1084377367528153e-14
7.6317147438688704e-14
3.4633183002377849e-14
-2.4025749433482707e-14
-1.9855063304767685e-14
-3.2187259750529511e-14
-1.4814039180808170e-14
-2.2582828626783524e-14
-2.7829121254242915e-14
2.0597058368522072e-15
5.4015701037659312e-15
1.0977864614581922e-14
1.0249202229514002e-14
1.0288309519993340e-14
2.6731905696695955e-14
1.3652474298602337e-14
1.8301578380074258e-14
4.3087716824746172e-14
3.5789502943106720e-14
2.8864443715187265e-14
2.9358937205481444e-14
2.2749177793404912e-14
3.6894788684388714e-14
1.8748520206543040e-14
3.4262445568595639e-15
1.3648926217583310e-14
1.6153831287810064e-14
1.2425244899030756e-14
1.1379283901546600e-14
7.1495520101541072e-15
-3.0965931226094883e-15
-7.8460003833008832e-16
-3.4122408816349622e-15
3.2170923819413117e-15
9.2159209891249181e-15
1.0299302931647554e-15
-5.0974152509273604e-15
2.9597221985887688e-15
-3.2056681760231240e-15
-1.6458196437771966e-14
4.6803033282259577e-15
1.1189071474682796e-14
-1.3851868535717882e-14
3.3580333402103522e-15
7.0707861768363551e-15
-6.5983475013919152e-15
-1.0096968897276105e-14
2.1442133568263593e-15
4.9115051694867672e-15
9.7323461046783715e-15
1.1632371449025634e-14
8.0424480881551311e-15
2.6620007231730945e-14
2.1674654831130347e-14
-2.0460720828140165e-15
-5.0337524556227313e-15
-8.8608313715694502e-16
-3.4154771489498196e-15
9.8595985025622279e-15
2.6329341542176138e-14
3.1172581180485301e-14
3.0451593818742416e-14
1.1194575539966040e-14
-7.0090080070581407e-15
2.3184431589022874e-14
4.1770864349207023e-14
3.8471634380911139e-14
3.7363359885997765e-14
5.1172660946737158e-14
6.7351895851098311e-14
3.6616518737758434e-14
4.5902743169515906e-14
4.0674801224344486e-14
2.8162058537998766e-14
3.9688465085208985e-14
4.6699819147720200e-14
4.8298828329687284e-14
4.2881584236749024e-14
1.3653160782080009e-14
5.8525059118033298e-15
1.9433468784847710e-14
3.1641901030999586e-14
4.4097626494653206e-14
4.6904321117495277e-14
6.3069906608849076e-14
7.3805783990236911e-14
4.7609576151947907e-14
3.8776947497676644e-14
2.7356710549356141e-14
3.0605231773440835e-14
3.6360899124005455e-14
4.7027576366091266e-14
6.0991441412378376e-14
5.3225121812740102e-14
2.5076203891670217e-14
2.9565265743504023e-14
2.8150459918608640e-14
2.6220409545838694e-14
5.1015883687213972e-14
3.5730315401807151e-14
3.7779228316244168e-14
4.1486928029339687e-14
3.1783952580663138e-14
1.8428407509668755e-14
2.3212820326789880e-14
3.3441384748714263e-14
3.4095657290957600e-14
3.4599954394370229e-14
4.3591340932011630e-14
5.1711257117410948e-14
3.8146941089618450e-14
1.6260722630452859e-14
4.7392067752563232e-14
2.7814827408420035e-14
2.4134619327468315e-14
2.6425820211270234e-14
1.6429392841908347e-14
4.5138047861984211e-14
2.2657957814725089e-14
1.4728506414977494e-14
2.6992741526875228e-14
3.3232268859971310e-14
2.5140066372812781e-14
3.7787262239895103e-14
5.1412961432119749e-14
5.0695652321094852e-14
5.9826454805257780e-14
3.1199680371379372e-14
4.6372979256842025e-14
2.5264368665794168e-14
3.6777618797226556e-14
3.0064852778655851e-14
2.2173357309803815e-14
3.6256502390191442e-14
2.7022067867416988e-14
2.3103343044676120e-14
1.1846704262012012e-14
1.3472992648345658e-14
1.8481292838136317e-15
4.6806161906782632e-15
6.0819843034323278e-15
3.1593897822069034e-14
2.0221258460789825e-14
8.3449335935305902e-15
4.9369760244421254e-15
4.0352664658135188e-15
1.9698661015350154e-15
4.5917781052635278e-15
-7.1512046950400204e-15
6.9879390475614376e-15
-1.4211630858101556e-14
1.0085207627406766e-14
1.6211025773191862e-15
