6.1727461918418992e-14
2.8290430649582249e-13
1.5931034773999379e-12
1.0216180105452645e-12
-1.1240076350582398e-12
2.5076006629526911e-13
9.8360591268640195e-13
-1.3459238928907292e-13
-2.6679694778515893e-12
1.4268412469832837e-12
1.1398162280801941e-12
-1.9385655684007674e-12
1.4865441948932963e-12
9.0032879215891211e-13
-9.1003316417868562e-13
1.5603639024621932e-12
1.9699992783265063e-12
2.6689344152036101e-12
4.9408713104121893e-12
7.6477402628207260e-12
1.0075734654124131e-11
1.7879164314065815e-11
2.2080686767002207e-11
3.1840846433617209e-11
4.5054104349842249e-11
6.5371503174449261e-11
9.1137802862413213e-11
1.2766029871226078e-10
1.8195788224774992e-10
2.5582412687036618e-10
3.5644436803295849e-10
4.9780466738557676e-10
6.9401978422402416e-10
9.6896084510279133e-10
1.3429873571486790e-09
1.8643455239459468e-09
2.5768648762969915e-09
3.5636607310399238e-09
4.9041186268699632e-09
6.7413279848427682e-09
9.2495902508437153e-09
1.2662300387587463e-08
1.7294836869580995e-08
2.3574485848527556e-08
3.2068041833188514e-08
4.3519701768531531e-08
5.8938668223150978e-08
7.9652733298992522e-08
1.0741412344588592e-07
1.4453780311924855e-07
1.9408077574858737e-07
2.6003958437128542e-07
3.4767673859156884e-07
4.6384785097178967e-07
6.1751026866803434e-07
8.2031494165596899e-07
1.0873869789516497e-06
1.4383194098893131e-06
1.8984271988674760e-06
2.5003394269233965e-06
3.2860216560660196e-06
4.3093149720947636e-06
5.6391403944741781e-06
7.3634711967212714e-06
9.5944095210491196e-06
1.2474393655772875e-05
1.6183996616772569e-05
2.0951595160528726e-05
2.7065321568154906e-05
3.4887808260922099e-05
4.4874369212011405e-05
5.7595289461594207e-05
7.3763108419632652e-05
9.4265936964291493e-05
1.2020801945134499e-04
1.5295893636502655e-04
1.9421319219219390e-04
2.4606211485005380e-04
3.1108037459996735e-04
3.9242980007485475e-04
4.9398360480759694e-04
6.2047448806398038e-04
7.7767084450810044e-04
9.7258562739664818e-04
1.2137232056883742e-03
1.5113702485451974e-03
1.8779373919928194e-03
2.3283592370540295e-03
2.8805611798900423e-03
3.5560024427005463e-03
4.3803055945707565e-03
5.3839839251658955e-03
6.6032789503552916e-03
8.0811213741632457e-03
9.8682297031748318e-03
1.2024361720782938e-02
1.4619734725520941e-02
1.7736631088571566e-02
2.1471206268719244e-02
2.5935516578163630e-02
3.1259783915718375e-02
3.7594914369326660e-02
4.5115286730596151e-02
5.4021825566551725e-02
6.4545371733965531e-02
7.6950360549213920e-02
9.1538814617554226e-02
1.0865465429249152e-01
1.2868832365658292e-01
1.5208172414089116e-01
1.7933344096286064e-01
2.1100423965254539e-01
2.4772280087310103e-01
2.9019165179247353e-01
3.3919324110247911e-01
3.9559609267524271e-01
4.6036095986429065e-01
5.3454688871910461e-01
6.1931708389632301e-01
7.1594445634301329e-01
8.2581671678063695e-01
9.5044086424719498e-01
1.0914469046346988e+00
1.2505906207472794e+00
1.4297552032445060e+00
1.6309515416499221e+00
1.8563169665272155e+00
2.1081122289262093e+00
2.3887165013160176e+00
2.7006201866381230e+00
3.0464153286417215e+00
3.4287834284032930e+00
3.8504804891034232e+00
4.3143191340092661e+00
4.8231476716688109e+00
5.3798260179331958e+00
5.9871984259744284e+00
6.6480630239527398e+00
7.3651382140594412e+00
8.1410260468845639e+00
8.9781727500359523e+00
9.8788266596293184e+00
1.0844993875972991e+01
1.1878392039928146e+01
1.2980402702307954e+01
1.4152022833736405e+01
1.5393816095246130e+01
1.6705864558338767e+01
1.8087721625619622e+01
1.9538366957351286e+01
2.1056164253416746e+01
2.2638822772435503e+01
2.4283363487903223e+01
2.5986090784110356e+01
2.7742570580356450e+01
2.9547615739487789e+01
3.1395279565290874e+01
3.3278858122297159e+01
3.5190902020580495e+01
3.7123238198379056e+01
3.9067002106698261e+01
4.1012680554610249e+01
4.2950165313126462e+01
4.4868817402009775e+01
4.6757541799902334e+01
4.8604872127841539e+01
5.0399064662143246e+01
5.2128200839616952e+01
5.3780297229533716e+01
5.5343421767415855e+01
5.6805814879560792e+01
5.8156013978573149e+01
5.9382979683051062e+01
6.0476222012619729e+01
6.1425924735906442e+01
6.2223066007030518e+01
6.2859533417212553e+01
6.3328231614202274e+01
6.3623180704104307e+01
6.3739603747356192e+01
6.3674001792558329e+01
6.3424215056995926e+01
6.2989469057723944e+01
6.2370404719837694e+01
6.1569091733946628e+01
6.0589024698992617e+01
5.9435101863798678e+01
5.8113586566031110e+01
5.6632051754130124e+01
5.4999308260862847e+01
5.3225317770269818e+01
5.1321091677121288e+01
4.9298577274183174e+01
4.7170532912729513e+01
4.4950393961220435e+01
4.2652131532328049e+01
4.0290106056466854e+01
3.7878917848893543e+01
3.5433256845522187e+01
3.2967753670488385e+01
3.0496834145982746e+01
2.8034579264082328e+01
2.5594592513890415e+01
2.3189876297498426e+01
2.0832718980413155e+01
1.8534593909381144e+01
1.6306071498720488e+01
1.4156745240278907e+01
1.2095172237413793e+01
1.0128828605789213e+01
8.2640798278620053e+00
6.5061659001813288e+00
4.8592008763671650e+00
3.3261861895208469e+00
1.9090369388312720e+00
6.0862015019101279e-01
-5.7519612869777248e-01
-1.6434841587113602e+00
-2.5981896171948007e+00
-3.4420578973291658e+00
-4.1785550456623115e+00
-4.8117847889386542e+00
-5.3464030786193115e+00
-5.7875315341901397e+00
-6.1406710962804461e+00
-6.4116171112022782e+00
-6.6063769624328295e+00
-6.7310912452023688e+00
-6.7919593511890204e+00
-6.7951701942827638e+00
-6.7468386692203364e+00
-6.6529482953091712e+00
-6.5193003604856488e+00
-6.3514697489676619e+00
-6.1547675115766669e+00
-5.9342101224267303e+00
-5.6944952616641018e+00
-5.4399838716266204e+00
-5.1746881546774119e+00
-4.9022651147506053e+00
-4.6260151924613897e+00
-4.3488855039934533e+00
-4.0734771677699770e+00
-3.8020561882504382e+00
-3.5365673631063674e+00
-3.2786506866077878e+00
-3.0296597380337675e+00
-2.7906815670530918e+00
-2.5625576179493876e+00
-2.3459052692414071e+00
-2.1411396039905037e+00
-1.9484950671875547e+00
-1.7680467093394769e+00
-1.5997307585666600e+00
-1.4433643059734027e+00
-1.2986639305783880e+00
-1.1652631293620817e+00
-1.0427284549123892e+00
-9.3057429699424021e-01
-8.2827627518678870e-01
-7.3528323681923413e-01
-6.5102787824485930e-01
-5.7493602764739404e-01
-5.0643464415882355e-01
-4.4495860159109640e-01
-3.8995633516971695e-01
-3.4089443710809336e-01
-2.9726129144625907e-01
-2.5856984105211911e-01
-2.2435957990848202e-01
-1.9419786236070324e-01
-1.6768061820010011e-01
-1.4443255824100704e-01
-1.2410695015633469e-01
-1.0638503859350550e-01
-9.0975177595733411e-02
-7.7611736745531845e-02
-6.6053836284011042e-02
-5.6083959817292452e-02
-4.7506487035848283e-02
-4.0146183034187474e-02
-3.3846675066611091e-02
-2.8468942397178926e-02
-2.3889840197071452e-02
-2.0000674007805305e-02
-1.6705837560937055e-02
-1.3921523202103990e-02
-1.1574511359555728e-02
-9.6010428657413299e-03
-7.9457758627821760e-03
-6.5608272085715003e-03
-5.4048969661981260e-03
-4.4424732844435232e-03
-3.6431142577685173e-03
-2.9808026314104485e-03
-2.4333688235374418e-03
-1.9819774345083314e-03
-1.6106723865480911e-03
-1.3059756923148396e-03
-1.0565350730246069e-03
-8.5281573932352757e-04
-6.8683183429632370e-04
-5.5191342404669155e-04
-4.4250501714906108e-04
-3.5399200315109432e-04
-2.8255173972182299e-04
-2.2502617286007974e-04
-1.7881328338109176e-04
-1.4177490504014472e-04
-1.1215868740049028e-04
-8.8532250602656138e-05
-6.9727830671880610e-05
-5.4795882574883307e-05
-4.2966277390372141e-05
-3.3616041814850673e-05
-2.6242501421728446e-05
-2.0441131389512537e-05
-1.5887154625945839e-05
-1.2320544934436592e-05
-9.5336049525738833e-06
-7.3608552219150304e-06
-5.6708000183843842e-06
-4.3591962482780119e-06
-3.3436000452955820e-06
-2.5589934909339337e-06
-1.9542181553620238e-06
-1.4891012519252019e-06
-1.1322038170559617e-06
-8.5896480717794741e-07
-6.5024284736897817e-07
-4.9116276292267635e-07
-3.7019462938477622e-07
-2.7840852007715670e-07
-2.0892375616762172e-07
-1.5644341080728833e-07
-1.1688750978235481e-07
-8.7142091986035818e-08
-6.4827200572514691e-08
-4.8121150778905537e-08
-3.5639668773897893e-08
-2.6342158671069568e-08
-1.9425113001552141e-08
-1.4297936417746020e-08
-1.0497734697953984e-08
-7.6940484234893964e-09
-5.6208573208242714e-09
-4.1035180932490375e-09
-2.9877391095052461e-09
-2.1676491619147689e-09
-1.5707687788970565e-09
-1.1393202865930288e-09
-8.2001514143267205e-10
-5.8975357542670045e-10
-4.2651005328828992e-10
-3.0343983458528564e-10
-2.1536029015169543e-10
-1.5515272411091044e-10
-1.1054819656869608e-10
-7.9994472169929868e-11
-5.5627165177050880e-11
-4.2222220092124901e-11
-2.8663989594395852e-11
-2.1913291769508816e-11
-1.3544532867007725e-11
-9.2416773194862401e-12
-5.9379153077397863e-12
-7.4631506672438002e-12
-1.8178523476717870e-12
-3.3968866183423304e-12
-2.4445862866215096e-12
-4.1540369213618551e-13
6.0960276873337907e-13
-2.9956612157933433e-12
1.2836870866553326e-12
-1.2139577859778022e-13
7.2726639860195718e-14
7.4299498653459854e-13
-1.6762101485931064e-12
4.8789598308666466e-13
1.5477716734481073e-12
3.1330937417148920e-13
-9.0958644842516879e-14
9.0828026276371289e-13
1.2834276022015490e-12
-8.8009709733075941e-15
2.4768944482297731e-13
-3.6246721821342765e-13
-9.6260819503856311e-14
-3.6645792890418435e-13
-2.6701830168712931e-13
-2.5907419822458148e-12
-8.2556662580763176e-13
1.2614448579729975e-12
-1.1520740688403407e-12
-1.1299963070890896e-12
-6.4172618539615068e-13
2.4613125501059542e-14
-6.8231138025142092e-15
2.5792124776228925e-12
-1.9563882984891099e-12
1.6954602179957353e-13
2.1069087752624518e-12
-1.6272632204857984e-12
-1.2599548430311694e-12
6.1856576450945782e-13
4.6121146839254867e-13
7.1229197601085562e-13
-9.3918793050917250e-13
9.4460102366582817e-13
-1.4735688488908537e-12
-3.2554075830151996e-12
-4.7944751989955833e-13
-5.6806393942247685e-13
1.3538146941987913e-12
2.3640749899589051e-12
-5.9858595532868414e-13
-2.1601874887567975e-13
1.5157684225116564e-12
-2.1451000470438054e-12
-7.6108432886792057e-13
3.8640245336572062e-13
-2.4569260184232617e-12
5.1345425778031698e-13
1.6271118179732358e-12
6.7143923149128589e-13
8.9420777308320645e-13
-5.0321556992126858e-13
-1.2515594678770820e-12
-1.6148175477401022e-12
1.4269588458084163e-12
-5.5538253521006756e-13
-2.1948480168106314e-12
9.5229429683196230e-13
4.1642972936888594e-13
-9.0825712590450480e-13
2.8986066790448910e-12
1.0166655540870348e-12
7.2434523613944783e-14
-1.3762049553272497e-12
1.7256047888649756e-12
-3.5519789099742938e-12
6.1547415219439321e-13
1.8040832860804648e-12
-1.0153967696574913e-12
1.1614252371649265e-12
1.9599253629355084e-12
-3.1698961903712227e-13
-7.5768002994428306e-13
-9.4010377664439652e-14
1.7623155905756310e-12
3.3848715922532088e-13
2.6710135618069175e-12
9.8869703004097011e-14
1.7294424892540373e-12
-1.4449079506835679e-13
4.4380598298921052e-14
2.3676784606129175e-13
4.8768243117604618e-13
1.9358259496735996e-12
-1.1250813062701918e-12
-1.7115412041422264e-12
2.6599477749043210e-12
8.2776177521176683e-13
1.5680109397872891e-12
8.1523854410595306e-13
-7.0154670487819122e-13
4.7785164374483766e-13
-2.9412675670503221e-14
3.2393773177856491e-13
2.6467549824714930e-12
2.9401361192053852e-12
1.5596263555806128e-12
-1.5646741578705480e-12
8.9756503443587234e-13
3.1209312543218119e-12
-2.8165608839285948e-12
1.7514700939443263e-12
6.3847538797791075e-13
1.1852356207506631e-12
2.2470352443313096e-12
-1.6434281576929903e-12
-2.9939321765367840e-12
-1.8107924555197675e-12
7.2499419873005079e-13
-5.9854012310879851e-13
-1.4800831692501045e-12
1.7078651104156675e-12
-4.4770747676631154e-13
-1.7717189735728253e-12
-6.7276520672613274e-13
3.2854807199295532e-12
-3.0366321627605786e-12
1.7397253456693052e-12
1.1761983675756118e-12
9.0595252425734967e-13
1.8622449191675689e-12
2.2397855499160746e-12
-5.5662819189146975e-13
1.2865629194764920e-12
-2.2611977823456972e-13
5.0075319390116401e-13
1.7052736166188585e-12
1.4963935634358354e-12
1.2361943412457885e-13
-9.3672179988938186e-13
1.1216610492430622e-12
6.5783680624593147e-13
-1.6193825916921841e-12
5.1219809111184313e-13
-3.0844489720842571e-12
5.3514917155049713e-13
-1.3290592534137869e-12
