1.3178867252436491e-01
1.5331385736488304e-01
1.7676402807961308e-01
2.0250493489502486e-01
2.3074749152485399e-01
2.6178998495458172e-01
2.9589804043785606e-01
3.3339137649559275e-01
3.7458085851330664e-01
4.1981013536630746e-01
4.6943324833004907e-01
5.2382979985691103e-01
5.8338107624469682e-01
6.4849591132056328e-01
7.1959339430225921e-01
7.9711820389165400e-01
8.8152770516198431e-01
9.7329752140697356e-01
1.0729197483108412e+00
1.1809017143713696e+00
1.2977574211246061e+00
1.4240113651759667e+00
1.5601850768486176e+00
1.7068107228770264e+00
1.8644255962393930e+00
2.0335632083022941e+00
2.2147501831534084e+00
2.4085084600000015e+00
2.6153432593052881e+00
2.8357408699065956e+00
3.0701674205957561e+00
3.3190735156993063e+00
3.5828770255897893e+00
3.8619555892173700e+00
4.1566400174778506e+00
4.4672162410648806e+00
4.7939206655762936e+00
5.1369308005352696e+00
5.4963559444496770e+00
5.8722364264367624e+00
6.2645314114872948e+00
6.6731150329437670e+00
7.0977808696144296e+00
7.5382383175120173e+00
7.9941015501714876e+00
8.4648825489596646e+00
8.9499836343043739e+00
9.4487064420047773e+00
9.9602432164106158e+00
1.0483667660687431e+01
1.1017941578255702e+01
1.1561920375139094e+01
1.2114353700767271e+01
1.2673885531957621e+01
1.3239048451608125e+01
1.3808266317636038e+01
1.4379862689256024e+01
1.4952070278022092e+01
1.5523039296348699e+01
1.6090838338035180e+01
1.6653467435002149e+01
1.7208865613489774e+01
1.7754914221114486e+01
1.8289456428276761e+01
1.8810303255813132e+01
1.9315248116989309e+01
1.9802084861331153e+01
2.0268610805159305e+01
2.0712643407888535e+01
2.1132043996343615e+01
2.1524734067348145e+01
2.1888702589859165e+01
2.2222025695377997e+01
2.2522876089875698e+01
2.2789531508019731e+01
2.3020397526562693e+01
2.3214021963716121e+01
2.3369102130594651e+01
2.3484493539543095e+01
2.3559222508844666e+01
2.3592503502779632e+01
2.3583738396509631e+01
2.3532522982183909e+01
2.3438659218258923e+01
2.3302149445314445e+01
2.3123199493339797e+01
2.2902230047425299e+01
2.2639866840747256e+01
2.2336935276332156e+01
2.1994462372720665e+01
2.1613674146639813e+01
2.1195978824866486e+01
2.0742955197609867e+01
2.0256352916077120e+01
1.9738085253262060e+01
1.9190214373624425e+01
1.8614932556996251e+01
1.8014543848855677e+01
1.7391454896015070e+01
1.6748159806024095e+01
1.6087222762471420e+01
1.5411263118133506e+01
1.4722937859074907e+01
1.4024915162059612e+01
1.3319855532409814e+01
1.2610401723446897e+01
1.1899168796237534e+01
1.1188727207718554e+01
1.0481577182109396e+01
9.7801376944199472e+00
9.0867436937988710e+00
8.4036254660122331e+00
7.7328889719034777e+00
7.0765118287167192e+00
6.4363355033695662e+00
5.8140556707666669e+00
5.2112254046373074e+00
4.6292458006256441e+00
4.0693530329219891e+00
3.5326183732103074e+00
3.0199576125814236e+00
2.5321243355904008e+00
2.0697044521390331e+00
1.6331281759447127e+00
1.2226784724279964e+00
8.3849711964138907e-01
4.8058574518637570e-01
1.4880324328969335e-01
-1.5711879876247406e-01
-4.3756510883426786e-01
-6.9303315016109335e-01
-9.2412315521571797e-01
-1.1315234791665409e+00
-1.3160088465206972e+00
-1.4784363371425839e+00
-1.6197284861336863e+00
-1.7408578615158750e+00
-1.8428339343411433e+00
-1.9267009268692645e+00
-1.9935349846973001e+00
-2.0444228324516125e+00
-2.0804541088751782e+00
-2.1027249123602334e+00
-2.1123300212698486e+00
-2.1103486703970940e+00
-2.0978427520206493e+00
-2.0758451774310331e+00
-2.0453514961983186e+00
-2.0073255188157559e+00
-1.9626992562228631e+00
-1.9123602427870092e+00
-1.8571465333918489e+00
-1.7978558085931520e+00
-1.7352423709508822e+00
-1.6700055612430142e+00
-1.6027889637541386e+00
-1.5341821611091493e+00
-1.4647293181255683e+00
-1.3949313249950179e+00
-1.3252400907318600e+00
-1.2560595811859123e+00
-1.1877484956759765e+00
-1.1206203347584736e+00
-1.0549468851720083e+00
-9.9096632041272648e-01
-9.2888801267346810e-01
-8.6888503750957524e-01
-8.1109169801059178e-01
-7.5560892749599773e-01
-7.0251522146729406e-01
-6.5186646165192763e-01
-6.0368902235825761e-01
-5.5798746664836463e-01
-5.1475434264490483e-01
-4.7396322579269451e-01
-4.3557255339018058e-01
-3.9953564805762665e-01
-3.6579090558793964e-01
-3.3426530375767682e-01
-3.0488252623192080e-01
-2.7755993703704224e-01
-2.5220791691447247e-01
-2.2873218398721376e-01
-2.0704259561396857e-01
-1.8705105816819220e-01
-1.6866229592739865e-01
-1.5178230161361930e-01
-1.3631769864832352e-01
-1.2217628244728214e-01
-1.0927431404180990e-01
-9.7532459240119079e-02
-8.6867110307530096e-02
-7.7194085760376854e-02
-6.8436759074820955e-02
-6.0520238489017907e-02
-5.3372829601495912e-02
-4.6933789841458240e-02
-4.1143132546666315e-02
-3.5947718261656762e-02
-3.1297363944906252e-02
-2.7144696468061551e-02
-2.3450217877970116e-02
-2.0177040193774649e-02
-1.7285748965936307e-02
-1.4736336596115486e-02
-1.2488170323726707e-02
-1.0506458205774578e-02
-8.7659611859841891e-03
-7.2467862442596670e-03
-5.9273701313438138e-03
-4.7815622036997416e-03
-3.7860938710300709e-03
-2.9245960055898682e-03
-2.1750824430303872e-03
-1.5164273154422347e-03
-9.3346652069713557e-04
-4.1742400137136115e-04
3.4924004763745130e-05
4.3068564776564076e-04
7.8245120902846292e-04
1.0988792889326609e-03
1.3879657542932406e-03
1.6568396527338887e-03
1.9106298161164804e-03
2.1520587995521338e-03
2.3884688152767410e-03
2.6343774344325882e-03
2.9031444791273115e-03
3.2011966331093327e-03
3.5332640398073219e-03
3.9067919598925610e-03
4.3349373377523856e-03
4.8263160131499210e-03
5.3896964364185040e-03
6.0367066163831565e-03
6.7787381951403313e-03
7.6248744460609436e-03
8.5981380260905949e-03
9.7232215753648606e-03
1.1029758965867265e-02
1.2547686765424700e-02
1.4312191169925740e-02
1.6363233278415885e-02
1.8750618282537282e-02
2.1525482876113888e-02
2.4760998032191776e-02
2.8535107934389403e-02
3.2956767622894248e-02
3.8144280158132426e-02
4.4245312595345317e-02
5.1418990185606063e-02
5.9886689338491512e-02
6.9872408475906408e-02
8.1699201080940795e-02
9.5668871691709650e-02
1.1234068574157391e-01
