-6.0641708084558046e-13
8.5615832128681370e-13
3.0856891994264248e-13
-2.1129806619316620e-12
1.8758545862244400e-12
-3.2746558500686374e-13
-1.5747237589705445e-12
1.6554347010329806e-12
1.1706101096967902e-12
-2.6886271075203751e-12
1.7685500395778830e-13
6.5706627637228569e-13
-2.3530671515224132e-12
-1.8580048432049281e-12
-3.2723013794654254e-14
-2.2185405102647967e-12
-1.5716031806558689e-12
-1.9138292348807190e-12
-3.8203945547192498e-12
-5.0738837550044091e-12
-3.5803803390252588e-12
-8.6780709722920835e-12
-1.3053369966820066e-11
-1.8375745356662937e-11
-2.3777650506389003e-11
-3.9338524611042905e-11
-5.1561916322891828e-11
-7.4209076812070018e-11
-1.0735906915938260e-10
-1.4914392477522344e-10
-2.0993556377936989e-10
-2.9625553425196479e-10
-4.1530757083454828e-10
-5.7800098311220666e-10
-8.0614643320838976e-10
-1.1154891247455251e-09
-1.5406752618005479e-09
-2.1250639390399186e-09
-2.9187891522144193e-09
-3.9975350835877634e-09
-5.4680631107417285e-09
-7.4517508085914100e-09
-1.0123820017841122e-08
-1.3726778284258290e-08
-1.8549033088638891e-08
-2.4994540734554746e-08
-3.3579695913513856e-08
-4.4982466855920038e-08
-6.0076674732587637e-08
-7.9991586962577016e-08
-1.0618509342318403e-07
-1.4051722289283496e-07
-1.8536631085530005e-07
-2.4375291275972214e-07
-3.1948273897049904e-07
-4.1736960247932326e-07
-5.4341457443412407e-07
-7.0509239068301514e-07
-9.1166471097953747e-07
-1.1745216474620846e-06
-1.5075771052577560e-06
-1.9277228487234361e-06
-2.4552967654933167e-06
-3.1145577649038387e-06
-3.9341781027735587e-06
-4.9476544038717722e-06
-6.1935906848543098e-06
-7.7157839999218352e-06
-9.5629409202244160e-06
-1.1787870290545797e-05
-1.4445870788583103e-05
-1.7592045053816652e-05
-2.1276984919185751e-05
-2.5540377081284796e-05
-3.0401683423346878e-05
-3.5846941011013762e-05
-4.1810457615550116e-05
-4.8149828204991759e-05
-5.4612216693164326e-05
-6.0789483473463843e-05
-6.6059003401487261e-05
-6.9506360884735298e-05
-6.9825121202228568e-05
-6.5188029949849878e-05
-5.3082440253818825e-05
-3.0101616369382507e-05
8.3183822983239526e-06
6.8228451893499696e-05
1.5757732130563515e-04
2.8672073122697683e-04
4.6904914893237595e-04
7.2175756562096755e-04
1.0667848615651464e-03
1.5319543978337554e-03
2.1523523610820568e-03
2.9719852965885609e-03
4.0457641904901994e-03
5.4418681776864167e-03
7.2445474596851290e-03
9.5574316023139209e-03
1.2507416255400623e-02
1.6249208080748926e-02
2.0970614648995717e-02
2.6898672281065093e-02
3.4306710945483494e-02
4.3522460137698241e-02
5.4937303902406004e-02
6.9016795091371985e-02
8.6312539758045662e-02
1.0747556025548448e-01
1.3327124080738520e-01
1.6459595078407857e-01
2.0249542865808121e-01
2.4818499227134611e-01
3.0307161930797499e-01
3.6877791356768219e-01
4.4716793901017271e-01
5.4037486251354017e-01
6.5083029906668710e-01
7.8129519798781721e-01
9.3489204703769446e-01
1.1151381019944271e+00
1.3259792735009959e+00
1.5718242207016240e+00
1.8575781139792702e+00
2.1886754373333290e+00
2.5711111066266996e+00
3.0114690849013592e+00
3.5169475819500513e+00
4.0953798352752289e+00
4.7552493863134071e+00
5.5056986919127526e+00
6.3565298508034394e+00
7.3181961809121878e+00
8.4017833602580723e+00
9.6189788449228306e+00
1.0982028306686660e+01
1.2503677893027678e+01
1.4197101207065145e+01
1.6075810037390529e+01
1.8153548039343821e+01
2.0444166782148535e+01
2.2961483830314066e+01
2.5719122823195153e+01
2.8730335850885254e+01
3.2007808796109245e+01
3.5563450715035074e+01
3.9408168760453911e+01
4.3551630601010110e+01
4.8002016752031494e+01
5.2765765697555096e+01
5.7847315138474407e+01
6.3248843136942384e+01
6.8970013329467193e+01
7.5007728737875510e+01
8.1355899005600023e+01
8.8005226112795938e+01
9.4943013766619643e+01
1.0215300570990236e+02
1.0961525813314115e+02
1.1730605120301426e+02
1.2519784442907377e+02
1.3325928017550186e+02
1.4145523908663873e+02
1.4974695053502018e+02
1.5809216042545495e+02
1.6644535780695003e+02
1.7475806076863591e+02
1.8297916104235401e+02
1.9105532562183299e+02
1.9893145255837516e+02
2.0655117692982344e+02
2.1385742182880583e+02
2.2079298810576174e+02
2.2730117555890735e+02
2.3332642731544462e+02
2.3881498832215408e+02
2.4371556818403528e+02
2.4797999807936603e+02
2.5156387115776326e+02
2.5442715570933717e+02
2.5653477048956830e+02
2.5785711190087409e+02
2.5837052326963328e+02
2.5805769721077763e+02
2.5690800303117493e+02
2.5491773227160166e+02
2.5209025680394933e+02
2.4843609535999096e+02
2.4397288594010706e+02
2.3872526320173398e+02
2.3272464162194720e+02
2.2600890692891676e+02
2.1862201996462395e+02
2.1061353873855893e+02
2.0203806592255549e+02
1.9295463038627781e+02
1.8342601255084625e+02
1.7351802431766328e+02
1.6329875508938471e+02
1.5283779592381345e+02
1.4220545413927806e+02
1.3147197071715584e+02
1.2070675262614323e+02
1.0997763173177530e+02
9.9350161266871410e+01
8.8886959944197642e+01
7.8647112714931723e+01
6.8685635943699324e+01
5.9053013414406507e+01
4.9794808133717055e+01
4.0951353396034925e+01
3.2557525049911177e+01
2.4642595395741381e+01
1.7230167681006431e+01
1.0338188773298590e+01
3.9790363102188131e+00
-1.8403245269410335e+00
-7.1181204721519800e+00
-1.1857492561924090e+01
-1.6066168810894876e+01
-1.9756095019745874e+01
-2.2943031860993685e+01
-2.5646126511751639e+01
-2.7887467054408891e+01
-2.9691627658052685e+01
-3.1085212199603713e+01
-3.2096403500809352e+01
-3.2754524764680482e+01
-3.3089619112792541e+01
-3.3132052374657128e+01
-3.2912143482953411e+01
-3.2459826005071541e+01
-3.1804343512187966e+01
-3.0973980670166728e+01
-2.9995831149440498e+01
-2.8895602707936611e+01
-2.7697459114945612e+01
-2.6423897964431632e+01
-2.5095662881583184e+01
-2.3731688161245540e+01
-2.2349073494186406e+01
-2.0963086137650489e+01
-1.9587187668550982e+01
-1.8233082317873741e+01
-1.6910783818521121e+01
-1.5628697699985405e+01
-1.4393716024239943e+01
-1.3211321671445358e+01
-1.2085699441760871e+01
-1.1019851434040177e+01
-1.0015714383694954e+01
-9.0742768836835150e+00
-8.1956946660754912e+00
-7.3794023806130724e+00
-6.6242205643189385e+00
-5.9284567475401984e+00
-5.2899998818678915e+00
-4.7064075006196218e+00
-4.1749852295647214e+00
-3.6928584530724855e+00
-3.2570361064257187e+00
-2.8644667085723627e+00
-2.5120868711865278e+00
-2.1968626193304117e+00
-1.9158239378449378e+00
-1.6660930167436745e+00
-1.4449067100893691e+00
-1.2496337476313457e+00
-1.0777872490353999e+00
-9.2703308859519118e-01
-7.9519464581933685e-01
-6.8025445625473380e-01
-5.8035324912387776e-01
-4.9378682526282058e-01
-4.1900119234107186e-01
-3.5458633567490372e-01
-2.9926896302980588e-01
-2.5190452216072640e-01
-2.1146875098565818e-01
-1.7704898293969748e-01
-1.4783539490958245e-01
-1.2311235253935641e-01
-1.0224997766749087e-01
-8.4696035768253561e-02
-6.9968217316790163e-02
-5.7646865832115209e-02
-4.7368187346198319e-02
-3.8817960483219463e-02
-3.1725753621506925e-02
-2.5859644915571165e-02
-2.1021432719928179e-02
-1.7042317336323495e-02
-1.3779030290857133e-02
-1.1110383851362692e-02
-8.9342114862020223e-03
-7.1646686313246036e-03
-5.7298631073042384e-03
-4.5697847403541828e-03
-3.6345046938973838e-03
-2.8826164037676892e-03
-2.2798916482407445e-03
-1.7981268610809636e-03
-1.4141570278238319e-03
-1.1090161994661318e-03
-8.6722568382608506e-04
-6.7619292855133429e-04
-5.2570582610146188e-04
-4.0750892042577114e-04
-3.1494962529103712e-04
-2.4268396667678920e-04
-1.8643276323048873e-04
-1.4278030833882877e-04
-1.0900881313181576e-04
-8.2962671025650487e-05
-6.2937627833059844e-05
-4.7590597808963644e-05
-3.5866531152936018e-05
-2.6939313428632841e-05
-2.0164205063975812e-05
-1.5039669829154968e-05
-1.1176839649436523e-05
-8.2752226712707784e-06
-6.1033984528611256e-06
-4.4837343295066598e-06
-3.2803598205948923e-06
-2.3897159851423871e-06
-1.7331370579319538e-06
-1.2510838671386214e-06
-8.9867277255350573e-07
-6.4217163841552800e-07
-4.5633227107074836e-07
-3.2234727322245185e-07
-2.2623672127941712e-07
-1.5766169841069344e-07
-1.0902435168284997e-07
-7.4737551145004764e-08
-5.0730445963110327e-08
-3.4046486047694032e-08
-2.2547569204436209e-08
-1.4690591480555971e-08
-9.3815783264837644e-09
-5.8374628072441267e-09
-3.5036677434070908e-09
-1.9941754615369684e-09
-1.0438601969875687e-09
-4.5635691539211543e-10
-1.1286218966900017e-10
7.3421515753132676e-11
1.6884578464203824e-10
2.0656031914225280e-10
2.0826636609123381e-10
1.9076086756562973e-10
1.7003421455733232e-10
1.4019589351302537e-10
1.1414165263639428e-10
9.4821866572451525e-11
7.4688654421353553e-11
5.7422347560546340e-11
4.5691127195958050e-11
3.4600806068678986e-11
2.5988373335770414e-11
2.1537640876200969e-11
1.3999016540522484e-11
8.8628658059125487e-12
8.6129827140427297e-12
8.6043253270553415e-12
4.4931061563397960e-12
4.1967880294848420e-12
2.2664954914449446e-12
7.6858658070728258e-13
-1.4511204592575884e-12
1.3860450270930506e-12
1.7254609153224663e-13
1.2877843098913339e-12
1.4766387505364565e-12
-1.2882539284218389e-12
2.0236473220083852e-13
2.5890847866532396e-13
-1.0898011861553385e-12
-1.2892787544439782e-12
1.1117153476512614e-12
1.5573419728136092e-12
2.4348740946090843e-12
5.5199436381431169e-13
6.5247787091268244e-13
-7.6743153366366120e-13
9.2600104527254092e-13
4.1393625129033810e-13
-1.7057101393598129e-12
1.8006354971864135e-12
-2.1786746118806032e-12
-2.7383268122321965e-12
1.1139314495472336e-12
2.2358419585989471e-13
-2.5882385444159758e-12
3.5139356738318358e-14
-1.5599333942847678e-12
-2.1812963696501059e-12
1.2995003683259513e-12
3.2007552305721257e-13
-3.9723497562523849e-13
-8.3787238719221824e-13
3.1988551508327985e-13
-3.7039853612394200e-12
3.1574307092065969e-13
1.4878485163962979e-12
-1.4815407216112829e-12
-2.4273501347945142e-12
1.0424580435673765e-12
-1.4640895030881906e-12
3.8331549866778054e-13
-1.0098444278947218e-12
-5.4176391359870209e-13
1.5326298037319901e-12
7.4591205036263850e-13
4.9010896754258775e-13
-3.3010915873217043e-12
1.1581820328900845e-12
1.3738951426894457e-12
-1.3104811653816535e-12
2.2818190265908023e-12
9.8614456088739351e-13
5.0760122015934368e-13
1.1850596124410230e-12
-7.8102172997041221e-13
-1.0426433699303928e-12
1.2887621388791919e-12
3.2816339947860563e-13
-2.2214335568388237e-12
6.2894324938753890e-13
-3.2196042196157908e-13
6.9258532313343535e-13
3.6927975858545629e-13
3.0557217187117103e-13
-2.2210621042174359e-12
-5.3649590173106702e-13
-5.4776489265302116e-13
-9.7644997365933160e-13
4.9651589629815405e-13
3.9186062303634943e-12
-1.1356204798841712e-12
-9.7174963743853374e-14
-3.0032910182128841e-13
1.1942198715227961e-12
-1.4208292285706989e-12
6.0046769578507458e-13
9.7435492560049798e-13
1.7808727510788437e-12
1.1451423084096929e-12
6.0511653714348038e-13
-2.7341143725936206e-12
2.5506137486228237e-13
1.7819397339646909e-12
-7.6689124686231713e-13
1.4783332233908607e-12
2.4199348907204792e-12
-1.5782495961579141e-12
3.1296611468388864e-13
-5.2722803723827665e-13
1.1866253770671840e-12
-4.7684466579554540e-13
1.1586893839155806e-13
-2.0383836839623890e-12
-1.2269027093028469e-12
1.3373630431370000e-12
3.7364312506865367e-13
-1.2643028689192010e-13
1.3627534700022604e-12
1.1879733555608773e-12
-3.1377447685664774e-12
-2.2482597144356723e-14
6.0324513217882951e-13
-1.4009109194590806e-12
1.3537042638792488e-13
8.2036452987587038e-13
1.5521712974027936e-12
-8.4593192638454758e-13
1.0784679324414753e-12
-2.8038543712075866e-13
-3.2007538177329695e-13
-4.7540082461155181e-13
-1.4046326557176989e-13
1.9214620978109992e-12
2.8552572575931284e-12
7.9663480325162564e-13
-2.4636173702886446e-12
5.6739529148755611e-13
1.8024658729431093e-12
-8.8010973693392566e-13
-1.5901345313728747e-12
7.6457657041259940e-13
-1.5077004716385016e-12
-1.8266999927348709e-12
-8.6681901703696507e-13
-1.1523766882877511e-12
-7.2649528146834103e-13
1.3885291953283760e-12
1.8737609120153562e-14
-2.4121305425491929e-12
1.0888854236382145e-12
-1.5492656303347414e-12
-1.3262284573215030e-12
1.3402087896306013e-12
1.9241073824324267e-12
-1.0742717159682940e-12
1.6403499850745836e-12
8.1769543312172406e-13
-9.7331056166397762e-13
6.9101370206298594e-13
1.0225446522350223e-12
-4.2164810195220253e-13
