-4.5371682292110183e-01
-5.3092410504608833e-01
-6.1584998171175875e-01
-7.0996399934536880e-01
-8.1422928064606648e-01
-9.2996798250625456e-01
-1.0584181120674336e+00
-1.2010224255902304e+00
-1.3592506954070844e+00
-1.5347497083733037e+00
-1.7292371559010067e+00
-1.9445952282332206e+00
-2.1828002734395686e+00
-2.4459835099877147e+00
-2.7363966759465321e+00
-3.0564628849289712e+00
-3.4087379387386409e+00
-3.7959397049572927e+00
-4.2209330357895594e+00
-4.6867607324215879e+00
-5.1966112768739130e+00
-5.7538360449992982e+00
-6.3619350446711520e+00
-7.0245684627559806e+00
-7.7455437051949918e+00
-8.5288268510978558e+00
-9.3785156319164482e+00
-1.0298835278589587e+01
-1.1294124050585546e+01
-1.2368834001271193e+01
-1.3527496874445371e+01
-1.4774723122295452e+01
-1.6115176847964563e+01
-1.7553561038186189e+01
-1.9094593878657925e+01
-2.0742978649664366e+01
-2.2503374704156894e+01
-2.4380382696582735e+01
-2.6378499855144405e+01
-2.8502083049161971e+01
-3.0755314861163207e+01
-3.3142172760007512e+01
-3.5666379872281404e+01
-3.8331379733851364e+01
-4.1140289157289246e+01
-4.4095852936884441e+01
-4.7200401401643376e+01
-5.0455814146047530e+01
-5.3863476063181231e+01
-5.7424231497130172e+01
-6.1138338534583688e+01
-6.5005441533735421e+01
-6.9024522225747006e+01
-7.3193868031930762e+01
-7.7511044110588585e+01
-8.1972854940774766e+01
-8.6575313550223257e+01
-9.1313631135297356e+01
-9.6182193272268165e+01
-1.0117454026311331e+02
-1.0628336011217627e+02
-1.1150049679975764e+02
-1.1681694334681879e+02
-1.2222284463135139e+02
-1.2770750661144643e+02
-1.3325942217615790e+02
-1.3886630472396962e+02
-1.4451511679518546e+02
-1.5019210362356930e+02
-1.5588284651009317e+02
-1.6157231389906454e+02
-1.6724491451121622e+02
-1.7288456976844824e+02
-1.7847479216682930e+02
-1.8399875273941552e+02
-1.8943936084895927e+02
-1.9477934253301538e+02
-2.0000133558194048e+02
-2.0508798629501899e+02
-2.1002203273832137e+02
-2.1478640250972677e+02
-2.1936431944526888e+02
-2.2373940169670655e+02
-2.2789575859536308e+02
-2.3181808075595649e+02
-2.3549172836806724e+02
-2.3890282408212269e+02
-2.4203834562777106e+02
-2.4488621273037634e+02
-2.4743536017176493e+02
-2.4967580550711199e+02
-2.5159872318125471e+02
-2.5319649298787573e+02
-2.5446275231694389e+02
-2.5539243883263120e+02
-2.5598181933868267e+02
-2.5622852493421289e+02
-2.5613156343040043e+02
-2.5569131629883412e+02
-2.5490954632668070e+02
-2.5378939201538429e+02
-2.5233533976830361e+02
-2.5055319068184369e+02
-2.4845003244481362e+02
-2.4603418034161874e+02
-2.4331512533081366e+02
-2.4030347413156397e+02
-2.3701087731987462e+02
-2.3344995622766805e+02
-2.2963421953918342e+02
-2.2557797773000738e+02
-2.2129626142674206e+02
-2.1680472353810330e+02
-2.1211955143076557e+02
-2.0725736487350116e+02
-2.0223511007468394e+02
-1.9706996659227732e+02
-1.9177925691934530e+02
-1.8638034698569976e+02
-1.8089055873823182e+02
-1.7532707384866646e+02
-1.6970685273200851e+02
-1.6404654407311565e+02
-1.5836240693060140e+02
-1.5267024512411902e+02
-1.4698533603361412e+02
-1.4132236867340131e+02
-1.3569539401137573e+02
-1.3011776360780647e+02
-1.2460209336941382e+02
-1.1916023434460172e+02
-1.1380324433600559e+02
-1.0854135362558875e+02
-1.0338395684343817e+02
-9.8339596862968250e+01
-9.3415956053623390e+01
-8.8619865081679023e+01
-8.3957308831017158e+01
-7.9433435913863946e+01
-7.5052577298616370e+01
-7.0818263300877078e+01
-6.6733258196732677e+01
-6.2799585581215112e+01
-5.9018562686571052e+01
-5.5390837291451376e+01
-5.1916416131055286e+01
-4.8594700356433698e+01
-4.5424537265723615e+01
-4.2404258518906374e+01
-3.9531726739385746e+01
-3.6804374211384115e+01
-3.4219245571591458e+01
-3.1773041555484909e+01
-2.9462153151096498e+01
-2.7282706642364424e+01
-2.5230605315538828e+01
-2.3301560271819117e+01
-2.1491137819258707e+01
-1.9794786754791517e+01
-1.8207865430871816e+01
-1.6725681179750257e+01
-1.5343525006583976e+01
-1.4056686897460434e+01
-1.2860479741611583e+01
-1.1750269721314258e+01
-1.0721486921964571e+01
-9.7696425265397515e+00
-8.8903475180660951e+00
-8.0793212979765432e+00
-7.3324130253737261e+00
-6.6456036724988783e+00
-6.0150135681011632e+00
-5.4369160134406238e+00
-4.9077449711974044e+00
-4.4240951789230616e+00
-3.9827226252023742e+00
-3.5805374278085762e+00
-3.2146049531748955e+00
-2.8821495553293821e+00
-2.5805595080963548e+00
-2.3073807846440091e+00
-2.0603047767432510e+00
-1.8371702163429737e+00
-1.6359636226802441e+00
-1.4548027322480874e+00
-1.2919336507650170e+00
-1.1457209778856168e+00
-1.0146500019182125e+00
-8.9732750925402927e-01
-7.9246793139649607e-01
-6.9888337217479468e-01
-6.1548586893326940e-01
-5.4127690884647151e-01
-4.7533967274094019e-01
-4.1683760656627289e-01
-3.6501726732893269e-01
-3.1919327307345524e-01
-2.7873910816655301e-01
-2.4307875919039090e-01
-2.1169196866740103e-01
-1.8411366907874802e-01
-1.5992163296587791e-01
-1.3872885607156304e-01
-1.2019321157754354e-01
-1.0401005268281623e-01
-8.9903227507523845e-02
-7.7629478467258414e-02
-6.6975262820544668e-02
-5.7743183600484492e-02
-4.9761395122018881e-02
-4.2877866667940870e-02
-3.6957953329685884e-02
-3.1878642370364897e-02
-2.7533898030185713e-02
-2.3835921772954634e-02
-2.0707258439130259e-02
-1.8075370376046427e-02
-1.5882076946257505e-02
-1.4071478101367935e-02
-1.2599522777223352e-02
-1.1433200762063484e-02
-1.0545236816034434e-02
-9.9033230159033519e-03
-9.4849466772934654e-03
-9.2725821400473033e-03
-9.2499208005370082e-03
-9.4036376862536922e-03
-9.7314137810097529e-03
-1.0232391830615877e-02
-1.0920166710836106e-02
-1.1802774932667648e-02
-1.2899832896454905e-02
-1.4237430872339323e-02
-1.5851544209993729e-02
-1.7770438361143462e-02
-2.0035561815789617e-02
-2.2688675673149316e-02
-2.5790456344469331e-02
-2.9411369246424946e-02
-3.3648782120845926e-02
-3.8598463675131936e-02
-4.4386364487644284e-02
-5.1152466477480257e-02
-5.9083863342595591e-02
-6.8373423162861269e-02
-7.9276264311923236e-02
-9.2076414502902743e-02
-1.0715192541947359e-01
-1.2491366314766347e-01
-1.4590655423200927e-01
-1.7071002352812206e-01
-2.0011121370090940e-01
-2.3493786577747749e-01
-2.7638331530669324e-01
-3.2557040002911414e-01
-3.8453618600055217e-01
