9.1633045141259290e-13
5.3830488257256257e-13
-1.5581658209833447e-12
1.8367793621332329e-12
-1.8561987761083439e-12
-8.5180771914517845e-13
2.0613734705081501e-12
2.7153410681786348e-13
-7.3587812687984511e-13
4.1707872871397470e-14
-2.0251933116677522e-13
8.0620812079518044e-14
8.9100333302096920e-13
1.5228367097586335e-12
-2.4360818133167897e-12
1.2995098096158846e-12
-1.6645721668940663e-12
1.7380929401012938e-13
7.7422022356945387e-13
1.2543561462472212e-12
7.1970415146946881e-13
2.4017377375001179e-13
-4.2707490393097954e-13
3.0641835189102629e-13
-2.4159325289195146e-12
9.3482127709435263e-13
-1.5232111298571285e-13
1.8497857617944403e-12
5.8987967630707635e-13
4.2977520940061995e-13
2.4888820787159436e-14
8.0772215891407799e-13
-2.1482058895221753e-12
-5.6682257047869648e-13
5.8079584717265995e-13
2.6019334402183525e-14
-3.5915902999073288e-13
-6.1281138060874881e-13
-1.0667012169056025e-13
-1.1636089413227509e-12
-9.8382427410062585e-13
-3.0728716834514047e-12
-1.4810840876770158e-12
2.5797402248689839e-13
-1.1071653377016020e-12
-5.2905019854682811e-13
1.9097249239249024e-12
-1.8675416671984352e-12
-5.2713464527878240e-13
-1.7681587877379494e-12
8.3502756032909491e-13
-1.1217073099837963e-13
-4.9851499285148194e-13
-1.8300420707699746e-12
-2.6575228560206469e-13
-2.6096404319884286e-12
-2.2357317388841046e-12
-4.6018202855155469e-12
-5.5444825042624250e-12
-6.0959541418547453e-12
-1.0564130312235874e-11
-1.1759744705550349e-11
-1.4867917287260245e-11
-2.3008533143655827e-11
-2.8075163219346050e-11
-3.7082449886288355e-11
-4.5950389398048383e-11
-5.5725863807389671e-11
-6.6078788905087744e-11
-7.3972263396217922e-11
-7.6288662750991377e-11
-6.8873967950169483e-11
-4.2195774120227345e-11
1.3192166333595257e-11
1.2611373340542657e-10
3.2351846453822231e-10
6.4929953436834164e-10
1.1740827338741944e-09
1.9988307884922096e-09
3.2603957397652909e-09
5.1657916394441872e-09
7.9962882996383601e-09
1.2151499434891227e-08
1.8186670855620472e-08
2.6856393675550246e-08
3.9196446176010898e-08
5.6617510659675917e-08
8.1012027666939108e-08
1.1490362813668881e-07
1.6165143713872228e-07
2.2567582108281325e-07
3.1276103053591720e-07
4.3041721252492216e-07
5.8832537772274483e-07
7.9886479314169704e-07
1.0777459042689769e-06
1.4447280552417713e-06
1.9244454137958197e-06
2.5473135492425420e-06
3.3504942494536786e-06
4.3788618803920902e-06
5.6858905561592626e-06
7.3343781361875847e-06
9.3967196192249502e-06
1.1954624673315659e-05
1.5097779428586759e-05
1.8921045457344737e-05
2.3519517740571772e-05
2.8980598408152386e-05
3.5371903809398874e-05
4.2723661699015355e-05
5.1003677761919836e-05
6.0082613394063351e-05
6.9686715150777447e-05
7.9334486048762283e-05
8.8253012210142494e-05
9.5268837117351861e-05
9.8667252485782277e-05
9.6012838400201316e-05
8.3922903882007572e-05
5.7784288425712907e-05
1.1402652044149797e-05
-6.3427700084599261e-05
-1.7744664143846972e-04
-3.4455777254537593e-04
-5.8257931327546433e-04
-9.1413110969077122e-04
-1.3676720222069246e-03
-1.9787004367639864e-03
-2.7911281312354179e-03
-3.8588337030205175e-03
-5.2473959118467962e-03
-7.0359993586157415e-03
-9.3194944313239499e-03
-1.2210579931546067e-02
-1.5842059973427757e-02
-2.0369106110810255e-02
-2.5971430903438342e-02
-3.2855249833098975e-02
-4.1254874791210143e-02
-5.1433743695989222e-02
-6.3684647802038030e-02
-7.8328870988683880e-02
-9.5713904510296571e-02
-1.1620934732322727e-01
-1.4020054757292746e-01
-1.6807948694193484e-01
-2.0023235843957404e-01
-2.3702324297527225e-01
-2.7877325360020594e-01
-3.2573449278144218e-01
-3.7805816140674015e-01
-4.3575617359964391e-01
-4.9865567318624981e-01
-5.6634592169774167e-01
-6.3811713884546006e-01
-7.1289102955753814e-01
-7.8914293164089666e-01
-8.6481576858694376e-01
-9.3722629531854873e-01
-1.0029644829042983e+00
-1.0577872996069086e+00
-1.0965086084839339e+00
-1.1128874097410983e+00
-1.0995172017851702e+00
-1.0477198060784116e+00
-9.4744758358593140e-01
-7.8719854592572991e-01
-5.5394941104910067e-01
-2.3311214643079364e-01
1.9148004498474730e-01
7.3755103978698489e-01
1.4243179945592905e+00
2.2723790313055439e+00
3.3035462273339307e+00
4.5406181833283084e+00
6.0070871572146025e+00
7.7267767456329990e+00
9.7234073829436607e+00
1.2020088514782143e+01
1.4638738185063255e+01
1.7599432935189796e+01
2.0919693323950376e+01
2.4613712994061935e+01
2.8691541980705633e+01
3.3158237809626002e+01
3.8013000785204611e+01
4.3248312628824443e+01
4.8849100191414429e+01
5.4791948221392381e+01
6.1044387006488400e+01
6.7564282011551612e+01
7.4299353295357434e+01
8.1186852408048594e+01
8.8153423560771259e+01
9.5115174053893398e+01
1.0197797620611773e+02
1.0863801932816335e+02
1.1498262564711595e+02
1.2089133856074568e+02
1.2623728527029779e+02
1.3088880882686507e+02
1.3471135708699742e+02
1.3756960819678258e+02
1.3932980422750529e+02
1.3986225671165235e+02
1.3904398033177023e+02
1.3676140416218885e+02
1.3291310391947329e+02
1.2741249389514098e+02
1.2019041385770574e+02
1.1119754442299447e+02
1.0040658436539169e+02
8.7814125192418913e+01
7.3442162090350237e+01
5.7339186066682409e+01
3.9580809699785569e+01
2.0269888224282855e+01
-4.6389146450782043e-01
-2.2464969170096861e+01
-4.5553419300855779e+01
-6.9526996795370607e+01
-9.4163695613586654e+01
-1.1922478061154533e+02
-1.4445824050940533e+02
-1.6960259759159078e+02
-1.9439099913868100e+02
-2.1855550674265208e+02
-2.4183149290928480e+02
-2.6396204995183922e+02
-2.8470231430441930e+02
-3.0382361012889140e+02
-3.2111731946834641e+02
-3.3639839214100510e+02
-3.4950841691461494e+02
-3.6031818601785125e+02
-3.6872969742549429e+02
-3.7467755323100283e+02
-3.7812972737888020e+02
-3.7908769162030995e+02
-3.7758590431412506e+02
-3.7369068215184319e+02
-3.6749848958880489e+02
-3.5913369428971436e+02
-3.4874584886868104e+02
-3.3650656929905062e+02
-3.2260608833312403e+02
-3.0724956792479725e+02
-2.9065325788753205e+02
-2.7304058882332941e+02
-2.5463828578139191e+02
-2.3567258527738173e+02
-2.1636563242243918e+02
-1.9693212722921169e+02
-1.7757627998074955e+02
-1.5848912520293700e+02
-1.3984623262828839e+02
-1.2180584194363716e+02
-1.0450743643722396e+02
-8.8070759245214461e+01
-7.2595265061081051e+01
-5.8159990192409943e+01
-4.4823814965864180e+01
-3.2626084877379526e+01
-2.1587550696962133e+01
-1.1711583045038781e+01
-2.9856137891850412e+00
4.6172450563034593e+00
1.1136454476816793e+01
1.6622222102512541e+01
2.1133642520954599e+01
2.4736847120689699e+01
2.7503202185619923e+01
2.9507589172887837e+01
3.0826795872458803e+01
3.1538041658161731e+01
3.1717654479778368e+01
3.1439911781366355e+01
3.0776052309981690e+01
2.9793460926876605e+01
2.8555024150401042e+01
2.7118650322214041e+01
2.5536945046102154e+01
2.3857029927758987e+01
2.2120490648612517e+01
2.0363439020687224e+01
1.8616672859634686e+01
1.6905917232244942e+01
1.5252130825063414e+01
1.3671861776857716e+01
1.2177638249763671e+01
1.0778380211136984e+01
9.4798202898180115e+00
8.2849230904984470e+00
7.1942939359628708e+00
6.2065696044361349e+00
5.3187851897242640e+00
4.5267126962066877e+00
3.8251683567496144e+00
3.2082869059771384e+00
2.6697621383646410e+00
2.2030540207304790e+00
1.8015634101355238e+00
1.4587760530199896e+00
1.1683780173459888e+00
9.2434504680147034e-01
7.2100853867633197e-01
5.5310094928005682e-01
4.1578343905903581e-01
3.0465849980556203e-01
2.1577017474279239e-01
1.4559430318622452e-01
9.1021009446669757e-02
4.9331422561337712e-02
1.8170370156537517e-02
-4.4834544093756614e-03
-2.0348590312957934e-02
-3.0872137235499569e-02
-3.7260486422449758e-02
-4.0508817651367011e-02
-4.1428893462816370e-02
-4.0674828128877481e-02
-3.8766633584334902e-02
-3.6111447833748422e-02
-3.3022435282388095e-02
-2.9735413994018550e-02
-2.6423314516164989e-02
-2.3208610278392869e-02
-2.0173882882172055e-02
-1.7370698739973833e-02
-1.4826978596414825e-02
-1.2553039763107043e-02
-1.0546484469151388e-02
-8.7960976530759693e-03
-7.2849048721713647e-03
-5.9925271327550657e-03
-4.8969547535533502e-03
-3.9758475949801322e-03
-3.2074548911582490e-03
-2.5712343386681364e-03
-2.0482377152491126e-03
-1.6213189966641950e-03
-1.2752109253431657e-03
-9.9650718117442962e-04
-7.7357967174990834e-04
-5.9645407098380646e-04
-4.5666124964654825e-04
-3.4707780409815606e-04
-2.6176530074709461e-04
-1.9581485779526314e-04
-1.4520146010013553e-04
-1.0665069517343157e-04
-7.7519171209028333e-05
-5.5688990673008891e-05
-3.9475979532215035e-05
-2.7550866586620882e-05
-1.8872392761012148e-05
-1.2631129479753396e-05
-8.2027718713055415e-06
-5.1096699489622381e-06
-2.9894359364056365e-06
-1.5695592118922221e-06
-6.4701557314404586e-07
-7.2073177114164960e-08
2.6447673425054441e-07
4.4132966587546128e-07
5.1440241286855718e-07
5.2280016582884107e-07
4.9334503838064147e-07
4.4401368185668650e-07
3.8648260076541678e-07
3.2801945728386407e-07
2.7287879109071638e-07
2.2329287700691490e-07
1.8016751724108990e-07
1.4360640492475913e-07
1.1323022587951572e-07
8.8405759797654848e-08
6.8404825523718324e-08
5.2489988733288570e-08
3.9959975004259878e-08
3.0197401637749007e-08
2.2658526302960748e-08
1.6883099184965547e-08
1.2494965633529952e-08
9.1901819538958048e-09
6.7158132140693194e-09
4.8745518754320245e-09
3.5161460231547566e-09
2.5227830353357706e-09
1.7959582610966318e-09
1.2725737362106021e-09
8.9418350639379252e-10
6.2483647652936741e-10
4.3320231682717124e-10
2.9775085550584123e-10
2.0213374127160197e-10
1.3887856467913859e-10
9.5675562679450818e-11
5.9789812260804233e-11
4.0594795116294758e-11
2.5422225475877394e-11
1.6783940535449826e-11
7.3437046829596127e-12
7.4120636173437341e-12
3.2742773728929013e-12
2.4976996290053090e-12
9.0698900872940945e-13
1.8760423367881225e-12
-5.0475625485670980e-13
5.7320104371718441e-13
3.0553128455925428e-13
-2.0517089393182263e-12
1.5707590673126496e-12
5.7681275519240780e-13
-1.1153012033005098e-12
2.8840521929417503e-12
1.0401271424386167e-12
-2.4380656614277703e-13
5.0403819113481357e-13
2.1871219660482437e-12
-1.7740144002313500e-12
-3.8961438105838894e-13
1.1829370877965585e-13
1.2355526419512421e-12
-9.1839997391757539e-13
-2.0901201201164192e-13
-4.0123398162733019e-13
-9.2712636198416992e-13
-1.7225604021668747e-13
-1.5645432118032530e-12
-1.9137078401962990e-13
2.6578722752731832e-12
5.3264358599704816e-13
1.4674237434370198e-13
2.2408301041516768e-12
-7.2708370535050289e-14
1.3432637184379611e-12
-2.7719528741464634e-13
3.7269383290639680e-13
-8.8570289258436096e-13
3.2942688343333466e-12
6.0502918265131139e-14
-8.9679025057159806e-13
3.0732494085436927e-13
1.9382772296423796e-12
3.5704096907863629e-13
-1.4744501056430448e-12
3.0854104880728264e-12
4.9363207018501222e-13
-3.6634493623918838e-13
1.2830831240185221e-14
1.3696813330886149e-12
-8.7557152801964276e-13
7.2578360992509270e-13
-3.8226719112746990e-13
-3.5691185460075569e-13
2.0196497254218569e-12
5.2774471300353734e-13
-9.5559146543728625e-13
3.4118699014534906e-14
-2.1053811108461753e-13
-1.0337599722250593e-12
-1.1751745837270553e-12
-2.4193683508375703e-13
-1.4695645037318449e-12
-9.1410896337322953e-13
2.7485057191861440e-13
1.6108799670926290e-13
-2.4647243709367791e-12
5.4321769055086834e-13
3.7690419337422033e-13
-5.9812107947008332e-13
-7.2967411658142325e-13
9.5498337219283634e-13
-1.5645542376621812e-12
1.0832299469851783e-12
-1.5068229461820361e-13
-6.1943558130546453e-13
9.5384446919698960e-13
-1.3397165184781446e-13
1.0172490162864113e-12
-2.1351232217255665e-12
1.5125536708455798e-12
-9.4677140749234109e-13
-1.9574127390211977e-13
1.1838908068343100e-12
5.5329030931887454e-13
-1.3142585348188662e-12
-3.1793161835042119e-13
2.3613626813520680e-12
-1.4573007443832335e-12
1.3464133170221084e-12
7.5286682852880075e-13
8.2706110116984668e-13
1.3353622863970279e-12
2.4431239747190733e-12
-2.0807285489996690e-12
-1.5631607496086856e-12
1.1555238621476151e-12
-1.0877160693129783e-12
-6.0750321962230358e-13
1.1657001383495382e-12
1.0630977663724984e-12
1.6864307507293425e-13
1.1388849396012600e-12
-1.5508049186703962e-13
-8.9593440340722936e-13
-1.4050561336632923e-13
5.7173762852834969e-13
-1.4742192765145495e-12
-1.3087511527027782e-12
