-3.4177981502144679e-14
-2.5671258389017608e-14
0.0000000000000000e+00
-8.5821536996629656e-15
0.0000000000000000e+00
-1.7214135759824425e-14
-1.7238933797020981e-14
-4.3159134550586208e-15
-2.1610369239551658e-14
-1.2984643555757396e-14
0.0000000000000000e+00
-1.3021308773056729e-14
-2.1732585544231160e-14
-2.6115466819858449e-14
-1.3075854699168734e-14
1.5276234016107456e-14
8.7412757351493194e-15
1.9694775859075327e-14
1.3147725459932198e-14
1.0971281620136647e-14
3.0761004647346424e-14
6.6004872134296704e-15
1.1015498157454775e-15
2.0957249335912507e-14
6.6268265849236512e-15
2.4330321688347626e-14
1.2181080379601262e-14
1.2196940391225304e-14
2.2204982895328981e-15
-2.8903681648432697e-14
1.6696582392530305e-14
1.8946931923016403e-14
2.5387630014281257e-14
2.8771726140730298e-14
4.3071944417817840e-14
8.7371653241797830e-14
9.1686005768957773e-14
6.1199556434707846e-14
8.3760963384383771e-14
1.2382514174802828e-13
1.6342257425507862e-13
2.2229787253709977e-13
3.1859603197329968e-13
4.8525258662393683e-13
7.0326437574819423e-13
9.9548592622975171e-13
1.4847696501456221e-12
2.1729367919056168e-12
3.1289376268091761e-12
4.5302476982836975e-12
6.5254955071583764e-12
9.4032590875156154e-12
1.3508266239965955e-11
1.9343533528432911e-11
2.7666313946919818e-11
3.9500946870124401e-11
5.6227542347912623e-11
7.9921796507994591e-11
1.1334719492011256e-10
1.6041477251359986e-10
2.2653738550460329e-10
3.1924704379957712e-10
4.4895702987583882e-10
6.3004100520690843e-10
8.8231169730811384e-10
1.2329962794006522e-09
1.7194500201869451e-09
2.3927870518607592e-09
3.3228223731147791e-09
4.6046719389326909e-09
6.3676777722184519e-09
8.7872457580197999e-09
1.2100772583616504e-08
1.6628875013140498e-08
2.2803508363879957e-08
3.1205393980396144e-08
4.2613369983513693e-08
5.8069871668754116e-08
7.8966903441603804e-08
1.0715886052026390e-07
1.4511078265485831e-07
1.9609212571598791e-07
2.6442919967983261e-07
3.5583403377344494e-07
4.7783102594144673e-07
6.4030951708738589e-07
8.5623773974668702e-07
1.1425824922386213e-06
1.5214914970090471e-06
2.0218096893371790e-06
2.6810185077405971e-06
3.5477100448321056e-06
4.6847368481437416e-06
6.1732101839564000e-06
8.1175636490460436e-06
1.0651950020157030e-05
1.3948301112407738e-05
1.8226458249115454e-05
2.3766872331713011e-05
3.0926484683970132e-05
4.0158534816386399e-05
5.2037202054450797e-05
6.7288181607456216e-05
8.6826525767180889e-05
1.1180335399389500e-04
1.4366335925860362e-04
1.8421541939906718e-04
2.3571906936337004e-04
3.0099011510411689e-04
3.8352927986804890e-04
4.8767848223031895e-04
6.1881016497685045e-04
7.8355603724187932e-04
9.9008267245175962e-04
1.2484226384755915e-03
1.5708712363925491e-03
1.9724605070101831e-03
2.4715239425784092e-03
3.0903673317477271e-03
3.8560633766862801e-03
4.8013901680208203e-03
5.9659362886499779e-03
7.3973982489000658e-03
9.1530991296583774e-03
1.1301760721772533e-02
1.3925565083485501e-02
1.7122545272351852e-02
2.1009349008386045e-02
2.5724423149727737e-02
3.1431671050112887e-02
3.8324639049338111e-02
4.6631292430977030e-02
5.6619445063132282e-02
6.8602910486841168e-02
8.2948445291514822e-02
1.0008355804417352e-01
1.2050525863552405e-01
1.4478982345621019e-01
1.7360365109444739e-01
2.0771528099719760e-01
2.4800864350136101e-01
2.9549760353380816e-01
3.5134185181749883e-01
4.1686418631084898e-01
4.9356921256358161e-01
5.8316347441962002e-01
6.8757700577934500e-01
8.0898626972740473e-01
9.4983842305699073e-01
1.1128768119480974e+00
1.3011675682311903e+00
1.5181271353063950e+00
1.7675505085158736e+00
2.0536399268069316e+00
2.3810337012284983e+00
2.7548348116575077e+00
3.1806388467852624e+00
3.6645608045904297e+00
4.2132602122271763e+00
4.8339639665678034e+00
5.5344862408221731e+00
6.3232447501276283e+00
7.2092726213169458e+00
8.2022250709129807e+00
9.3123800625459445e+00
1.0550632092296242e+01
1.1928478239825015e+01
1.3457995626447303e+01
1.5151809440366867e+01
1.7023050725853100e+01
1.9085303188770474e+01
2.1352538346921808e+01
2.3839038451202295e+01
2.6559306723314830e+01
2.9527964598088904e+01
3.2759635823139824e+01
3.6268817455055476e+01
4.0069737998300702e+01
4.4176203158789228e+01
4.8601429926181765e+01
5.3357869954397394e+01
5.8457023474920327e+01
6.3909245248008979e+01
6.9723544328066723e+01
7.5907379685929357e+01
8.2466453986956722e+01
8.9404508063563910e+01
9.6723118837969494e+01
1.0442150363917520e+02
1.1249633401130711e+02
1.2094156222244447e+02
1.2974826374834205e+02
1.3890449901896810e+02
1.4839519767322201e+02
1.5820206846511516e+02
1.6830353780070880e+02
1.7867471965795463e+02
1.8928741935132669e+02
2.0011017325117899e+02
2.1110832615693607e+02
2.2224414755782519e+02
2.3347698750059428e+02
2.4476347222765955e+02
2.5605773915979859e+02
2.6731171018445070e+02
2.7847540158451181e+02
2.8949726831464443e+02
3.0032457971457893e+02
3.1090382315400331e+02
3.2118113154383514e+02
3.3110273013610316e+02
3.4061539758099963e+02
3.4966693582570787e+02
3.5820664313510224e+02
3.6618578429770798e+02
3.7355805195815634e+02
3.8028001299470964e+02
3.8631153394023085e+02
3.9161617962810419e+02
3.9616157952977198e+02
3.9991975663427434e+02
4.0286741419683744e+02
4.0498617624549036e+02
4.0626277837233596e+02
4.0668920603819521e+02
4.0626277837314694e+02
4.0498617624710744e+02
4.0286741419925050e+02
3.9991975663746820e+02
3.9616157953372681e+02
3.9161617963279576e+02
3.8631153394563034e+02
3.8028001300078427e+02
3.7355805196486961e+02
3.6618578430501987e+02
3.5820664314296999e+02
3.4966693583408630e+02
3.4061539758984122e+02
3.3110273014535903e+02
3.2118113155345492e+02
3.1090382316393590e+02
3.0032457972477300e+02
2.8949726832504899e+02
2.7847540159507611e+02
2.6731171019512510e+02
2.5605773917053472e+02
2.4476347223841077e+02
2.3347698751131588e+02
2.2224414756847472e+02
2.1110832616747345e+02
2.0011017326156690e+02
1.8928741936153074e+02
1.7867471966794324e+02
1.6830353781045363e+02
1.5820206847459087e+02
1.4839519768240655e+02
1.3890449902784246e+02
1.2974826375689034e+02
1.2094156223065401e+02
1.1249633401916788e+02
1.0442150364668014e+02
9.6723118845114200e+01
8.9404508070346452e+01
8.2466453993377471e+01
7.5907379691990911e+01
6.9723544333773603e+01
6.3909245253367502e+01
5.8457023479938321e+01
5.3357869959084120e+01
4.8601429930547674e+01
4.4176203162845709e+01
4.0069738002060035e+01
3.6268817458530556e+01
3.2759635826343974e+01
2.9527964601035819e+01
2.6559306726018367e+01
2.3839038453676419e+01
2.1352538349180417e+01
1.9085303190827208e+01
1.7023050727721433e+01
1.5151809442059934e+01
1.3457995627977757e+01
1.1928478241205157e+01
1.0550632093537869e+01
9.3123800636602461e+00
8.2022250719106964e+00
7.2092726222081218e+00
6.3232447509217815e+00
5.5344862415281995e+00
4.8339639671939523e+00
4.2132602127812868e+00
3.6645608050795522e+00
3.1806388472160152e+00
2.7548348120359960e+00
2.3810337015602592e+00
2.0536399270970414e+00
1.7675505087689865e+00
1.5181271355267270e+00
1.3011675684225559e+00
1.1128768121138888e+00
9.4983842320029732e-01
8.0898626985102451e-01
6.8757700588568049e-01
5.8316347451089789e-01
4.9356921264177833e-01
4.1686418637767347e-01
3.5134185187447359e-01
2.9549760358224803e-01
2.4800864354248134e-01
2.0771528103202994e-01
1.7360365112385437e-01
1.4478982348101135e-01
1.2050525865637547e-01
1.0008355806168115e-01
8.2948445306099614e-02
6.8602910499016498e-02
5.6619445073229399e-02
4.6631292439392701e-02
3.8324639056279940e-02
3.1431671055837072e-02
2.5724423154451621e-02
2.1009349012253261e-02
1.7122545275485769e-02
1.3925565086019503e-02
1.1301760723807286e-02
9.1530991313133574e-03
7.3973982502029759e-03
5.9659362896849547e-03
4.8013901688185841e-03
3.8560633773135258e-03
3.0903673322172447e-03
2.4715239429172840e-03
1.9724605072351550e-03
1.5708712365842649e-03
1.2484226386038637e-03
9.9008267252234943e-04
7.8355603728623359e-04
6.1881016504333275e-04
4.8767848225129149e-04
3.8352927988500837e-04
3.0099011508015098e-04
2.3571906934059149e-04
1.8421541939556284e-04
1.4366335923586047e-04
1.1180335397796734e-04
8.6826525726427898e-05
6.7288181572358152e-05
5.2037202012599780e-05
4.0158534762180478e-05
3.0926484668106608e-05
2.3766872330552390e-05
1.8226458222079636e-05
1.3948301085394619e-05
1.0651949993166771e-05
8.1175636097518955e-06
6.1732100919636083e-06
4.6847367943022786e-06
3.5477099652940868e-06
2.6810184349909045e-06
2.0218096490624911e-06
1.5214914054199223e-06
1.1425823940313876e-06
8.5623762269386721e-07
6.4030941905857403e-07
4.7783088905645308e-07
3.5583393707073060e-07
2.6442912583902070e-07
1.9609202091371352e-07
1.4511071285269822e-07
1.0715877862398996e-07
7.8966858738316357e-08
5.8069832036008286e-08
4.2613324895344176e-08
3.1205365028246862e-08
2.2803492774677802e-08
1.6628879940239242e-08
1.2100772697648321e-08
8.7872301354003789e-09
6.3676568980570364e-09
4.6046513770449938e-09
3.3227629816964720e-09
2.3927464629376298e-09
1.7194118794667382e-09
1.2329658783748463e-09
8.8228460353197084e-10
6.3001323959780332e-10
4.4892929379355701e-10
3.1921010192714782e-10
2.2650970892882538e-10
1.6040786086429871e-10
1.1334719492011256e-10
7.9910302261243740e-11
5.6227542347912623e-11
3.9478009208623839e-11
2.7645693091804105e-11
1.9322935823539879e-11
1.3469403399201117e-11
9.3781411054945687e-12
6.5186529742952252e-12
4.5108827973858304e-12
3.1312132178104916e-12
2.1524802739901872e-12
1.4529855903565722e-12
9.8188019603071200e-13
6.5117071828536497e-13
4.5980227613666745e-13
2.8357306391949724e-13
1.7716124867169881e-13
1.0594291020674063e-13
3.3207651650607577e-14
-2.1361856433601231e-14
-3.0319046307102968e-14
-7.4021729428149391e-14
-6.5248702581214407e-14
-7.9151690066509438e-14
-7.2906995366316580e-14
-7.4488980371572483e-14
-7.3558676877593081e-14
-8.2926359216233854e-14
-6.8924163930877981e-14
-7.3276443554585645e-14
-5.5995044523352536e-14
-3.7650612082403898e-14
-3.3177711393201312e-14
-1.1044710974872753e-15
-1.8751223090026980e-14
-1.1015498157454775e-14
-1.4301055629097619e-14
-1.3183287706005611e-14
-2.1942563240273295e-15
-1.7530300613242928e-14
-4.3766168575722950e-15
-6.5559568013619904e-15
-4.3646382903164154e-15
-8.7172364661124906e-15
-8.7051556066194845e-15
-8.6930342176924635e-15
8.6808725153711533e-15
-8.6686707161899615e-15
0.0000000000000000e+00
-8.6441476958206633e-15
-2.5895480730351728e-14
-3.8787601043297206e-14
-3.4428271519648850e-14
-3.4378520294761729e-14
-3.4328614798651863e-14
-5.1417833868545862e-14
-3.4228344518690142e-14
-2.5633486126608509e-14
-5.9723068560640883e-14
-4.2596005183686681e-14
-5.9545485274982720e-14
-5.9456304173605430e-14
-6.7847846303219369e-14
-6.7745338131595929e-14
-6.7642539189507973e-14
-5.0654588453753681e-14
-3.3718038087890357e-14
-5.0499311776841546e-14
-5.0421353741392271e-14
-6.7124245840299907e-14
-8.3774675083590747e-14
-8.3643695183390920e-14
-1.0021484384143746e-13
-1.0005684169004268e-13
-9.9898430495357217e-14
-8.3116344158849493e-14
-6.6386927941836900e-14
-1.1599089833601821e-13
-1.1580420833721307e-13
-9.9100334663350161e-14
-1.3191936897769850e-13
-1.3170443862305808e-13
-1.3148899216376867e-13
-1.6409129160072102e-13
-9.8292424243736584e-14
-1.3083959298580014e-13
-1.6327764869465668e-13
-1.3040414726456082e-13
-1.3018568161244797e-13
-1.2996672570309628e-13
-1.2974728324367986e-13
-1.2952735794473411e-13
-1.6163369190006504e-13
-1.2908607368658124e-13
-1.6108090270540077e-13
-1.2864290267621701e-13
-9.6315464211046832e-14
-6.4098937354195399e-14
-9.5981005266281413e-14
-6.3875509810862497e-14
-7.9704322652864398e-14
-9.5476775471567412e-14
-7.9423360321842367e-14
-6.3425973822992506e-14
-9.4969563325040122e-14
-7.8999869139954195e-14
-7.8858168728873479e-14
-7.8716203881568621e-14
-7.8573976942993387e-14
-6.2745192207238246e-14
-7.8288746176514644e-14
-7.8145747042996027e-14
-7.8002495206850179e-14
-6.2287194413702532e-14
-7.7715242823510788e-14
-6.2056997580996455e-14
-7.7427007826083825e-14
-5.4097769406952479e-14
-6.9424028119996336e-14
-4.6195712443182533e-14
-4.6108599135369224e-14
