3.4899958014568414e-12
-1.5142922137102869e-12
6.4149000138165519e-13
-5.8656503086574800e-13
1.0405540838026896e-12
-5.3688899165930410e-13
6.2603690999902059e-13
-4.4539539035014456e-14
1.0548217080083900e-12
-2.6748576473466769e-13
-5.1745107147600941e-14
-3.2818843986309889e-12
6.5753021233578844e-13
-1.0158673147087207e-12
-1.8386396773155481e-12
1.4682997054310037e-12
9.8646018643842912e-13
-1.4172691868147102e-12
2.4850445425554043e-12
-3.5509031002379707e-12
5.9450945328607853e-13
-1.8056536203292255e-12
-1.8088785036669625e-12
-4.5297660580616521e-13
-9.8843240082539704e-13
1.9280266716358394e-12
-8.1290344636187385e-13
-1.9979154600754220e-12
1.8099458069052350e-13
-1.2640546539913455e-12
-2.9687305705045943e-13
1.9302099757481207e-12
-6.6636110208712818e-13
3.1788040413030796e-13
2.5307077474704354e-12
-3.4648126600545455e-12
-1.2583811024869659e-12
4.7771136520030846e-13
-1.2037291633276934e-12
-2.8953793332759551e-12
-2.2243566730545735e-12
1.1697065187577068e-13
1.8389220311112253e-12
8.9005457471580746e-13
1.0185905958511522e-12
-3.3680576209700467e-12
-9.9332336290575488e-13
-1.2124394427356279e-12
-1.7066361353358831e-12
-5.4306590735917618e-13
2.7005396649091756e-12
-1.0346094888349688e-12
-9.7716973463883236e-13
1.4046707751557979e-13
1.7281292045482113e-13
5.4785954861256224e-13
5.9216216864734106e-13
-2.4125442545979210e-13
7.4730355263718163e-13
1.1780802176769818e-12
4.8582366947176511e-13
-1.0094912392566431e-12
3.0504256377987817e-12
-1.2529351361002417e-12
-1.7552000759791632e-12
2.8963144894604297e-12
6.4649584197894870e-13
-1.8627291175168322e-12
1.0083417293291494e-12
-1.2935617886460654e-12
-1.4414708022740946e-12
-7.9009882853289785e-13
4.2395464411897514e-13
-1.5896391159738681e-12
4.2451144599664193e-12
5.4907479954213258e-12
6.1240031322001213e-12
1.3814774502594992e-11
2.4620097489882223e-11
3.8710153670093152e-11
6.5257257293308748e-11
1.0825740421709706e-10
1.6512228019064956e-10
2.5498821691675711e-10
3.8751858371102733e-10
5.8054013932276443e-10
8.6824871682383568e-10
1.2820729780640292e-09
1.8801000922625201e-09
2.7355813198900407e-09
3.9538283068645859e-09
5.6801777476710091e-09
8.1059238063839207e-09
1.1506864728158102e-08
1.6242957875142690e-08
2.2802702126867013e-08
3.1846106205520786e-08
4.4251465066707315e-08
6.1179753041784691e-08
8.4174695195293335e-08
1.1525107932399645e-07
1.5704521931842111e-07
2.1298504741456649e-07
2.8748716888461176e-07
3.8622188737477014e-07
5.1642940483571742e-07
6.8725868584074216e-07
9.1023762452389050e-07
1.1997666817599555e-06
1.5736747236425799e-06
2.0538656686640212e-06
2.6670227103002538e-06
3.4452693430298597e-06
4.4268768602222388e-06
5.6568140584382732e-06
7.1871011859216427e-06
9.0767857883190051e-06
1.1391323050865179e-05
1.4201042876561153e-05
1.7578279244880403e-05
2.1592635383474576e-05
2.6303618174269927e-05
3.1749653747869211e-05
3.7932346352109741e-05
4.4794282231156196e-05
5.2188459495055614e-05
5.9836808756391699e-05
6.7274711067931539e-05
7.3777646069587215e-05
7.8265350858671215e-05
7.9177750598247271e-05
7.4315883834627077e-05
6.0639734606393090e-05
3.4013341119175036e-05
-1.1114010697259475e-05
-8.2103449290386142e-05
-1.8861406420672683e-04
-3.4319912603080036e-04
-5.6203015435686175e-04
-8.6576980708322193e-04
-1.2806167534505570e-03
-1.8395473439856520e-03
-2.5837803319935662e-03
-3.5644918536515881e-03
-4.8448078676317438e-03
-6.5021005645797235e-03
-8.6306130153700391e-03
-1.1344432549259644e-02
-1.4780827657230542e-02
-1.9103955006528183e-02
-2.4508932152451143e-02
-3.1226257270588507e-02
-3.9526539124135000e-02
-4.9725478286413986e-02
-6.2189013642748515e-02
-7.7338516389716797e-02
-9.5655876447206606e-02
-1.1768828365703601e-01
-1.4405245789910662e-01
-1.7543802910397260e-01
-2.1260970969805509e-01
-2.5640784000993100e-01
-3.0774682169288337e-01
-3.6761088745856629e-01
-4.3704658876975661e-01
-5.1715131922075275e-01
-6.0905713250472715e-01
-7.1390906394531062e-01
-8.3283712655987652e-01
-9.6692113110837741e-01
-1.1171474787752362e+00
-1.2843570998677483e+00
-1.4691837667412266e+00
-1.6719820994798389e+00
-1.8927447126443198e+00
-2.1310081255351196e+00
-2.3857472801104174e+00
-2.6552587829423273e+00
-2.9370333116638512e+00
-3.2276180028322932e+00
-3.5224700647682967e+00
-3.8158033324655967e+00
-4.1004299960654977e+00
-4.3676002812493477e+00
-4.6068434280524047e+00
-4.8058138906518399e+00
-4.9501472480890705e+00
-5.0233308557958916e+00
-5.0065947591911906e+00
-4.8788288103892032e+00
-4.6165322527265742e+00
-4.1938022404744562e+00
-3.5823678172539832e+00
-2.7516757624536439e+00
-1.6690344077199797e+00
-2.9982100647777232e-01
1.3922425074173370e+00
3.4447415199296474e+00
5.8961458694504714e+00
8.7853109485731053e+00
1.2150903301429954e+01
1.6030753138483327e+01
2.0461138262934028e+01
2.5476006112642974e+01
3.1106142921333692e+01
3.7378301336286590e+01
4.4314300132426979e+01
5.1930111865026255e+01
6.0234956329740690e+01
6.9230419472402986e+01
7.8909618834043798e+01
8.9256437654464150e+01
1.0024485031978534e+02
1.1183836186473118e+02
1.2398958367771607e+02
1.3663996636929068e+02
1.4971970893095698e+02
1.6314786082924317e+02
1.7683263056622539e+02
1.9067191053025354e+02
2.0455402371889733e+02
2.1835869321990884e+02
2.3195823028517171e+02
2.4521893154475282e+02
2.5800267051597831e+02
2.7016866321012407e+02
2.8157538247923458e+02
2.9208259093251576e+02
3.0155345793908072e+02
3.0985672256815741e+02
3.1686886143302672e+02
3.2247621841814612e+02
3.2657705227551060e+02
3.2908345814569032e+02
3.2992312023137180e+02
3.2904085513524308e+02
3.2639990874562790e+02
3.2198297395361828e+02
3.1579290182548681e+02
3.0785308501137951e+02
2.9820749899828598e+02
2.8692039413960299e+02
2.7407563902510356e+02
2.5977572349120743e+02
2.4414043720302439e+02
2.2730524705824385e+02
2.0941940346716760e+02
1.9064381166507522e+02
1.7114870944491912e+02
1.5111119691686744e+02
1.3071266699362860e+02
1.1013618718698687e+02
8.9563883937771664e+01
6.9174380081514514e+01
4.9140334205827969e+01
2.9626127647998278e+01
1.0785740811927138e+01
-7.2391445200164020e+00
-2.4320785989485874e+01
-4.0346740081426262e+01
-5.5220922478567225e+01
-6.8864358714354793e+01
-8.1215621566979081e+01
-9.2230958561165352e+01
-1.0188411953457700e+02
-1.1016590031927382e+02
-1.1708342404357168e+02
-1.2265918625788008e+02
-1.2692989393931353e+02
-1.2994513137102004e+02
-1.3176588789074700e+02
-1.3246298355484760e+02
-1.3211542889174441e+02
-1.3080875417175869e+02
-1.2863334206903107e+02
-1.2568279532584680e+02
-1.2205236815522896e+02
-1.1783748674947439e+02
-1.1313238052281926e+02
-1.0802884172993460e+02
-1.0261512699116123e+02
-9.6975010137736547e+01
-9.1186991773836183e+01
-8.5323667135038761e+01
-7.9451250288012290e+01
-7.3629249532795015e+01
-6.7910286090160042e+01
-6.2340045818786813e+01
-5.6957351831234057e+01
-5.1794344470290838e+01
-4.6876754159712242e+01
-4.2224252135421999e+01
-3.7850863964533985e+01
-3.3765431029934618e+01
-2.9972105752618361e+01
-2.6470867191705182e+01
-2.3258044750851298e+01
-2.0326838976336848e+01
-1.7667829804675485e+01
-1.5269464056836101e+01
-1.3118515436461536e+01
-1.1200511730618935e+01
-9.5001252978098414e+00
-8.0015242305839731e+00
-6.6886827751294566e+00
-5.5456506611738270e+00
-4.5567819302392296e+00
-3.7069246430801703e+00
-2.9815734965773060e+00
-2.3669878893220910e+00
-1.8502783502600393e+00
-1.4194644954869828e+00
-1.0635078160272906e+00
-7.7232263737284979e-01
-5.3676854376474437e-01
-3.4862744093453291e-01
-2.0056825424764688e-01
-8.6102039130622171e-02
4.6997086423563195e-04
6.4113123435274644e-02
1.0911893929441592e-01
1.3916584121829143e-01
1.5737959821026268e-01
1.6639232227135423e-01
1.6839909743904999e-01
1.6521154186820577e-01
1.5830780184485960e-01
1.4887865040965337e-01
1.3786951304453141e-01
1.2601836848783987e-01
1.1388957573764924e-01
1.0190376038757835e-01
9.0363955873071361e-02
7.9478240590429072e-02
6.9379142381689074e-02
6.0140099069636528e-02
5.1789270638275056e-02
4.4320996436977025e-02
3.7705182010472321e-02
3.1894885688598794e-02
2.6832357445480143e-02
2.2453761951460632e-02
1.8692795940381594e-02
1.5483387937618043e-02
1.2761646165754783e-02
1.0467199311491152e-02
8.5440546774915253e-03
6.9410798203682830e-03
5.6121965967292579e-03
4.5163615196494563e-03
3.6173928040450212e-03
2.8836926996249185e-03
2.2879036217648046e-03
1.8065280394840573e-03
1.4195347381513116e-03
1.1099682737883551e-03
8.6357342617727096e-04
6.6844273643528753e-04
5.1469191522727110e-04
3.9416586951562918e-04
3.0017595418819576e-04
2.2726810823177132e-04
1.7102034241885933e-04
1.2786771051958819e-04
9.4952276831080935e-05
6.9995740314511147e-05
5.1192007753229022e-05
3.7117383441032104e-05
2.6655963725320925e-05
1.8938135313361706e-05
1.3290173406887494e-05
9.1932434926416073e-06
6.2502581460211798e-06
4.1592423882274944e-06
2.6920600579890184e-06
1.6775833377045544e-06
9.8836731294758734e-07
5.3024964492636998e-07
2.3424061292129593e-07
5.0264651309952799e-08
-5.7670761851547852e-08
-1.1512583372419267e-07
-1.4002560860498608e-07
-1.4476327309839060e-07
-1.3772290282067872e-07
-1.2446683013021357e-07
-1.0858240137517397e-07
-9.2276890259989217e-08
-7.6833404848365006e-08
-6.2917270970928609e-08
-5.0812708385877585e-08
-4.0549126575478243e-08
-3.2023306202911275e-08
-2.5047600368451102e-08
-1.9430389114898501e-08
-1.4956547531131861e-08
-1.1432191383968809e-08
-8.6758446568882923e-09
-6.5427434111257765e-09
-4.9063092727470114e-09
-3.6556597905300212e-09
-2.7099545869083443e-09
-1.9977414374539682e-09
-1.4661058362997832e-09
-1.0685712037131777e-09
-7.7764507796730198e-10
-5.6160459719264105e-10
-4.0291071351373877e-10
-2.8854822580080291e-10
-2.0694642514961680e-10
-1.4483142176535240e-10
-9.9856569587099694e-11
-7.2789643870731176e-11
-4.9263163568074768e-11
-3.5615234729967275e-11
-2.5171787960482493e-11
-1.5011278876776155e-11
-9.5131017372244137e-12
-9.5229993615591440e-12
-6.0407777669881103e-12
-2.2615953955748036e-12
-4.4485785712870043e-12
-3.2522726307705191e-12
-8.4935765130446997e-13
-1.0201832611001708e-12
-3.4601524991875190e-12
5.8991659274543370e-13
1.2636923980429042e-12
1.3942159423774458e-12
1.9328849240656500e-12
2.1844446737290234e-13
-5.3921850193277408e-13
8.4407813896157686e-13
-2.3269193278176698e-13
3.9779624752135803e-13
-1.3923946635316052e-12
7.7130094809298417e-13
1.0722372855454366e-12
3.1115163623851006e-13
2.1338572119954664e-13
-2.1391714587650615e-12
-4.5544324686922507e-13
1.7458532460115313e-12
-1.3278871925208097e-12
1.7036718221892140e-12
3.4943814905475329e-12
1.4529019532729565e-12
-1.7923630291007711e-12
1.5322856253451264e-12
3.3053668440021995e-13
9.1492968780990540e-13
1.4479264518202855e-12
2.4212149049284203e-13
-1.3665013094595781e-12
2.2123230306976755e-12
-3.0981708854446750e-14
-6.8091682384678701e-13
-4.4189694873756484e-13
4.4220506303588457e-13
-1.8819977359283699e-12
-1.1382959973878133e-12
7.6364120620266921e-13
-1.1347960556556147e-13
1.6268417222544930e-12
3.2280798201314839e-13
-9.9478978177523053e-13
-9.2102932023822856e-13
-2.0704095048997586e-13
-2.0381527558773385e-12
-1.4925023768278748e-12
2.7287413109152058e-12
1.5686136231214892e-12
-6.7936960952446487e-13
1.2151635649986938e-12
-7.5051926760797154e-13
-6.2184226677050680e-15
-1.2906818847275345e-12
4.8216563563790149e-13
-9.2586358747923133e-13
2.3845013344985575e-12
-8.9943692390687506e-13
1.4422683971769553e-12
1.2374168349154922e-13
3.7922559686206805e-12
6.4871319865776799e-13
5.0414089631445632e-13
2.1084101690845576e-12
-1.0376162562508082e-12
-1.9918593643818763e-12
1.3190624704779575e-12
1.4912567497334235e-12
2.4294577749365607e-12
-1.4732413735071968e-12
1.3352664301646803e-12
-3.0372087116342135e-12
-1.1757874698759414e-12
3.9323527934965438e-13
-2.7730239372884648e-12
4.7045335591867680e-13
2.0473095979591769e-12
-2.3262658644556584e-13
9.5231342223045670e-13
6.7133825797255531e-13
-6.7924585383198289e-14
-1.0008812503227220e-12
4.9995145791893659e-13
2.6108091462968317e-13
1.7042382842799879e-12
-2.1365779342020744e-14
2.2783301995274211e-12
1.5418769908783562e-13
1.2976301976217236e-12
