-5.4845543867454513e-13
1.5350474196133289e-12
-1.2019412124603728e-12
-4.8898113913151334e-13
-1.2902236164452313e-13
-2.5508820343447738e-13
-1.2589271919451587e-12
-1.4482923403501480e-12
4.6434075455153259e-13
-2.9235939101789285e-13
3.4031839870702027e-13
-3.1255537694230620e-13
2.8067106477976036e-14
-7.0218638463221106e-13
9.8938186522794557e-13
-1.1699821535691578e-12
-6.9850858421095420e-13
-9.6765551339210921e-14
-2.8386494145506836e-13
-4.1080204183695833e-13
-8.1001450016559086e-14
-2.7973749650017107e-14
-7.4759288302686645e-13
-1.4085082265038993e-13
-4.7370837208833361e-13
6.3142959722394909e-13
-8.3601595837971726e-14
1.0909179381914575e-12
-1.1150232583446352e-13
3.9354245720213680e-13
-2.7696074066865310e-13
-3.2646698481225612e-14
-4.8557661575680364e-13
3.6772370911102906e-13
-1.7909451052079757e-12
1.2310835958751527e-12
-6.7990687435564023e-13
-6.5464779826011170e-13
-8.8677909396237445e-13
1.3989621133397599e-13
4.4002942075338824e-13
-2.3172370896973185e-13
7.1771551842561851e-13
2.6070118881867546e-13
-1.1706816543979555e-12
8.0493471858488748e-13
-6.8992472394927742e-13
7.4958757055540706e-13
-9.1198874591700875e-13
2.1102975826250453e-13
-6.7124855977115274e-13
7.7655259863675520e-13
-8.6532081859440438e-14
7.5270540520754372e-13
-8.7243895408471749e-14
1.2634964465575384e-12
3.7347750054169521e-14
-3.1973245192771594e-13
1.3218051840247009e-13
-8.2374328680351853e-13
-3.7250023024490014e-13
7.9558496980012855e-14
-7.4826034117598698e-13
4.8993393838710624e-13
-2.8447450665191206e-13
1.4355812169200224e-13
-9.0910918934559553e-13
5.3950412706661749e-13
6.0827173205810990e-13
8.5554891995780073e-13
7.1404871438306378e-13
4.5230889834522891e-13
-6.0840838893808167e-13
1.4545568004197983e-13
-2.2589685783559271e-12
-6.7670504551441251e-13
-3.6649784030552887e-13
-3.7350862780172718e-13
-2.5083200770738048e-12
-2.6545985529069203e-12
-3.7152173462309544e-12
-5.6529925542812308e-12
-7.2923315985271355e-12
-1.0786438831338754e-11
-1.5987820554420797e-11
-2.1881488326429528e-11
-3.0947249253309053e-11
-4.7941271539547103e-11
-6.6268863009632264e-11
-9.5124942000759985e-11
-1.3425708579545666e-10
-1.9111597267768530e-10
-2.6902443951803825e-10
-3.8005904439876105e-10
-5.3479300322132275e-10
-7.5183445698092879e-10
-1.0535806754726969e-09
-1.4705969946307028e-09
-2.0525121698409273e-09
-2.8558948090607760e-09
-3.9659565109097347e-09
-5.4922195687379795e-09
-7.5918038854994194e-09
-1.0467258393488846e-08
-1.4402204246751619e-08
-1.9770882148122697e-08
-2.7081084437960536e-08
-3.7009698190381224e-08
-5.0462559168297805e-08
-6.8653650028706133e-08
-9.3190087684898520e-08
-1.2621290613841834e-07
-1.7055183420570773e-07
-2.2994992070773334e-07
-3.0933745072813621e-07
-4.1519672865425545e-07
-5.5602294016101159e-07
-7.4294292775875526e-07
-9.9046369430796985e-07
-1.3174747455478612e-06
-1.7485026420776290e-06
-2.3153174246935050e-06
-3.0589657191406571e-06
-4.0323453311380119e-06
-5.3034700757750395e-06
-6.9595466694014680e-06
-9.1121352239811775e-06
-1.1903568367328367e-05
-1.5514987287261945e-05
-2.0176343029428784e-05
-2.6178803903305445e-05
-3.3890098654841236e-05
-4.3773469540032902e-05
-5.6410979620581150e-05
-7.2532085120574505e-05
-9.3048602553216369e-05
-1.1909732800364531e-04
-1.5209183550972738e-04
-1.9378525416660676e-04
-2.4634609234781976e-04
-3.1244954824121855e-04
-3.9538710202225168e-04
-4.9919766343199949e-04
-6.2882393074997398e-04
-7.9029826815317039e-04
-9.9096288811010192e-04
-1.2397297783772229e-03
-1.5473864811390990e-03
-1.9269545798706437e-03
-2.3941084008182838e-03
-2.9676622945708025e-03
-3.6701355819003596e-03
-4.5284050231402251e-03
-5.5744554185712478e-03
-6.8462395850280664e-03
-8.3886595686752160e-03
-1.0254681372946413e-02
-1.2506595765666192e-02
-1.5217437756855811e-02
-1.8472577073663961e-02
-2.2371491374996028e-02
-2.7029732905926473e-02
-3.2581097663524475e-02
-3.9180004174221197e-02
-4.7004085951820318e-02
-5.6256998317351120e-02
-6.7171435638493565e-02
-8.0012349836777866e-02
-9.5080354404757733e-02
-1.1271529087985589e-01
-1.3329992588359971e-01
-1.5726373712832462e-01
-1.8508673572392820e-01
-2.1730325988603727e-01
-2.5450566184376944e-01
-2.9734779536016831e-01
-3.4654819606379056e-01
-4.0289283077610955e-01
-4.6723727568795104e-01
-5.4050816670302471e-01
-6.2370374898176018e-01
-7.1789333720066917e-01
-8.2421548363948605e-01
-9.4387463866373833e-01
-1.0781360780570848e+00
-1.2283188646016967e+00
-1.3957866081681274e+00
-1.5819357899692401e+00
-1.7881814235438809e+00
-2.0159398379203095e+00
-2.2666083883035477e+00
-2.5415419271353117e+00
-2.8420259038337918e+00
-3.1692460058257930e+00
-3.5242543067227121e+00
-3.9079319496470344e+00
-4.3209484652876453e+00
-4.7637179041724069e+00
-5.2363520510749755e+00
-5.7386110849413559e+00
-6.2698521494740405e+00
-6.8289764056394260e+00
-7.4143752465484294e+00
-8.0238764645065803e+00
-8.6546912678850276e+00
-9.3033631482975796e+00
-9.9657196940402901e+00
-1.0636828530083747e+01
-1.1310958635382569e+01
-1.1981548340941545e+01
-1.2641181344138596e+01
-1.3281572082694565e+01
-1.3893561792680311e+01
-1.4467126526343938e+01
-1.4991398325175519e+01
-1.5454700630061005e+01
-1.5844598862385203e+01
-1.6147966927748417e+01
-1.6351070177913588e+01
-1.6439665118449692e+01
-1.6399115871802742e+01
-1.6214527101722073e+01
-1.5870892779437639e+01
-1.5353259830410904e+01
-1.4646905348874407e+01
-1.3737525712945224e+01
-1.2611435583483580e+01
-1.1255774433375946e+01
-9.6587179388870421e+00
-7.8096912800098046e+00
-5.6995811506229890e+00
-3.3209430801653133e+00
-6.6820052382441675e-01
2.2621679051704469e+00
5.4714567040104303e+00
8.9585808375389178e+00
1.2719945642901379e+01
1.6749342535408662e+01
2.1037873489259336e+01
2.5573906913479728e+01
3.0343067121606371e+01
3.5328259108639969e+01
4.0509729808987260e+01
4.5865166423309397e+01
5.1369831782071081e+01
5.6996736070397070e+01
6.2716843586497674e+01
6.8499312557787661e+01
7.4311765409189420e+01
8.0120586281049057e+01
8.5891242043467031e+01
9.1588622562372677e+01
9.7177395552597758e+01
1.0262237101465422e+02
1.0788887000371035e+02
1.1294309232825249e+02
1.1775247772639787e+02
1.2228605512220264e+02
1.2651477472226034e+02
1.3041181797182665e+02
1.3395288074460322e+02
1.3711642558385040e+02
1.3988389933547177e+02
1.4223991310468733e+02
1.4417238211447599e+02
1.4567262373180293e+02
1.4673541264235357e+02
1.4735899288031982e+02
1.4754504714187740e+02
1.4729862451378816e+02
1.4662802841812956e+02
1.4554466719675020e+02
1.4406287032308290e+02
1.4219967372357766e+02
1.3997457810816738e+02
1.3740928454195910e+02
1.3452741173453052e+02
1.3135419967643341e+02
1.2791620431483399e+02
1.2424098793330046e+02
1.2035680978887348e+02
1.1629232136815983e+02
1.1207627036060988e+02
1.0773721712006139e+02
1.0330326700447802e+02
9.8801821559287461e+01
9.4259351052299522e+01
8.9701190389322264e+01
8.5151359949910315e+01
8.0632412392856509e+01
7.6165306001124250e+01
7.1769304674922694e+01
6.7461904247728938e+01
6.3258784400479577e+01
5.9173785089322024e+01
5.5218906087220113e+01
5.1404327972156274e+01
4.7738452676804158e+01
4.4227961547068105e+01
4.0877888739099184e+01
3.7691707715042611e+01
3.4671428574045891e+01
3.1817703973927504e+01
2.9129941456259161e+01
2.6606420078882085e+01
2.4244409380588952e+01
2.2040288847347259e+01
1.9989666213267185e+01
1.8087493107335199e+01
1.6328176743913200e+01
1.4705686546403738e+01
1.3213654785395855e+01
1.1845470500783074e+01
1.0594366158826622e+01
9.4534966668381628e+00
8.4160105278441222e+00
7.4751130634054537e+00
6.6241217635098781e+00
5.8565139371374944e+00
5.1659669353213982e+00
4.5463913005964685e+00
3.9919572625505895e+00
3.4971150497317249e+00
3.0566095243182181e+00
2.6654896686933132e+00
2.3191134637121960e+00
2.0131486983874516e+00
1.7435702413533782e+00
1.5066542871031088e+00
1.2989700661975383e+00
1.1173694796817586e+00
9.5897508498271067e-01
8.2116682508770100e-01
7.0156785546998657e-01
5.9802978534927531e-01
5.0861761207377754e-01
4.3159459046553783e-01
3.6540724340631686e-01
3.0867068634210865e-01
2.6015440692990999e-01
2.1876861217210403e-01
1.8355122903027873e-01
1.5365562107523356e-01
1.2833906283337349e-01
1.0695199539076695e-01
8.8928071311729168e-02
7.3774983808583910e-02
6.1066064332881267e-02
5.0432624092118856e-02
4.1557008162236314e-02
3.4166325845920102e-02
2.8026817322577280e-02
2.2938814413427766e-02
1.8732252069483164e-02
1.5262687005709930e-02
1.2407780462839546e-02
1.0064203235554530e-02
8.1449227195281061e-03
6.5768337869355929e-03
5.2986975337962379e-03
4.2593543589484924e-03
3.4161803662717881e-03
2.7337586084406852e-03
2.1827391633216847e-03
1.7388645682873561e-03
1.3821393469571938e-03
1.0961246691272109e-03
8.6734123184134505e-04
6.8476539786585316e-04
5.3940531644919971e-04
4.2394552393072753e-04
3.3244980670939526e-04
2.6011361400014507e-04
2.0305832034350107e-04
1.5816082985035232e-04
1.2291282944677144e-04
9.5304913962305802e-05
7.3731459883514329e-05
5.6912735998774533e-05
4.3831345154139185e-05
3.3680487740680400e-05
2.5821996254512862e-05
1.9752341441157672e-05
1.5075239494840208e-05
1.1479585450372848e-05
8.7217547488243331e-06
6.6114509825459530e-06
5.0003935704815405e-06
3.7733377340023829e-06
2.8409267214138201e-06
2.1340645660700331e-06
1.5994347629673758e-06
1.1960149347002674e-06
8.9231163481838499e-07
6.6421106992960929e-07
4.9329124127558005e-07
3.6551899234160643e-07
2.7022307646140244e-07
1.9931561226444885e-07
1.4667628756043916e-07
1.0769368940848948e-07
7.8888407543377769e-08
5.7655259179802929e-08
4.2042005396801622e-08
3.0584861066198567e-08
2.2200072357812604e-08
1.6074881355302715e-08
1.1613695415953928e-08
8.3704656263979615e-09
6.0195079118312154e-09
4.3187647616207692e-09
3.0905702498315113e-09
2.2073368952650583e-09
1.5742719585441071e-09
1.1165218730497140e-09
7.9271392450206411e-10
5.6013874966533979e-10
3.9615388124883157e-10
2.7935759618790120e-10
1.9635551474894017e-10
1.3735493045692773e-10
9.6000958570758101e-11
6.7245665927381277e-11
4.7149197389670545e-11
3.1904601075338694e-11
2.4307501443921827e-11
1.4772610247509550e-11
1.1024645742004286e-11
5.5030214400630435e-12
5.4064259516014432e-12
2.6464485192909729e-12
2.9130285365489411e-12
1.0519898481712767e-12
1.6487267850823047e-12
1.0538269959291979e-12
-1.4957586672383792e-13
-9.8965839435446923e-13
6.8095477337339282e-13
-6.3342401663828054e-13
-9.6131443511166442e-13
-2.4223154116175416e-14
1.3431103273554722e-12
-1.5047732979263969e-12
4.2867600200387438e-13
-7.2254069696947718e-13
1.7826375805181069e-14
2.4335883764666783e-15
3.0928104638279822e-13
-1.1510436280724327e-12
2.5631374374031462e-15
-9.5531335460753830e-14
-5.0329405459452118e-13
-1.0835923069412269e-12
4.7595388556045445e-13
5.1730929725517435e-13
-1.3508005158387031e-12
-4.7803602128683204e-14
-2.3827835990498415e-13
-1.2785039116897526e-13
-1.8022036966084460e-13
-3.5692402132193091e-13
-8.3138268775647322e-13
1.4202057188105918e-12
-2.2060345210641461e-13
9.0554230301182955e-13
-2.2650047867568503e-13
3.2579631850209601e-13
-9.7204078047335052e-13
-4.8803320165475780e-14
-3.7314053970001520e-13
3.7690101848276926e-14
-9.6453546429388136e-13
-9.8248666386486384e-13
6.7912601064633063e-13
1.0208240565726891e-12
2.8990336813378955e-13
-1.3441061696613183e-13
-1.8540751095034113e-13
7.8453215098191874e-13
-8.8958923509056355e-13
-7.3720687172817671e-13
3.4994768990860375e-13
8.2567986363284969e-13
-6.2608652223602872e-13
3.7077943713664738e-15
8.4330214283438051e-13
2.2912974333032121e-13
2.4200806856307414e-13
-1.0088962529080634e-12
2.5091309858907061e-13
7.2405800954570375e-13
8.8707103493013328e-13
-7.8202424147004008e-13
-3.6098644862672305e-13
1.5923920944390471e-12
-3.3157630630258769e-13
-7.3860847285703691e-13
-2.4787740999394857e-13
9.0637568111504026e-13
-9.7984068588163624e-14
-3.4339916318855102e-13
-5.1491162829685142e-13
4.1904626346971915e-13
5.0318370287213587e-13
-1.2831238664819587e-13
-2.2350198112046779e-13
-2.6535764128742990e-13
-3.4878528996977903e-13
3.7393885193953110e-13
-2.0269644104096332e-12
1.6260105109900728e-12
-6.9556958502777707e-13
