6.2799260378698722e-15
1.8726060455067551e-14
1.4474295582133064e-14
2.9942479379442454e-14
3.1187700377281880e-14
1.6001035500014396e-14
2.8888346144625510e-14
2.8770185229845755e-14
2.0356092941922345e-15
2.1748334103296620e-14
2.6789369055789526e-14
4.9064713159731767e-14
5.0358961931596593e-14
2.5373279990605291e-14
4.7404915067950633e-14
3.9535980274750130e-14
1.8375545132339069e-14
4.0653256159341026e-14
3.4925162372886090e-14
4.8160699731566247e-14
5.7710105417663367e-14
3.5029433529775001e-14
5.1995485928097049e-14
5.3881862261517720e-14
5.5491497746093916e-14
6.1687606193612936e-14
6.5115125185107390e-14
7.7923868740443824e-14
8.9003870893560629e-14
5.5466040098384040e-14
5.6108419394729892e-14
6.6539482381752339e-14
3.1207489011686953e-14
4.6526809599808444e-14
4.6052913340084306e-14
7.6276913815894043e-14
5.9730851547430700e-14
4.9023178533230678e-14
7.3265081164985029e-14
5.4141695490770584e-14
1.6750513932582840e-14
4.2273749916733434e-14
3.2001736780313893e-14
1.9294827239901649e-14
2.1250330502284555e-14
2.0818140977548198e-14
1.0740620769051176e-14
1.3101043902574470e-14
-8.5740282573239918e-15
8.2610029278390388e-15
5.1535235026445666e-15
1.0194964835996909e-14
3.8043254919448412e-15
1.6210486633392849e-15
9.2467854451964616e-15
-6.3100957570379737e-15
-6.1819987777937265e-15
5.3880641029343715e-16
1.6108303805888081e-15
-1.8456964151650828e-15
-1.1974045279706858e-15
5.0610367385158999e-15
-1.1915800389185490e-16
-4.7548695166134028e-15
1.6801190235085995e-14
2.1984104560859859e-14
3.7464881471550458e-14
5.8081624741307690e-14
6.3695185110969529e-14
4.4220306866310387e-14
5.8344857567371605e-14
6.0564225905614515e-14
5.8935402257135807e-14
6.4784132170205099e-14
7.3868524463224796e-14
7.7474267060037028e-14
8.1961129764160551e-14
8.2598224819590951e-14
6.7914570055597486e-14
8.8881376324321368e-14
6.3857194738772951e-14
5.4225395020552568e-14
5.5477189546554650e-14
5.4621714388472362e-14
3.4081965650167721e-14
2.5452704802908316e-14
2.8478832715453123e-14
4.3300474634669457e-14
2.9322798887049598e-14
4.9310299998565362e-14
6.4742224782558652e-14
5.3158713010961332e-14
3.6183299902284490e-14
6.0211382819738215e-14
5.4070500100676172e-14
3.9635609719080261e-14
1.4335467181317247e-14
-9.6979284360316272e-18
3.0022485516525877e-14
2.7196152635732684e-14
2.3152235142953987e-14
1.3436404556859898e-14
2.6754731776645656e-14
4.3727102409369716e-14
7.2079914067101907e-14
8.5704290353507859e-14
9.2980465494111595e-14
7.3149911301623548e-14
8.0482606299199290e-14
5.9710927395597963e-14
4.8846631153425307e-14
5.2485125558064457e-14
2.1777676825142653e-15
-9.9455206805666670e-15
4.7340644732936223e-15
-4.1462127766343290e-14
-4.2562539416764387e-14
-6.4877454853606293e-14
-6.2218340843744048e-14
-6.2783648297059847e-14
-7.6217204057791926e-14
-6.9354631145171657e-14
-6.1556561155963177e-14
-8.9637824922177121e-14
-7.4119583806098661e-14
-8.7755956646932060e-14
-1.0997333174910249e-13
-1.1260146560184833e-13
-1.1749227175130988e-13
-1.3759203680305221e-13
-1.3277583567511977e-13
-1.6420917184199160e-13
-1.6538938114015263e-13
-1.7058666880457004e-13
-1.9039193016757067e-13
-2.0296151144342428e-13
-1.9175551630836452e-13
-2.1863951771100879e-13
-2.2783463734340064e-13
-2.8149301671444217e-13
-3.0980714978884088e-13
-3.4080378624359735e-13
-3.9745051425548409e-13
-4.5102141879721492e-13
-5.1222674969720178e-13
-5.6145363905830919e-13
-6.0284389050692391e-13
-6.6243760609523189e-13
-7.0154962475364998e-13
-7.1264435350867818e-13
-7.5833676559638233e-13
-8.1114052677012816e-13
-8.2466696927711320e-13
-9.2229306506578749e-13
-9.7352772822618462e-13
-1.0440877913749019e-12
-1.1216376301302972e-12
-1.1994487680772996e-12
-1.2987027800970121e-12
-1.4020333468839609e-12
-1.5266158773339798e-12
-1.6744102452955493e-12
-1.8100621788374572e-12
-1.9963383193800370e-12
-2.1700104741783667e-12
-2.3372827848364484e-12
-2.5606095149889477e-12
-2.7972736983637042e-12
-3.0143515240929997e-12
-3.3116168700799743e-12
-3.6087482564705131e-12
-3.9686508804113018e-12
-4.3625294734195823e-12
-4.7992613315833550e-12
-5.3118558056019482e-12
-5.8460476416615606e-12
-6.4369795071970089e-12
-7.0784637891754982e-12
-7.7772572550499016e-12
-8.5325667523636141e-12
-9.3283462286135976e-12
-1.0162485065996778e-11
-1.1081504249911288e-11
-1.2056379448798862e-11
-1.3104785447320444e-11
-1.4244256999794795e-11
-1.5417980739984409e-11
-1.6712524090029006e-11
-1.8065846258107081e-11
-1.9506459667211799e-11
-2.1045402706548634e-11
-2.2621958068440269e-11
-2.4332441157711337e-11
-2.6074003989502656e-11
-2.7880416916244124e-11
-2.9753749798866000e-11
-3.1689850906605332e-11
-3.3617039046431560e-11
-3.5640462134398161e-11
-3.7655575360425651e-11
-3.9747266290430749e-11
-4.1858703707284892e-11
-4.3990968366701099e-11
-4.6149287751249477e-11
-4.8307224182855053e-11
-5.0445863586781118e-11
-5.2595747924526593e-11
-5.4685921213925448e-11
-5.6768389365764360e-11
-5.8806872166878408e-11
-6.0788111191621319e-11
-6.2685822362023709e-11
-6.4550248568555046e-11
-6.6242355084919542e-11
-6.7912111018982630e-11
-6.9391525407684043e-11
-7.0834975177351451e-11
-7.2115157120329131e-11
-7.3259941212796671e-11
-7.4255228769952751e-11
-7.5116415810326601e-11
-7.5780026870611031e-11
-7.6337938802396204e-11
-7.6710116196791375e-11
-7.6969184855344924e-11
-7.7020335855266020e-11
-7.6937169619100378e-11
-7.6682182288094244e-11
-7.6288868166056865e-11
-7.5653119812815874e-11
-7.4927016212243381e-11
-7.4057287122180734e-11
-7.3039073756998243e-11
-7.1914020709101531e-11
-7.0635765336964992e-11
-6.9253246799696431e-11
-6.7710232423369167e-11
-6.6077132567127776e-11
-6.4341673906420092e-11
-6.2485731537700026e-11
-6.0573945262498685e-11
-5.8611001248996571e-11
-5.6611651009747182e-11
-5.4559678463891481e-11
-5.2487828854134614e-11
-5.0389575691064088e-11
-4.8288601755164946e-11
-4.6201730587735112e-11
-4.4120210463790189e-11
-4.2049349050597939e-11
-4.0010509825458483e-11
-3.7993893603421505e-11
-3.6003846937881595e-11
-3.4019274401286657e-11
-3.2076168888884020e-11
-3.0209320453530160e-11
-2.8358200234357924e-11
-2.6589857732678986e-11
-2.4901968151602950e-11
-2.3261862932799968e-11
-2.1694227027888193e-11
-2.0206561036726838e-11
-1.8772033839949907e-11
-1.7448537748935302e-11
-1.6161493470268290e-11
-1.4966499173595648e-11
-1.3829164045122477e-11
-1.2742624175106302e-11
-1.1720925317366963e-11
-1.0765018944573925e-11
-9.8456278860440461e-12
-8.9810894648016940e-12
-8.1822324381912865e-12
-7.4441387364856462e-12
-6.7684765904756679e-12
-6.1515561819021125e-12
-5.5891934970753639e-12
-5.0737705593285710e-12
-4.5935579350697196e-12
-4.1607028582466242e-12
-3.7982872115773022e-12
-3.4209748073121155e-12
-3.1168396817953207e-12
-2.8322821470351974e-12
-2.5399407399090579e-12
-2.2878427104776165e-12
-2.0673035314814515e-12
-1.8658567576375711e-12
-1.6559021584590418e-12
-1.4990335396645131e-12
-1.3499290414190670e-12
-1.2066478779684215e-12
-1.0756071247792933e-12
-9.6795132709936227e-13
-8.4165359195399218e-13
-7.3353003494666261e-13
-6.1579952980566732e-13
-5.1819007596250207e-13
-4.5004645061624280e-13
-3.8460148953936230e-13
-3.2295926430494429e-13
-2.6398356868265566e-13
-1.8591802362331203e-13
-1.5364653803593799e-13
-1.2773587381612911e-13
-1.1436589176136420e-13
-1.1274324712589601e-13
-8.2614334134925826e-14
-8.9464312119115281e-14
-8.1923524730598014e-14
-5.8937473998535785e-14
-7.0669687653485965e-14
-7.5397577712547890e-14
-7.7989175082203441e-14
-9.1523035177203517e-14
-1.0005392058795140e-13
-8.9499597239462994e-14
-5.3413538883022054e-14
-4.9081295783352805e-14
-4.4166724416569745e-14
-3.7584422769963283e-14
-3.9027527606895776e-14
-5.0366656868667313e-14
-5.6329306850049504e-14
-6.4263909724368212e-14
-2.9533921320652819e-14
-4.9241898967044445e-14
-4.6954953625879298e-14
-4.8682649365425902e-14
-4.2630142870519858e-14
-6.7583390290496851e-14
-6.3875732051030251e-14
-6.6127207156789597e-14
-2.4379293338827706e-14
-1.2183110800868072e-14
-1.8041687217538552e-14
2.4568390102709777e-14
2.8278027396299642e-14
2.9486429722931806e-14
4.2184722115652605e-14
6.2053698442364356e-14
1.0769131107394202e-13
1.1066195772233431e-13
9.8386063787444407e-14
1.1129184529824401e-13
1.1781756883527393e-13
9.2547632743711535e-14
9.4296428998216624e-14
9.0634155382136406e-14
1.0113792033043938e-13
1.0836991573360172e-13
1.0729205976079388e-13
1.3589449527485446e-13
1.4843673813270409e-13
1.1082310721548902e-13
1.0789108945420211e-13
1.1721913158359462e-13
1.2091253989698815e-13
9.3669343056558252e-14
7.0063687557605389e-14
1.7462224361880748e-14
-9.3928384899810264e-15
-4.2461846919523564e-14
-4.8583322511436316e-14
-5.4772186157480694e-14
-3.5047044994162481e-14
-3.2329746893181072e-14
-5.5441257510171767e-14
-1.1194559794102069e-14
-2.2966044990013224e-14
-2.1985301208703856e-14
-1.3602354875473597e-14
-1.3611860292493206e-15
1.0256412267573285e-14
-7.0034565205464773e-15
-8.8669319418827478e-16
3.2493096070572071e-14
1.9293315267104218e-14
1.3597710222729445e-14
1.3133551440271407e-14
1.6642014385086366e-15
8.4394513559337006e-15
2.0188712064314670e-14
-1.9335023543792981e-15
-1.3927643155085872e-16
-5.7040910712246162e-16
-5.1864582122959889e-15
-1.6264364068251591e-14
-8.0378070463304779e-15
-3.6027417717656178e-15
-2.2079150468475421e-14
-3.3719196142278013e-14
-1.8503790434372155e-14
-2.0530207445059564e-14
-1.5210250310175168e-14
-1.4628503029309305e-14
-2.7039167122919438e-14
-1.4479450783405736e-14
1.7158052394675367e-15
-2.9351498919315228e-14
9.2988181727885774e-16
-7.7792045397833952e-15
1.8021998053941777e-14
8.9537712521035403e-15
1.8720014168378894e-14
-1.7805156478290767e-16
-1.4458702045401185e-14
-8.0685078824706834e-15
7.0357344361957881e-15
8.7569814228567725e-15
7.6470358991975151e-15
1.6031870026398678e-14
1.8581013661820078e-16
1.1082632231647239e-14
1.1642961393857094e-14
8.6059055626605260e-15
2.2279970764887179e-14
2.4118743161423078e-14
2.8010797641142287e-14
3.1232989193937511e-14
3.6924470113838093e-14
2.1795464940622823e-14
1.2896292909997926e-15
4.5306895563576623e-15
1.6414907767082894e-14
1.6136265002958713e-15
3.1202287687092422e-14
5.8368204240499762e-14
3.8192613244133280e-14
3.3310140325489991e-14
1.4749439744625792e-14
2.1366432317575717e-14
4.8584393357952531e-14
4.0648033520044608e-14
5.2868907313157686e-14
5.9771152890548548e-14
5.7948088555647582e-14
3.6260664369895902e-14
2.3916368319749005e-14
2.4344094377076464e-14
2.2275665828096624e-14
1.9927394416524357e-14
3.1676418827927776e-14
6.0677409621637002e-14
4.8303603896214949e-14
1.7576250977386667e-14
1.4886419187457902e-14
1.0578689446121584e-14
1.7194597610610825e-14
1.0538008283544207e-14
2.5143043241174808e-14
2.8671612881043416e-14
3.5342426251392492e-14
-2.5789850816724958e-15
6.5822992971867301e-15
8.1613645745535344e-15
1.1806014077116064e-14
7.2029667409920440e-15
8.3944438410343127e-15
2.1500983863247560e-14
3.8026572544313004e-14
1.8363435487946474e-14
1.9534990026631947e-16
7.0083241165863688e-15
8.3412090850043323e-15
2.0050559540542623e-14
6.4838590453059626e-15
2.5572755640651304e-14
4.5578239689612865e-14
1.1562796220514930e-14
2.9145939746221225e-14
-2.4278097727036479e-15
1.4771158788221290e-14
1.4453508593428622e-14
2.0245026950105518e-14
2.6439022836897834e-14
2.7884276697965301e-14
-1.1402754564801101e-14
4.1175667457500688e-15
4.1703282761944983e-15
2.5496314518418737e-14
2.2640966030971772e-14
2.2485730692141282e-14
1.7263171552803065e-14
3.0357110597214291e-14
1.3846420252149186e-15
1.2526703449631416e-14
2.9542431635511372e-14
4.3461153129513517e-15
1.9084897066224394e-14
8.8804119695214098e-15
2.7288425750157255e-14
1.9038816298765990e-14
8.1053830383099706e-15
3.3556500169778105e-14
1.1913942893613478e-14
-5.4497825880140264e-15
2.2901024676328566e-15
8.0566430463783926e-15
2.1714613149699706e-15
1.4575267717023211e-14
8.2049306991978133e-15
1.1207640897209654e-14
2.2287064626049702e-14
6.8246910728267883e-15
1.1826564696841101e-14
5.4906462623343444e-15
1.8884477539142580e-14
2.7492441322402328e-14
1.0970817684524785e-15
1.1243545407847507e-14
2.0519956535050780e-14
