-1.7088990751072343e-14
0.0000000000000000e+00
8.5696389780909775e-15
1.7164307399325934e-14
1.7189260147380868e-14
2.5821203639736642e-14
1.2929200347765740e-14
8.6318269101172431e-15
0.0000000000000000e+00
1.7312858074343199e-14
2.1671676790474907e-14
1.7361745030742310e-14
2.1732585544231164e-14
-4.3525778033097431e-15
1.3075854699168737e-14
3.2734787177373121e-14
1.7482551470298645e-14
3.5012934860578367e-14
3.9443176379796606e-14
4.8273639128601254e-14
6.5916438530028065e-14
3.6302679673863190e-14
3.8554243551091719e-14
4.8532577409481602e-14
4.3074372802003740e-14
3.9813253671841585e-14
5.6475918123605870e-14
4.5461323276385235e-14
4.5520214935424424e-14
2.7792001585031440e-14
5.8438038373856078e-14
4.5695541696686622e-14
6.9746236302970489e-14
7.3745006807308731e-14
7.0481363592792866e-14
1.0389385689970191e-13
9.6452556527588611e-14
1.2520643197192528e-13
1.4925191797687180e-13
1.4633880388403346e-13
2.0512350699602976e-13
2.5502192483951556e-13
3.6604650482038698e-13
4.9543271081884476e-13
7.4516579588133954e-13
1.0499088470259117e-12
1.5301754498442655e-12
2.1820285776458080e-12
3.1334888088118084e-12
4.5427779282764371e-12
6.5483039500355487e-12
9.4169598049816429e-12
1.3528840685076756e-11
1.9361842599448942e-11
2.7677769977539665e-11
3.9496359337824295e-11
5.6243616545267667e-11
7.9926394206694949e-11
1.1335640040983240e-10
1.6041938027980064e-10
2.2656506208038126e-10
3.1925166153363076e-10
4.4898245461793056e-10
6.3006877081601355e-10
8.8230119728232861e-10
1.2329879024756586e-09
1.7194409873655016e-09
2.3927737665217103e-09
3.3228134715001574e-09
4.6046684464870002e-09
6.3676704621366300e-09
8.7872294752495880e-09
1.2100749716816208e-08
1.6628849120331976e-08
2.2803482407108549e-08
3.1205334972841309e-08
4.2613324751810539e-08
5.8069843759483413e-08
7.8966853389817193e-08
1.0715876399291508e-07
1.4511064969742915e-07
1.9609198077849037e-07
2.6442903486759381e-07
3.5583380509233471e-07
4.7783071892089300e-07
6.4030913426805239e-07
8.5623722136237073e-07
1.1425818283535541e-06
1.5214906506742422e-06
2.0218085916900953e-06
2.6810170342803226e-06
3.5477081339567153e-06
4.6847343744586427e-06
6.1732069166823237e-06
8.1175594265520986e-06
1.0651944549136290e-05
1.3948293935989160e-05
1.8226449021886409e-05
2.3766860350469743e-05
3.0926469232591369e-05
4.0158514981913427e-05
5.2037176548037633e-05
6.7288148921418962e-05
8.6826483966126057e-05
1.1180330062875651e-04
1.4366329131845431e-04
1.8421533296148217e-04
2.3571895972731755e-04
3.0098997630283712e-04
3.8352910454676834e-04
4.8767826122028690e-04
6.1880988696990649e-04
7.8355568835354334e-04
9.9008223557284225e-04
1.2484220925438516e-03
1.5708705557113882e-03
1.9724596601592378e-03
2.4715228912770698e-03
3.0903660295081331e-03
3.8560617671553627e-03
4.8013881829821496e-03
5.9659338458716051e-03
7.3973952494156689e-03
9.1530954546748394e-03
1.1301756229016049e-02
1.3925559603071225e-02
1.7122538601836865e-02
2.1009340907183875e-02
2.5724413332661403e-02
3.1431659179976174e-02
3.8324624728422900e-02
4.6631275191473184e-02
5.6619424356109005e-02
6.8602885669890534e-02
8.2948415614840329e-02
1.0008352263491049e-01
1.2050521648015504e-01
1.4478977338113608e-01
1.7360359174431922e-01
2.0771521081100064e-01
2.4800856068606891e-01
2.9549750603560621e-01
3.5134173729043022e-01
4.1686405208254973e-01
4.9356905559870778e-01
5.8316329128019029e-01
6.8757679258268034e-01
8.0898602210134563e-01
9.4983813609274848e-01
1.1128764801508104e+00
1.3011671854686582e+00
1.5181266947561136e+00
1.7675500026110356e+00
2.0536393471818655e+00
2.3810330386641372e+00
2.7548340560276126e+00
3.1806379870044159e+00
3.6645598285648115e+00
4.2132591068087715e+00
4.8339627175136863e+00
5.5344848327602154e+00
6.3232431665293554e+00
7.2092708444798399e+00
8.2022230819532460e+00
9.3123778414034586e+00
1.0550629617753447e+01
1.1928475489541196e+01
1.3457992577009920e+01
1.5151806067361687e+01
1.7023047003954229e+01
1.9085299091852121e+01
2.1352533848192454e+01
2.3839033523362648e+01
2.6559301338740188e+01
2.9527958729036271e+01
3.2759629441979818e+01
3.6268810534529187e+01
4.0069730511800302e+01
4.4176195080661593e+01
4.8601421232053305e+01
5.3357860621518007e+01
5.8457013482524069e+01
6.3909234577688238e+01
6.9723532964156121e+01
7.5907367615895467e+01
8.2466441201789053e+01
8.9404494558161929e+01
9.6723104611520284e+01
1.0442148869551625e+02
1.1249631835926820e+02
1.2094154587616215e+02
1.2974824672754073e+02
1.3890448134920203e+02
1.4839517938607102e+02
1.5820204959832915e+02
1.6830351839829535e+02
1.7867469977020448e+02
1.8928739903477350e+02
2.0011015256848847e+02
2.1110830517672315e+02
2.2224412635439643e+02
2.3347696615361443e+02
2.4476345082174376e+02
2.5605771778403050e+02
2.6731168893182900e+02
2.7847538055133026e+02
2.8949724759980802e+02
3.0032455941886485e+02
3.1090380337927240e+02
3.2118111239220161e+02
3.3110271170907328e+02
3.4061537997858795e+02
3.4966691914554207e+02
3.5820662747152784e+02
3.6618576974090388e+02
3.7355803859327307e+02
3.8028000090104143e+02
3.8631152319043321e+02
3.9161617028746787e+02
3.9616157165556251e+02
3.9991975027514752e+02
4.0286740939233891e+02
4.0498617302564554e+02
4.0626277675733803e+02
4.0668920603819356e+02
4.0626277998814186e+02
4.0498617946694912e+02
4.0286741900374591e+02
3.9991976299659194e+02
3.9616158740793344e+02
3.9161618897342947e+02
3.8631154469542537e+02
3.8028002509445008e+02
3.7355806532975060e+02
3.6618579886182175e+02
3.5820665880654235e+02
3.4966695251425028e+02
3.4061541519225131e+02
3.3110274857238733e+02
3.2118115070508708e+02
3.1090384293866572e+02
3.0032460002048617e+02
2.8949728903988478e+02
2.7847542262825732e+02
2.6731173144774647e+02
2.5605776054630280e+02
2.4476349364432670e+02
2.3347700885829616e+02
2.2224416877190401e+02
2.1110834714768703e+02
2.0011019394425821e+02
1.8928743967808487e+02
1.7867473955569437e+02
1.6830355721286827e+02
1.5820208734137813e+02
1.4839521596955885e+02
1.3890451669760989e+02
1.2974828077769311e+02
1.2094157857693786e+02
1.1249634967120824e+02
1.0442151859034054e+02
9.6723133071564874e+01
8.9404521575749840e+01
8.2466466778546575e+01
7.5907391762026265e+01
6.9723555697685669e+01
6.3909255923689649e+01
5.8457033472335944e+01
5.3357879291964871e+01
4.8601438624677421e+01
4.4176211240974581e+01
4.0069745488561594e+01
3.6268824379057975e+01
3.2759642207505074e+01
2.9527970470089485e+01
2.6559312110593925e+01
2.3839043381516962e+01
2.1352542847910609e+01
1.9085307287746353e+01
1.7023054449621029e+01
1.5151812815065790e+01
1.3457998677415743e+01
1.1928480991489566e+01
1.0550634568081183e+01
9.3123822848032347e+00
8.2022270608709036e+00
7.2092743990456585e+00
6.3232463345204302e+00
5.5344876495904973e+00
4.8339652162484006e+00
4.2132613182000149e+00
3.6645617811054398e+00
3.1806397069970975e+00
2.7548355676661243e+00
2.3810343641248215e+00
2.0536405067222709e+00
1.7675510146739986e+00
1.5181275760772022e+00
1.3011679511852567e+00
1.1128771439113312e+00
9.4983871016468602e-01
8.0898651747719152e-01
6.8757721908247382e-01
5.8316365765046363e-01
4.9356936960678560e-01
4.1686432060607531e-01
3.5134196640167303e-01
2.9549770108052659e-01
2.4800872635787935e-01
2.0771535121831061e-01
1.7360371047406131e-01
1.4478987355614698e-01
1.2050530081179368e-01
1.0008359347097368e-01
8.2948474982808509e-02
6.8602935315967145e-02
5.6619465780279661e-02
4.6631309678921068e-02
3.8324653377197614e-02
3.1431682925971351e-02
2.5724432971509489e-02
2.1009357113438758e-02
1.7122551945993020e-02
1.3925570566409381e-02
1.1301765216526432e-02
9.1531028062642114e-03
7.3974012496271606e-03
5.9659387324306904e-03
4.8013921538481198e-03
3.8560649868118464e-03
3.0903686344145504e-03
2.4715249941609707e-03
1.9724613540541593e-03
1.5708719172186228e-03
1.2484231844791479e-03
9.9008310938875229e-04
7.8355638614272069e-04
6.1881044296377787e-04
4.8767870323517903e-04
3.8352945521711034e-04
3.0099025386896351e-04
2.3571917896136389e-04
1.8421550576857003e-04
1.4366342721682733e-04
1.1180340732387950e-04
8.6826567487895121e-05
6.7288214234741760e-05
5.2037227454690862e-05
4.0158554577488767e-05
3.0926500015808734e-05
2.3766884220573275e-05
1.8226467449308690e-05
1.3948308185408565e-05
1.0651955464187515e-05
8.1175678087487417e-06
6.1732133099724289e-06
4.6847392489515478e-06
3.5477118258361197e-06
2.6810198178516798e-06
2.0218107478612542e-06
1.5214922327859980e-06
1.1425830177138842e-06
8.5623809096897960e-07
6.4030976012553947e-07
4.7783117049503252e-07
3.5583413628283288e-07
2.6442927845618687e-07
1.9609217480117673e-07
1.4511080149448002e-07
1.0715884968922124e-07
7.8966907177918187e-08
5.8069867722396592e-08
4.2613325981506105e-08
3.1205348512999515e-08
2.2803484600022977e-08
1.6628881086547346e-08
1.2100766973251100e-08
8.7872217203289437e-09
6.3676659043600737e-09
4.6046302217143771e-09
3.3227888938219165e-09
2.3927365131149596e-09
1.7194004212704031e-09
1.2329715392242816e-09
8.8227533853722384e-10
6.3000629819552725e-10
4.4892929379355711e-10
3.1921933739525516e-10
2.2651201531014029e-10
1.6039403756569641e-10
1.1332418119581304e-10
7.9905704562543421e-11
5.6211468150557599e-11
3.9457365313273334e-11
2.7634237061184268e-11
1.9309204020277863e-11
1.3446542904633568e-11
9.3804245584055755e-12
6.4981253757057737e-12
4.4926570083054841e-12
3.1039061257947033e-12
2.1320237560747581e-12
1.4439044304168438e-12
9.8074638518079233e-13
6.5230318909977455e-13
4.5584333894975894e-13
2.8131351759344555e-13
1.6700550830198364e-13
6.8750186410757225e-14
1.3508197281603087e-14
-1.2648467625158628e-14
-5.4742722498935922e-14
-9.0564464413985821e-14
-8.1770906239118485e-14
-9.4534527358587240e-14
-1.0838281303498406e-13
-1.0099255016670128e-13
-9.5849185022318281e-14
-9.6840177876675797e-14
-7.2259204121081760e-14
-8.2158436712717253e-14
-4.8233355183481898e-14
-4.0972724913204250e-14
-5.0872490802908696e-14
-1.1044710974872753e-14
-1.5442183721198690e-14
-1.3218597788945733e-14
-2.4201786449242128e-14
-2.8563790029678834e-14
-1.0971281620136650e-14
0.0000000000000000e+00
-1.3129850572716887e-14
1.0926594668936653e-14
1.3093914870949250e-14
4.3586182330562461e-15
8.7051556066194861e-15
-8.6930342176924651e-15
8.6808725153711548e-15
8.6686707161899631e-15
0.0000000000000000e+00
-2.1610369239551664e-14
-8.6318269101172431e-15
-2.5858400695531479e-14
-2.5821203639736642e-14
-3.4378520294761736e-14
-2.5746461098988902e-14
-4.2848194890454886e-14
-3.4228344518690148e-14
-4.2722476877680858e-14
-3.4127467748937662e-14
-5.1115206220424031e-14
-4.2532489482130527e-14
-5.9456304173605442e-14
-6.7847846303219381e-14
-5.0809003598696956e-14
-5.0731904392130992e-14
-5.0654588453753693e-14
-5.0577057131835549e-14
-6.7332415702455408e-14
-5.0421353741392283e-14
-8.3905307300374893e-14
-1.0052961010030892e-13
-6.6914956146712748e-14
-8.3512369867864566e-14
-1.1673298197171648e-13
-1.1654816891125011e-13
-9.9739612990619396e-14
-9.9580391912755375e-14
-9.9420770002301348e-14
-1.1580420833721309e-13
-9.9100334663350187e-14
-1.3191936897769855e-13
-9.8778328967293588e-14
-1.3148899216376869e-13
-1.6409129160072105e-13
-1.6382070707289437e-13
-1.6354949123225021e-13
-1.6327764869465673e-13
-1.3040414726456085e-13
-1.6273210201555996e-13
-1.2996672570309630e-13
-1.6218410405459987e-13
-1.2952735794473413e-13
-1.6163369190006506e-13
-1.2908607368658129e-13
-1.6108090270540079e-13
-1.2864290267621704e-13
-1.2842061894806248e-13
-9.6148406031293124e-14
-9.5981005266281438e-14
-9.5813264716293758e-14
-7.9704322652864423e-14
-7.9563979559639523e-14
-1.1119270445057933e-13
-9.5138960734488784e-14
-9.4969563325040134e-14
-9.4799842967945067e-14
-9.4629802474648198e-14
-9.4459444657882373e-14
-4.7144386165796040e-14
-6.2745192207238258e-14
-7.8288746176514669e-14
-7.8145747042996039e-14
-4.6801497124110125e-14
-6.2287194413702557e-14
-4.6629145694106488e-14
-7.7571246976245594e-14
-4.6456204695650300e-14
-4.6369516634530708e-14
-6.9424028119996349e-14
-4.6195712443182546e-14
-3.0739066090246156e-14
