-2.5021726341284574e-14
-7.5812810003243234e-14
-1.5396916699577020e-13
-2.2255792470034262e-13
-2.6169319279677031e-13
-3.0431831763957288e-13
-3.5790786004875988e-13
-4.3046268197112948e-13
-4.6644810714076640e-13
-5.2405206093887668e-13
-6.2154291599756546e-13
-7.1310153002199973e-13
-7.7243102863913744e-13
-8.4851187050354551e-13
-9.3884116132683305e-13
-1.0256557710348264e-12
-1.0964067190517970e-12
-1.1779976946823241e-12
-1.2818835965779482e-12
-1.3654336532366607e-12
-1.4583811164281720e-12
-1.5371615714466001e-12
-1.6151177620008910e-12
-1.7193835687889651e-12
-1.7558659237995848e-12
-1.8204937737649162e-12
-1.8909487455066909e-12
-1.9503312416342274e-12
-1.9950723458766331e-12
-2.0179227856593248e-12
-2.0109309956288379e-12
-1.9940430814079929e-12
-1.9311021700178796e-12
-1.8515333150986386e-12
-1.7896003563863919e-12
-1.7060761798778549e-12
-1.5836950041670812e-12
-1.4372820773298989e-12
-1.3124628224693038e-12
-1.1480648933300863e-12
-8.8735164321608106e-13
-6.4676949969955905e-13
-4.4791745501550328e-13
-2.0862915178751666e-13
1.6986108272097162e-14
2.3103580991158515e-13
4.2550350155307477e-13
6.0941962943215361e-13
8.1564853579217902e-13
1.0418895219933393e-12
1.2726655044994288e-12
1.5308187854130985e-12
1.7969568196183680e-12
2.0649810583177120e-12
2.3491337974488860e-12
2.6734068332040284e-12
3.0621978029300098e-12
3.4452489608217155e-12
3.8116936133592831e-12
4.2354470658362509e-12
4.6153493351640372e-12
5.0063607819230406e-12
5.3991970930024412e-12
5.7995010561320158e-12
6.2082232340452602e-12
6.6209779766329373e-12
7.0915525000880651e-12
7.6232670418645632e-12
8.1064194812128585e-12
8.6038608067777860e-12
9.1080936824161980e-12
9.6395139946052144e-12
1.0189128701590788e-11
1.0797490128622804e-11
1.1417233189564482e-11
1.2080170246663543e-11
1.2684411430511076e-11
1.3313153663095699e-11
1.3933074114015814e-11
1.4532833295163568e-11
1.5095801262028766e-11
1.5642411950721633e-11
1.6258894532763899e-11
1.6892047325491330e-11
1.7487854160080236e-11
1.8085117717971276e-11
1.8657848047171647e-11
1.9256641024623509e-11
1.9833454854361956e-11
2.0405452557570946e-11
2.0990509960926176e-11
2.1609295752660280e-11
2.2136866772266345e-11
2.2671955153425339e-11
2.3209097954873743e-11
2.3720206008426934e-11
2.4194449446235531e-11
2.4646418817497598e-11
2.5128658336261471e-11
2.5620049472791109e-11
2.6008152898090204e-11
2.6393622282286531e-11
2.6755625689654017e-11
2.7095019537108498e-11
2.7355824139529559e-11
2.7619612491483106e-11
2.7872681104157057e-11
2.8073995525463000e-11
2.8189415791188776e-11
2.8301324341514848e-11
2.8380649162091521e-11
2.8410089736978885e-11
2.8362093068035747e-11
2.8283034647875384e-11
2.8192541677775924e-11
2.8029951948616526e-11
2.7791481926599082e-11
2.7510806705337455e-11
2.7232484494404200e-11
2.6912360313122432e-11
2.6537447345409578e-11
2.6149924234947553e-11
2.5742798826879279e-11
2.5278215822361916e-11
2.4764704541663826e-11
2.4206032131376657e-11
2.3666427420244567e-11
2.3115832262320865e-11
2.2543959466465854e-11
2.1970257462375130e-11
2.1383304594225700e-11
2.0752656551897517e-11
2.0094720825200287e-11
1.9440399963960924e-11
1.8810625665827492e-11
1.8168940509247439e-11
1.7521321901521859e-11
1.6894671275071818e-11
1.6284880147111707e-11
1.5666848777992245e-11
1.5045634060224848e-11
1.4450280299016913e-11
1.3904621122194607e-11
1.3376723769312093e-11
1.2857851074280470e-11
1.2363663500830706e-11
1.1861359311381517e-11
1.1308407861085120e-11
1.0802911490395245e-11
1.0269008067939198e-11
9.7928032607128003e-12
9.3328906788620600e-12
8.8556676485825362e-12
8.4213163000357665e-12
7.9953609086989355e-12
7.5378957536698474e-12
7.1377500532070148e-12
6.7169280247222541e-12
6.3118082852713454e-12
5.9308251033556089e-12
5.5675607308938297e-12
5.2209571885845368e-12
4.8709122581794365e-12
4.5140838059819548e-12
4.1819586797277937e-12
3.8312808255199047e-12
3.5584262604690503e-12
3.2825741217401076e-12
3.0036829754980412e-12
2.7330469019612280e-12
2.4632607928010805e-12
2.1771228443454591e-12
1.9341095480429362e-12
1.6653251200135848e-12
1.4479556804984171e-12
1.2626313070407269e-12
1.0996189001921802e-12
9.5661297521178934e-13
8.1813470409008456e-13
6.9282345393241607e-13
5.8968098159556584e-13
4.8841275607953628e-13
3.8905932108777152e-13
3.0140268996713160e-13
1.7885157475814422e-13
9.3127720652825575e-14
4.7561925016029422e-14
2.4665720836340075e-15
1.2876242883130373e-14
4.8548219567706474e-14
8.6015901706451025e-14
1.4510343740409352e-13
2.1256903813003713e-13
2.8403195679964811e-13
3.4226603483722276e-13
3.7639844879583844e-13
4.6131227635232739e-13
5.3208919549518473e-13
5.9543084098183735e-13
6.7169459478910138e-13
7.0935859819578531e-13
7.0635372318234163e-13
7.2886018809132882e-13
7.2354063996370912e-13
7.5888582448837175e-13
7.6193822381684190e-13
7.5617010320328162e-13
7.5862582457047322e-13
7.8107038543587463e-13
8.1553309868480214e-13
8.2044074909053129e-13
8.4903952345496163e-13
8.8998648091087242e-13
9.5362329940724837e-13
9.9278783569372816e-13
1.0295795079007395e-12
1.0515375713732460e-12
1.0686873838327643e-12
1.0775959809532462e-12
1.0776129610810926e-12
1.1071367896411993e-12
1.1370639698952833e-12
1.1194718388331552e-12
1.1042729282356421e-12
1.0665246711090673e-12
1.0172245134918691e-12
9.5914947365638495e-13
8.7835277984288064e-13
8.3628896466805318e-13
7.9515835542719861e-13
7.1299774414830655e-13
6.1189685013433521e-13
4.8921074050376949e-13
3.6068576465758953e-13
2.7104656490414625e-13
1.9537115498604045e-13
1.6246093811809843e-13
1.6586055901333376e-13
1.4835744659131189e-13
1.4489664041360065e-13
1.6039044903516694e-13
1.5240107443816153e-13
1.3223842368373542e-13
1.2832534238389166e-13
1.5191421116991651e-13
1.9981313577534516e-13
2.1560978914660906e-13
2.0665178188656360e-13
2.0861069452564485e-13
1.8745428262759600e-13
1.5566559333646032e-13
1.1977843997350727e-13
1.1121935074420205e-13
1.0370782761417851e-13
7.6308117573566044e-14
2.3881645375738004e-14
