-1.0068272468067196e-12
6.0439632634022750e-13
1.4105293683686559e-12
-8.6893846584151519e-13
-2.1264109989368433e-12
-8.0564797788607460e-13
-6.7963810196062983e-13
7.4666889912456782e-13
-1.8034243588847699e-14
-1.4298681140873854e-12
2.1531588871169155e-13
2.4286570872352430e-12
-4.9379813446826472e-13
-6.1958288317649640e-13
-1.4570632336805526e-12
1.2425020341097665e-12
-3.1403958734709202e-12
-2.2269795160196923e-12
5.5308363385633794e-13
3.4448944466866350e-13
-1.8614637470264293e-12
-3.8387186409894631e-13
-1.5220940161041731e-12
-3.9749651493414493e-13
3.5427570930917308e-13
-1.5368579303201878e-12
7.0268724010296303e-13
1.2841060791070368e-12
-1.0305462705747844e-12
-7.0960713298123233e-14
-2.1048862025655634e-12
2.4365066964089301e-12
-1.7765256731617533e-12
1.4594312734591814e-13
-9.9226275412048716e-13
1.3356112977952163e-12
-8.2522983474516644e-15
-5.2613687722470158e-13
-5.5868161967307957e-13
9.9807277425763346e-13
-1.6987404068348243e-12
6.5301609254273206e-13
-1.1555306585614351e-12
-9.7100103810080434e-13
-1.8127299654559997e-12
3.3483206900268543e-13
-1.8196885611036936e-12
4.0530276835540010e-13
-1.9215940471224006e-12
-4.0923322878798381e-13
-3.0159964044837845e-13
-2.9001315909439306e-13
7.2730380896874445e-14
-1.6633864891773688e-12
1.9743222931506514e-12
1.7800601232336070e-12
-2.8804978546339989e-13
-2.6183754303547314e-13
3.1657350337296565e-13
2.6858940499355802e-13
-4.0496392586034247e-13
2.8374171871837886e-13
2.3500516570734587e-12
-1.2473329882345822e-12
7.5600516963275576e-13
1.3428927475172149e-12
3.1857748025206374e-12
3.8527743130129409e-12
2.4882388942706547e-12
1.9623182856887571e-12
5.0021427838023350e-12
6.3257821098156819e-12
8.5167278848654574e-12
8.6627261792771555e-12
1.0336809628336778e-11
1.1707495714903473e-11
1.4159691262264714e-11
1.1223865927821648e-11
9.2620443820848864e-12
2.5317640306016962e-12
-1.0525912965004164e-11
-4.3143043593725581e-11
-9.1272734832293313e-11
-1.7388674815081249e-10
-3.0688235390053074e-10
-5.1496468482550970e-10
-8.3582842057587620e-10
-1.3236211303352268e-09
-2.0507865356754725e-09
-3.1319595885265821e-09
-4.7190837676507631e-09
-7.0209471302011675e-09
-1.0345991737934262e-08
-1.5098425437716406e-08
-2.1849048657531459e-08
-3.1369577156454612e-08
-4.4715230608320938e-08
-6.3304906151755032e-08
-8.9045937602040868e-08
-1.2448947228412091e-07
-1.7301300391657332e-07
-2.3909242992482475e-07
-3.2858971253369012e-07
-4.4916261231533092e-07
-6.1075241655447710e-07
-8.2619046376292178e-07
-1.1119381122894088e-06
-1.4889606045528769e-06
-1.9838310413631546e-06
-2.6299740892083969e-06
-3.4691417356769994e-06
-4.5531088449150963e-06
-5.9455709014831269e-06
-7.7242153926881817e-06
-9.9829342171710995e-06
-1.2834026203744333e-05
-1.6410277705384954e-05
-2.0866660886252519e-05
-2.6381269355958836e-05
-3.3155034131772499e-05
-4.1409531858998848e-05
-5.1381948296826191e-05
-6.3315966533838654e-05
-7.7447038057900641e-05
-9.3979908473780472e-05
-1.1305575914290015e-04
-1.3470565505672733e-04
-1.5878608098612282e-04
-1.8489136157989338e-04
-2.1223661632224869e-04
-2.3950342457001170e-04
-2.6463889933298594e-04
-2.8459691722618235e-04
-2.9500830452999435e-04
-2.8976436728684815e-04
-2.6049585850394509e-04
-1.9592654477756629e-04
-8.1077893981889584e-05
1.0370152470498759e-04
3.8391124573697636e-04
7.9231070745492077e-04
1.3706020061669626e-03
2.1714198723372089e-03
3.2606661838541144e-03
4.7202263643074472e-03
6.6511035811196943e-03
9.1770034574257722e-03
1.2448396393457564e-02
1.6647076364422194e-02
2.1991223381097227e-02
2.8740961195259224e-02
3.7204381836598771e-02
4.7743983437225711e-02
6.0783436969705035e-02
7.6814560733031167e-02
9.6404337918168742e-02
1.2020176249547875e-01
1.4894424151617905e-01
1.8346321840436974e-01
2.2468861174267485e-01
2.7365158887050006e-01
3.3148511429330213e-01
3.9942163077085990e-01
4.7878714914835679e-01
5.7099094308107656e-01
6.7750997116560041e-01
7.9986708478424118e-01
9.3960203003678477e-01
1.0982342212507834e+00
1.2772162572951273e+00
1.4778771757311775e+00
1.7013545000625270e+00
1.9485142373078312e+00
2.2198581332803142e+00
2.5154176955505996e+00
2.8346347545632682e+00
3.1762286540962008e+00
3.5380505458140212e+00
3.9169257085389031e+00
4.3084853194530934e+00
4.7069896666145459e+00
5.1051454030520453e+00
5.4939200915323880e+00
5.8623579625285256e+00
6.1974014889820070e+00
6.4837240502316007e+00
6.7035795910100004e+00
6.8366757537699696e+00
6.8600774461241105e+00
6.7481481704201416e+00
6.4725366589849749e+00
6.0022163969457889e+00
5.3035854458438383e+00
4.3406335796330113e+00
3.0751830882202627e+00
1.4672086755520564e+00
-5.2475933104601535e-01
-2.9431457379008878e+00
-5.8307542582217220e+00
-9.2301053846168308e+00
-1.3182691710912302e+01
-1.7728156515933502e+01
-2.2903404030289249e+01
-2.8741652501920090e+01
-3.5271443886364004e+01
-4.2515626635661739e+01
-5.0490330559552909e+01
-5.9203954994458257e+01
-6.8656193447739525e+01
-7.8837119395883263e+01
-8.9726358919154137e+01
-1.0129237627230894e+02
-1.1349189825433044e+02
-1.2626950229506903e+02
-1.3955739148854195e+02
-1.5327537735527218e+02
-1.6733108791693761e+02
-1.8162041474727238e+02
-1.9602820808006649e+02
-2.1042922389011201e+02
-2.2468932122209503e+02
-2.3866690205402608e+02
-2.5221457979387102e+02
-2.6518105628470528e+02
-2.7741318111002818e+02
-2.8875816122882804e+02
-2.9906588371110689e+02
-3.0819130976626428e+02
-3.1599689452265551e+02
-3.2235498427471623e+02
-3.2715014128684442e+02
-3.3028134582563303e+02
-3.3166402594503842e+02
-3.3123186769777845e+02
-3.2893836187637737e+02
-3.2475804804524876e+02
-3.1868742241833473e+02
-3.1074548293494860e+02
-3.0097389252525426e+02
-2.8943674984307256e+02
-2.7621996545954943e+02
-2.6143025042241129e+02
-2.4519373294774689e+02
-2.2765422757818993e+02
-2.0897118917297541e+02
-1.8931739136576087e+02
-1.6887637543054313e+02
-1.4783972065814001e+02
-1.2640419122376760e+02
-1.0476881701591991e+02
-8.3131966937310537e+01
-6.1688472761483006e+01
-4.0626859760575520e+01
-2.0126737079303286e+01
-3.5639632625869783e-01
1.8529338768489549e+01
3.6390975346188185e+01
5.3105898087773141e+01
6.8569578417622679e+01
8.2696433235929945e+01
9.5420328374867495e+01
1.0669473001988750e+02
1.1649251501484288e+02
1.2480545808341084e+02
1.3164342037959992e+02
1.3703326928419898e+02
1.4101756388231018e+02
1.4365304401275847e+02
1.4500896313210447e+02
1.4516530647725918e+02
1.4421093616688768e+02
1.4224170401007595e+02
1.3935857097375356e+02
1.3566576960458025e+02
1.3126904233075149e+02
1.2627398462119622e+02
1.2078451759928342e+02
1.1490151004298579e+02
1.0872156489908973e+02
1.0233598063443803e+02
9.5829893071152853e+01
8.9281598919835176e+01
8.2762058133740638e+01
7.6334568538333059e+01
7.0054603005783832e+01
6.3969796785290015e+01
5.8120070490088558e+01
5.2537872686297540e+01
4.7248525015276016e+01
4.2270652284024422e+01
3.7616679938939839e+01
3.3293381747959586e+01
2.9302461299446236e+01
2.5641152021726775e+01
2.2302821771782771e+01
1.9277569571664600e+01
1.6552803724850126e+01
1.4113792263236682e+01
1.1944178406169810e+01
1.0026455407302745e+01
8.3423967833627408e+00
6.8734394271786332e+00
5.6010184795802171e+00
4.5068540523301213e+00
3.5731909448873687e+00
2.7829933764266261e+00
2.1200974609969538e+00
1.5693246932169511e+00
1.1165600939284179e+00
7.4879890194591836e-01
4.5416580454479732e-01
2.2191069209293171e-01
4.2384818490293935e-02
-9.2998933563314734e-02
-1.9181822782375105e-01
-2.6070272565630515e-01
-3.0540196887806370e-01
-3.3085718750060883e-01
-3.4127486809784890e-01
-3.4020025633376688e-01
-3.3058929155594863e-01
-3.1487777636767877e-01
-2.9504686465720203e-01
-2.7268420436138707e-01
-2.4904029462662786e-01
-2.2507981012626366e-01
-2.0152780841353368e-01
-1.7891087061890307e-01
-1.5759333311892909e-01
-1.3780885028394188e-01
-1.1968758868336522e-01
-1.0327939376251757e-01
-8.8573293773318268e-02
-7.5513715399964002e-02
-6.4013783691787063e-02
-5.3966067817099381e-02
-4.5251116247746886e-02
-3.7744101959584234e-02
-3.1319872049125778e-02
-2.5856667898247816e-02
-2.1238753306540983e-02
-1.7358159449093580e-02
-1.4115727869461641e-02
-1.1421606890217269e-02
-9.1953326382484095e-03
-7.3656041362934284e-03
-5.8698421832477790e-03
-4.6536046849365315e-03
-3.6699158627359744e-03
-2.8785540785509350e-03
-2.2453321190726485e-03
-1.7413946872828006e-03
-1.3425505761258838e-03
-1.0286508799111638e-03
-7.8302018145648107e-04
-5.9194363540167056e-04
-4.4421055841035073e-04
-3.3071284674106262e-04
-2.4409535472230912e-04
-1.7845439288943294e-04
-1.2908006106554534e-04
-9.2237856436308609e-05
-6.4985076868471687e-05
-4.5017637909202864e-05
-3.0543214393204885e-05
-2.0176919967998548e-05
-1.2856165403540848e-05
-7.7715890587614862e-06
-4.3114713918101695e-06
-2.0172609217329733e-06
-5.4827677042449513e-07
3.4616198206124727e-07
8.4853669171148958e-07
1.0900827468595765e-06
1.1638926179999266e-06
1.1349219342273931e-06
1.0476032175086965e-06
9.3159583789570848e-07
8.0603807257373356e-07
6.8272639708327084e-07
5.6841022671802863e-07
4.6648756728998798e-07
3.7814373895997990e-07
3.0323959716748348e-07
2.4084138086295929e-07
1.8962208571867476e-07
1.4810782951713009e-07
1.1482737802491404e-07
8.8410832173923442e-08
6.7622662696733238e-08
5.1404101924399730e-08
3.8840614176183197e-08
2.9181054926703869e-08
2.1803055642314561e-08
1.6201532967640789e-08
1.1972416230034501e-08
8.8043112299771616e-09
6.4411481131460263e-09
4.6864363756159049e-09
3.3934871556144511e-09
2.4456316354469492e-09
1.7543547171243306e-09
1.2512146363610998e-09
8.8797605006047006e-10
6.2555680978222414e-10
4.4011767053403058e-10
3.0984523001531139e-10
2.1226523392159295e-10
1.4771204318086893e-10
1.0172799624929392e-10
7.1004889283025416e-11
4.7203275452733856e-11
3.2915429345800398e-11
2.1850104713125579e-11
1.5629227275164001e-11
1.0390783329173265e-11
6.6941575888221396e-12
4.8389288525180428e-12
3.9083122751582767e-12
9.6110529353674072e-13
-1.0774859417884302e-12
2.6058386277718880e-13
-1.5225552617964120e-12
-5.1841970750017699e-14
-2.0982708182578295e-12
-1.7344022053138941e-13
3.4826254566559518e-13
6.8398922102485851e-13
5.9716561928087826e-13
-7.0647487013701643e-15
7.3445113439506096e-13
6.3560177499744430e-13
-9.6431109340608712e-13
5.0516153106005473e-13
8.2177968706786162e-13
3.0065182534285291e-13
1.0859938149104010e-12
2.0248712704057980e-12
-5.8164749555805386e-13
1.0642740001634290e-13
1.9051058879649484e-13
1.1100201751786844e-13
7.1964824623892009e-13
-2.1532368963025391e-12
2.4644505497622813e-12
6.4919248631094403e-13
1.3629387907151412e-13
6.2395028453685128e-13
-1.5986073567495329e-13
9.1351404553808431e-13
5.0377415649209317e-13
-3.6809197843566158e-13
6.7960876084671108e-13
-4.2266752259099759e-14
-1.4636264609809180e-12
1.2162770670815493e-12
9.4438746851819549e-13
-8.0072325992008477e-14
3.5192811447496123e-13
1.7541928134948032e-13
3.2324758070934388e-12
1.2626402388322175e-12
-4.1159044881151183e-13
1.2773970111465951e-12
6.0235705397585370e-13
-2.3927632427900501e-12
9.0580473572748891e-13
2.0421610932915399e-12
2.1164796011513967e-12
5.2255695305634755e-13
-3.6534362883103330e-13
-3.9280469072378867e-14
2.4299589477846391e-12
-1.4832906978688067e-12
-1.5471219985813601e-12
-1.5773850180108870e-12
1.1197930103850076e-12
-1.8727728360121274e-12
1.9796885004062789e-12
-8.2691641424724913e-13
2.0607992867443320e-12
2.7116907135911214e-13
1.8375127047908769e-12
2.4864065622681694e-13
1.4471534750139994e-12
-1.3555973263536918e-12
-4.0308415216049439e-13
-1.1829037430242852e-12
6.2702711349503583e-13
-8.5016583194432939e-13
3.9884356651668322e-13
2.3596633437222387e-13
1.7181966274606748e-13
-1.8110724856075855e-12
4.0909755520605641e-13
-4.1000389132198236e-13
-9.5311261766629347e-14
8.6744208562103337e-13
-5.9653473840991644e-13
-1.1450158263309299e-12
2.6488425769137813e-14
6.1597218449752113e-14
-1.2785359616402415e-12
1.9892477358135606e-14
4.1225803229737542e-13
-1.4017673813397835e-12
7.9924725696722949e-13
-1.6582941256273765e-12
-4.9485838154186485e-13
-2.1814808125457606e-13
2.5662344384651042e-13
1.1193150488230176e-12
