-7.6060392052813333e-13
1.2868599477052635e-12
1.0135503778821843e-12
-9.9084643108815464e-13
7.9992439163853994e-15
4.9174660654874282e-13
-2.6819720271818184e-13
2.5079141929924752e-12
6.1912132557454757e-13
1.0875428210744442e-12
-8.2549715070614430e-13
9.9854477536879152e-13
-1.3629969333371550e-12
5.3169542284235989e-13
9.5471697708739282e-14
2.3242304569065278e-13
-4.3352037983539299e-13
1.1200550928753457e-12
-1.0049733260827707e-12
6.9175066587605960e-14
1.5587240108124651e-12
-1.0083459344357204e-12
-6.2802230518258532e-13
2.0526156169402762e-13
-3.8017903672587090e-14
-2.1174225218154414e-12
-1.4101333133177527e-12
-1.0606605971111961e-12
-1.2589785308391991e-12
-1.2170669283108393e-12
-2.1849063420250109e-12
-5.9508118723860491e-12
-8.0381860928190289e-12
-9.3043388057884920e-12
-1.4394616912055743e-11
-1.8691605659692586e-11
-2.3776471044864250e-11
-3.3819787997883180e-11
-4.5060485519003476e-11
-5.5820030629289159e-11
-7.3339895110622404e-11
-9.4253286240864145e-11
-1.1707951517551083e-10
-1.4136397022656750e-10
-1.6651370504143378e-10
-1.8677973374876846e-10
-1.9597035713087346e-10
-1.8355738753686049e-10
-1.2654353609881206e-10
-2.2873131408592496e-12
2.4187079976473935e-10
6.7374847880124657e-10
1.3934174686116212e-09
2.5469254426173173e-09
4.3629381560897310e-09
7.1427225044773615e-09
1.1332128976495120e-08
1.7559978711121246e-08
2.6700378182010859e-08
3.9973133335353727e-08
5.9055633803477284e-08
8.6256473770257190e-08
1.2471663209073248e-07
1.7868527523348678e-07
2.5388839061469985e-07
3.5798424345906964e-07
5.0116081302100505e-07
6.9689404685739126e-07
9.6290192797444939e-07
1.3223627929848807e-06
1.8054055249815052e-06
2.4509805156207304e-06
3.3091608298882556e-06
4.4439209617839206e-06
5.9365185033648575e-06
7.8895301591541128e-06
1.0431632232869660e-05
1.3723167406963884e-05
1.7962596115606335e-05
2.3393790724992791e-05
3.0314143309647235e-05
3.9083389776771668e-05
5.0132870209467982e-05
6.3974838884628450e-05
8.1211228477534925e-05
1.0254094210969304e-04
1.2876439770663785e-04
1.6078362369087676e-04
1.9959549444757493e-04
2.4627503218921132e-04
3.0194472429727847e-04
3.6772466549675091e-04
4.4465692636581054e-04
5.3359594393369856e-04
6.3505466732426054e-04
7.4899399591718400e-04
8.7454024056526339e-04
1.0096124143950682e-03
1.1504375301604548e-03
1.2909283777890026e-03
1.4218938674620723e-03
1.5300474801404785e-03
1.5967745010964202e-03
1.5966136420472610e-03
1.4954035304079513e-03
1.2480397481444048e-03
7.9578341198109626e-04
6.3058620796582589e-05
-1.0463266991735730e-03
-2.6536031554510418e-03
-4.9101712581154427e-03
-8.0035039696290545e-03
-1.2163875868759940e-02
-1.7671963344218031e-02
-2.4867344588976274e-02
-3.4157906587035623e-02
-4.6030138516198561e-02
-6.1060255526600535e-02
-7.9926053575289660e-02
-1.0341934378332505e-01
-1.3245875337256888e-01
-1.6810260910199276e-01
-2.1156153859022020e-01
-2.6421033492779583e-01
-3.2759853151704565e-01
-4.0345902847271925e-01
-4.9371400072800237e-01
-6.0047720398959703e-01
-7.2605168081164484e-01
-8.7292175942375738e-01
-1.0437381368720651e+00
-1.2412947513873878e+00
-1.4684960821997779e+00
-1.7283134753724803e+00
-2.0237290886846084e+00
-2.3576660845987574e+00
-2.7329037855403553e+00
-3.1519766476248519e+00
-3.6170561145530518e+00
-4.1298146886161380e+00
-4.6912719059014796e+00
-5.3016223309570680e+00
-5.9600461934773614e+00
-6.6645038751082675e+00
-7.4115161137961714e+00
-8.1959325187572958e+00
-9.0106917703136986e+00
-9.8465777004195374e+00
-1.0691976293103906e+01
-1.1532639486423191e+01
-1.2351462472828992e+01
-1.3128281952776936e+01
-1.3839703465027402e+01
-1.4458966461296626e+01
-1.4955856177102808e+01
-1.5296671538778472e+01
-1.5444258304414042e+01
-1.5358116331350292e+01
-1.4994589267559329e+01
-1.4307144056045200e+01
-1.3246746406034381e+01
-1.1762336815362927e+01
-9.8014098298950625e+00
-7.3106970124582942e+00
-4.2369515937736750e+00
-5.2783003060220046e-01
3.8671372450673944e+00
8.9954966727355625e+00
1.4900757916234184e+01
2.1621232722383720e+01
2.9188846245825680e+01
3.7627943531858399e+01
4.6954116247921995e+01
5.7173076717846087e+01
6.8279607742020886e+01
8.0256617490369436e+01
9.3074328853988447e+01
1.0668963197143179e+02
1.2104562716185013e+02
1.3607138317630705e+02
1.5168193252188692e+02
1.6777852164847178e+02
1.8424912907034684e+02
2.0096925910673576e+02
2.1780301297589153e+02
2.3460443260082693e+02
2.5121910583609889e+02
2.6748601507829989e+02
2.8323960456403108e+02
2.9831203528264842e+02
3.1253559053177878e+02
3.2574518991282872e+02
3.3778096517933233e+02
3.4849084797444277e+02
3.5773311726128213e+02
3.6537885326818952e+02
3.7131424511222866e+02
3.7544270096336538e+02
3.7768671266208435e+02
3.7798943105756871e+02
3.7631591390361314e+02
3.7265401480734909e+02
3.6701488930848620e+02
3.5943310247965735e+02
3.4996633126179387e+02
3.3869466384380763e+02
3.2571950751442222e+02
3.1116212530336105e+02
2.9516183014268745e+02
2.7787387298340713e+02
2.5946706808532019e+02
2.4012120437483972e+02
2.2002429618565461e+02
1.9936972974870892e+02
1.7835336341050137e+02
1.5717063970640947e+02
1.3601376611571632e+02
1.1506901863837746e+02
9.4514218360647661e+01
7.4516426055071989e+01
5.5229893757164611e+01
3.6794305369941682e+01
1.9333330878366006e+01
2.9535109307911847e+00
-1.2256519412516575e+01
-2.6226466830958721e+01
-3.8904482431524073e+01
-5.0256944686660368e+01
-6.0267942752210168e+01
-6.8938485908165717e+01
-7.6285469561585458e+01
-8.2340431951672400e+01
-8.7148138355493515e+01
-9.0765031195691066e+01
-9.3257585017502436e+01
-9.4700604878923983e+01
-9.5175505359240731e+01
-9.4768605232748669e+01
-9.3569469990356836e+01
-9.1669330948085914e+01
-8.9159605792718921e+01
-8.6130541218502202e+01
-8.2669993941387929e+01
-7.8862361968870488e+01
-7.4787673675936844e+01
-7.0520838099466161e+01
-6.6131056009465169e+01
-6.1681387822708921e+01
-5.7228471354159836e+01
-5.2822379795343934e+01
-4.8506608192613534e+01
-4.4318175079901948e+01
-4.0287824793447093e+01
-3.6440315339621002e+01
-3.2794776469479856e+01
-2.9365122793639962e+01
-2.6160507300100555e+01
-2.3185801462606406e+01
-2.0442089192228636e+01
-1.7927163133450364e+01
-1.5636013183484382e+01
-1.3561298567043393e+01
-1.1693796280523593e+01
-1.0022820186242134e+01
-8.5366064521435998e+00
-7.2226623637703504e+00
-6.0680767593759457e+00
-5.0597914373217563e+00
-4.1848338453000382e+00
-3.4305121772177656e+00
-2.7845746742173119e+00
-2.2353354544313775e+00
-1.7717695883453775e+00
-1.3835804029042806e+00
-1.0612421493613975e+00
-7.9602122105107209e-01
-5.7997907193934717e-01
-4.0595987945068412e-01
-2.6756583023161390e-01
-1.5912269891474065e-01
-7.5638150300750689e-02
-1.2754936371226336e-02
3.3299108532085855e-02
6.5762639526693714e-02
8.7392566689718967e-02
1.0051488956957474e-01
1.0707370765988997e-01
1.0867772475296852e-01
1.0664375397201192e-01
1.0203689552588713e-01
9.5707201324997354e-02
8.8322759493413741e-02
8.0399229286511775e-02
7.2325934016969573e-02
6.4388678590114504e-02
5.6789500782756082e-02
4.9663593979662919e-02
4.3093655462446818e-02
3.7121920780060255e-02
3.1760143089471803e-02
2.6997768279280944e-02
2.2808543927671510e-02
1.9155784023018714e-02
1.5996492948350767e-02
1.3284532755407547e-02
1.0972997793864141e-02
9.0159411645372844e-03
7.3695785016905666e-03
5.9930769632823271e-03
4.8490207661850103e-03
3.9036298826083727e-03
3.1267950833128119e-03
2.4919809482065558e-03
1.9760381092923801e-03
1.5589574516967789e-03
1.2235915107924598e-03
9.5536212615917140e-04
7.4196846648584189e-04
5.7310531056412831e-04
4.4019829345383354e-04
3.3616020234671643e-04
2.5517051200963698e-04
1.9247880556011088e-04
1.4423178061400869e-04
1.0732268823732027e-04
7.9261670516313139e-05
5.8065130702478097e-05
4.2162214680365973e-05
3.0316350849098406e-05
2.1559990625303713e-05
1.5140712068237076e-05
1.0477042729391031e-05
7.1224876893788953e-06
4.7364715169307248e-06
3.0609729622902756e-06
1.9019305225566827e-06
1.1144782870874426e-06
5.9135425028993718e-07
2.5381309444705623e-07
4.4591838453408221e-08
-7.7515220366561654e-08
-1.4182099791130237e-07
-1.6890225429883620e-07
-1.7297631460609760e-07
-1.6368325159899082e-07
-1.4741740765945204e-07
-1.2827800548625649e-07
-1.0879723302290201e-07
-9.0439366174960741e-08
-7.3950504216749060e-08
-5.9638442270281460e-08
-4.7527243461472484e-08
-3.7480410120125154e-08
-2.9278740099741068e-08
-2.2680229654031814e-08
-1.7431044769818866e-08
-1.3296988970097928e-08
-1.0076089682154295e-08
-7.5852696931850439e-09
-5.6745520164426530e-09
-4.2215640013496697e-09
-3.1240643069652758e-09
-2.2961302335849702e-09
-1.6811029282984698e-09
-1.2219160697753486e-09
-8.8387201477465951e-10
-6.3758488230387534e-10
-4.5650107131708168e-10
-3.2502235381042776e-10
-2.3010737143174380e-10
-1.6391484456850654e-10
-1.1464470537983034e-10
-7.9266196525693923e-11
-5.5978770774127062e-11
-3.8815192902718331e-11
-2.6127455887054423e-11
-1.8592098748118056e-11
-1.2521637577707559e-11
-8.3846174752288657e-12
-7.8705423742250479e-12
-5.1898058005090203e-12
-2.2784377914989038e-12
-2.0687968509204198e-12
-2.1701295026496310e-12
1.4647813280096081e-12
-1.4629178353982291e-13
-2.8021174216030691e-13
4.6439995866353147e-13
-2.6388459148165832e-13
4.7279853367986408e-13
1.5054955310993478e-12
1.6551207905272790e-13
6.3345489168435309e-13
1.7520993864975559e-12
4.3976026873706247e-13
-2.0114080607007427e-12
-3.0628527208689374e-13
1.0998341520259056e-12
-7.3505063870901176e-13
1.6062800465848547e-12
-1.1419095715042385e-13
6.6158601002597391e-13
-3.2051457838311123e-13
-4.6060162109750751e-14
-3.9607947931720331e-13
8.1104806364717794e-14
6.0167220386552209e-13
-7.1328497141952843e-13
1.0135864174828634e-12
2.2956627904858004e-12
-7.8578671588095984e-13
-5.7375679417625402e-13
2.8972948474835605e-13
-9.7915157744219363e-13
-3.7212636881260791e-13
9.3555256131233146e-13
5.8849740143130002e-13
-1.3197543382316065e-13
2.2570199263441838e-13
2.9050135245448953e-13
-1.0413608814796422e-12
9.7476368778776988e-13
1.0165260591707938e-12
-1.3959049793459996e-13
-3.2044333678769179e-14
-2.4292933589781338e-13
-2.4478472109224530e-13
-7.2623966749065120e-13
2.8128069029870990e-13
-2.4905746256172829e-12
-1.4396812214085549e-12
7.5483331466665958e-13
-4.9101078359299382e-13
1.8691800690416323e-13
1.3674956705906720e-12
1.0724262238143269e-14
1.2701653916949750e-13
1.0623685441653695e-12
-1.0508922044741542e-13
-5.0591160637627159e-13
1.7334234582763589e-12
2.4187201967142376e-14
6.5814880391775345e-13
1.5277016459081451e-12
-2.2794058477705715e-13
-2.9187843251706572e-12
-1.9747834378185479e-13
1.7134218031425955e-12
-7.7664861677995076e-13
-1.1412578053993868e-13
8.4736392845903565e-13
6.8384479506640047e-13
-3.3508931356619824e-13
-1.3737739034188806e-12
-6.0423779989037312e-13
-1.3904717586937642e-12
9.7258198029394745e-13
-2.1090230044475421e-12
8.3916840558532709e-13
1.3584537775464087e-13
-2.7439899646025904e-13
-1.8419957856075897e-12
-2.1839091466884095e-12
3.7567467185372953e-14
-1.0792322055013094e-12
-1.9019413422472337e-13
5.5274129189539843e-13
-9.5069842389403658e-13
6.4213760076154441e-13
6.8207320336959381e-13
-5.1804854594048823e-13
-2.9646271784033083e-13
1.2187846046857433e-12
-1.6748593335064407e-12
-3.7903086901873040e-13
1.9430816783323569e-14
-3.6544902218343423e-13
6.8806742314265428e-14
1.3009064983433977e-12
1.2937147408233256e-12
-1.1567024318986989e-12
-4.1093474837807084e-13
-1.2751388441461435e-12
-3.1612387986822759e-12
1.4053890758030662e-12
1.0460935580798448e-12
-7.5795105259248362e-13
-1.3296591838409562e-12
1.0027454455640868e-12
-2.2347836030317340e-12
8.0379659651206140e-13
-1.1204599764478177e-13
9.3025725577200143e-13
5.5583988732931596e-13
9.7701110032829733e-13
-1.0918479902760885e-12
-1.0013551945584199e-12
7.7380775341324278e-13
5.6214344624743572e-13
-1.2767866482966262e-12
-3.3512901523123759e-13
4.9194361673380086e-13
-2.5996835184084674e-13
-2.8652580247435989e-13
1.7778527192519066e-14
-3.3675393102459838e-13
-6.5664868195882530e-13
1.9813871618219763e-12
-2.2608144648489878e-12
-7.5398334488714877e-14
1.3186358690436969e-12
8.9536845972215653e-13
