-7.6783524459738956e-13
7.9676612417874681e-13
-1.0003209778004159e-13
2.5441291570475840e-12
-8.9803426737695945e-13
2.3194534256959602e-13
-1.0872508835640848e-12
-1.9568746603660590e-14
-2.3078815970406200e-13
9.0638419379253217e-13
9.4488389416771350e-14
5.2249529298703641e-13
2.6938591240622258e-13
1.1718250723722272e-12
-3.4414958490105020e-12
-1.4762940962653447e-12
-2.0345844179839543e-12
-3.7498061024926752e-12
-5.9974631473477976e-12
-2.9132176691282207e-12
-8.4713828147130141e-12
-7.4624086804109030e-12
-1.4675855247649073e-11
-2.1801923042378786e-11
-3.2504179000309682e-11
-4.3203695802090399e-11
-6.1943718862701346e-11
-8.2634678094120929e-11
-1.1559863785723682e-10
-1.5931725097460532e-10
-2.2094125867727882e-10
-3.0750219630841457e-10
-4.2355490763309289e-10
-5.8322743303335081e-10
-7.9751882024272619e-10
-1.0913628665173620e-09
-1.4916277874888234e-09
-2.0278678102051180e-09
-2.7530940803567262e-09
-3.7285128898757296e-09
-5.0340867523759664e-09
-6.7774353349374611e-09
-9.0999887462518256e-09
-1.2184579300698830e-08
-1.6273341803225253e-08
-2.1669913262837222e-08
-2.8775037434278609e-08
-3.8101371062619234e-08
-5.0303518105668297e-08
-6.6214002029289387e-08
-8.6896238476389728e-08
-1.1369302150259532e-07
-1.4828863634591281e-07
-1.9279907587437860e-07
-2.4985351300392972e-07
-3.2271664221589723e-07
-4.1540430196208994e-07
-5.3284364892125362e-07
-6.8101523272113739e-07
-8.6714170487727500e-07
-1.0998676919964534e-06
-1.3894529228935642e-06
-1.7479281625668695e-06
-2.1892318480580769e-06
-2.7292919541353081e-06
-3.3859526863338012e-06
-4.1787752676538746e-06
-5.1285400358819542e-06
-6.2563725923577287e-06
-7.5823678510085864e-06
-9.1234286164273394e-06
-1.0890110531524135e-05
-1.2882086026000611e-05
-1.5081826461328556e-05
-1.7445806736262289e-05
-1.9892614465630591e-05
-2.2286943912847010e-05
-2.4418315986196555e-05
-2.5973025176673555e-05
-2.6497529609354765e-05
-2.5350932020950061e-05
-2.1643834105035654e-05
-1.4160063884756434e-05
-1.2572120301698172e-06
1.9259181317384663e-05
5.0293748605880540e-05
9.5659114847510029e-05
1.6032203444371753e-04
2.5070823016602332e-04
3.7507808012072211e-04
5.4398757160633833e-04
7.7085124691744702e-04
1.0726267293761284e-03
1.4706434723001152e-03
1.9916017719807978e-03
2.6687720270922380e-03
3.5434282664206580e-03
4.6665546066717318e-03
6.1008682402277879e-03
7.9232077188867711e-03
1.0227340857866054e-02
1.3127252488040708e-02
1.6760977983121112e-02
2.1295054730104984e-02
2.6929669460984830e-02
3.3904585180098749e-02
4.2505936710204389e-02
5.3073988524464370e-02
6.6011952523405290e-02
8.1795965899659290e-02
1.0098633068566983e-01
1.2424011594218198e-01
1.5232522081043043e-01
1.8613599144284118e-01
2.2671047651169729e-01
2.7524939436515650e-01
3.3313686940611237e-01
4.0196297551761301e-01
4.8354809993559755e-01
5.7996911167009391e-01
6.9358728379055623e-01
8.2707787873198635e-01
9.8346125985182220e-01
1.1661353410277844e+00
1.3789091288249715e+00
1.6260370495150618e+00
1.9122536859251600e+00
2.2428084778480017e+00
2.6234998649046473e+00
3.0607082740165472e+00
3.5614272757711141e+00
4.1332921569238543e+00
4.7846050816082482e+00
5.5243559436785548e+00
6.3622379491921057e+00
7.3086569136873125e+00
8.3747332161209957e+00
9.5722953229541226e+00
1.0913863784252436e+01
1.2412624611707656e+01
1.4082390978396820e+01
1.5937552234732193e+01
1.7993009315866011e+01
2.0264095724968396e+01
2.2766483415415887e+01
2.5516073063753975e+01
2.8528868424268381e+01
3.1820834684881817e+01
3.5407741001028576e+01
3.9304987667432265e+01
4.3527418693739513e+01
4.8089120875319360e+01
5.3003210789801678e+01
5.8281611498095771e+01
6.3934821078438489e+01
6.9971675467093561e+01
7.6399108411167276e+01
8.3221911650050998e+01
9.0442498723108827e+01
9.8060676044449025e+01
1.0607342508193094e+02
1.1447469961924595e+02
1.2325524215920984e+02
1.3240242353669314e+02
1.4190010974530259e+02
1.5172855983852813e+02
1.6186435854079642e+02
1.7228038689567450e+02
1.8294583388761097e+02
1.9382625150325441e+02
2.0488365515241000e+02
2.1607667075446730e+02
2.2736072912147793e+02
2.3868830754501636e+02
2.5000921773217007e+02
2.6127093845070596e+02
2.7241899044885088e+02
2.8339735042774146e+02
2.9414890008035758e+02
3.0461590548651873e+02
3.1474052148567029e+02
3.2446531505345393e+02
3.3373380119927992e+02
3.4249098449358939e+02
3.5068389903665712e+02
3.5826213950518553e+02
3.6517837586504982e+02
3.7138884442324252e+02
3.7685380810978882e+02
3.8153797923045704e+02
3.8541089840810866e+02
3.8844726402750422e+02
3.9062720720465609e+02
3.9193650810475526e+02
3.9236675031703055e+02
3.9191541094346690e+02
3.9058588505250316e+02
3.8838744416920844e+02
3.8533512949904951e+02
3.8144958159348460e+02
3.7675680914160250e+02
3.7128790049410833e+02
3.6507868237584614e+02
3.5816933100515064e+02
3.5060394149790125e+02
3.4243006198062011e+02
3.3369819926021330e+02
3.2446130319321281e+02
3.1477423706035137e+02
3.0469324128377889e+02
2.9427539772623021e+02
2.8357810158979362e+02
2.7265854759460541e+02
2.6157323667487901e+02
2.5037750889355343e+02
2.3912510766136927e+02
2.2786777966623180e+02
2.1665491419034262e+02
2.0553322473178946e+02
1.9454647507061335e+02
1.8373525114227570e+02
1.7313677931956292e+02
1.6278479097059375e+02
1.5270943246937591e+02
1.4293721919623894e+02
1.3349103148910291e+02
1.2439014999914710e+02
1.1565032747260256e+02
1.0728389362705836e+02
9.9299889517761571e+01
9.1704227596781379e+01
8.4499873553718544e+01
7.7687045987362552e+01
7.1263429988885989e+01
6.5224400812588570e+01
5.9563253963270448e+01
5.4271438232587307e+01
4.9338788462008928e+01
4.4753755089342640e+01
4.0503627840836174e+01
3.6574751253641125e+01
3.2952730046107540e+01
2.9622622688883951e+01
2.6569121861347046e+01
2.3776720799813145e+01
2.1229864850687154e+01
1.8913087829527509e+01
1.6811133051801157e+01
1.4909059140626811e+01
1.3192330929202106e+01
1.1646895959435321e+01
1.0259247233767006e+01
9.0164730039551984e+00
7.9062944799867978e+00
6.9170924152881783e+00
6.0379235728499792e+00
5.2585281029407351e+00
4.5693288685410982e+00
3.9614237424377943e+00
3.4265718721243941e+00
2.9571748679110614e+00
2.5462538183549839e+00
2.1874229776736387e+00
1.8748609041386872e+00
1.6032797590879226e+00
1.3678934043693747e+00
1.1643848638746181e+00
9.8887364342892436e-01
8.3788333409986204e-01
7.0830985770080623e-01
5.9739065090021981e-01
5.0267502645983997e-01
4.2199589685238786e-01
3.5344299756874947e-01
2.9533770449154162e-01
2.4620950197198044e-01
2.0477412562216632e-01
1.6991337598279252e-01
1.4065657593162723e-01
1.1616362576169238e-01
9.5709594731263462e-02
7.8670776265068881e-02
6.4512125668602635e-02
5.2775993437948844e-02
4.3072064062053265e-02
3.5068408955584045e-02
2.8483562568760768e-02
2.3079532711907665e-02
1.8655658885253747e-02
1.5043236466982843e-02
1.2100828792011615e-02
9.7101942470904350e-03
7.7727604444884973e-03
6.2065829971534705e-03
4.9437313810541377e-03
3.9280498739007038e-03
3.1132462089119100e-03
2.4612656014223857e-03
1.9409121625051356e-03
1.5266839377657921e-03
1.1977917274007426e-03
9.3733540966292985e-04
7.3161470560136077e-04
5.6955431098083961e-04
4.4222596349833621e-04
3.4245234954952586e-04
2.6447988869576832e-04
2.0370926565408290e-04
1.5647420658555563e-04
1.1986045220414400e-04
9.1558063185582112e-05
6.9741304219802082e-05
5.2971270854199425e-05
4.0117169323024896e-05
3.0292909663378756e-05
2.2806154398854018e-05
1.7117530820175486e-05
1.2808074438964265e-05
9.5532992093006176e-06
7.1026493857980764e-06
5.2632256258831351e-06
3.8869814259285167e-06
2.8606324326031329e-06
2.0977539416618582e-06
1.5326435447086237e-06
1.1154894277777486e-06
8.0865360391761739e-07
5.8379629885029820e-07
4.1964063078639685e-07
3.0027088496602377e-07
2.1383023591401481e-07
1.5149363832349131e-07
1.0674665038611936e-07
7.4777067707668922e-08
5.2049450883099408e-08
3.5975848418689221e-08
2.4674987118855862e-08
1.6777191195601685e-08
1.1296106193971494e-08
7.5159765172914266e-09
4.9362049513657897e-09
3.1905670845889105e-09
2.0173919539564409e-09
1.2445470538342070e-09
7.3802168569891278e-10
4.1565383402209046e-10
2.1287676462980378e-10
8.9479517754736532e-11
1.8639553446595385e-11
-1.9027497179873430e-11
-3.7866501697235731e-11
-4.3526217612892177e-11
-4.4846476723379249e-11
-4.1366562076705693e-11
-3.5852193214293549e-11
-2.9324610075008551e-11
-2.4674736051756201e-11
-1.7297531314899731e-11
-1.2187570745769164e-11
-1.0838325647909341e-11
-7.8490665560464946e-12
-5.7500842205466951e-12
-7.2971302866917894e-12
-3.8063805285662750e-12
-2.8812563166324672e-12
-2.2604980239758236e-12
3.0934876285473203e-13
-1.5786271794881204e-13
-1.9187122000543484e-12
-2.4534792399841447e-12
-5.2535354375846396e-13
1.7736669194330155e-13
1.0589024348620298e-12
-2.5059073680163118e-13
-3.7968495215153614e-13
-9.7048343147248865e-13
6.5983662496171009e-13
-2.7203475003892209e-13
-3.2972251866484783e-12
8.3893340312003922e-13
-1.6644896011245261e-12
1.6734016110515165e-12
-3.2731508566403987e-13
7.7638242002154205e-13
8.0616474428053689e-13
-1.1952152992184698e-12
2.2039859185813202e-12
-5.2973775529535254e-14
-1.8309575033336696e-13
8.4484138427990670e-13
1.9318923400040479e-13
1.4654005333415710e-13
1.9823182004531905e-12
-6.0180173348554104e-13
-3.2435887740321874e-12
6.9776591162394578e-13
-1.3939636711136055e-12
-7.7550937683046460e-13
-1.2937281081584393e-12
-1.4606182823742750e-13
7.4349294634230930e-13
-5.9053923488566123e-13
-4.5437047886505299e-13
-3.7709598111109535e-12
9.2046522722930528e-14
1.4921256913100072e-12
6.1528402189908657e-13
-9.8883049684000186e-13
4.8851970586298272e-13
-1.2189607154145908e-13
1.1883609739337216e-13
-2.7957442205010028e-13
-1.6343072982318381e-13
1.1772037067439211e-12
2.5935092499728249e-12
-3.1370191938503151e-12
1.1185070424285866e-12
7.6441811830843238e-13
4.6709211024787395e-13
-1.7365353128276105e-12
-1.0153909505737749e-12
-1.0460785062213717e-12
6.5574908420966070e-13
-4.6559901734335745e-13
-3.3616981124645470e-13
-4.3297596907106541e-13
4.3254919377456626e-13
-3.8950298010262921e-13
-1.6682183467426924e-12
-5.9710224587351958e-13
1.9870146146839296e-12
1.6122139361476442e-12
3.1025949074735411e-13
2.3082643401830978e-12
1.0962316015795739e-12
2.0208103537983961e-13
1.8893383465627798e-12
-1.7191751818158382e-12
1.4916209109977586e-12
5.5286100802719301e-13
3.2131657635694388e-12
-1.0842379343784037e-13
3.5044164685617130e-13
9.0793448295393719e-14
-8.3316945838327736e-13
5.9842110400461603e-14
-1.4393395620830743e-12
-1.4377904415572796e-12
-1.5526628794440741e-12
7.6890020277802702e-13
-3.9636121972332545e-13
2.4044349659351422e-13
1.1893086793429662e-12
-3.9860085903501779e-13
-9.9378886454037921e-13
-9.6957799139378859e-13
1.0464985207961621e-12
1.1541740338085619e-12
1.4486745857640281e-12
-7.2909907875883095e-13
-1.2522060424765331e-12
1.4942008136720316e-12
-1.1078279559986724e-12
-5.0010237762945845e-13
1.6030817913016324e-13
-2.3673679582888278e-12
-2.8697108779332051e-13
-5.6394717712340012e-13
2.9008349711864161e-13
1.9427264703660338e-12
1.2064202810213048e-14
3.8106448489763755e-13
5.1112499670828646e-13
2.4922156758861168e-13
9.9819703656213191e-13
1.2754465899210301e-12
-1.2234618584298230e-12
1.3156335933437040e-12
-7.5374008554917624e-13
-1.0983003063610836e-12
-3.6292959158378720e-14
-5.1927499765613832e-13
-1.5303252551715684e-12
-1.7159892668168492e-12
7.7596242399456524e-13
-2.7789458079795141e-13
5.4157396692090228e-13
3.1403173251847502e-12
-1.5071081935280785e-12
9.7277741503506194e-13
-3.3089266683084868e-13
2.6066013272020650e-13
-9.4282645447613754e-13
-2.8781822217896349e-13
-3.0608688820838460e-13
-2.6233412782586893e-12
2.3442889321842996e-12
-2.7204368659495705e-13
7.2777917298081111e-13
-7.3979016135215666e-13
7.9411077139617105e-13
2.7683441790876208e-13
1.7016161617450226e-12
2.4555781742421298e-12
-6.1865179176548195e-13
1.0446134830673763e-13
3.6301441540909880e-13
-1.1090407353683227e-13
-2.2048244480928390e-12
1.3460433785241270e-12
-3.7150711008886425e-12
-1.4000542094512033e-13
