1.3191193575183668e-14
1.2466961772722273e-14
1.8934001096598148e-14
2.3823159659257154e-14
3.1131641146142235e-14
9.3697066147575992e-15
1.7524847463816066e-14
3.6415902137641048e-14
1.6184580302669028e-14
1.4857761688199551e-14
7.5430090798325166e-15
3.1736875975864289e-14
3.2786401187322844e-14
4.1129668906305436e-15
1.7831679488041054e-14
2.6633931926439725e-14
1.1344818720988929e-14
9.5189715002368987e-15
2.4654358119071910e-14
3.0947539781304121e-14
5.2182409019385619e-14
3.6136491929184668e-14
6.4041825754188074e-14
6.4267835440222319e-14
6.2548905939843188e-14
6.1444050523867208e-14
6.1497881554599432e-14
4.1659594423062557e-14
6.8799990231186476e-14
5.4936687771666382e-14
6.1617867786502974e-14
4.1254399763481266e-14
3.2893183126060585e-14
3.1608407109846281e-14
3.5048059396586165e-14
3.4602643806851222e-14
3.8923844496393535e-14
2.5819475267373871e-14
2.9364462636996635e-14
2.2156668214007438e-14
-1.0283793026852707e-14
-2.3136735903510491e-14
-1.5508447922991039e-14
-1.5359352490613407e-14
5.8148629412073006e-15
-1.3445869992885167e-14
1.6696386883372738e-14
-1.2185887302299541e-15
5.6013060393359533e-16
6.6150532888838741e-15
-7.2290149911370201e-15
-5.4264625524623242e-15
-1.1885673058264167e-14
-6.2190683562141230e-15
-5.6744940278825006e-15
-1.0406052446621098e-14
-3.1818938939237218e-14
-2.0283289669181928e-14
-2.7394205241273749e-14
-1.3947438089974620e-14
1.8692334825189792e-15
-3.4480496888452853e-15
1.3379825043331612e-14
-3.1701791913484131e-16
7.3516927502463879e-16
2.2719003154472439e-14
2.3329123726317365e-14
1.8361560598430230e-14
3.3796966378253328e-14
2.1711316083788545e-14
4.7785220185947478e-14
2.4502866482472957e-14
3.7858973826468673e-14
4.0849778356143057e-14
3.9831321270466781e-14
4.4592352742280892e-14
5.6190682963396060e-14
3.4921515823002808e-14
7.8576394425646433e-14
6.9025595472115860e-14
5.6381774803899577e-14
5.6425768044321125e-14
4.2882223788089279e-14
4.1628940483715986e-14
3.2678593671194905e-14
2.0437534627912349e-14
4.8800519779512543e-14
1.9318999138522827e-14
1.5922332678680989e-14
4.0781765419268163e-14
4.7605175447845603e-14
3.6612500010769774e-14
4.8141818503810263e-14
3.8618959991251824e-14
4.6860259192704917e-14
4.4961411053824614e-14
1.0734874784385568e-14
-8.0248790290653063e-16
-6.3324947300868926e-15
-1.4379289125234966e-14
-2.2728777536095196e-14
-4.1083291666898757e-14
-6.9352115941786884e-15
-2.4426784354746551e-14
2.9465369847080746e-14
3.7119576030112731e-14
4.7449571579246184e-14
6.5675683659655415e-14
7.9941332523199435e-14
7.9030631804078889e-14
6.1207979498064981e-14
3.8266369101824072e-14
2.4018455882167939e-15
5.1960801029975198e-15
-1.5484487321161567e-14
-5.1971194465311648e-14
-5.2634451172587373e-14
-6.7752337091811119e-14
-5.0259913785494989e-14
-6.1883340762439683e-14
-7.0761237715324911e-14
-6.1029181627038708e-14
-6.0890522398980590e-14
-7.9661079355486952e-14
-1.0587705457960321e-13
-1.0923779197193978e-13
-1.0872187103832866e-13
-1.2341602603116858e-13
-1.3158488994153866e-13
-1.3985677881304686e-13
-1.4236704515327754e-13
-1.5404990540171155e-13
-1.8751013158309421e-13
-1.7078727689231640e-13
-1.7879431405580244e-13
-1.8444227211282313e-13
-1.8304128805981733e-13
-1.9205393163021000e-13
-2.1032592210976290e-13
-2.5192521442485638e-13
-3.0016983306937798e-13
-3.3284436873738971e-13
-3.7420704712919586e-13
-4.2860908574955209e-13
-4.8068562900164620e-13
-5.3732773791251968e-13
-5.9466089796652008e-13
-6.4228321401904540e-13
-6.9787979791674718e-13
-6.9160934869767485e-13
-7.4975370726541119e-13
-8.0938737764276254e-13
-8.4648048023480616e-13
-9.0769470575195329e-13
-1.0073340967595020e-12
-1.0896179197022712e-12
-1.1839317103735298e-12
-1.2497011115137257e-12
-1.3670793753013596e-12
-1.4948399249535915e-12
-1.6391066769928297e-12
-1.7805584147765543e-12
-1.9516943823360102e-12
-2.1073684677563907e-12
-2.3375507940970379e-12
-2.5125015407810411e-12
-2.7488347250184125e-12
-3.0221795658518923e-12
-3.2437967433708604e-12
-3.5535962635298455e-12
-3.9108250994427862e-12
-4.3015254227637462e-12
-4.7691926026158917e-12
-5.2367825151147620e-12
-5.7951776124355225e-12
-6.3918404220944096e-12
-7.0571912310474658e-12
-7.7532493742328029e-12
-8.5040684125722463e-12
-9.3257133604979646e-12
-1.0209422043508125e-11
-1.1112850001494434e-11
-1.2107516061396288e-11
-1.3186108125894723e-11
-1.4318489364821764e-11
-1.5535740147063674e-11
-1.6861645683293030e-11
-1.8233436174158093e-11
-1.9741240119407473e-11
-2.1275149427771698e-11
-2.2926145882666915e-11
-2.4658604882584806e-11
-2.6499499615841737e-11
-2.8381182978405692e-11
-3.0357550300476156e-11
-3.2361927631710137e-11
-3.4461594802534339e-11
-3.6556202532912808e-11
-3.8732442648887337e-11
-4.0946484058534729e-11
-4.3181247569281009e-11
-4.5449667314443531e-11
-4.7779524261090370e-11
-5.0079635272202281e-11
-5.2441101974615163e-11
-5.4744133143019468e-11
-5.7038922880078388e-11
-5.9310305231657425e-11
-6.1597739341499919e-11
-6.3752459129194888e-11
-6.5924000673826367e-11
-6.7963316188050108e-11
-6.9954417233050239e-11
-7.1809779322705882e-11
-7.3555790774042519e-11
-7.5178099635812391e-11
-7.6711729577156738e-11
-7.8059642891014425e-11
-7.9281040781811555e-11
-8.0330876039280258e-11
-8.1260362577880009e-11
-8.1991604467850112e-11
-8.2557909727806299e-11
-8.2947424433641288e-11
-8.3161817107762100e-11
-8.3244376982131207e-11
-8.3119561063131127e-11
-8.2817616169929095e-11
-8.2340545322694164e-11
-8.1690729296639471e-11
-8.0900108050943518e-11
-7.9919355784831799e-11
-7.8807418167396185e-11
-7.7550184558087563e-11
-7.6191615769120643e-11
-7.4641086498659532e-11
-7.2996855209796637e-11
-7.1189991358883828e-11
-6.9313202393329517e-11
-6.7349301912819147e-11
-6.5235165563291573e-11
-6.3142807631851694e-11
-6.0978338755515186e-11
-5.8761550791804918e-11
-5.6487148951628151e-11
-5.4238044008082085e-11
-5.1949900698331767e-11
-4.9696822049502437e-11
-4.7416980446798064e-11
-4.5179060643586738e-11
-4.2956566294470580e-11
-4.0782664445338086e-11
-3.8610009186966246e-11
-3.6503436765812881e-11
-3.4421495994911838e-11
-3.2393908926518333e-11
-3.0404532173715417e-11
-2.8505583148901108e-11
-2.6654071553030405e-11
-2.4910495949032556e-11
-2.3214936108239164e-11
-2.1614152321464910e-11
-2.0104515278695795e-11
-1.8648246454588050e-11
-1.7288182066216160e-11
-1.5986956299646224e-11
-1.4753375693322434e-11
-1.3599208165746963e-11
-1.2502397009046803e-11
-1.1460356651571287e-11
-1.0500218321198816e-11
-9.5963067557962000e-12
-8.7204896349582165e-12
-7.9397464077949134e-12
-7.2000873657315999e-12
-6.5409416579417343e-12
-5.9451553435175497e-12
-5.4120841388451916e-12
-4.9093766934818874e-12
-4.4383832612598056e-12
-4.0297569427063946e-12
-3.6605985914855569e-12
-3.2903850473704292e-12
-2.9926052215972114e-12
-2.7020589124495518e-12
-2.4477536505911571e-12
-2.2104457285377886e-12
-1.9836147816837052e-12
-1.7833106059396998e-12
-1.6050922329753417e-12
-1.4317030644467272e-12
-1.3223636048993087e-12
-1.1581968176591011e-12
-1.0531228040657026e-12
-9.3965968696804903e-13
-8.2822773671256425e-13
-7.3469733298171187e-13
-6.4938722953959763e-13
-5.7138675828484068e-13
-4.8186684381776110e-13
-4.1893130241537451e-13
-3.5075144386043449e-13
-2.9800043515096563e-13
-2.3832538662522663e-13
-2.0666063516802517e-13
-1.7040331898080362e-13
-1.5077314754963664e-13
-1.0932154037243147e-13
-1.3098445119173069e-13
-1.1003959342501432e-13
-1.3889830000619426e-13
-1.0947079906790561e-13
-1.4212896469430257e-13
-1.3950923689265447e-13
-1.5189223564702430e-13
-1.4236172877450649e-13
-1.1565007238407177e-13
-9.1831204242049394e-14
-1.0332275124292094e-13
-7.8614579768900675e-14
-6.8370263770467862e-14
-5.8984466529044564e-14
-7.9046917994710140e-14
-7.7336174271171235e-14
-8.1814887923622043e-14
-5.9983933353901814e-14
-8.0937960259506228e-14
-8.4569645494797308e-14
-8.4386421162508592e-14
-8.1258352388806486e-14
-1.0290721455431061e-13
-9.1079228721689186e-14
-6.5345414018894089e-14
-1.8774898445620300e-14
-4.2288177810480776e-14
-1.1097927469972207e-14
3.0566954888547663e-14
4.4203130658319125e-14
4.3906818282945011e-14
5.6199605710611550e-14
6.0621636545360629e-14
1.0258224039738335e-13
7.6863474949938924e-14
8.7643618044916766e-14
9.7709343930149610e-14
9.5603414587247415e-14
7.5236284894471965e-14
9.1172603825536080e-14
8.9122141546189850e-14
1.0651670994805310e-13
1.0113531223149514e-13
9.9108942026845878e-14
1.1878734420057809e-13
1.3415015470455164e-13
1.2852503265783789e-13
1.3388564164303000e-13
1.2548806907395670e-13
1.4754239814697855e-13
1.2750259297158871e-13
9.6683973713462409e-14
2.9070472399199066e-14
2.3159524263529105e-14
-2.0287630055697728e-14
-4.2543648055870178e-14
-5.5302610046645874e-14
-6.9553778617813501e-14
-6.0275148454918299e-14
-4.2650986628844648e-14
2.3379269762530758e-15
-8.2524550837672093e-15
-1.5021499470190310e-14
1.6048152527158603e-14
1.5427254544394869e-14
2.7356755091583347e-14
1.7756686492329137e-14
1.3203461167657189e-14
3.7732624567356786e-14
2.7275087143366634e-14
2.7419338627433140e-14
2.9251687206575668e-14
3.0579696391174784e-14
2.7414544521342640e-14
1.4813409692549250e-14
1.4035198284776380e-14
2.3568512252984178e-14
-2.7125453535065924e-15
-4.9977823064020552e-15
2.5480217496113133e-15
8.0466878570064521e-15
5.4243186051070958e-15
2.6067248782469166e-15
-2.5857981941004346e-15
3.4198221681068056e-15
4.2791090432072296e-15
1.9430765922492769e-14
1.7448129242987694e-14
1.8485650857040748e-14
1.5732760632832140e-14
9.5390897714439020e-15
1.4135048461242368e-14
2.0915819237767577e-14
1.4433033116036843e-14
7.3809008821427256e-15
1.8376546436691972e-14
3.1141464916449799e-14
9.6024743581802868e-16
-6.6228096992453907e-15
2.5566550258075910e-15
5.2210149021999310e-15
3.1022736312079707e-14
2.1963398093916645e-14
5.5665041168648794e-14
3.3610423278553123e-14
1.9510442237388879e-14
2.1655364083836225e-14
3.2420111707682727e-14
4.6284460496230981e-14
4.4902847711217499e-14
3.4871172784568389e-14
5.6574617959771212e-14
5.6295927088276626e-14
4.3235936078917898e-14
3.7781065363406915e-14
5.2733610709639037e-14
5.1772630131121288e-14
7.0037212047286021e-14
7.3002960516658734e-14
5.5467381679921051e-14
6.7162994338894170e-14
6.1593865250401274e-14
4.6793405780345077e-14
4.2592956594803782e-14
2.2391099715204869e-14
3.6889052911995051e-14
3.0141050329374279e-14
3.1825116380552677e-14
4.0858956913859223e-14
1.1464456247776332e-14
1.1970046048726459e-14
9.6591320554880154e-15
3.4886638152304930e-14
2.1961016972669180e-14
5.4079782680345328e-14
6.0133532102560513e-14
5.3309184844826766e-14
2.8978940746835125e-14
1.6686744430664246e-14
1.6821066897051003e-14
7.1627646010109998e-15
7.5109505330864406e-15
2.5254497582004986e-14
2.8965674134355809e-14
4.1010380165234655e-14
1.2162718065279761e-14
1.9583520831315601e-14
2.0143540350318108e-14
1.9290462616558286e-14
9.9630929455508744e-15
3.9270066192809893e-14
1.8667291069787712e-14
3.3600794103323170e-14
2.1834122986403079e-14
6.7197418747005376e-15
-7.1660392359826100e-15
1.1037077530946886e-14
2.3117007532574082e-15
3.5491153840877027e-14
1.6597564946982788e-14
2.7557317074153397e-14
2.9950500210666705e-14
2.2528915763437423e-14
2.2799000302160638e-14
3.8825809866008334e-14
1.9500177164797091e-15
1.8467373100955786e-14
5.6759998852751460e-15
1.3676426684664389e-14
1.2819441640603593e-14
1.0337408008869991e-14
1.7297577828074253e-14
1.2951511811970221e-14
2.8591814196573355e-14
3.3446642127764654e-14
1.8813029246360435e-14
2.6549818581718056e-14
2.2001727476722247e-14
2.0995407548175693e-14
4.3356703284273056e-14
2.3632334277847743e-14
-5.7508220450904173e-16
5.1477079614486163e-14
2.6878529244226629e-14
2.7735444539070252e-14
1.0867559771494055e-14
1.4397687374958002e-14
2.7596812279572475e-14
-7.3108185846347994e-15
-2.0324975030468275e-14
2.8217207262192576e-14
5.4299963881016300e-15
2.2616231599597917e-14
1.1094987080652972e-14
8.6524523196987135e-15
2.5662866768419998e-14
5.2452818057714748e-15
-5.0238782683195679e-15
5.2143788362897114e-15
-3.7407736864254744e-15
4.7978307333747272e-15
8.2112870519996661e-16
1.0526418010625267e-14
5.3282699724007239e-15
