-1.7088995178841893e-14
8.5570883468195849e-15
0.0000000000000000e+00
1.7164311846610080e-14
2.5783896901695430e-14
1.7214140220019137e-14
0.0000000000000000e+00
2.5895487439889042e-14
1.2966224903288140e-14
4.3282156400292328e-15
8.6686729622486559e-15
8.6808747645913418e-15
1.3039554705095639e-14
0.0000000000000000e+00
2.1793096811886512e-15
1.0911598552993186e-14
6.5559585000150195e-15
1.7506471966227237e-14
1.7530305155356179e-14
3.0719596495849658e-14
2.4169367056642043e-14
3.3002444618102805e-14
3.9655803641681217e-14
3.5296429079495720e-14
4.4178855346260610e-14
3.7601415988179023e-14
3.1006394454579794e-14
2.9937952353586484e-14
2.8311360527036030e-14
2.2233607028766918e-14
3.6732490780978460e-14
2.7305879552259154e-14
2.2876771434760392e-14
4.6928652854803989e-14
5.8734484878803197e-14
7.5890141549489241e-14
8.4115623417308730e-14
7.5236171440995541e-14
9.7252687382786327e-14
1.3142353677085224e-13
1.5440619637188723e-13
2.2794000957967681e-13
3.1351213397087710e-13
4.6093352047538198e-13
6.7098913139124024e-13
9.4333087155106284e-13
1.3689852156190257e-12
2.0081486956772657e-12
2.8956902994495145e-12
4.2101583684148266e-12
6.0750303343785023e-12
8.7547607291544902e-12
1.2586991570191192e-11
1.8048171430341702e-11
2.5815026087442987e-11
3.6833306381141774e-11
5.2475379018870049e-11
7.4602278441200189e-11
1.0582633723869319e-10
1.4982616460428565e-10
2.1165897448365161e-10
2.9839574299481622e-10
4.1979264812500972e-10
5.8934371636048687e-10
8.2562775500937568e-10
1.1542672620360542e-09
1.6103206952874756e-09
2.2418478936391128e-09
3.1145089677483788e-09
4.3177712003232018e-09
5.9734036457205112e-09
8.2465772936827888e-09
1.1360938826358681e-08
1.5618677015423585e-08
2.1427088566877590e-08
2.9333979332845362e-08
4.0074455914468564e-08
5.4632705387113703e-08
7.4323629857604847e-08
1.0089972019125252e-07
1.3669156458228883e-07
1.8479166374729760e-07
2.4929398923675222e-07
3.3560622865611432e-07
4.5085510961050095e-07
6.0441154453310151e-07
8.0856939567159455e-07
1.0794204126057589e-06
1.4379796325252884e-06
1.9116290644193135e-06
2.5359652128732524e-06
3.3571576702592571e-06
4.4349524280102166e-06
5.8464866828096953e-06
7.6911227931231170e-06
1.0096556975362657e-05
1.3226521268759155e-05
1.7290467905935550e-05
2.2555716828586018e-05
2.9362653401239982e-05
3.8143693089937450e-05
4.9446887217507307e-05
6.3965227912260694e-05
8.2572935235233680e-05
1.0637027230224157e-04
1.3673874697214740e-04
1.7540892921556650e-04
2.2454354540994614e-04
2.8683902034347321e-04
3.6564922907818400e-04
4.6513591073285370e-04
5.9045099043834100e-04
7.4795697609511503e-04
9.4549264660216117e-04
1.1926924515501553e-03
1.5013694081263463e-03
1.8859728260411603e-03
2.3641339305047987e-03
2.9573144000100650e-03
3.6915750029777065e-03
4.5984839161600779e-03
5.7161869455061697e-03
7.0906647533915861e-03
8.7772053217420303e-03
1.0842123247179706e-02
1.3364761054584584e-02
1.6439811513148193e-02
2.0180003909585412e-02
2.4719201336977314e-02
3.0215960239119516e-02
3.6857607638903146e-02
4.4864895590927510e-02
5.4497296328025087e-02
6.6059005198481555e-02
7.9905721669921978e-02
9.6452281247482577e-02
1.1618121292909961e-01
1.3965229759619710e-01
1.6751320228613351e-01
2.0051126336694811e-01
2.3950648797336718e-01
2.8548583738816719e-01
3.3957884807990446e-01
4.0307463554356171e-01
4.7744031265042913e-01
5.6434083761522436e-01
6.6566028667430377e-01
7.8352452290831620e-01
9.2032520514305172e-01
1.0787450493880042e+00
1.2617842197458926e+00
1.4727876861588678e+00
1.7154733428420890e+00
1.9939606340008238e+00
2.3127993827578504e+00
2.6769984655898593e+00
3.0920539185872382e+00
3.5639760042620758e+00
4.0993147093470954e+00
4.7051830861229833e+00
5.3892777935173193e+00
6.1598961409197956e+00
7.0259488888859698e+00
7.9969680183137841e+00
9.0831086450369085e+00
1.0295144231928651e+01
1.1644454237435918e+01
1.3143003339853928e+01
1.4803311392456809e+01
1.6638413297571297e+01
1.8661808039426855e+01
2.0887396187533493e+01
2.3329405275559058e+01
2.6002302575998481e+01
2.8920694928759996e+01
3.2099215442092969e+01
3.5552397066509151e+01
3.9294533245411778e+01
4.3339526068370752e+01
4.7700722592078449e+01
5.2390740247087180e+01
5.7421282511930720e+01
6.2802946306047332e+01
6.8545022824355414e+01
7.4655293804189000e+01
8.1139825473950992e+01
8.8002762676317857e+01
9.5246125880938919e+01
1.0286961399602326e+02
1.1087041604875076e+02
1.1924303492502625e+02
1.2797912643403366e+02
1.3706735698716125e+02
1.4649328314970046e+02
1.5623925623363266e+02
1.6628435494820306e+02
1.7660434891035740e+02
1.8717169553927013e+02
1.9795557251925266e+02
2.0892194761585219e+02
2.2003368717492972e+02
2.3125070412938044e+02
2.4253014578978409e+02
2.5382662111180593e+02
2.6509246652399383e+02
2.7627804877515291e+02
2.8733210263201050e+02
2.9820210063732384e+02
3.0883465153824170e+02
3.1917592342701130e+02
3.2917208711327805e+02
3.3876977478102333e+02
3.4791654858463937e+02
3.5656137351771559e+02
3.6465508865345669e+02
3.7215087071435488e+02
3.7900468388610881e+02
3.8517570985019250e+02
3.9062675217221113e+02
3.9532460944838152e+02
3.9924041197708556e+02
4.0234991718127878e+02
4.0463375955331418e+02
4.0607765151725795e+02
4.0667253229409920e+02
4.0641466259990142e+02
4.0530566379224081e+02
4.0335250089158058e+02
4.0056740972632269e+02
3.9696776926769468e+02
3.9257592101799020e+02
3.8741893807810516e+02
3.8152834723367209e+02
3.7493980805042668e+02
3.6769275354715990e+02
3.5982999750879219e+02
3.5139731390471673e+02
3.4244299418254462e+02
3.3301738841085785e+02
3.2317243634480417e+02
3.1296119448579151e+02
3.0243736510372338e+02
2.9165483299172212e+02
2.8066721543551881e+02
2.6952743051070695e+02
2.5828728838034573e+02
2.4699710976357028e+02
2.3570537519445514e+02
2.2445840810144304e+02
2.1330009412361179e+02
2.0227163845324938e+02
1.9141136236677929e+02
1.8075453948955212e+02
1.7033327174521168e+02
1.6017640437704355e+02
1.5030947890559423e+02
1.4075472241129089e+02
1.3153107110878992e+02
1.2265422581591956e+02
1.1413673661747163e+02
1.0598811378442797e+02
9.8214961832789498e+01
9.0821133492013502e+01
8.3807900298980272e+01
7.7174136536158329e+01
7.0916513288062930e+01
6.5029699493293691e+01
5.9506567014886521e+01
5.4338396933499887e+01
4.9515084479880898e+01
4.5025340258833303e+01
4.0856885670289927e+01
3.6996640698000832e+01
3.3430902507016533e+01
3.0145513562189141e+01
2.7126018246439475e+01
2.4357807215184327e+01
2.1826248968321661e+01
1.9516808350373079e+01
1.7415151900256031e+01
1.5507240162784326e+01
1.3779407243060536e+01
1.2218428031670324e+01
1.0811573652785061e+01
9.5466557891628430e+00
8.4120606182599307e+00
7.3967731532337115e+00
6.4903928228298682e+00
5.6831411465375865e+00
4.9658623676637372e+00
4.3300178989425859e+00
3.7676754148362210e+00
3.2714933936890933e+00
2.8347018732373948e+00
2.4510801364431627e+00
2.1149319929230654e+00
1.8210592659583789e+00
1.5647340376471786e+00
1.3416701464923859e+00
1.1479943737342795e+00
9.8021769802217740e-01
8.3520694337725632e-01
7.1015709349903744e-01
6.0256449681588431e-01
5.1020114165667563e-01
4.3109013977386301e-01
3.6348251931962289e-01
3.0583539530425258e-01
2.5679155650900476e-01
2.1516048266650675e-01
1.7990078429175235e-01
1.5010403962861524e-01
1.2497998851870430e-01
1.0384303133308352e-01
8.6099972144509485e-02
7.1238938768220322e-02
5.8819407876055052e-02
4.8463260808512196e-02
3.9846794705150214e-02
3.2693613892213244e-02
2.6768327871949559e-02
2.1870984538206736e-02
1.7832170202667228e-02
1.4508711483936539e-02
1.1779917938260130e-02
9.5443083620466631e-03
7.7167678676209059e-03
6.2260870259256600e-03
5.0128385120100667e-03
4.0275507178708387e-03
3.2291416686005083e-03
2.5835802510717695e-03
2.0627452237895485e-03
1.6434556960454091e-03
1.3066497461080350e-03
1.0366905806045528e-03
8.2078213179863000e-04
6.4847824482531992e-04
5.1127164220199665e-04
4.0225066993633313e-04
3.1581345121749893e-04
2.4743050868796012e-04
1.9344818036647651e-04
1.5092626571046382e-04
1.1750430582978017e-04
9.1291745788583048e-05
7.0777956596449843e-05
5.4758722091437805e-05
4.2276338441721527e-05
3.2570933340849257e-05
2.5041008701885725e-05
1.9211541332315629e-05
1.4708262710803214e-05
1.1236972612297122e-05
8.5669462848889575e-06
6.5176576250944706e-06
4.9481837359062773e-06
3.7487706341969017e-06
2.8341360923430159e-06
2.1381653952421723e-06
1.6097212699597423e-06
1.2093411524342725e-06
9.0664187041969983e-07
6.7828383876678680e-07
5.0637930723933661e-07
3.7724997614552903e-07
2.8046022463820637e-07
2.0806644280964491e-07
1.5403580406633546e-07
1.1379681191812213e-07
8.3893302653086760e-08
6.1718195914588473e-08
4.5309367003050430e-08
3.3193389300780347e-08
2.4266342615286470e-08
1.7702937563676173e-08
1.2887702082574481e-08
9.3625632313012594e-09
6.7873639296456254e-09
4.9101815418902590e-09
3.5447152690969065e-09
2.5536267592078935e-09
1.8357760657392257e-09
1.3169420520458764e-09
9.4277599850991115e-10
6.7349898556187538e-10
4.8011864271855104e-10
3.4154155230426718e-10
2.4243302834091978e-10
1.7175222575170523e-10
1.2141583811845371e-10
8.5632160481163181e-11
6.0292033586532986e-11
4.2338346567636999e-11
2.9661962166329716e-11
2.0737316932580037e-11
1.4470696810626634e-11
1.0070029946680049e-11
6.9862278634133090e-12
4.8252789092546554e-12
3.3496708218386525e-12
2.2922670736734828e-12
1.5574193331917936e-12
1.0703177196444754e-12
7.0892691350365637e-13
4.7676927332606986e-13
3.1577168088237899e-13
1.9408753290942778e-13
1.2228519931642164e-13
4.3338810840923429e-14
-9.5566224595801602e-15
-3.9302477618430501e-14
-7.3460977784449624e-14
-8.0650777735250569e-14
-7.7193894412141355e-14
-9.8606038438963142e-14
-8.0905655074152609e-14
-7.8016798720740432e-14
-8.5152592264995552e-14
-7.1147542492054128e-14
-8.3268707432458907e-14
-5.6549465556774472e-14
-5.5368561526035343e-14
-5.8613971981573175e-14
-2.7611784591412879e-14
-1.9854241357216348e-14
-1.9827901820840608e-14
-2.6401955694482244e-14
-3.5155442991479335e-14
-3.9496624066092424e-14
-1.5339017010936655e-14
-2.6259707949340850e-14
-2.1853195000050066e-14
-8.7292788423945478e-15
-1.7434477449509210e-14
-8.7051578621314399e-15
-2.6079109410191279e-14
-4.3404373822956709e-15
0.0000000000000000e+00
-1.7312862560116931e-14
-8.6441499355254254e-15
-2.5895487439889042e-14
-2.1548672829551104e-14
-3.4428280440038274e-14
-3.4378529202260573e-14
-4.2910779616525199e-14
-3.4278564793961913e-14
-5.1342530080917512e-14
-5.1266985536525682e-14
-5.1191214887082914e-14
-5.1115219464409991e-14
-4.2532500502328532e-14
-5.0962559638950655e-14
-3.3923931941322091e-14
-6.7745355684460805e-14
-3.3821278357868780e-14
-3.3769734385595509e-14
-5.0577070236386703e-14
-6.7332433148331775e-14
-6.7228489074134101e-14
-5.0343197424179497e-14
-8.3774696789668124e-14
-6.6914973484425052e-14
-6.6809913204782780e-14
-8.3380723012367417e-14
-8.3248713649259166e-14
-8.3116365694352865e-14
-6.6386945142736741e-14
-6.6280530508195292e-14
-6.6173850481237197e-14
-9.9100360340316753e-14
-6.5959701579050020e-14
-6.5852236373885491e-14
-6.5744513116329614e-14
-6.5636533646756143e-14
-3.2764149903791005e-14
-6.5419813443215469e-14
-9.7966614600006357e-14
-1.3040418105236732e-13
-9.7639286507737388e-14
-1.2996675937756653e-13
-6.4873658430646214e-14
-9.7145543629022914e-14
-9.6980240267681143e-14
-6.4543053566436986e-14
-9.6648566664945728e-14
-1.2864293600768380e-13
-9.6315489166451517e-14
-6.4098953962275269e-14
-3.1993676711675850e-14
-3.1937763180526066e-14
-4.7822605982586365e-14
-4.7738400104833630e-14
-7.9423380900491023e-14
-6.3425990256707055e-14
-4.7484793965860471e-14
-6.3199911687100797e-14
-7.8858189161080596e-14
-4.7229734566195532e-14
-6.2859197841252966e-14
-6.2745208464561792e-14
-6.2631013168947192e-14
-3.1258306916245672e-14
-3.1201006166940674e-14
-3.1143605276179264e-14
-4.6629157775751002e-14
-3.1028506830004140e-14
-6.1941622309980921e-14
-4.6369528648905153e-14
-3.8568914504339419e-14
-4.6195724412524203e-14
-3.0739074054759846e-14
